Ordem,Timestamp,Valor,Saldo,Sinal,Saldo_norm,Valor_norm
Buy,2018-12-30 04:00:00,30.96,1000.0,Sinal: Compra,1000.0,1000.0
Hold,2018-12-30 05:00:00,30.83,993.8104273255811,Hold,993.8104273255811,995.8010335917312
Hold,2018-12-30 06:00:00,30.72,990.2645581395348,Hold,990.2645581395348,992.2480620155038
Hold,2018-12-30 07:00:00,30.68,988.9751511627906,Hold,988.9751511627906,990.9560723514212
Hold,2018-12-30 08:00:00,31.25,1007.3492005813952,Hold,1007.349200581395,1009.3669250645996
Hold,2018-12-30 09:00:00,31.37,1011.2174215116278,Hold,1011.2174215116277,1013.2428940568476
Hold,2018-12-30 10:00:00,31.66,1020.5656220930232,Hold,1020.5656220930231,1022.609819121447
Hold,2018-12-30 11:00:00,31.3,1008.9609593023255,Hold,1008.9609593023253,1010.9819121447027
Hold,2018-12-30 12:00:00,31.11,1002.8362761627906,Hold,1002.8362761627902,1004.8449612403101
Hold,2018-12-30 13:00:00,31.02,999.9351104651162,Hold,999.9351104651158,1001.937984496124
Hold,2018-12-30 14:00:00,31.23,1006.7044970930232,Hold,1006.7044970930228,1008.7209302325582
Hold,2018-12-30 15:00:00,31.16,1004.4480348837209,Hold,1004.4480348837205,1006.4599483204136
Hold,2018-12-30 16:00:00,31.08,1001.8692209302324,Hold,1001.869220930232,1003.8759689922481
Hold,2018-12-30 17:00:00,31.24,1007.0268488372092,Hold,1007.026848837209,1009.0439276485788
Hold,2018-12-30 18:00:00,31.29,1008.6386075581394,Hold,1008.6386075581393,1010.6589147286821
Hold,2018-12-30 19:00:00,31.1,1002.5139244186046,Hold,1002.5139244186046,1004.5219638242895
Hold,2018-12-30 20:00:00,31.13,1003.4809796511626,Hold,1003.4809796511626,1005.4909560723515
Hold,2018-12-30 21:00:00,31.2,1005.737441860465,Hold,1005.737441860465,1007.7519379844962
Hold,2018-12-30 22:00:00,31.31,1009.2833110465115,Hold,1009.2833110465116,1011.3049095607236
Hold,2018-12-30 23:00:00,31.38,1011.5397732558138,Hold,1011.5397732558138,1013.5658914728682
Hold,2018-12-31 00:00:00,31.3,1008.9609593023255,Hold,1008.9609593023255,1010.9819121447027
Hold,2018-12-31 01:00:00,30.95,997.6786482558138,Hold,997.6786482558138,999.6770025839792
Hold,2018-12-31 02:00:00,30.42,980.5940058139535,Hold,980.5940058139533,982.5581395348837
Hold,2018-12-31 03:00:00,30.66,988.3304476744185,Hold,988.3304476744183,990.3100775193798
Hold,2018-12-31 04:00:00,30.6,986.3963372093023,Hold,986.396337209302,988.372093023256
Hold,2018-12-31 05:00:00,30.66,988.3304476744185,Hold,988.3304476744183,990.3100775193799
Hold,2018-12-31 06:00:00,30.71,989.9422063953488,Hold,989.9422063953485,991.9250645994833
Hold,2018-12-31 07:00:00,30.69,989.2975029069767,Hold,989.2975029069764,991.2790697674419
Hold,2018-12-31 08:00:00,30.58,985.75163372093,Hold,985.7516337209299,987.7260981912144
Hold,2018-12-31 09:00:00,30.78,992.1986686046511,Hold,992.198668604651,994.1860465116279
Hold,2018-12-31 10:00:00,30.7,989.6198546511625,Hold,989.6198546511624,991.6020671834624
Hold,2018-12-31 11:00:00,30.22,974.1469709302323,Hold,974.1469709302323,976.0981912144703
Hold,2018-12-31 12:00:00,30.41,980.2716540697674,Hold,980.2716540697674,982.2351421188632
Hold,2018-12-31 13:00:00,30.3,976.7257848837208,Hold,976.7257848837208,978.6821705426358
Hold,2018-12-31 14:00:00,30.78,992.1986686046511,Hold,992.1986686046511,994.1860465116281
Hold,2018-12-31 15:00:00,30.44,981.2387093023256,Hold,981.2387093023256,983.2041343669254
Hold,2018-12-31 16:00:00,30.38,979.3045988372091,Hold,979.3045988372093,981.2661498708013
Hold,2018-12-31 17:00:00,30.42,980.5940058139535,Hold,980.5940058139536,982.558139534884
Hold,2018-12-31 18:00:00,30.36,978.659895348837,Hold,978.6598953488373,980.6201550387599
Hold,2018-12-31 19:00:00,29.92,964.476418604651,Hold,964.4764186046513,966.4082687338504
Hold,2018-12-31 20:00:00,29.88,963.1870116279068,Hold,963.187011627907,965.1162790697675
Hold,2018-12-31 21:00:00,29.57,953.1941075581394,Hold,953.1941075581396,955.1033591731267
Hold,2018-12-31 22:00:00,29.68,956.7399767441859,Hold,956.739976744186,958.6563307493541
Hold,2018-12-31 23:00:00,29.9,963.8317151162789,Hold,963.8317151162789,965.7622739018088
Hold,2019-01-01 00:00:00,29.96,965.7658255813953,Hold,965.7658255813955,967.7002583979331
Hold,2019-01-01 01:00:00,29.74,958.6740872093021,Hold,958.6740872093022,960.5943152454782
Hold,2019-01-01 02:00:00,29.72,958.0293837209301,Hold,958.0293837209302,959.9483204134368
Hold,2019-01-01 03:00:00,29.78,959.9634941860464,Hold,959.9634941860467,961.886304909561
Hold,2019-01-01 04:00:00,29.92,964.476418604651,Hold,964.4764186046511,966.4082687338505
Hold,2019-01-01 05:00:00,30.01,967.3775843023255,Hold,967.3775843023257,969.3152454780363
Hold,2019-01-01 06:00:00,30.12,970.923453488372,Hold,970.9234534883723,972.8682170542638
Hold,2019-01-01 07:00:00,30.24,974.7916744186044,Hold,974.7916744186045,976.7441860465119
Hold,2019-01-01 08:00:00,30.47,982.2057645348835,Hold,982.2057645348838,984.1731266149875
Hold,2019-01-01 09:00:00,30.23,974.4693226744184,Hold,974.4693226744187,976.4211886304913
Hold,2019-01-01 10:00:00,30.34,978.0151918604649,Hold,978.0151918604652,979.9741602067187
Hold,2019-01-01 11:00:00,30.41,980.2716540697674,Hold,980.2716540697676,982.2351421188633
Hold,2019-01-01 12:00:00,30.62,987.0410406976744,Hold,987.0410406976746,989.0180878552974
Hold,2019-01-01 13:00:00,30.57,985.4292819767442,Hold,985.4292819767444,987.4031007751942
Hold,2019-01-01 14:00:00,30.29,976.4034331395347,Hold,976.403433139535,978.3591731266152
Hold,2019-01-01 15:00:00,30.19,973.1799156976743,Hold,973.1799156976746,975.1291989664086
Hold,2019-01-01 16:00:00,30.33,977.692840116279,Hold,977.6928401162793,979.6511627906979
Hold,2019-01-01 17:00:00,30.25,975.1140261627905,Hold,975.1140261627909,977.0671834625325
Hold,2019-01-01 18:00:00,29.92,964.476418604651,Hold,964.4764186046514,966.4082687338505
Hold,2019-01-01 19:00:00,30.48,982.5281162790696,Hold,982.5281162790701,984.496124031008
Hold,2019-01-01 20:00:00,31.3,1008.9609593023255,Hold,1008.960959302326,1010.9819121447032
Hold,2019-01-01 21:00:00,31.03,1000.2574622093023,Hold,1000.2574622093027,1002.2609819121451
Hold,2019-01-01 22:00:00,31.1,1002.5139244186046,Hold,1002.5139244186053,1004.52196382429
Hold,2019-01-01 23:00:00,31.48,1014.7632906976744,Hold,1014.7632906976751,1016.7958656330753
Hold,2019-01-02 00:00:00,31.49,1015.0856424418603,Hold,1015.0856424418611,1017.1188630490959
Hold,2019-01-02 01:00:00,31.34,1010.2503662790697,Hold,1010.2503662790705,1012.2739018087858
Hold,2019-01-02 02:00:00,31.41,1012.506828488372,Hold,1012.5068284883727,1014.5348837209307
Hold,2019-01-02 03:00:00,31.49,1015.0856424418603,Hold,1015.0856424418611,1017.1188630490961
Hold,2019-01-02 04:00:00,31.42,1012.8291802325581,Hold,1012.8291802325589,1014.8578811369515
Hold,2019-01-02 05:00:00,31.38,1011.5397732558138,Hold,1011.5397732558145,1013.5658914728687
Hold,2019-01-02 06:00:00,31.22,1006.3821453488371,Hold,1006.3821453488378,1008.397932816538
Hold,2019-01-02 07:00:00,31.55,1017.0197529069766,Hold,1017.0197529069771,1019.0568475452202
Hold,2019-01-02 08:00:00,31.75,1023.4667877906976,Hold,1023.466787790698,1025.5167958656336
Hold,2019-01-02 09:00:00,31.82,1025.7232499999998,Hold,1025.7232500000002,1027.7777777777783
Hold,2019-01-02 10:00:00,32.14,1036.0385058139534,Hold,1036.0385058139536,1038.11369509044
Hold,2019-01-02 11:00:00,32.11,1035.0714505813953,Hold,1035.0714505813955,1037.144702842378
Hold,2019-01-02 12:00:00,32.05,1033.137340116279,Hold,1033.1373401162791,1035.2067183462539
Hold,2019-01-02 13:00:00,32.36,1043.1302441860464,Hold,1043.1302441860469,1045.2196382428947
Hold,2019-01-02 14:00:00,32.11,1035.0714505813953,Hold,1035.0714505813958,1037.144702842378
Hold,2019-01-02 15:00:00,31.93,1029.2691191860463,Hold,1029.2691191860467,1031.3307493540058
Hold,2019-01-02 16:00:00,32.46,1046.3537616279068,Hold,1046.3537616279073,1048.4496124031016
Hold,2019-01-02 17:00:00,32.32,1041.8408372093022,Hold,1041.8408372093027,1043.927648578812
Hold,2019-01-02 18:00:00,32.28,1040.551430232558,Hold,1040.5514302325585,1042.6356589147294
Hold,2019-01-02 19:00:00,32.43,1045.3867063953487,Hold,1045.3867063953492,1047.4806201550393
Hold,2019-01-02 20:00:00,32.65,1052.4784447674417,Hold,1052.4784447674424,1054.586563307494
Hold,2019-01-02 21:00:00,32.79,1056.9913691860463,Hold,1056.991369186047,1059.1085271317836
Hold,2019-01-02 22:00:00,32.96,1062.4713488372092,Hold,1062.47134883721,1064.599483204135
Hold,2019-01-02 23:00:00,32.67,1053.123148255814,Hold,1053.1231482558148,1055.2325581395357
Hold,2019-01-03 00:00:00,32.39,1044.0972994186045,Hold,1044.0972994186052,1046.1886304909567
Hold,2019-01-03 01:00:00,32.43,1045.3867063953487,Hold,1045.3867063953494,1047.4806201550396
Hold,2019-01-03 02:00:00,32.5,1047.643168604651,Hold,1047.643168604652,1049.7416020671844
Hold,2019-01-03 03:00:00,32.49,1047.320816860465,Hold,1047.3208168604658,1049.4186046511638
Hold,2019-01-03 04:00:00,32.45,1046.031409883721,Hold,1046.0314098837218,1048.1266149870812
Hold,2019-01-03 05:00:00,32.29,1040.873781976744,Hold,1040.8737819767448,1042.9586563307503
Hold,2019-01-03 06:00:00,32.38,1043.7749476744186,Hold,1043.7749476744193,1045.8656330749363
Hold,2019-01-03 07:00:00,32.44,1045.7090581395346,Hold,1045.7090581395355,1047.8036175710604
Hold,2019-01-03 08:00:00,31.96,1030.2361744186044,Hold,1030.2361744186053,1032.2997416020683
Hold,2019-01-03 09:00:00,31.87,1027.33500872093,Hold,1027.335008720931,1029.3927648578822
Hold,2019-01-03 10:00:00,32.04,1032.814988372093,Hold,1032.8149883720941,1034.8837209302335
Hold,2019-01-03 11:00:00,31.66,1020.5656220930232,Hold,1020.5656220930241,1022.6098191214481
Hold,2019-01-03 12:00:00,31.65,1020.2432703488371,Hold,1020.243270348838,1022.2868217054273
Hold,2019-01-03 13:00:00,31.69,1021.5326773255813,Hold,1021.5326773255822,1023.5788113695102
Hold,2019-01-03 14:00:00,31.56,1017.3421046511626,Hold,1017.3421046511635,1019.3798449612412
Hold,2019-01-03 15:00:00,31.55,1017.0197529069766,Hold,1017.0197529069776,1019.0568475452206
Hold,2019-01-03 16:00:00,30.77,991.876316860465,Hold,991.8763168604659,993.8630490956082
Hold,2019-01-03 17:00:00,30.92,996.7115930232558,Hold,996.7115930232567,998.7080103359183
Hold,2019-01-03 18:00:00,30.98,998.645703488372,Hold,998.6457034883728,1000.6459948320423
Hold,2019-01-03 19:00:00,30.85,994.4551308139534,Hold,994.4551308139542,996.4470284237736
Hold,2019-01-03 20:00:00,31.2,1005.737441860465,Hold,1005.7374418604657,1007.751937984497
Hold,2019-01-03 21:00:00,31.26,1007.6715523255813,Hold,1007.671552325582,1009.689922480621
Hold,2019-01-03 22:00:00,31.43,1013.151531976744,Hold,1013.1515319767445,1015.1808785529726
Hold,2019-01-03 23:00:00,31.39,1011.8621249999999,Hold,1011.8621250000006,1013.8888888888899
Hold,2019-01-04 00:00:00,31.14,1003.8033313953487,Hold,1003.8033313953493,1005.8139534883732
Hold,2019-01-04 01:00:00,31.49,1015.0856424418603,Hold,1015.0856424418611,1017.1188630490966
Hold,2019-01-04 02:00:00,31.31,1009.2833110465115,Hold,1009.2833110465123,1011.3049095607245
Hold,2019-01-04 03:00:00,31.69,1021.5326773255813,Hold,1021.532677325582,1023.5788113695102
Hold,2019-01-04 04:00:00,31.82,1025.7232499999998,Hold,1025.7232500000007,1027.7777777777787
Hold,2019-01-04 05:00:00,32.01,1031.8479331395347,Hold,1031.8479331395356,1033.9147286821715
Hold,2019-01-04 06:00:00,32.28,1040.551430232558,Hold,1040.551430232559,1042.6356589147297
Hold,2019-01-04 07:00:00,32.06,1033.4596918604652,Hold,1033.4596918604661,1035.529715762275
Hold,2019-01-04 08:00:00,31.85,1026.690305232558,Hold,1026.6903052325588,1028.7467700258408
Hold,2019-01-04 09:00:00,31.74,1023.1444360465115,Hold,1023.1444360465123,1025.1937984496133
Hold,2019-01-04 10:00:00,31.88,1027.657360465116,Hold,1027.6573604651169,1029.7157622739028
Hold,2019-01-04 11:00:00,31.6,1018.6315116279069,Hold,1018.6315116279079,1020.6718346253241
Hold,2019-01-04 12:00:00,31.35,1010.5727180232558,Hold,1010.5727180232569,1012.5968992248071
Hold,2019-01-04 13:00:00,31.22,1006.3821453488371,Hold,1006.3821453488382,1008.3979328165382
Hold,2019-01-04 14:00:00,30.92,996.7115930232558,Hold,996.7115930232568,998.7080103359182
Hold,2019-01-04 15:00:00,31.09,1002.1915726744185,Hold,1002.1915726744195,1004.1989664082694
Hold,2019-01-04 16:00:00,31.39,1011.8621249999999,Hold,1011.862125000001,1013.8888888888895
Hold,2019-01-04 17:00:00,31.39,1011.8621249999999,Hold,1011.862125000001,1013.8888888888895
Hold,2019-01-04 18:00:00,31.31,1009.2833110465115,Hold,1009.2833110465127,1011.304909560724
Hold,2019-01-04 19:00:00,31.38,1011.5397732558138,Hold,1011.5397732558149,1013.5658914728687
Hold,2019-01-04 20:00:00,31.7,1021.8550290697673,Hold,1021.8550290697685,1023.9018087855301
Hold,2019-01-04 21:00:00,31.92,1028.9467674418604,Hold,1028.9467674418615,1031.0077519379847
Hold,2019-01-04 22:00:00,31.73,1022.8220843023254,Hold,1022.8220843023266,1024.8708010335918
Hold,2019-01-04 23:00:00,31.76,1023.7891395348836,Hold,1023.7891395348848,1025.8397932816538
Hold,2019-01-05 00:00:00,32.61,1051.1890377906975,Hold,1051.1890377906989,1053.294573643411
Hold,2019-01-05 01:00:00,32.7,1054.090203488372,Hold,1054.0902034883734,1056.201550387597
Hold,2019-01-05 02:00:00,32.79,1056.9913691860463,Hold,1056.9913691860477,1059.1085271317831
Hold,2019-01-05 03:00:00,32.74,1055.3796104651162,Hold,1055.3796104651176,1057.49354005168
Hold,2019-01-05 04:00:00,32.83,1058.2807761627905,Hold,1058.2807761627919,1060.400516795866
Hold,2019-01-05 05:00:00,33.17,1069.2407354651161,Hold,1069.2407354651177,1071.3824289405688
Hold,2019-01-05 06:00:00,32.58,1050.2219825581392,Hold,1050.2219825581408,1052.3255813953492
Hold,2019-01-05 07:00:00,32.37,1043.4525959302323,Hold,1043.4525959302339,1045.542635658915
Hold,2019-01-05 08:00:00,32.69,1053.767851744186,Hold,1053.7678517441875,1055.8785529715767
Hold,2019-01-05 09:00:00,32.6,1050.8666860465116,Hold,1050.8666860465132,1052.9715762273906
Hold,2019-01-05 10:00:00,32.69,1053.767851744186,Hold,1053.7678517441875,1055.8785529715765
Hold,2019-01-05 11:00:00,33.68,1085.6806744186044,Hold,1085.680674418606,1087.855297157623
Hold,2019-01-05 12:00:00,34.0,1095.995930232558,Hold,1095.9959302325594,1098.1912144702846
Hold,2019-01-05 13:00:00,34.07,1098.2523924418601,Hold,1098.2523924418615,1100.4521963824293
Hold,2019-01-05 14:00:00,34.76,1120.4946627906975,Hold,1120.4946627906988,1122.7390180878556
Hold,2019-01-05 15:00:00,35.06,1130.1652151162791,Hold,1130.1652151162805,1132.428940568476
Hold,2019-01-05 16:00:00,35.24,1135.9675465116277,Hold,1135.9675465116293,1138.2428940568482
Hold,2019-01-05 17:00:00,34.82,1122.428773255814,Hold,1122.4287732558153,1124.6770025839799
Hold,2019-01-05 18:00:00,34.83,1122.7511249999998,Hold,1122.7511250000014,1125.0000000000005
Hold,2019-01-05 19:00:00,35.05,1129.8428633720928,Hold,1129.8428633720944,1132.1059431524552
Hold,2019-01-05 20:00:00,34.73,1119.5276075581394,Hold,1119.5276075581407,1121.7700258397936
Hold,2019-01-05 21:00:00,35.0,1128.2311046511627,Hold,1128.231104651164,1130.490956072352
Hold,2019-01-05 22:00:00,34.5,1112.1135174418603,Hold,1112.1135174418616,1114.3410852713184
Hold,2019-01-05 23:00:00,34.33,1106.6335377906973,Hold,1106.633537790699,1108.850129198967
Hold,2019-01-06 00:00:00,34.93,1125.9746424418602,Hold,1125.9746424418618,1128.2299741602076
Hold,2019-01-06 01:00:00,34.27,1104.6994273255814,Hold,1104.699427325583,1106.9121447028433
Hold,2019-01-06 02:00:00,34.6,1115.337034883721,Hold,1115.3370348837225,1117.5710594315253
Hold,2019-01-06 03:00:00,34.7,1118.5605523255815,Hold,1118.560552325583,1120.8010335917322
Hold,2019-01-06 04:00:00,34.77,1120.8170145348838,Hold,1120.8170145348852,1123.0620155038769
Hold,2019-01-06 05:00:00,35.38,1140.4804709302325,Hold,1140.4804709302339,1142.764857881138
Hold,2019-01-06 06:00:00,35.16,1133.3887325581393,Hold,1133.3887325581406,1135.6589147286832
Hold,2019-01-06 07:00:00,34.9,1125.007587209302,Hold,1125.0075872093034,1127.2609819121458
Hold,2019-01-06 08:00:00,34.75,1120.1723110465116,Hold,1120.1723110465132,1122.4160206718357
Hold,2019-01-06 09:00:00,35.23,1135.6451947674416,Hold,1135.6451947674432,1137.9198966408278
Hold,2019-01-06 10:00:00,37.1,1195.9249709302326,Hold,1195.9249709302342,1198.3204134366936
Take-Profit,2019-01-06 11:00:00,37.39,1205.2731715116279,TP 20.0% hit,1205.2731715116297,1207.6873385012932
Buy,2019-01-06 21:00:00,38.02,1205.2731715116279,Sinal: Compra,1205.2731715116297,1228.0361757105954
Hold,2019-01-06 22:00:00,38.2,1208.5586092287178,Hold,1208.5586092287194,1233.8501291989676
Hold,2019-01-06 23:00:00,38.3,1211.722375221463,Hold,1211.7223752214647,1237.0801033591742
Hold,2019-01-07 00:00:00,38.51,1218.366283806228,Hold,1218.3662838062296,1243.8630490956084
Hold,2019-01-07 01:00:00,38.11,1205.7112198352468,Hold,1205.7112198352484,1230.9431524547815
Hold,2019-01-07 02:00:00,37.77,1194.9544154599128,Hold,1194.9544154599143,1219.961240310079
Hold,2019-01-07 03:00:00,37.84,1197.1690516548344,Hold,1197.1690516548358,1222.2222222222235
Hold,2019-01-07 04:00:00,37.97,1201.2819474454031,Hold,1201.2819474454045,1226.4211886304918
Hold,2019-01-07 05:00:00,38.09,1205.0784666366978,Hold,1205.0784666366992,1230.29715762274
Hold,2019-01-07 06:00:00,38.2,1208.5586092287178,Hold,1208.5586092287192,1233.8501291989674
Hold,2019-01-07 07:00:00,38.88,1230.0722179793859,Hold,1230.0722179793872,1255.8139534883733
Hold,2019-01-07 08:00:00,38.48,1217.4171540084046,Hold,1217.417154008406,1242.8940568475462
Hold,2019-01-07 09:00:00,37.45,1184.8303642831277,Hold,1184.830364283129,1209.6253229974172
Hold,2019-01-07 10:00:00,37.15,1175.3390663048915,Hold,1175.3390663048929,1199.935400516797
Hold,2019-01-07 11:00:00,37.66,1191.4742728678928,Hold,1191.474272867894,1216.4082687338514
Hold,2019-01-07 12:00:00,37.19,1176.6045727019896,Hold,1176.604572701991,1201.2273901808799
Hold,2019-01-07 13:00:00,37.59,1189.2596366729713,Hold,1189.2596366729726,1214.1472868217072
Hold,2019-01-07 14:00:00,37.73,1193.6889090628142,Hold,1193.6889090628158,1218.6692506459965
Hold,2019-01-07 15:00:00,37.36,1181.9829748896568,Hold,1181.9829748896584,1206.7183462532316
Hold,2019-01-07 16:00:00,37.36,1181.9829748896568,Hold,1181.9829748896584,1206.7183462532316
Hold,2019-01-07 17:00:00,37.57,1188.6268834744221,Hold,1188.6268834744237,1213.501291989666
Hold,2019-01-07 18:00:00,37.75,1194.3216622613634,Hold,1194.3216622613652,1219.3152454780382
Hold,2019-01-07 19:00:00,37.88,1198.4345580519325,Hold,1198.4345580519343,1223.5142118863068
Hold,2019-01-07 20:00:00,37.55,1187.994130275873,Hold,1187.9941302758748,1212.8552971576246
Hold,2019-01-07 21:00:00,37.57,1188.6268834744221,Hold,1188.6268834744237,1213.501291989666
Hold,2019-01-07 22:00:00,37.08,1173.1244301099698,Hold,1173.1244301099714,1197.6744186046528
Hold,2019-01-07 23:00:00,37.35,1181.6665982903824,Hold,1181.666598290384,1206.3953488372113
Hold,2019-01-08 00:00:00,38.33,1212.6715050192865,Hold,1212.6715050192881,1238.049095607237
Hold,2019-01-08 01:00:00,38.1,1205.3948432359723,Hold,1205.3948432359741,1230.6201550387616
Hold,2019-01-08 02:00:00,37.7,1192.739779264991,Hold,1192.7397792649926,1217.700258397935
Hold,2019-01-08 03:00:00,37.48,1185.779494080951,Hold,1185.7794940809526,1210.59431524548
Hold,2019-01-08 04:00:00,37.69,1192.4234026657161,Hold,1192.4234026657177,1217.377260981914
Hold,2019-01-08 05:00:00,37.8,1195.9035452577361,Hold,1195.9035452577375,1220.9302325581414
Hold,2019-01-08 06:00:00,38.1,1205.3948432359723,Hold,1205.394843235974,1230.6201550387618
Hold,2019-01-08 07:00:00,37.93,1200.016441048305,Hold,1200.0164410483064,1225.1291989664103
Hold,2019-01-08 08:00:00,38.35,1213.3042582178357,Hold,1213.3042582178373,1238.6950904392786
Hold,2019-01-08 09:00:00,39.26,1242.094528751818,Hold,1242.0945287518198,1268.0878552971594
Hold,2019-01-08 10:00:00,39.29,1243.0436585496418,Hold,1243.0436585496434,1269.0568475452217
Hold,2019-01-08 11:00:00,39.36,1245.2582947445635,Hold,1245.2582947445649,1271.3178294573663
Hold,2019-01-08 12:00:00,38.97,1232.9196073728567,Hold,1232.919607372858,1258.7209302325602
Hold,2019-01-08 13:00:00,40.31,1275.314071675644,Hold,1275.3140716756457,1302.0025839793304
Hold,2019-01-08 14:00:00,39.85,1260.7607481090156,Hold,1260.7607481090172,1287.1447028423793
Hold,2019-01-08 15:00:00,39.61,1253.1677097264267,Hold,1253.1677097264285,1279.392764857883
Hold,2019-01-08 16:00:00,38.84,1228.8067115822878,Hold,1228.8067115822896,1254.5219638242916
Hold,2019-01-08 17:00:00,38.64,1222.479179596797,Hold,1222.4791795967988,1248.062015503878
Hold,2019-01-08 18:00:00,38.71,1224.6938157917189,Hold,1224.6938157917207,1250.3229974160226
Hold,2019-01-08 19:00:00,38.91,1231.0213477772095,Hold,1231.021347777211,1256.782945736436
Hold,2019-01-08 20:00:00,38.8,1227.5412051851895,Hold,1227.541205185191,1253.2299741602085
Hold,2019-01-08 21:00:00,38.67,1223.4283093946208,Hold,1223.4283093946224,1249.0310077519398
Hold,2019-01-08 22:00:00,38.62,1221.8464263982478,Hold,1221.8464263982494,1247.4160206718363
Hold,2019-01-08 23:00:00,38.7,1224.3774391924442,Hold,1224.3774391924458,1250.000000000002
Hold,2019-01-09 00:00:00,38.95,1232.2868541743078,Hold,1232.2868541743096,1258.074935400519
Hold,2019-01-09 01:00:00,39.52,1250.320320332956,Hold,1250.3203203329576,1276.4857881136973
Hold,2019-01-09 02:00:00,39.28,1242.7272819503671,Hold,1242.7272819503687,1268.733850129201
Hold,2019-01-09 03:00:00,39.2,1240.196269156171,Hold,1240.1962691561725,1266.1498708010358
Hold,2019-01-09 04:00:00,39.25,1241.7781521525437,Hold,1241.7781521525455,1267.764857881139
Hold,2019-01-09 05:00:00,39.02,1234.5014903692293,Hold,1234.501490369231,1260.335917312664
Hold,2019-01-09 06:00:00,38.75,1225.959322188817,Hold,1225.9593221888188,1251.6149870801057
Hold,2019-01-09 07:00:00,38.87,1229.7558413801112,Hold,1229.7558413801128,1255.4909560723538
Hold,2019-01-09 08:00:00,38.79,1227.224828585915,Hold,1227.2248285859166,1252.9069767441883
Hold,2019-01-09 09:00:00,38.76,1226.2756987880914,Hold,1226.275698788093,1251.9379844961263
Hold,2019-01-09 10:00:00,38.89,1230.3885945786603,Hold,1230.388594578662,1256.136950904395
Hold,2019-01-09 11:00:00,39.09,1236.7161265641512,Hold,1236.7161265641528,1262.5968992248086
Hold,2019-01-09 12:00:00,38.84,1228.8067115822878,Hold,1228.8067115822896,1254.521963824292
Hold,2019-01-09 13:00:00,38.37,1213.9370114163846,Hold,1213.9370114163864,1239.34108527132
Hold,2019-01-09 14:00:00,38.13,1206.343973033796,Hold,1206.343973033798,1231.589147286824
Hold,2019-01-09 15:00:00,38.36,1213.6206348171102,Hold,1213.6206348171124,1239.0180878552994
Hold,2019-01-09 16:00:00,38.65,1222.7955561960716,Hold,1222.795556196074,1248.385012919899
Hold,2019-01-09 17:00:00,38.58,1220.58092000115,Hold,1220.5809200011522,1246.1240310077544
Hold,2019-01-09 18:00:00,38.57,1220.2645434018752,Hold,1220.2645434018775,1245.8010335917338
Hold,2019-01-09 19:00:00,38.84,1228.8067115822878,Hold,1228.80671158229,1254.521963824292
Hold,2019-01-09 20:00:00,38.51,1218.366283806228,Hold,1218.36628380623,1243.8630490956095
Hold,2019-01-09 21:00:00,38.71,1224.6938157917189,Hold,1224.693815791721,1250.322997416023
Hold,2019-01-09 22:00:00,38.48,1217.4171540084046,Hold,1217.4171540084067,1242.8940568475475
Hold,2019-01-09 23:00:00,38.17,1207.609479430894,Hold,1207.609479430896,1232.8811369509067
Hold,2019-01-10 00:00:00,38.48,1217.4171540084046,Hold,1217.417154008407,1242.8940568475475
Hold,2019-01-10 01:00:00,38.48,1217.4171540084046,Hold,1217.417154008407,1242.8940568475475
Hold,2019-01-10 02:00:00,38.38,1214.2533880156593,Hold,1214.2533880156616,1239.664082687341
Hold,2019-01-10 03:00:00,38.34,1212.9878816185612,Hold,1212.9878816185635,1238.3720930232585
Hold,2019-01-10 04:00:00,38.44,1216.1516476113063,Hold,1216.1516476113088,1241.6020671834651
Hold,2019-01-10 05:00:00,38.28,1211.089622022914,Hold,1211.0896220229163,1236.4341085271344
Trailing-Stop,2019-01-10 06:00:00,35.44,1121.2386678289463,Trailing stop 10.0% hit,1121.2386678289486,1144.7028423772633
Buy,2019-01-14 15:00:00,32.01,1121.2386678289463,Sinal: Compra,1121.2386678289486,1033.9147286821728
Hold,2019-01-14 16:00:00,31.72,1108.8595666397268,Hold,1108.8595666397289,1024.5478036175732
Hold,2019-01-14 17:00:00,31.79,1111.3066085585408,Hold,1111.306608558543,1026.8087855297179
Hold,2019-01-14 18:00:00,31.71,1108.5099892227536,Hold,1108.5099892227556,1024.2248062015526
Hold,2019-01-14 19:00:00,31.8,1111.6561859755143,Hold,1111.6561859755166,1027.1317829457387
Hold,2019-01-14 20:00:00,31.67,1107.1116795548598,Hold,1107.1116795548621,1022.93281653747
Hold,2019-01-14 21:00:00,31.59,1104.3150602190722,Hold,1104.3150602190744,1020.3488372093046
Hold,2019-01-14 22:00:00,31.66,1106.7621021378864,Hold,1106.7621021378884,1022.6098191214494
Hold,2019-01-14 23:00:00,31.71,1108.5099892227536,Hold,1108.5099892227554,1024.2248062015528
Hold,2019-01-15 00:00:00,31.94,1116.5502698131424,Hold,1116.5502698131445,1031.6537467700282
Hold,2019-01-15 01:00:00,31.83,1112.7049182264345,Hold,1112.7049182264366,1028.1007751938007
Hold,2019-01-15 02:00:00,31.73,1109.2091440567003,Hold,1109.2091440567024,1024.870801033594
Hold,2019-01-15 03:00:00,31.88,1114.4528053113017,Hold,1114.4528053113038,1029.7157622739041
Hold,2019-01-15 04:00:00,31.85,1113.4040730603815,Hold,1113.4040730603836,1028.7467700258421
Hold,2019-01-15 05:00:00,31.71,1108.5099892227536,Hold,1108.5099892227556,1024.2248062015526
Hold,2019-01-15 06:00:00,31.66,1106.7621021378864,Hold,1106.7621021378884,1022.6098191214492
Hold,2019-01-15 07:00:00,31.91,1115.501537562222,Hold,1115.501537562224,1030.684754521966
Hold,2019-01-15 08:00:00,31.8,1111.6561859755143,Hold,1111.6561859755163,1027.1317829457385
Hold,2019-01-15 09:00:00,31.17,1089.6328087061881,Hold,1089.6328087061902,1006.7829457364361
Hold,2019-01-15 10:00:00,31.33,1095.226047377763,Hold,1095.226047377765,1011.9509043927668
Hold,2019-01-15 11:00:00,31.34,1095.5756247947363,Hold,1095.5756247947384,1012.2739018087874
Hold,2019-01-15 12:00:00,31.17,1089.6328087061881,Hold,1089.6328087061902,1006.7829457364359
Hold,2019-01-15 13:00:00,31.89,1114.8023827282752,Hold,1114.802382728277,1030.0387596899243
Hold,2019-01-15 14:00:00,31.93,1116.200692396169,Hold,1116.2006923961708,1031.330749354007
Hold,2019-01-15 15:00:00,31.3,1094.1773151268426,Hold,1094.1773151268444,1010.9819121447046
Hold,2019-01-15 16:00:00,31.53,1102.2175957172315,Hold,1102.217595717233,1018.4108527131801
Hold,2019-01-15 17:00:00,31.46,1099.7705537984175,Hold,1099.7705537984193,1016.1498708010355
Hold,2019-01-15 18:00:00,31.57,1103.6159053851254,Hold,1103.615905385127,1019.702842377263
Hold,2019-01-15 19:00:00,31.68,1107.461256971833,Hold,1107.4612569718347,1023.2558139534904
Hold,2019-01-15 20:00:00,30.26,1057.8212637616057,Hold,1057.821263761607,977.390180878555
Hold,2019-01-15 21:00:00,30.38,1062.0161927652869,Hold,1062.0161927652882,981.2661498708029
Hold,2019-01-15 22:00:00,30.44,1064.1136572671276,Hold,1064.113657267129,983.204134366927
Hold,2019-01-15 23:00:00,30.75,1074.950557193304,Hold,1074.9505571933055,993.2170542635679
Hold,2019-01-16 00:00:00,30.8,1076.698444278171,Hold,1076.698444278173,994.8320413436713
Hold,2019-01-16 01:00:00,30.67,1072.1539378575167,Hold,1072.1539378575185,990.6330749354025
Hold,2019-01-16 02:00:00,30.67,1072.1539378575167,Hold,1072.1539378575185,990.6330749354025
Hold,2019-01-16 03:00:00,30.83,1077.7471765290913,Hold,1077.7471765290932,995.8010335917331
Hold,2019-01-16 04:00:00,30.7,1073.2026701084367,Hold,1073.2026701084385,991.6020671834643
Hold,2019-01-16 05:00:00,30.88,1079.4950636139583,Hold,1079.4950636139602,997.4160206718365
Hold,2019-01-16 06:00:00,30.8,1076.698444278171,Hold,1076.698444278173,994.8320413436712
Hold,2019-01-16 07:00:00,30.65,1071.4547830235695,Hold,1071.4547830235713,989.9870801033611
Hold,2019-01-16 08:00:00,30.97,1082.6412603667193,Hold,1082.641260366721,1000.3229974160226
Hold,2019-01-16 09:00:00,30.9,1080.1942184479053,Hold,1080.1942184479071,998.0620155038779
Hold,2019-01-16 10:00:00,31.04,1085.0883022855332,Hold,1085.088302285535,1002.5839793281672
Hold,2019-01-16 11:00:00,31.24,1092.079850625002,Hold,1092.079850625004,1009.0439276485807
Hold,2019-01-16 12:00:00,31.61,1105.0142150530191,Hold,1105.0142150530212,1020.9948320413456
Hold,2019-01-16 13:00:00,31.11,1087.5353442043474,Hold,1087.5353442043495,1004.8449612403118
Hold,2019-01-16 14:00:00,31.29,1093.8277377098693,Hold,1093.8277377098714,1010.658914728684
Hold,2019-01-16 15:00:00,31.03,1084.73872486856,Hold,1084.7387248685618,1002.2609819121466
Hold,2019-01-16 16:00:00,31.09,1086.8361893704005,Hold,1086.836189370402,1004.1989664082706
Hold,2019-01-16 17:00:00,31.34,1095.5756247947363,Hold,1095.575624794738,1012.2739018087874
Hold,2019-01-16 18:00:00,31.24,1092.079850625002,Hold,1092.0798506250037,1009.0439276485807
Hold,2019-01-16 19:00:00,31.19,1090.331963540135,Hold,1090.3319635401367,1007.4289405684775
Hold,2019-01-16 20:00:00,30.96,1082.291682949746,Hold,1082.2916829497478,1000.000000000002
Hold,2019-01-16 21:00:00,31.2,1090.6815409571082,Hold,1090.68154095711,1007.7519379844981
Hold,2019-01-16 22:00:00,31.13,1088.2344990382942,Hold,1088.234499038296,1005.4909560723535
Hold,2019-01-16 23:00:00,31.29,1093.8277377098693,Hold,1093.8277377098711,1010.6589147286842
Hold,2019-01-17 00:00:00,31.28,1093.4781602928958,Hold,1093.4781602928977,1010.3359173126636
Hold,2019-01-17 01:00:00,31.15,1088.933653872241,Hold,1088.9336538722428,1006.1369509043947
Hold,2019-01-17 02:00:00,30.52,1066.910276602915,Hold,1066.9102766029168,985.7881136950923
Hold,2019-01-17 03:00:00,30.68,1072.50351527449,Hold,1072.503515274492,990.9560723514232
Hold,2019-01-17 04:00:00,30.67,1072.1539378575167,Hold,1072.1539378575187,990.6330749354026
Hold,2019-01-17 05:00:00,30.7,1073.2026701084367,Hold,1073.2026701084387,991.6020671834647
Hold,2019-01-17 06:00:00,30.55,1067.9590088538353,Hold,1067.9590088538373,986.7571059431546
Hold,2019-01-17 07:00:00,30.65,1071.4547830235695,Hold,1071.4547830235717,989.9870801033612
Hold,2019-01-17 08:00:00,30.67,1072.1539378575167,Hold,1072.153937857519,990.6330749354026
Hold,2019-01-17 09:00:00,30.44,1064.1136572671276,Hold,1064.1136572671296,983.2041343669271
Hold,2019-01-17 10:00:00,30.42,1063.4145024331806,Hold,1063.4145024331826,982.5581395348858
Hold,2019-01-17 11:00:00,30.56,1068.3085862708087,Hold,1068.308586270811,987.0801033591752
Hold,2019-01-17 12:00:00,30.46,1064.8128121010745,Hold,1064.8128121010768,983.8501291989685
Hold,2019-01-17 13:00:00,30.18,1055.0246444258185,Hold,1055.024644425821,974.8062015503897
Hold,2019-01-17 14:00:00,30.37,1061.6666153483136,Hold,1061.666615348316,980.9431524547824
Hold,2019-01-17 15:00:00,30.83,1077.7471765290913,Hold,1077.7471765290938,995.8010335917334
Hold,2019-01-17 16:00:00,30.55,1067.9590088538353,Hold,1067.9590088538378,986.7571059431546
Hold,2019-01-17 17:00:00,30.73,1074.2514023593571,Hold,1074.2514023593596,992.5710594315267
Hold,2019-01-17 18:00:00,30.75,1074.950557193304,Hold,1074.9505571933062,993.2170542635681
Hold,2019-01-17 19:00:00,31.0,1083.6899926176397,Hold,1083.6899926176422,1001.2919896640848
Hold,2019-01-17 20:00:00,30.94,1081.5925281157993,Hold,1081.5925281158015,999.354005167961
Hold,2019-01-17 21:00:00,31.09,1086.8361893704005,Hold,1086.8361893704027,1004.1989664082708
Hold,2019-01-17 22:00:00,31.12,1087.884921621321,Hold,1087.8849216213234,1005.1679586563331
Hold,2019-01-17 23:00:00,31.4,1097.673089296577,Hold,1097.6730892965793,1014.2118863049119
Hold,2019-01-18 00:00:00,31.06,1085.7874571194802,Hold,1085.7874571194825,1003.229974160209
Hold,2019-01-18 01:00:00,31.08,1086.486611953427,Hold,1086.486611953429,1003.8759689922505
Hold,2019-01-18 02:00:00,31.22,1091.3806957910554,Hold,1091.3806957910576,1008.3979328165398
Hold,2019-01-18 03:00:00,31.05,1085.437879702507,Hold,1085.4378797025092,1002.9069767441885
Hold,2019-01-18 04:00:00,30.97,1082.6412603667193,Hold,1082.6412603667216,1000.322997416023
Hold,2019-01-18 05:00:00,30.95,1081.9421055327725,Hold,1081.9421055327748,999.6770025839818
Hold,2019-01-18 06:00:00,31.13,1088.2344990382942,Hold,1088.2344990382965,1005.4909560723539
Hold,2019-01-18 07:00:00,31.24,1092.079850625002,Hold,1092.0798506250044,1009.0439276485814
Hold,2019-01-18 08:00:00,31.21,1091.0311183740816,Hold,1091.031118374084,1008.0749354005194
Hold,2019-01-18 09:00:00,31.12,1087.884921621321,Hold,1087.8849216213234,1005.1679586563333
Hold,2019-01-18 10:00:00,30.79,1076.3488668611976,Hold,1076.3488668612001,994.5090439276512
Hold,2019-01-18 11:00:00,30.87,1079.145486196985,Hold,1079.1454861969873,997.0930232558165
Hold,2019-01-18 12:00:00,30.65,1071.4547830235695,Hold,1071.4547830235717,989.9870801033616
Hold,2019-01-18 13:00:00,30.62,1070.4060507726495,Hold,1070.4060507726515,989.0180878552995
Hold,2019-01-18 14:00:00,30.61,1070.0564733556757,Hold,1070.0564733556778,988.6950904392788
Hold,2019-01-18 15:00:00,31.05,1085.437879702507,Hold,1085.437879702509,1002.9069767441885
Hold,2019-01-18 16:00:00,30.88,1079.4950636139583,Hold,1079.4950636139604,997.416020671837
Hold,2019-01-18 17:00:00,30.42,1063.4145024331806,Hold,1063.4145024331826,982.5581395348861
Hold,2019-01-18 18:00:00,30.56,1068.3085862708087,Hold,1068.308586270811,987.0801033591755
Hold,2019-01-18 19:00:00,30.7,1073.2026701084367,Hold,1073.202670108439,991.602067183465
Hold,2019-01-18 20:00:00,30.74,1074.6009797763304,Hold,1074.6009797763327,992.8940568475475
Hold,2019-01-18 21:00:00,30.82,1077.3975991121179,Hold,1077.3975991121201,995.4780361757131
Hold,2019-01-18 22:00:00,30.88,1079.4950636139583,Hold,1079.4950636139604,997.4160206718371
Hold,2019-01-18 23:00:00,30.77,1075.6497120272506,Hold,1075.6497120272527,993.8630490956098
Hold,2019-01-19 00:00:00,30.84,1078.0967539460648,Hold,1078.0967539460669,996.1240310077546
Hold,2019-01-19 01:00:00,31.2,1090.6815409571082,Hold,1090.6815409571102,1007.7519379844988
Hold,2019-01-19 02:00:00,31.09,1086.8361893704005,Hold,1086.8361893704023,1004.1989664082713
Hold,2019-01-19 03:00:00,31.06,1085.7874571194802,Hold,1085.787457119482,1003.2299741602093
Hold,2019-01-19 04:00:00,31.11,1087.5353442043474,Hold,1087.5353442043495,1004.8449612403127
Hold,2019-01-19 05:00:00,31.0,1083.6899926176397,Hold,1083.6899926176418,1001.2919896640852
Hold,2019-01-19 06:00:00,30.95,1081.9421055327725,Hold,1081.9421055327746,999.6770025839819
Hold,2019-01-19 07:00:00,30.97,1082.6412603667193,Hold,1082.6412603667213,1000.3229974160232
Hold,2019-01-19 08:00:00,31.17,1089.6328087061881,Hold,1089.63280870619,1006.7829457364368
Hold,2019-01-19 09:00:00,31.11,1087.5353442043474,Hold,1087.5353442043493,1004.8449612403127
Hold,2019-01-19 10:00:00,32.47,1135.0778729127344,Hold,1135.0778729127362,1048.7726098191245
Hold,2019-01-19 11:00:00,32.41,1132.9804084108935,Hold,1132.9804084108953,1046.8346253230004
Hold,2019-01-19 12:00:00,32.37,1131.582098743,Hold,1131.5820987430016,1045.5426356589178
Hold,2019-01-19 13:00:00,32.3,1129.1350568241858,Hold,1129.1350568241874,1043.281653746773
Hold,2019-01-19 14:00:00,32.14,1123.541818152611,Hold,1123.5418181526127,1038.1136950904422
Hold,2019-01-19 15:00:00,32.01,1118.9973117319562,Hold,1118.9973117319578,1033.9147286821733
Hold,2019-01-19 16:00:00,32.25,1127.3871697393188,Hold,1127.3871697393204,1041.6666666666697
Hold,2019-01-19 17:00:00,32.39,1132.2812535769467,Hold,1132.2812535769483,1046.1886304909592
Hold,2019-01-19 18:00:00,32.18,1124.9401278205046,Hold,1124.940127820506,1039.405684754525
Hold,2019-01-19 19:00:00,32.35,1130.882943909053,Hold,1130.8829439090543,1044.8966408268766
Hold,2019-01-19 20:00:00,32.22,1126.3384374883983,Hold,1126.3384374884,1040.6976744186077
Hold,2019-01-19 21:00:00,32.25,1127.3871697393188,Hold,1127.3871697393201,1041.6666666666697
Hold,2019-01-19 22:00:00,32.19,1125.2897052374778,Hold,1125.289705237479,1039.7286821705457
Hold,2019-01-19 23:00:00,32.0,1118.647734314983,Hold,1118.647734314984,1033.591731266153
Hold,2019-01-20 00:00:00,32.14,1123.541818152611,Hold,1123.5418181526122,1038.1136950904424
Hold,2019-01-20 01:00:00,32.27,1128.0863245732658,Hold,1128.086324573267,1042.3126614987111
Hold,2019-01-20 02:00:00,32.28,1128.435901990239,Hold,1128.43590199024,1042.6356589147317
Hold,2019-01-20 03:00:00,32.58,1138.923224499442,Hold,1138.9232244994432,1052.3255813953517
Hold,2019-01-20 04:00:00,32.68,1142.4189986691763,Hold,1142.4189986691772,1055.5555555555586
Hold,2019-01-20 05:00:00,32.53,1137.1753374145749,Hold,1137.1753374145758,1050.7105943152485
Hold,2019-01-20 06:00:00,32.78,1145.9147728389105,Hold,1145.9147728389116,1058.7855297157653
Hold,2019-01-20 07:00:00,32.88,1149.410547008645,Hold,1149.4105470086463,1062.015503875972
Hold,2019-01-20 08:00:00,32.89,1149.7601244256184,Hold,1149.7601244256198,1062.3385012919925
Hold,2019-01-20 09:00:00,32.73,1144.1668857540433,Hold,1144.1668857540446,1057.1705426356616
Hold,2019-01-20 10:00:00,32.55,1137.8744922485216,Hold,1137.874492248523,1051.3565891472895
Hold,2019-01-20 11:00:00,31.34,1095.5756247947363,Hold,1095.5756247947375,1012.2739018087883
Hold,2019-01-20 12:00:00,30.89,1079.844641030932,Hold,1079.8446410309332,997.7390180878581
Hold,2019-01-20 13:00:00,30.68,1072.50351527449,Hold,1072.503515274491,990.9560723514238
Hold,2019-01-20 14:00:00,30.73,1074.2514023593571,Hold,1074.2514023593583,992.5710594315273
Hold,2019-01-20 15:00:00,30.58,1069.0077411047555,Hold,1069.0077411047566,987.726098191217
Hold,2019-01-20 16:00:00,30.5,1066.211121768968,Hold,1066.2111217689694,985.1421188630517
Hold,2019-01-20 17:00:00,30.4,1062.7153475992338,Hold,1062.7153475992352,981.9121447028449
Hold,2019-01-20 18:00:00,30.37,1061.6666153483136,Hold,1061.666615348315,980.9431524547829
Hold,2019-01-20 19:00:00,30.45,1064.463234684101,Hold,1064.4632346841024,983.5271317829482
Hold,2019-01-20 20:00:00,30.53,1067.2598540198885,Hold,1067.2598540198896,986.1111111111136
Hold,2019-01-20 21:00:00,30.66,1071.804360440543,Hold,1071.8043604405443,990.3100775193823
Hold,2019-01-20 22:00:00,30.75,1074.950557193304,Hold,1074.9505571933053,993.2170542635682
Hold,2019-01-20 23:00:00,30.64,1071.1052056065962,Hold,1071.1052056065978,989.6640826873409
Hold,2019-01-21 00:00:00,30.67,1072.1539378575167,Hold,1072.1539378575183,990.633074935403
Hold,2019-01-21 01:00:00,30.71,1073.5522475254102,Hold,1073.5522475254118,991.9250645994857
Hold,2019-01-21 02:00:00,30.74,1074.6009797763304,Hold,1074.600979776332,992.8940568475477
Hold,2019-01-21 03:00:00,30.67,1072.1539378575167,Hold,1072.1539378575183,990.6330749354031
Hold,2019-01-21 04:00:00,30.59,1069.357318521729,Hold,1069.3573185217306,988.0490956072376
Hold,2019-01-21 05:00:00,30.48,1065.5119669350213,Hold,1065.511966935023,984.4961240310101
Hold,2019-01-21 06:00:00,30.66,1071.804360440543,Hold,1071.8043604405448,990.3100775193823
Hold,2019-01-21 07:00:00,30.68,1072.50351527449,Hold,1072.5035152744917,990.9560723514237
Hold,2019-01-21 08:00:00,30.59,1069.357318521729,Hold,1069.3573185217308,988.0490956072376
Hold,2019-01-21 09:00:00,30.77,1075.6497120272506,Hold,1075.6497120272525,993.8630490956097
Hold,2019-01-21 10:00:00,30.83,1077.7471765290913,Hold,1077.7471765290934,995.8010335917336
Hold,2019-01-21 11:00:00,31.02,1084.3891474515865,Hold,1084.3891474515885,1001.9379844961262
Hold,2019-01-21 12:00:00,30.96,1082.291682949746,Hold,1082.291682949748,1000.0000000000023
Hold,2019-01-21 13:00:00,30.92,1080.8933732818523,Hold,1080.893373281854,998.7080103359197
Hold,2019-01-21 14:00:00,30.72,1073.9018249423834,Hold,1073.9018249423852,992.2480620155061
Hold,2019-01-21 15:00:00,30.75,1074.950557193304,Hold,1074.9505571933057,993.2170542635681
Hold,2019-01-21 16:00:00,30.79,1076.3488668611976,Hold,1076.3488668611994,994.5090439276507
Hold,2019-01-21 17:00:00,30.7,1073.2026701084367,Hold,1073.2026701084383,991.6020671834647
Hold,2019-01-21 18:00:00,30.72,1073.9018249423834,Hold,1073.901824942385,992.2480620155061
Hold,2019-01-21 19:00:00,30.66,1071.804360440543,Hold,1071.8043604405445,990.310077519382
Hold,2019-01-21 20:00:00,30.73,1074.2514023593571,Hold,1074.2514023593585,992.5710594315268
Hold,2019-01-21 21:00:00,30.62,1070.4060507726495,Hold,1070.406050772651,989.0180878552994
Hold,2019-01-21 22:00:00,30.7,1073.2026701084367,Hold,1073.2026701084383,991.6020671834647
Hold,2019-01-21 23:00:00,30.82,1077.3975991121179,Hold,1077.3975991121197,995.4780361757128
Hold,2019-01-22 00:00:00,30.88,1079.4950636139583,Hold,1079.49506361396,997.4160206718368
Hold,2019-01-22 01:00:00,30.9,1080.1942184479053,Hold,1080.1942184479067,998.0620155038781
Hold,2019-01-22 02:00:00,30.85,1078.4463313630383,Hold,1078.4463313630397,996.4470284237748
Hold,2019-01-22 03:00:00,30.62,1070.4060507726495,Hold,1070.4060507726508,989.0180878552992
Hold,2019-01-22 04:00:00,30.74,1074.6009797763304,Hold,1074.6009797763315,992.8940568475473
Hold,2019-01-22 05:00:00,30.72,1073.9018249423834,Hold,1073.9018249423846,992.248062015506
Hold,2019-01-22 06:00:00,30.53,1067.2598540198885,Hold,1067.2598540198896,986.1111111111132
Hold,2019-01-22 07:00:00,30.54,1067.6094314368618,Hold,1067.609431436863,986.4341085271338
Hold,2019-01-22 08:00:00,30.75,1074.950557193304,Hold,1074.950557193305,993.217054263568
Hold,2019-01-22 09:00:00,30.46,1064.8128121010745,Hold,1064.812812101076,983.8501291989685
Hold,2019-01-22 10:00:00,30.56,1068.3085862708087,Hold,1068.3085862708099,987.080103359175
Hold,2019-01-22 11:00:00,30.57,1068.6581636877822,Hold,1068.6581636877834,987.4031007751958
Hold,2019-01-22 12:00:00,30.81,1077.0480216951444,Hold,1077.0480216951455,995.1550387596919
Hold,2019-01-22 13:00:00,30.75,1074.950557193304,Hold,1074.950557193305,993.2170542635679
Hold,2019-01-22 14:00:00,31.3,1094.1773151268426,Hold,1094.177315126844,1010.9819121447048
Hold,2019-01-22 15:00:00,31.43,1098.7218215474975,Hold,1098.7218215474988,1015.1808785529735
Hold,2019-01-22 16:00:00,31.27,1093.1285828759223,Hold,1093.1285828759237,1010.0129198966428
Hold,2019-01-22 17:00:00,31.66,1106.7621021378864,Hold,1106.7621021378877,1022.6098191214489
Hold,2019-01-22 18:00:00,31.78,1110.9570311415675,Hold,1110.9570311415691,1026.485788113697
Hold,2019-01-22 19:00:00,31.62,1105.3637924699926,Hold,1105.3637924699942,1021.3178294573662
Hold,2019-01-22 20:00:00,31.65,1106.4125247209129,Hold,1106.4125247209145,1022.2868217054282
Hold,2019-01-22 21:00:00,31.34,1095.5756247947363,Hold,1095.575624794738,1012.2739018087874
Hold,2019-01-22 22:00:00,31.54,1102.5671731342052,Hold,1102.5671731342068,1018.733850129201
Hold,2019-01-22 23:00:00,31.41,1098.0226667135505,Hold,1098.022666713552,1014.5348837209323
Hold,2019-01-23 00:00:00,31.54,1102.5671731342052,Hold,1102.567173134207,1018.733850129201
Hold,2019-01-23 01:00:00,31.67,1107.1116795548598,Hold,1107.1116795548617,1022.9328165374698
Hold,2019-01-23 02:00:00,31.84,1113.054495643408,Hold,1113.0544956434098,1028.423772609821
Hold,2019-01-23 03:00:00,31.71,1108.5099892227536,Hold,1108.5099892227554,1024.2248062015524
Hold,2019-01-23 04:00:00,31.52,1101.8680183002582,Hold,1101.86801830026,1018.0878552971598
Hold,2019-01-23 05:00:00,31.51,1101.5184408832847,Hold,1101.5184408832865,1017.7648578811392
Hold,2019-01-23 06:00:00,31.58,1103.9654828020987,Hold,1103.9654828021005,1020.0258397932838
Hold,2019-01-23 07:00:00,31.44,1099.0713989644707,Hold,1099.0713989644728,1015.5038759689945
Hold,2019-01-23 08:00:00,31.45,1099.4209763814442,Hold,1099.4209763814463,1015.8268733850151
Hold,2019-01-23 09:00:00,31.44,1099.0713989644707,Hold,1099.0713989644728,1015.5038759689945
Hold,2019-01-23 10:00:00,31.64,1106.0629473039394,Hold,1106.0629473039412,1021.9638242894077
Hold,2019-01-23 11:00:00,32.02,1119.34688914893,Hold,1119.3468891489317,1034.2377260981934
Hold,2019-01-23 12:00:00,31.84,1113.054495643408,Hold,1113.0544956434098,1028.423772609821
Hold,2019-01-23 13:00:00,32.13,1123.1922407356376,Hold,1123.1922407356394,1037.7906976744207
Hold,2019-01-23 14:00:00,31.78,1110.9570311415675,Hold,1110.9570311415694,1026.485788113697
Hold,2019-01-23 15:00:00,31.56,1103.266327968152,Hold,1103.2663279681535,1019.3798449612422
Hold,2019-01-23 16:00:00,31.98,1117.9485794810362,Hold,1117.9485794810378,1032.9457364341104
Hold,2019-01-23 17:00:00,31.95,1116.8998472301157,Hold,1116.8998472301173,1031.9767441860483
Hold,2019-01-23 18:00:00,32.0,1118.647734314983,Hold,1118.6477343149845,1033.5917312661518
Hold,2019-01-23 19:00:00,31.57,1103.6159053851254,Hold,1103.615905385127,1019.702842377263
Hold,2019-01-23 20:00:00,31.55,1102.9167505511787,Hold,1102.9167505511803,1019.0568475452216
Hold,2019-01-23 21:00:00,31.61,1105.0142150530191,Hold,1105.0142150530207,1020.9948320413456
Hold,2019-01-23 22:00:00,31.68,1107.461256971833,Hold,1107.4612569718347,1023.2558139534901
Hold,2019-01-23 23:00:00,31.69,1107.8108343888066,Hold,1107.8108343888082,1023.5788113695107
Hold,2019-01-24 00:00:00,31.66,1106.7621021378864,Hold,1106.762102137888,1022.6098191214488
Hold,2019-01-24 01:00:00,31.46,1099.7705537984175,Hold,1099.770553798419,1016.1498708010353
Hold,2019-01-24 02:00:00,31.5,1101.1688634663114,Hold,1101.1688634663128,1017.4418604651179
Hold,2019-01-24 03:00:00,31.13,1088.2344990382942,Hold,1088.2344990382956,1005.490956072353
Hold,2019-01-24 04:00:00,31.18,1089.9823861231614,Hold,1089.9823861231628,1007.1059431524565
Hold,2019-01-24 05:00:00,31.08,1086.486611953427,Hold,1086.4866119534283,1003.8759689922496
Hold,2019-01-24 06:00:00,31.3,1094.1773151268426,Hold,1094.177315126844,1010.9819121447043
Hold,2019-01-24 07:00:00,31.38,1096.9739344626303,Hold,1096.9739344626316,1013.5658914728698
Hold,2019-01-24 08:00:00,31.39,1097.3235118796035,Hold,1097.323511879605,1013.8888888888904
Hold,2019-01-24 09:00:00,31.31,1094.526892543816,Hold,1094.5268925438174,1011.3049095607249
Hold,2019-01-24 10:00:00,31.29,1093.8277377098693,Hold,1093.8277377098707,1010.6589147286835
Hold,2019-01-24 11:00:00,31.63,1105.713369886966,Hold,1105.7133698869673,1021.6408268733863
Hold,2019-01-24 12:00:00,31.95,1116.8998472301157,Hold,1116.8998472301173,1031.9767441860479
Hold,2019-01-24 13:00:00,31.94,1116.5502698131424,Hold,1116.550269813144,1031.6537467700273
Hold,2019-01-24 14:00:00,31.91,1115.501537562222,Hold,1115.5015375622236,1030.6847545219653
Hold,2019-01-24 15:00:00,31.98,1117.9485794810362,Hold,1117.9485794810378,1032.94573643411
Hold,2019-01-24 16:00:00,31.9,1115.1519601452485,Hold,1115.15196014525,1030.3617571059444
Hold,2019-01-24 17:00:00,31.98,1117.9485794810362,Hold,1117.9485794810375,1032.94573643411
Hold,2019-01-24 18:00:00,32.03,1119.6964665659034,Hold,1119.6964665659048,1034.5607235142134
Hold,2019-01-24 19:00:00,32.59,1139.2728019164156,Hold,1139.2728019164172,1052.6485788113712
Hold,2019-01-24 20:00:00,32.56,1138.224069665495,Hold,1138.2240696654967,1051.6795865633092
Hold,2019-01-24 21:00:00,32.51,1136.476182580628,Hold,1136.4761825806293,1050.0645994832057
Hold,2019-01-24 22:00:00,32.52,1136.8257599976016,Hold,1136.825759997603,1050.3875968992265
Hold,2019-01-24 23:00:00,32.51,1136.476182580628,Hold,1136.4761825806293,1050.0645994832057
Hold,2019-01-25 00:00:00,32.46,1134.7282954957607,Hold,1134.728295495762,1048.4496124031025
Hold,2019-01-25 01:00:00,32.72,1143.81730833707,Hold,1143.8173083370714,1056.8475452196399
Hold,2019-01-25 02:00:00,32.59,1139.2728019164156,Hold,1139.272801916417,1052.6485788113714
Hold,2019-01-25 03:00:00,32.7,1143.1181535031233,Hold,1143.1181535031244,1056.2015503875987
Hold,2019-01-25 04:00:00,32.67,1142.0694212522028,Hold,1142.069421252204,1055.2325581395366
Hold,2019-01-25 05:00:00,32.55,1137.8744922485216,Hold,1137.874492248523,1051.3565891472886
Hold,2019-01-25 06:00:00,32.58,1138.923224499442,Hold,1138.9232244994434,1052.3255813953506
Hold,2019-01-25 07:00:00,32.73,1144.1668857540433,Hold,1144.1668857540446,1057.1705426356605
Hold,2019-01-25 08:00:00,32.3,1129.1350568241858,Hold,1129.1350568241871,1043.2816537467716
Hold,2019-01-25 09:00:00,32.57,1138.5736470824684,Hold,1138.57364708247,1052.0025839793298
Hold,2019-01-25 10:00:00,32.13,1123.1922407356376,Hold,1123.192240735639,1037.7906976744202
Hold,2019-01-25 11:00:00,32.24,1127.0375923223453,Hold,1127.0375923223467,1041.3436692506477
Hold,2019-01-25 12:00:00,32.21,1125.988860071425,Hold,1125.9888600714262,1040.3746770025857
Hold,2019-01-25 13:00:00,32.11,1122.4930859016906,Hold,1122.4930859016918,1037.1447028423788
Hold,2019-01-25 14:00:00,32.5,1136.1266051636544,Hold,1136.1266051636555,1049.741602067185
Hold,2019-01-25 15:00:00,32.44,1134.029140661814,Hold,1134.0291406618153,1047.803617571061
Hold,2019-01-25 16:00:00,32.16,1124.2409729865578,Hold,1124.2409729865592,1038.759689922482
Hold,2019-01-25 17:00:00,32.27,1128.0863245732658,Hold,1128.0863245732671,1042.3126614987098
Hold,2019-01-25 18:00:00,32.14,1123.541818152611,Hold,1123.5418181526124,1038.1136950904408
Hold,2019-01-25 19:00:00,32.07,1121.094776233797,Hold,1121.0947762337985,1035.8527131782962
Hold,2019-01-25 20:00:00,32.16,1124.2409729865578,Hold,1124.2409729865592,1038.759689922482
Hold,2019-01-25 21:00:00,32.31,1129.4846342411595,Hold,1129.4846342411608,1043.6046511627922
Hold,2019-01-25 22:00:00,32.65,1141.370266418256,Hold,1141.3702664182574,1054.586563307495
Hold,2019-01-25 23:00:00,32.69,1142.7685760861498,Hold,1142.7685760861511,1055.8785529715776
Hold,2019-01-26 00:00:00,32.65,1141.370266418256,Hold,1141.3702664182574,1054.586563307495
Hold,2019-01-26 01:00:00,32.68,1142.4189986691763,Hold,1142.4189986691774,1055.555555555557
Hold,2019-01-26 02:00:00,32.94,1151.5080115104854,Hold,1151.5080115104865,1063.9534883720942
Hold,2019-01-26 03:00:00,32.93,1151.1584340935121,Hold,1151.1584340935133,1063.6304909560736
Hold,2019-01-26 04:00:00,32.79,1146.264350255884,Hold,1146.2643502558851,1059.108527131784
Hold,2019-01-26 05:00:00,32.86,1148.7113921746982,Hold,1148.7113921746993,1061.3695090439287
Hold,2019-01-26 06:00:00,33.29,1163.7432211045557,Hold,1163.7432211045568,1075.2583979328176
Hold,2019-01-26 07:00:00,33.65,1176.3280081155992,Hold,1176.3280081156004,1086.8863049095619
Hold,2019-01-26 08:00:00,33.35,1165.8406856063964,Hold,1165.8406856063975,1077.1963824289417
Hold,2019-01-26 09:00:00,33.43,1168.6373049421836,Hold,1168.637304942185,1079.780361757107
Hold,2019-01-26 10:00:00,33.61,1174.9296984477055,Hold,1174.9296984477069,1085.594315245479
Hold,2019-01-26 11:00:00,33.44,1168.9868823591569,Hold,1168.9868823591582,1080.1033591731275
Hold,2019-01-26 12:00:00,33.31,1164.4423759385027,Hold,1164.442375938504,1075.9043927648588
Hold,2019-01-26 13:00:00,33.46,1169.686037193104,Hold,1169.6860371931057,1080.749354005169
Hold,2019-01-26 14:00:00,33.48,1170.3851920270508,Hold,1170.3851920270524,1081.3953488372101
Hold,2019-01-26 15:00:00,33.06,1155.7029405141668,Hold,1155.7029405141686,1067.829457364342
Hold,2019-01-26 16:00:00,33.07,1156.0525179311403,Hold,1156.0525179311421,1068.1524547803626
Hold,2019-01-26 17:00:00,33.11,1157.4508275990338,Hold,1157.4508275990354,1069.4444444444453
Hold,2019-01-26 18:00:00,33.07,1156.0525179311403,Hold,1156.052517931142,1068.1524547803626
Hold,2019-01-26 19:00:00,32.94,1151.5080115104854,Hold,1151.508011510487,1063.9534883720937
Hold,2019-01-26 20:00:00,32.99,1153.2558985953528,Hold,1153.2558985953544,1065.5684754521974
Hold,2019-01-26 21:00:00,33.04,1155.0037856802198,Hold,1155.0037856802217,1067.1834625323006
Hold,2019-01-26 22:00:00,33.06,1155.7029405141668,Hold,1155.7029405141686,1067.829457364342
Hold,2019-01-26 23:00:00,32.8,1146.6139276728575,Hold,1146.6139276728593,1059.4315245478042
Hold,2019-01-27 00:00:00,32.87,1149.0609695916714,Hold,1149.0609695916733,1061.692506459949
Hold,2019-01-27 01:00:00,32.98,1152.9063211783791,Hold,1152.906321178381,1065.2454780361763
Hold,2019-01-27 02:00:00,33.02,1154.304630846273,Hold,1154.304630846275,1066.5374677002592
Hold,2019-01-27 03:00:00,32.93,1151.1584340935121,Hold,1151.158434093514,1063.6304909560731
Hold,2019-01-27 04:00:00,32.72,1143.81730833707,Hold,1143.8173083370718,1056.8475452196392
Hold,2019-01-27 05:00:00,32.68,1142.4189986691763,Hold,1142.4189986691779,1055.5555555555566
Hold,2019-01-27 06:00:00,32.67,1142.0694212522028,Hold,1142.0694212522044,1055.232558139536
Hold,2019-01-27 07:00:00,32.74,1144.516463171017,Hold,1144.5164631710188,1057.4935400516806
Hold,2019-01-27 08:00:00,32.72,1143.81730833707,Hold,1143.8173083370718,1056.8475452196392
Hold,2019-01-27 09:00:00,32.51,1136.476182580628,Hold,1136.4761825806295,1050.064599483205
Hold,2019-01-27 10:00:00,32.26,1127.736747156292,Hold,1127.7367471562939,1041.9896640826883
Hold,2019-01-27 11:00:00,32.39,1132.2812535769467,Hold,1132.2812535769485,1046.1886304909572
Hold,2019-01-27 12:00:00,32.26,1127.736747156292,Hold,1127.736747156294,1041.9896640826883
Hold,2019-01-27 13:00:00,32.32,1129.8342116581327,Hold,1129.8342116581346,1043.9276485788123
Hold,2019-01-27 14:00:00,32.2,1125.6392826544518,Hold,1125.6392826544536,1040.0516795865644
Hold,2019-01-27 15:00:00,32.34,1130.5333664920797,Hold,1130.5333664920818,1044.573643410854
Hold,2019-01-27 16:00:00,32.39,1132.2812535769467,Hold,1132.2812535769485,1046.1886304909574
Hold,2019-01-27 17:00:00,32.63,1140.6711115843093,Hold,1140.6711115843113,1053.9405684754536
Hold,2019-01-27 18:00:00,32.62,1140.3215341673356,Hold,1140.3215341673376,1053.6175710594327
Hold,2019-01-27 19:00:00,32.61,1139.9719567503623,Hold,1139.9719567503644,1053.2945736434121
Hold,2019-01-27 20:00:00,32.72,1143.81730833707,Hold,1143.817308337072,1056.8475452196394
Hold,2019-01-27 21:00:00,32.7,1143.1181535031233,Hold,1143.118153503125,1056.2015503875982
Hold,2019-01-27 22:00:00,32.53,1137.1753374145749,Hold,1137.1753374145767,1050.7105943152467
Hold,2019-01-27 23:00:00,32.21,1125.988860071425,Hold,1125.9888600714269,1040.3746770025853
Hold,2019-01-28 00:00:00,32.2,1125.6392826544518,Hold,1125.6392826544536,1040.0516795865647
Hold,2019-01-28 01:00:00,31.73,1109.2091440567003,Hold,1109.2091440567021,1024.870801033593
Hold,2019-01-28 02:00:00,31.63,1105.713369886966,Hold,1105.7133698869677,1021.6408268733861
Hold,2019-01-28 03:00:00,31.11,1087.5353442043474,Hold,1087.5353442043493,1004.8449612403112
Hold,2019-01-28 04:00:00,31.17,1089.6328087061881,Hold,1089.63280870619,1006.7829457364352
Hold,2019-01-28 05:00:00,30.76,1075.3001346102774,Hold,1075.300134610279,993.5400516795877
Hold,2019-01-28 06:00:00,31.01,1084.0395700346132,Hold,1084.039570034615,1001.6149870801044
Hold,2019-01-28 07:00:00,30.99,1083.340415200666,Hold,1083.3404152006678,1000.9689922480629
Hold,2019-01-28 08:00:00,30.68,1072.50351527449,Hold,1072.5035152744917,990.9560723514221
Hold,2019-01-28 09:00:00,30.9,1080.1942184479053,Hold,1080.1942184479071,998.0620155038769
Hold,2019-01-28 10:00:00,30.76,1075.3001346102774,Hold,1075.3001346102792,993.5400516795875
Hold,2019-01-28 11:00:00,30.6,1069.7068959387025,Hold,1069.7068959387043,988.3720930232566
Hold,2019-01-28 12:00:00,30.7,1073.2026701084367,Hold,1073.2026701084387,991.6020671834634
Hold,2019-01-28 13:00:00,30.67,1072.1539378575167,Hold,1072.1539378575187,990.6330749354014
Hold,2019-01-28 14:00:00,30.6,1069.7068959387025,Hold,1069.7068959387043,988.3720930232568
Hold,2019-01-28 15:00:00,30.48,1065.5119669350213,Hold,1065.5119669350233,984.4961240310088
Trailing-Stop,2019-01-28 16:00:00,30.13,1053.2767573409512,Trailing stop 10.0% hit,1053.276757340953,973.1912144702851
Buy,2019-01-31 15:00:00,31.39,1053.2767573409512,Sinal: Compra,1053.276757340953,1013.8888888888899
Hold,2019-01-31 16:00:00,31.27,1047.1527623323238,Hold,1047.152762332326,1010.0129198966418
Hold,2019-01-31 17:00:00,31.26,1046.8178877680987,Hold,1046.8178877681005,1009.6899224806212
Hold,2019-01-31 18:00:00,31.21,1045.1435149469723,Hold,1045.1435149469742,1008.0749354005178
Hold,2019-01-31 19:00:00,31.32,1048.8271351534502,Hold,1048.827135153452,1011.6279069767453
Hold,2019-01-31 20:00:00,31.43,1052.5107553599275,Hold,1052.5107553599294,1015.1808785529728
Hold,2019-01-31 21:00:00,31.42,1052.1758807957024,Hold,1052.1758807957042,1014.8578811369522
Hold,2019-01-31 22:00:00,31.48,1054.1851281810539,Hold,1054.1851281810557,1016.7958656330762
Hold,2019-01-31 23:00:00,31.41,1051.8410062314772,Hold,1051.841006231479,1014.5348837209316
Hold,2019-02-01 00:00:00,31.5,1054.8548773095042,Hold,1054.8548773095058,1017.4418604651177
Hold,2019-02-01 01:00:00,30.85,1033.0880306348638,Hold,1033.0880306348656,996.447028423774
Hold,2019-02-01 02:00:00,31.09,1041.1250201762696,Hold,1041.1250201762714,1004.19896640827
Hold,2019-02-01 03:00:00,31.09,1041.1250201762696,Hold,1041.1250201762714,1004.19896640827
Hold,2019-02-01 04:00:00,31.0,1038.1111490982425,Hold,1038.1111490982444,1001.291989664084
Hold,2019-02-01 05:00:00,31.05,1039.7855219193684,Hold,1039.7855219193702,1002.9069767441874
Hold,2019-02-01 06:00:00,31.16,1043.4691421258462,Hold,1043.4691421258483,1006.4599483204148
Hold,2019-02-01 07:00:00,31.11,1041.79476930472,Hold,1041.7947693047217,1004.8449612403114
Hold,2019-02-01 08:00:00,31.69,1061.2174940297841,Hold,1061.217494029786,1023.5788113695106
Hold,2019-02-01 09:00:00,31.58,1057.5338738233063,Hold,1057.533873823308,1020.0258397932831
Hold,2019-02-01 10:00:00,31.9,1068.249859878514,Hold,1068.2498598785157,1030.3617571059444
Hold,2019-02-01 11:00:00,32.12,1075.6171002914691,Hold,1075.617100291471,1037.4677002583992
Hold,2019-02-01 12:00:00,32.54,1089.6818319889294,Hold,1089.6818319889314,1051.0335917312675
Hold,2019-02-01 13:00:00,32.6,1091.6910793742807,Hold,1091.6910793742827,1052.9715762273916
Hold,2019-02-01 14:00:00,32.38,1084.3238389613255,Hold,1084.3238389613275,1045.8656330749368
Hold,2019-02-01 15:00:00,32.23,1079.3007204979467,Hold,1079.3007204979488,1041.0206718346265
Hold,2019-02-01 16:00:00,32.42,1085.6633372182264,Hold,1085.6633372182284,1047.1576227390194
Hold,2019-02-01 17:00:00,32.57,1090.6864556816051,Hold,1090.6864556816074,1052.0025839793295
Hold,2019-02-01 18:00:00,32.92,1102.4070654294885,Hold,1102.4070654294908,1063.307493540053
Hold,2019-02-01 19:00:00,33.02,1105.7558110717407,Hold,1105.755811071743,1066.5374677002596
Hold,2019-02-01 20:00:00,33.05,1106.7604347644162,Hold,1106.7604347644185,1067.5064599483214
Hold,2019-02-01 21:00:00,33.52,1122.4995392830028,Hold,1122.499539283005,1082.6873385012932
Hold,2019-02-01 22:00:00,33.03,1106.0906856359659,Hold,1106.090685635968,1066.86046511628
Hold,2019-02-01 23:00:00,32.65,1093.3654521954068,Hold,1093.3654521954088,1054.5865633074945
Hold,2019-02-02 00:00:00,32.73,1096.0444487092086,Hold,1096.0444487092107,1057.17054263566
Hold,2019-02-02 01:00:00,32.82,1099.058319787236,Hold,1099.0583197872384,1060.077519379846
Hold,2019-02-02 02:00:00,33.18,1111.1138040993446,Hold,1111.113804099347,1071.7054263565904
Hold,2019-02-02 03:00:00,33.02,1105.7558110717407,Hold,1105.755811071743,1066.5374677002596
Hold,2019-02-02 04:00:00,32.99,1104.751187379065,Hold,1104.7511873790672,1065.5684754521976
Hold,2019-02-02 05:00:00,32.77,1097.3839469661098,Hold,1097.383946966112,1058.4625322997429
Hold,2019-02-02 06:00:00,32.6,1091.6910793742807,Hold,1091.691079374283,1052.9715762273916
Hold,2019-02-02 07:00:00,32.73,1096.0444487092086,Hold,1096.0444487092109,1057.1705426356602
Hold,2019-02-02 08:00:00,32.89,1101.4024417368128,Hold,1101.402441736815,1062.338501291991
Hold,2019-02-02 09:00:00,33.23,1112.7881769204707,Hold,1112.788176920473,1073.3204134366938
Hold,2019-02-02 10:00:00,33.23,1112.7881769204707,Hold,1112.788176920473,1073.3204134366938
Hold,2019-02-02 11:00:00,33.33,1116.1369225627232,Hold,1116.1369225627254,1076.5503875969005
Hold,2019-02-02 12:00:00,33.11,1108.769682149768,Hold,1108.7696821497702,1069.4444444444457
Hold,2019-02-02 13:00:00,33.08,1107.765058457092,Hold,1107.7650584570943,1068.4754521963837
Hold,2019-02-02 14:00:00,33.03,1106.0906856359659,Hold,1106.090685635968,1066.8604651162805
Hold,2019-02-02 15:00:00,32.96,1103.7465636863894,Hold,1103.7465636863917,1064.5994832041358
Hold,2019-02-02 16:00:00,33.05,1106.7604347644162,Hold,1106.7604347644187,1067.506459948322
Hold,2019-02-02 17:00:00,33.21,1112.1184277920204,Hold,1112.1184277920229,1072.6744186046528
Hold,2019-02-02 18:00:00,33.37,1117.476420819624,Hold,1117.4764208196266,1077.8423772609835
Hold,2019-02-02 19:00:00,33.26,1113.7928006131465,Hold,1113.792800613149,1074.2894056847563
Hold,2019-02-02 20:00:00,33.04,1106.425560200191,Hold,1106.4255602001936,1067.1834625323015
Hold,2019-02-02 21:00:00,33.17,1110.7789295351195,Hold,1110.778929535122,1071.3824289405704
Hold,2019-02-02 22:00:00,33.16,1110.444054970894,Hold,1110.4440549708968,1071.0594315245496
Hold,2019-02-02 23:00:00,34.59,1158.3311176551033,Hold,1158.331117655106,1117.248062015506
Hold,2019-02-03 00:00:00,34.52,1155.9869957055269,Hold,1155.9869957055298,1114.9870801033614
Hold,2019-02-03 01:00:00,34.51,1155.6521211413014,Hold,1155.6521211413044,1114.6640826873406
Hold,2019-02-03 02:00:00,34.32,1149.2895044210218,Hold,1149.2895044210247,1108.527131782948
Hold,2019-02-03 03:00:00,34.28,1147.9500061641209,Hold,1147.9500061641236,1107.2351421188653
Hold,2019-02-03 04:00:00,34.27,1147.6151315998957,Hold,1147.6151315998986,1106.9121447028447
Hold,2019-02-03 05:00:00,34.37,1150.963877242148,Hold,1150.9638772421508,1110.142118863051
Hold,2019-02-03 06:00:00,34.3,1148.6197552925712,Hold,1148.6197552925742,1107.8811369509065
Hold,2019-02-03 07:00:00,33.82,1132.5457762097599,Hold,1132.5457762097628,1092.3772609819143
Hold,2019-02-03 08:00:00,33.74,1129.8667796959583,Hold,1129.8667796959612,1089.7932816537489
Hold,2019-02-03 09:00:00,33.66,1127.187783182156,Hold,1127.187783182159,1087.2093023255832
Hold,2019-02-03 10:00:00,33.84,1133.2155253382105,Hold,1133.2155253382134,1093.0232558139555
Hold,2019-02-03 11:00:00,33.95,1136.899145544688,Hold,1136.899145544691,1096.5762273901826
Hold,2019-02-03 12:00:00,34.03,1139.5781420584901,Hold,1139.578142058493,1099.160206718348
Hold,2019-02-03 13:00:00,33.84,1133.2155253382105,Hold,1133.2155253382134,1093.0232558139555
Hold,2019-02-03 14:00:00,33.79,1131.5411525170841,Hold,1131.541152517087,1091.408268733852
Hold,2019-02-03 15:00:00,33.6,1125.1785357968047,Hold,1125.1785357968076,1085.2713178294593
Hold,2019-02-03 16:00:00,33.74,1129.8667796959583,Hold,1129.8667796959612,1089.7932816537489
Hold,2019-02-03 17:00:00,33.41,1118.815919076525,Hold,1118.815919076528,1079.1343669250664
Hold,2019-02-03 18:00:00,33.48,1121.1600410261017,Hold,1121.1600410261046,1081.395348837211
Hold,2019-02-03 19:00:00,33.39,1118.1461699480744,Hold,1118.1461699480774,1078.4883720930252
Hold,2019-02-03 20:00:00,33.28,1114.462549741597,Hold,1114.4625497416,1074.935400516798
Hold,2019-02-03 21:00:00,33.31,1115.4671734342728,Hold,1115.4671734342758,1075.90439276486
Hold,2019-02-03 22:00:00,33.47,1120.8251664618765,Hold,1120.8251664618795,1081.0723514211907
Hold,2019-02-03 23:00:00,33.44,1119.8205427692008,Hold,1119.820542769204,1080.1033591731286
Hold,2019-02-04 00:00:00,33.64,1126.5180340537056,Hold,1126.5180340537086,1086.5633074935422
Hold,2019-02-04 01:00:00,33.98,1137.9037692373636,Hold,1137.9037692373668,1097.5452196382448
Hold,2019-02-04 02:00:00,33.75,1130.2016542601834,Hold,1130.2016542601866,1090.1162790697697
Hold,2019-02-04 03:00:00,33.74,1129.8667796959583,Hold,1129.8667796959617,1089.793281653749
Hold,2019-02-04 04:00:00,33.79,1131.5411525170841,Hold,1131.5411525170875,1091.4082687338525
Hold,2019-02-04 05:00:00,33.59,1124.8436612325795,Hold,1124.843661232583,1084.9483204134392
Hold,2019-02-04 06:00:00,33.67,1127.5226577463814,Hold,1127.5226577463848,1087.5322997416047
Hold,2019-02-04 07:00:00,33.62,1125.848284925255,Hold,1125.8482849252584,1085.9173126615012
Hold,2019-02-04 08:00:00,33.9,1135.2247727235617,Hold,1135.2247727235654,1094.96124031008
Hold,2019-02-04 09:00:00,33.85,1133.5503999024356,Hold,1133.5503999024393,1093.3462532299768
Hold,2019-02-04 10:00:00,33.83,1132.880650773985,Hold,1132.8806507739887,1092.7002583979354
Hold,2019-02-04 11:00:00,33.64,1126.5180340537056,Hold,1126.518034053709,1086.5633074935429
Hold,2019-02-04 12:00:00,34.01,1138.9083929300393,Hold,1138.9083929300427,1098.5142118863073
Hold,2019-02-04 13:00:00,33.97,1137.5688946731384,Hold,1137.568894673142,1097.2222222222247
Hold,2019-02-04 14:00:00,33.94,1136.5642709804627,Hold,1136.5642709804663,1096.2532299741627
Hold,2019-02-04 15:00:00,33.94,1136.5642709804627,Hold,1136.5642709804663,1096.2532299741627
Hold,2019-02-04 16:00:00,33.99,1138.238643801589,Hold,1138.2386438015926,1097.868217054266
Hold,2019-02-04 17:00:00,34.18,1144.6012605218684,Hold,1144.6012605218718,1104.0051679586586
Hold,2019-02-04 18:00:00,34.21,1145.6058842145442,Hold,1145.6058842145476,1104.9741602067206
Hold,2019-02-04 19:00:00,34.34,1149.9592535494726,Hold,1149.9592535494758,1109.1731266149895
Hold,2019-02-04 20:00:00,34.31,1148.9546298567966,Hold,1148.9546298567998,1108.2041343669275
Hold,2019-02-04 21:00:00,34.36,1150.629002677923,Hold,1150.6290026779263,1109.8191214470307
Hold,2019-02-04 22:00:00,34.11,1142.257138572292,Hold,1142.2571385722952,1101.744186046514
Hold,2019-02-04 23:00:00,34.09,1141.5873894438416,Hold,1141.5873894438448,1101.0981912144728
Hold,2019-02-05 00:00:00,34.09,1141.5873894438416,Hold,1141.5873894438448,1101.0981912144728
Hold,2019-02-05 01:00:00,33.97,1137.5688946731384,Hold,1137.5688946731416,1097.2222222222244
Hold,2019-02-05 02:00:00,34.21,1145.6058842145442,Hold,1145.6058842145474,1104.9741602067209
Hold,2019-02-05 03:00:00,34.24,1146.61050790722,Hold,1146.610507907223,1105.9431524547829
Hold,2019-02-05 04:00:00,34.25,1146.945382471445,Hold,1146.9453824714483,1106.2661498708035
Hold,2019-02-05 05:00:00,34.18,1144.6012605218684,Hold,1144.6012605218716,1104.0051679586586
Hold,2019-02-05 06:00:00,34.35,1150.2941281136978,Hold,1150.294128113701,1109.4961240310101
Hold,2019-02-05 07:00:00,34.31,1148.9546298567966,Hold,1148.9546298567998,1108.2041343669275
Hold,2019-02-05 08:00:00,34.36,1150.629002677923,Hold,1150.6290026779263,1109.8191214470307
Hold,2019-02-05 09:00:00,34.46,1153.9777483201754,Hold,1153.9777483201788,1113.0490956072376
Hold,2019-02-05 10:00:00,34.38,1151.2987518063735,Hold,1151.298751806377,1110.4651162790722
Hold,2019-02-05 11:00:00,34.16,1143.931511393418,Hold,1143.9315113934215,1103.3591731266172
Hold,2019-02-05 12:00:00,34.06,1140.5827657511659,Hold,1140.582765751169,1100.1291989664105
Hold,2019-02-05 13:00:00,34.17,1144.2663859576435,Hold,1144.2663859576467,1103.6821705426378
Hold,2019-02-05 14:00:00,33.87,1134.220149030886,Hold,1134.2201490308892,1093.9922480620176
Hold,2019-02-05 15:00:00,33.87,1134.220149030886,Hold,1134.2201490308892,1093.9922480620176
Hold,2019-02-05 16:00:00,33.95,1136.899145544688,Hold,1136.8991455446912,1096.5762273901828
Hold,2019-02-05 17:00:00,33.95,1136.899145544688,Hold,1136.8991455446912,1096.5762273901828
Hold,2019-02-05 18:00:00,34.04,1139.9130166227153,Hold,1139.9130166227185,1099.4832041343689
Hold,2019-02-05 19:00:00,34.22,1145.9407587787694,Hold,1145.9407587787728,1105.297157622741
Hold,2019-02-05 20:00:00,34.13,1142.9268877007426,Hold,1142.926887700746,1102.390180878555
Hold,2019-02-05 21:00:00,34.24,1146.61050790722,Hold,1146.6105079072233,1105.9431524547822
Hold,2019-02-05 22:00:00,34.31,1148.9546298567966,Hold,1148.9546298567998,1108.2041343669268
Hold,2019-02-05 23:00:00,34.34,1149.9592535494726,Hold,1149.9592535494758,1109.1731266149889
Hold,2019-02-06 00:00:00,33.96,1137.2340201089132,Hold,1137.2340201089164,1096.8992248062032
Hold,2019-02-06 01:00:00,32.86,1100.397818044137,Hold,1100.39781804414,1061.3695090439292
Hold,2019-02-06 02:00:00,33.17,1110.7789295351195,Hold,1110.7789295351226,1071.3824289405702
Hold,2019-02-06 03:00:00,32.79,1098.0536960945603,Hold,1098.0536960945635,1059.1085271317845
Hold,2019-02-06 04:00:00,32.81,1098.723445223011,Hold,1098.723445223014,1059.754521963826
Hold,2019-02-06 05:00:00,32.75,1096.7141978376592,Hold,1096.7141978376624,1057.816537467702
Hold,2019-02-06 06:00:00,32.88,1101.0675671725876,Hold,1101.0675671725908,1062.0155038759708
Hold,2019-02-06 07:00:00,33.01,1105.4209365075153,Hold,1105.4209365075185,1066.2144702842395
Hold,2019-02-06 08:00:00,32.73,1096.0444487092086,Hold,1096.0444487092118,1057.1705426356607
Hold,2019-02-06 09:00:00,32.66,1093.700326759632,Hold,1093.7003267596351,1054.909560723516
Hold,2019-02-06 10:00:00,32.61,1092.0259539385058,Hold,1092.0259539385088,1053.294573643413
Hold,2019-02-06 11:00:00,32.45,1086.6679609109021,Hold,1086.667960910905,1048.1266149870823
Hold,2019-02-06 12:00:00,32.69,1094.7049504523077,Hold,1094.7049504523106,1055.878552971578
Hold,2019-02-06 13:00:00,32.62,1092.360828502731,Hold,1092.360828502734,1053.6175710594334
Hold,2019-02-06 14:00:00,32.45,1086.6679609109021,Hold,1086.667960910905,1048.1266149870823
Hold,2019-02-06 15:00:00,32.92,1102.4070654294885,Hold,1102.4070654294915,1063.3074935400539
Hold,2019-02-06 16:00:00,32.85,1100.0629434799118,Hold,1100.0629434799148,1061.046511627909
Hold,2019-02-06 17:00:00,32.68,1094.3700758880825,Hold,1094.3700758880855,1055.5555555555575
Hold,2019-02-06 18:00:00,32.91,1102.072190865263,Hold,1102.072190865266,1062.9844961240328
Hold,2019-02-06 19:00:00,32.65,1093.3654521954068,Hold,1093.3654521954097,1054.5865633074955
Hold,2019-02-06 20:00:00,32.68,1094.3700758880825,Hold,1094.3700758880855,1055.5555555555575
Hold,2019-02-06 21:00:00,32.78,1097.7188215303352,Hold,1097.7188215303381,1058.7855297157644
Hold,2019-02-06 22:00:00,32.87,1100.7326926083622,Hold,1100.7326926083651,1061.6925064599502
Hold,2019-02-06 23:00:00,32.79,1098.0536960945603,Hold,1098.0536960945633,1059.1085271317847
Hold,2019-02-07 00:00:00,32.89,1101.4024417368128,Hold,1101.4024417368157,1062.3385012919916
Hold,2019-02-07 01:00:00,33.11,1108.769682149768,Hold,1108.769682149771,1069.4444444444464
Hold,2019-02-07 02:00:00,33.02,1105.7558110717407,Hold,1105.755811071744,1066.5374677002605
Hold,2019-02-07 03:00:00,33.19,1111.4486786635698,Hold,1111.448678663573,1072.0284237726119
Hold,2019-02-07 04:00:00,33.18,1111.1138040993446,Hold,1111.1138040993478,1071.7054263565913
Hold,2019-02-07 05:00:00,33.35,1116.8066716911737,Hold,1116.806671691177,1077.1963824289428
Hold,2019-02-07 06:00:00,33.29,1114.7974243058222,Hold,1114.7974243058254,1075.2583979328188
Hold,2019-02-07 07:00:00,33.16,1110.444054970894,Hold,1110.4440549708972,1071.0594315245498
Hold,2019-02-07 08:00:00,33.3,1115.1322988700474,Hold,1115.1322988700508,1075.5813953488394
Hold,2019-02-07 09:00:00,33.52,1122.4995392830028,Hold,1122.4995392830062,1082.6873385012943
Hold,2019-02-07 10:00:00,33.59,1124.8436612325795,Hold,1124.843661232583,1084.9483204134392
Hold,2019-02-07 11:00:00,33.33,1116.1369225627232,Hold,1116.1369225627266,1076.5503875969014
Hold,2019-02-07 12:00:00,33.26,1113.7928006131465,Hold,1113.79280061315,1074.2894056847565
Hold,2019-02-07 13:00:00,33.36,1117.141546255399,Hold,1117.1415462554023,1077.5193798449632
Hold,2019-02-07 14:00:00,33.38,1117.8112953838495,Hold,1117.811295383853,1078.1653746770046
Hold,2019-02-07 15:00:00,33.29,1114.7974243058222,Hold,1114.7974243058256,1075.2583979328183
Hold,2019-02-07 16:00:00,33.1,1108.4348075855428,Hold,1108.4348075855462,1069.1214470284256
Hold,2019-02-07 17:00:00,33.08,1107.765058457092,Hold,1107.7650584570952,1068.4754521963841
Hold,2019-02-07 18:00:00,33.12,1109.1045567139931,Hold,1109.1045567139963,1069.7674418604668
Hold,2019-02-07 19:00:00,33.08,1107.765058457092,Hold,1107.7650584570952,1068.4754521963841
Hold,2019-02-07 20:00:00,33.21,1112.1184277920204,Hold,1112.1184277920233,1072.674418604653
Hold,2019-02-07 21:00:00,33.13,1109.4394312782185,Hold,1109.4394312782215,1070.0904392764878
Hold,2019-02-07 22:00:00,33.19,1111.4486786635698,Hold,1111.4486786635728,1072.0284237726116
Hold,2019-02-07 23:00:00,33.24,1113.1230514846961,Hold,1113.123051484699,1073.6434108527153
Hold,2019-02-08 00:00:00,33.09,1108.0999330213176,Hold,1108.0999330213203,1068.7984496124052
Hold,2019-02-08 01:00:00,32.97,1104.0814382506146,Hold,1104.0814382506173,1064.922480620157
Hold,2019-02-08 02:00:00,33.07,1107.4301838928668,Hold,1107.4301838928698,1068.152454780364
Hold,2019-02-08 03:00:00,33.3,1115.1322988700474,Hold,1115.1322988700504,1075.5813953488394
Hold,2019-02-08 04:00:00,33.32,1115.802047998498,Hold,1115.802047998501,1076.2273901808808
Hold,2019-02-08 05:00:00,33.75,1130.2016542601834,Hold,1130.2016542601864,1090.1162790697697
Hold,2019-02-08 06:00:00,33.8,1131.8760270813093,Hold,1131.8760270813125,1091.731266149873
Hold,2019-02-08 07:00:00,33.82,1132.5457762097599,Hold,1132.5457762097628,1092.3772609819146
Hold,2019-02-08 08:00:00,36.54,1223.6316576790252,Hold,1223.6316576790284,1180.2325581395373
Hold,2019-02-08 09:00:00,37.03,1240.0405113260617,Hold,1240.0405113260651,1196.0594315245505
Take-Profit,2019-02-08 10:00:00,37.74,1263.8166053860537,TP 20.0% hit,1263.816605386057,1218.9922480620182
Buy,2019-02-08 19:00:00,42.89,1263.8166053860537,Sinal: Compra,1263.816605386057,1385.3359173126646
Hold,2019-02-08 20:00:00,41.61,1223.648559562192,Hold,1223.6485595621953,1343.9922480620185
Hold,2019-02-08 21:00:00,41.67,1225.4130131448342,Hold,1225.4130131448374,1345.9302325581427
Hold,2019-02-08 22:00:00,41.67,1225.4130131448342,Hold,1225.4130131448374,1345.9302325581427
Hold,2019-02-08 23:00:00,42.99,1264.230991962957,Hold,1264.2309919629602,1388.5658914728717
Hold,2019-02-09 00:00:00,42.57,1251.8798168844633,Hold,1251.8798168844664,1375.0000000000036
Hold,2019-02-09 01:00:00,42.27,1243.0575489712537,Hold,1243.057548971257,1365.3100775193834
Hold,2019-02-09 02:00:00,43.84,1289.2274177170511,Hold,1289.2274177170545,1416.0206718346292
Hold,2019-02-09 03:00:00,43.51,1279.5229230125203,Hold,1279.5229230125237,1405.3617571059467
Hold,2019-02-09 04:00:00,43.48,1278.6406962211993,Hold,1278.640696221203,1404.3927648578847
Hold,2019-02-09 05:00:00,42.95,1263.0546895745292,Hold,1263.0546895745326,1387.273901808789
Hold,2019-02-09 06:00:00,43.68,1284.5222081633394,Hold,1284.5222081633428,1410.8527131782982
Hold,2019-02-09 07:00:00,45.28,1331.5743037004581,Hold,1331.5743037004618,1462.5322997416058
Hold,2019-02-09 08:00:00,44.77,1316.5764482480015,Hold,1316.576448248005,1446.0594315245517
Hold,2019-02-09 09:00:00,44.03,1294.8148540620841,Hold,1294.8148540620875,1422.1576227390217
Hold,2019-02-09 10:00:00,44.88,1319.8112798161783,Hold,1319.811279816182,1449.612403100779
Hold,2019-02-09 11:00:00,44.57,1310.6949363058616,Hold,1310.694936305865,1439.5994832041379
Hold,2019-02-09 12:00:00,44.05,1295.403005256298,Hold,1295.4030052563014,1422.8036175710627
Hold,2019-02-09 13:00:00,44.4,1305.6956511550427,Hold,1305.695651155046,1434.1085271317863
Hold,2019-02-09 14:00:00,44.5,1308.6364071261128,Hold,1308.6364071261162,1437.3385012919932
Hold,2019-02-09 15:00:00,43.93,1291.8740980910143,Hold,1291.8740980910177,1418.927648578815
Hold,2019-02-09 16:00:00,43.38,1275.6999402501297,Hold,1275.699940250133,1401.162790697678
Hold,2019-02-09 17:00:00,43.25,1271.8769574877388,Hold,1271.8769574877422,1396.963824289409
Hold,2019-02-09 18:00:00,43.24,1271.5828818906318,Hold,1271.5828818906355,1396.6408268733885
Hold,2019-02-09 19:00:00,43.97,1293.050400479442,Hold,1293.0504004794457,1420.2196382428976
Hold,2019-02-09 20:00:00,43.73,1285.9925861488744,Hold,1285.992586148878,1412.4677002584015
Hold,2019-02-09 21:00:00,44.66,1313.3416166798245,Hold,1313.341616679828,1442.506459948324
Hold,2019-02-09 22:00:00,44.47,1307.7541803347917,Hold,1307.7541803347951,1436.3695090439312
Hold,2019-02-09 23:00:00,44.68,1313.9297678740386,Hold,1313.929767874042,1443.1524547803654
Hold,2019-02-10 00:00:00,43.98,1293.344476076549,Hold,1293.3444760765524,1420.5426356589182
Hold,2019-02-10 01:00:00,44.25,1301.284517198438,Hold,1301.2845171984413,1429.2635658914762
Hold,2019-02-10 02:00:00,43.87,1290.109644508372,Hold,1290.1096445083754,1416.9896640826908
Hold,2019-02-10 03:00:00,43.88,1290.4037201054794,Hold,1290.4037201054825,1417.3126614987118
Hold,2019-02-10 04:00:00,43.99,1293.6385516736564,Hold,1293.6385516736598,1420.865633074939
Hold,2019-02-10 05:00:00,43.5,1279.2288474154134,Hold,1279.2288474154166,1405.038759689926
Hold,2019-02-10 06:00:00,42.92,1262.1724627832082,Hold,1262.1724627832114,1386.304909560727
Hold,2019-02-10 07:00:00,43.23,1271.2888062935247,Hold,1271.2888062935278,1396.3178294573677
Hold,2019-02-10 08:00:00,43.55,1280.6992254009485,Hold,1280.6992254009517,1406.6537467700293
Hold,2019-02-10 09:00:00,43.18,1269.8184283079897,Hold,1269.818428307993,1394.7028423772645
Hold,2019-02-10 10:00:00,44.08,1296.285232047619,Hold,1296.2852320476225,1423.772609819125
Hold,2019-02-10 11:00:00,43.85,1289.5214933141583,Hold,1289.5214933141617,1416.3436692506498
Hold,2019-02-10 12:00:00,43.5,1279.2288474154134,Hold,1279.2288474154168,1405.038759689926
Hold,2019-02-10 13:00:00,43.7,1285.1103593575535,Hold,1285.110359357557,1411.4987080103397
Hold,2019-02-10 14:00:00,43.48,1278.6406962211993,Hold,1278.6406962212027,1404.3927648578847
Hold,2019-02-10 15:00:00,43.4,1276.2880914443435,Hold,1276.288091444347,1401.8087855297194
Hold,2019-02-10 16:00:00,46.93,1380.0967772231115,Hold,1380.0967772231152,1515.8268733850168
Hold,2019-02-10 17:00:00,46.71,1373.627114086758,Hold,1373.6271140867618,1508.720930232562
Hold,2019-02-10 18:00:00,47.24,1389.2131207334285,Hold,1389.213120733432,1525.8397932816579
Hold,2019-02-10 19:00:00,46.21,1358.9233342314083,Hold,1358.923334231412,1492.5710594315285
Hold,2019-02-10 20:00:00,46.3,1361.570014605371,Hold,1361.5700146053746,1495.4780361757146
Hold,2019-02-10 21:00:00,46.48,1366.8633753532968,Hold,1366.8633753533004,1501.2919896640865
Hold,2019-02-10 22:00:00,46.43,1365.392997367762,Hold,1365.3929973677657,1499.6770025839833
Hold,2019-02-10 23:00:00,46.79,1375.9797188636137,Hold,1375.9797188636173,1511.3049095607273
Hold,2019-02-11 00:00:00,44.94,1321.5757333988201,Hold,1321.5757333988236,1451.550387596903
Hold,2019-02-11 01:00:00,44.38,1305.1074999608288,Hold,1305.107499960832,1433.4625322997454
Hold,2019-02-11 02:00:00,44.03,1294.8148540620841,Hold,1294.8148540620873,1422.1576227390217
Hold,2019-02-11 03:00:00,44.16,1298.6378368244748,Hold,1298.6378368244782,1426.3565891472902
Hold,2019-02-11 04:00:00,44.16,1298.6378368244748,Hold,1298.6378368244782,1426.3565891472902
Hold,2019-02-11 05:00:00,43.63,1283.0518301778043,Hold,1283.0518301778075,1409.2377260981948
Hold,2019-02-11 06:00:00,44.51,1308.9304827232197,Hold,1308.930482723223,1437.6614987080136
Hold,2019-02-11 07:00:00,44.47,1307.7541803347917,Hold,1307.7541803347947,1436.369509043931
Hold,2019-02-11 08:00:00,44.22,1300.4022904071169,Hold,1300.40229040712,1428.294573643414
Hold,2019-02-11 09:00:00,44.42,1306.2838023492568,Hold,1306.2838023492598,1434.7545219638275
Hold,2019-02-11 10:00:00,43.99,1293.6385516736564,Hold,1293.6385516736593,1420.8656330749388
Hold,2019-02-11 11:00:00,43.81,1288.34519092573,Hold,1288.345190925733,1415.0516795865667
Hold,2019-02-11 12:00:00,44.44,1306.8719535434707,Hold,1306.8719535434736,1435.4005167958687
Hold,2019-02-11 13:00:00,44.25,1301.284517198438,Hold,1301.2845171984409,1429.263565891476
Hold,2019-02-11 14:00:00,44.29,1302.460819586866,Hold,1302.4608195868689,1430.5555555555586
Hold,2019-02-11 15:00:00,42.96,1263.348765171636,Hold,1263.3487651716387,1387.5968992248092
Hold,2019-02-11 16:00:00,42.7,1255.7027996468541,Hold,1255.7027996468569,1379.1989664082719
Hold,2019-02-11 17:00:00,43.05,1265.9954455455988,Hold,1265.9954455456016,1390.503875968995
Hold,2019-02-11 18:00:00,42.75,1257.173177632389,Hold,1257.1731776323918,1380.813953488375
Hold,2019-02-11 19:00:00,43.07,1266.583596739813,Hold,1266.583596739816,1391.1498708010363
Hold,2019-02-11 20:00:00,43.04,1265.701369948492,Hold,1265.7013699484949,1390.1808785529743
Hold,2019-02-11 21:00:00,42.74,1256.8791020352824,Hold,1256.8791020352853,1380.4909560723543
Hold,2019-02-11 22:00:00,43.19,1270.1125039050967,Hold,1270.1125039050999,1395.0258397932844
Hold,2019-02-11 23:00:00,42.9,1261.584311588994,Hold,1261.5843115889973,1385.658914728685
Hold,2019-02-12 00:00:00,42.66,1254.5264972584262,Hold,1254.5264972584293,1377.906976744189
Hold,2019-02-12 01:00:00,42.99,1264.230991962957,Hold,1264.2309919629602,1388.5658914728713
Hold,2019-02-12 02:00:00,43.28,1272.7591842790598,Hold,1272.759184279063,1397.9328165374707
Hold,2019-02-12 03:00:00,43.89,1290.697795702586,Hold,1290.6977957025892,1417.6356589147317
Hold,2019-02-12 04:00:00,43.74,1286.2866617459813,Hold,1286.2866617459845,1412.7906976744216
Hold,2019-02-12 05:00:00,43.71,1285.4044349546602,Hold,1285.4044349546634,1411.8217054263596
Hold,2019-02-12 06:00:00,43.7,1285.1103593575535,Hold,1285.1103593575567,1411.498708010339
Hold,2019-02-12 07:00:00,43.63,1283.0518301778043,Hold,1283.0518301778075,1409.2377260981943
Hold,2019-02-12 08:00:00,43.3,1273.3473354732735,Hold,1273.3473354732766,1398.5788113695119
Hold,2019-02-12 09:00:00,43.12,1268.0539747253476,Hold,1268.053974725351,1392.7648578811397
Hold,2019-02-12 10:00:00,43.32,1273.9354866674876,Hold,1273.935486667491,1399.2248062015535
Hold,2019-02-12 11:00:00,43.17,1269.5243527108828,Hold,1269.5243527108862,1394.3798449612434
Hold,2019-02-12 12:00:00,43.58,1281.5814521922694,Hold,1281.5814521922728,1407.6227390180911
Hold,2019-02-12 13:00:00,43.44,1277.4643938327715,Hold,1277.464393832775,1403.1007751938016
Hold,2019-02-12 14:00:00,42.88,1260.99616039478,Hold,1260.9961603947834,1385.012919896644
Hold,2019-02-12 15:00:00,43.02,1265.113218754278,Hold,1265.1132187542814,1389.5348837209333
Hold,2019-02-12 16:00:00,42.94,1262.7606139774218,Hold,1262.7606139774252,1386.9509043927678
Hold,2019-02-12 17:00:00,43.06,1266.2895211427058,Hold,1266.289521142709,1390.8268733850161
Hold,2019-02-12 18:00:00,43.86,1289.8155689112652,Hold,1289.8155689112687,1416.6666666666702
Hold,2019-02-12 19:00:00,43.71,1285.4044349546602,Hold,1285.4044349546637,1411.82170542636
Hold,2019-02-12 20:00:00,43.96,1292.7563248823353,Hold,1292.7563248823385,1419.8966408268768
Hold,2019-02-12 21:00:00,43.4,1276.2880914443435,Hold,1276.288091444347,1401.808785529719
Hold,2019-02-12 22:00:00,43.31,1273.6414110703809,Hold,1273.6414110703843,1398.9018087855331
Hold,2019-02-12 23:00:00,43.89,1290.697795702586,Hold,1290.6977957025895,1417.6356589147324
Hold,2019-02-13 00:00:00,44.14,1298.0496856302611,Hold,1298.0496856302648,1425.7105943152492
Hold,2019-02-13 01:00:00,43.76,1286.8748129401952,Hold,1286.8748129401988,1413.4366925064637
Hold,2019-02-13 02:00:00,44.16,1298.6378368244748,Hold,1298.6378368244784,1426.3565891472904
Hold,2019-02-13 03:00:00,44.05,1295.403005256298,Hold,1295.4030052563016,1422.8036175710631
Hold,2019-02-13 04:00:00,43.97,1293.050400479442,Hold,1293.0504004794457,1420.2196382428979
Hold,2019-02-13 05:00:00,44.15,1298.3437612273678,Hold,1298.3437612273717,1426.03359173127
Hold,2019-02-13 06:00:00,44.06,1295.6970808534052,Hold,1295.697080853409,1423.126614987084
Hold,2019-02-13 07:00:00,43.73,1285.9925861488744,Hold,1285.9925861488782,1412.4677002584017
Hold,2019-02-13 08:00:00,42.78,1258.0554044237101,Hold,1258.0554044237138,1381.7829457364378
Hold,2019-02-13 09:00:00,42.81,1258.9376312150312,Hold,1258.9376312150348,1382.7519379845
Trailing-Stop,2019-02-13 10:00:00,42.4,1246.8805317336444,Trailing stop 10.0% hit,1246.880531733648,1369.5090439276526
Buy,2019-02-16 11:00:00,43.73,1246.8805317336444,Sinal: Compra,1246.880531733648,1412.467700258402
Hold,2019-02-16 12:00:00,43.58,1240.1195930679141,Hold,1240.1195930679175,1407.6227390180918
Hold,2019-02-16 13:00:00,43.76,1245.2417024472677,Hold,1245.241702447271,1413.436692506464
Hold,2019-02-16 14:00:00,44.12,1255.4859212059746,Hold,1255.485921205978,1425.0645994832078
Hold,2019-02-16 15:00:00,43.92,1249.7946885622487,Hold,1249.7946885622518,1418.6046511627947
Hold,2019-02-16 16:00:00,43.69,1243.2497710219634,Hold,1243.2497710219668,1411.175710594319
Hold,2019-02-16 17:00:00,43.69,1243.2497710219634,Hold,1243.2497710219668,1411.175710594319
Hold,2019-02-16 18:00:00,43.55,1239.2659081713552,Hold,1239.2659081713587,1406.6537467700296
Hold,2019-02-16 19:00:00,43.76,1245.2417024472677,Hold,1245.241702447271,1413.4366925064637
Hold,2019-02-16 20:00:00,44.03,1252.924866516298,Hold,1252.9248665163013,1422.1576227390217
Hold,2019-02-16 21:00:00,43.9,1249.2255652978758,Hold,1249.2255652978793,1417.958656330753
Hold,2019-02-16 22:00:00,43.85,1247.8027571369444,Hold,1247.8027571369475,1416.3436692506498
Hold,2019-02-16 23:00:00,43.34,1233.290113895443,Hold,1233.2901138954464,1399.8708010335954
Hold,2019-02-17 00:00:00,43.35,1233.5746755276293,Hold,1233.574675527633,1400.1937984496158
Hold,2019-02-17 01:00:00,43.5,1237.8431000104238,Hold,1237.8431000104274,1405.0387596899259
Hold,2019-02-17 02:00:00,43.59,1240.4041547001004,Hold,1240.4041547001038,1407.945736434112
Hold,2019-02-17 03:00:00,43.51,1238.12766164261,Hold,1238.1276616426135,1405.3617571059465
Hold,2019-02-17 04:00:00,43.75,1244.9571408150814,Hold,1244.957140815085,1413.113695090443
Hold,2019-02-17 05:00:00,43.88,1248.6564420335033,Hold,1248.6564420335067,1417.3126614987118
Hold,2019-02-17 06:00:00,43.78,1245.8108257116403,Hold,1245.8108257116437,1414.0826873385051
Hold,2019-02-17 07:00:00,43.93,1250.079250194435,Hold,1250.0792501944381,1418.927648578815
Hold,2019-02-17 08:00:00,43.78,1245.8108257116403,Hold,1245.8108257116437,1414.082687338505
Hold,2019-02-17 09:00:00,43.87,1248.371880401317,Hold,1248.3718804013204,1416.989664082691
Hold,2019-02-17 10:00:00,43.56,1239.5504698035415,Hold,1239.550469803545,1406.9767441860504
Hold,2019-02-17 11:00:00,43.42,1235.5666069529334,Hold,1235.5666069529368,1402.4547803617609
Hold,2019-02-17 12:00:00,42.75,1216.500977596451,Hold,1216.5009775964543,1380.8139534883758
Hold,2019-02-17 13:00:00,42.96,1222.4767718723633,Hold,1222.4767718723665,1387.59689922481
Hold,2019-02-17 14:00:00,43.04,1224.7532649298537,Hold,1224.7532649298569,1390.1808785529752
Hold,2019-02-17 15:00:00,42.93,1221.6230869758044,Hold,1221.6230869758076,1386.627906976748
Hold,2019-02-17 16:00:00,43.21,1229.590812677021,Hold,1229.5908126770241,1395.6718346253267
Hold,2019-02-17 17:00:00,43.31,1232.4364289988841,Hold,1232.4364289988873,1398.9018087855336
Hold,2019-02-17 18:00:00,43.15,1227.8834428839032,Hold,1227.8834428839066,1393.7338501292027
Hold,2019-02-17 19:00:00,43.33,1233.0055522632565,Hold,1233.00555226326,1399.5478036175748
Hold,2019-02-17 20:00:00,43.17,1228.4525661482758,Hold,1228.4525661482792,1394.379844961244
Hold,2019-02-17 21:00:00,43.42,1235.5666069529334,Hold,1235.566606952937,1402.4547803617609
Hold,2019-02-17 22:00:00,43.65,1242.1115244932182,Hold,1242.1115244932219,1409.8837209302362
Hold,2019-02-17 23:00:00,43.91,1249.5101269300621,Hold,1249.510126930066,1418.2816537467738
Hold,2019-02-18 00:00:00,44.48,1265.7301399646815,Hold,1265.7301399646851,1436.692506459952
Hold,2019-02-18 01:00:00,44.11,1255.2013595737883,Hold,1255.201359573792,1424.7416020671872
Hold,2019-02-18 02:00:00,44.49,1266.014701596868,Hold,1266.0147015968714,1437.0155038759729
Hold,2019-02-18 03:00:00,44.62,1269.7140028152899,Hold,1269.7140028152933,1441.2144702842415
Hold,2019-02-18 04:00:00,44.23,1258.6160991600239,Hold,1258.6160991600273,1428.6175710594352
Hold,2019-02-18 05:00:00,44.32,1261.1771538497007,Hold,1261.1771538497042,1431.5245478036213
Hold,2019-02-18 06:00:00,44.39,1263.1690852750048,Hold,1263.1690852750082,1433.785529715766
Hold,2019-02-18 07:00:00,44.22,1258.3315375278378,Hold,1258.3315375278412,1428.2945736434144
Hold,2019-02-18 08:00:00,44.14,1256.0550444703472,Hold,1256.0550444703506,1425.710594315249
Hold,2019-02-18 09:00:00,44.46,1265.161016700309,Hold,1265.1610167003125,1436.0465116279106
Hold,2019-02-18 10:00:00,44.32,1261.1771538497007,Hold,1261.1771538497044,1431.524547803621
Hold,2019-02-18 11:00:00,45.8,1303.2922754132735,Hold,1303.2922754132771,1479.3281653746808
Hold,2019-02-18 12:00:00,46.18,1314.1056174363532,Hold,1314.105617436357,1491.6020671834665
Hold,2019-02-18 13:00:00,46.67,1328.0491374134822,Hold,1328.049137413486,1507.4289405684792
Hold,2019-02-18 14:00:00,45.75,1301.8694672523422,Hold,1301.869467252346,1477.7131782945773
Hold,2019-02-18 15:00:00,46.17,1313.8210558041671,Hold,1313.821055804171,1491.2790697674457
Hold,2019-02-18 16:00:00,47.61,1354.797930838995,Hold,1354.797930838999,1537.7906976744225
Hold,2019-02-18 17:00:00,48.74,1386.9533952760473,Hold,1386.9533952760517,1574.2894056847585
Hold,2019-02-18 18:00:00,48.31,1374.7172450920361,Hold,1374.7172450920402,1560.4005167958696
Hold,2019-02-18 19:00:00,47.7,1357.3589855286718,Hold,1357.358985528676,1540.6976744186088
Hold,2019-02-18 20:00:00,47.91,1363.3347798045838,Hold,1363.334779804588,1547.4806201550425
Hold,2019-02-18 21:00:00,47.41,1349.1066981952688,Hold,1349.1066981952727,1531.330749354009
Hold,2019-02-18 22:00:00,47.33,1346.8302051377782,Hold,1346.830205137782,1528.7467700258437
Hold,2019-02-18 23:00:00,47.84,1361.34284837928,Hold,1361.342848379284,1545.2196382428979
Hold,2019-02-19 00:00:00,48.67,1384.961463850743,Hold,1384.9614638507474,1572.0284237726137
Hold,2019-02-19 01:00:00,46.96,1336.301424746885,Hold,1336.3014247468889,1516.7958656330786
Hold,2019-02-19 02:00:00,46.71,1329.1873839422274,Hold,1329.1873839422312,1508.7209302325616
Hold,2019-02-19 03:00:00,47.24,1344.2691504481018,Hold,1344.2691504481058,1525.8397932816574
Hold,2019-02-19 04:00:00,47.06,1339.1470410687482,Hold,1339.1470410687523,1520.0258397932853
Hold,2019-02-19 05:00:00,47.3,1345.9765202412193,Hold,1345.9765202412232,1527.7777777777812
Hold,2019-02-19 06:00:00,47.57,1353.6596843102498,Hold,1353.6596843102539,1536.4987080103394
Hold,2019-02-19 07:00:00,47.65,1355.93617736774,Hold,1355.9361773677438,1539.0826873385047
Hold,2019-02-19 08:00:00,47.65,1355.93617736774,Hold,1355.9361773677438,1539.0826873385047
Hold,2019-02-19 09:00:00,47.39,1348.5375749308962,Hold,1348.5375749309,1530.6847545219673
Hold,2019-02-19 10:00:00,47.58,1353.9442459424358,Hold,1353.9442459424397,1536.82170542636
Hold,2019-02-19 11:00:00,48.33,1375.2863683564087,Hold,1375.2863683564128,1561.0465116279106
Hold,2019-02-19 12:00:00,48.25,1373.0098752989184,Hold,1373.0098752989225,1558.4625322997454
Hold,2019-02-19 13:00:00,48.57,1382.11584752888,Hold,1382.115847528884,1568.7984496124068
Hold,2019-02-19 14:00:00,48.01,1366.1803961264468,Hold,1366.1803961264504,1550.710594315249
Hold,2019-02-19 15:00:00,48.44,1378.416546310458,Hold,1378.4165463104619,1564.5994832041379
Hold,2019-02-19 16:00:00,48.12,1369.3105740804963,Hold,1369.3105740805001,1554.2635658914764
Hold,2019-02-19 17:00:00,48.14,1369.8796973448689,Hold,1369.8796973448727,1554.9095607235179
Hold,2019-02-19 18:00:00,47.59,1354.2288075746224,Hold,1354.2288075746262,1537.144702842381
Hold,2019-02-19 19:00:00,48.05,1367.318642655192,Hold,1367.318642655196,1552.0025839793316
Hold,2019-02-19 20:00:00,47.93,1363.9039030689567,Hold,1363.9039030689605,1548.1266149870837
Hold,2019-02-19 21:00:00,47.53,1352.5214377815043,Hold,1352.5214377815082,1535.206718346257
Hold,2019-02-19 22:00:00,48.04,1367.034081023006,Hold,1367.0340810230098,1551.6795865633112
Hold,2019-02-19 23:00:00,47.14,1341.4235341262383,Hold,1341.423534126242,1522.6098191214508
Hold,2019-02-20 00:00:00,46.93,1335.4477398503261,Hold,1335.4477398503298,1515.8268733850166
Hold,2019-02-20 01:00:00,47.51,1351.9523145171318,Hold,1351.9523145171354,1534.5607235142159
Hold,2019-02-20 02:00:00,47.65,1355.93617736774,Hold,1355.9361773677435,1539.0826873385051
Hold,2019-02-20 03:00:00,47.27,1345.1228353446604,Hold,1345.1228353446643,1526.8087855297197
Hold,2019-02-20 04:00:00,47.14,1341.4235341262383,Hold,1341.4235341262422,1522.6098191214508
Hold,2019-02-20 05:00:00,47.45,1350.244944724014,Hold,1350.2449447240178,1532.6227390180916
Hold,2019-02-20 06:00:00,47.45,1350.244944724014,Hold,1350.2449447240178,1532.6227390180916
Hold,2019-02-20 07:00:00,47.79,1359.9200402183483,Hold,1359.920040218352,1543.6046511627942
Hold,2019-02-20 08:00:00,48.34,1375.570929988595,Hold,1375.5709299885987,1561.3695090439314
Hold,2019-02-20 09:00:00,48.6,1382.969532425439,Hold,1382.9695324254428,1569.767441860469
Hold,2019-02-20 10:00:00,50.77,1444.719406609867,Hold,1444.719406609871,1639.857881136955
Hold,2019-02-20 11:00:00,50.75,1444.1502833454942,Hold,1444.150283345498,1639.2118863049136
Hold,2019-02-20 12:00:00,52.0,1479.7204873687824,Hold,1479.7204873687863,1679.5865633074977
Hold,2019-02-20 13:00:00,50.75,1444.1502833454942,Hold,1444.150283345498,1639.2118863049136
Hold,2019-02-20 14:00:00,51.07,1453.2562555754562,Hold,1453.25625557546,1649.547803617575
Hold,2019-02-20 15:00:00,50.65,1441.3046670236313,Hold,1441.3046670236351,1635.9819121447067
Hold,2019-02-20 16:00:00,51.39,1462.362227805418,Hold,1462.3622278054215,1659.8837209302367
Hold,2019-02-20 17:00:00,50.66,1441.5892286558176,Hold,1441.5892286558212,1636.3049095607273
Hold,2019-02-20 18:00:00,50.73,1443.5811600811217,Hold,1443.5811600811253,1638.565891472872
Hold,2019-02-20 19:00:00,50.62,1440.4509821270722,Hold,1440.4509821270758,1635.0129198966447
Hold,2019-02-20 20:00:00,51.21,1457.2401184260646,Hold,1457.2401184260684,1654.0697674418648
Hold,2019-02-20 21:00:00,50.68,1442.1583519201902,Hold,1442.158351920194,1636.950904392769
Hold,2019-02-20 22:00:00,51.0,1451.2643241501519,Hold,1451.2643241501557,1647.2868217054306
Hold,2019-02-20 23:00:00,51.5,1465.4924057594671,Hold,1465.492405759471,1663.4366925064642
Hold,2019-02-21 00:00:00,50.93,1449.2723927248478,Hold,1449.2723927248517,1645.0258397932857
Hold,2019-02-21 01:00:00,50.76,1444.4348449776808,Hold,1444.4348449776846,1639.5348837209342
Hold,2019-02-21 02:00:00,50.75,1444.1502833454942,Hold,1444.150283345498,1639.2118863049136
Hold,2019-02-21 03:00:00,50.94,1449.556954357034,Hold,1449.5569543570384,1645.3488372093063
Hold,2019-02-21 04:00:00,50.71,1443.012036816749,Hold,1443.0120368167532,1637.919896640831
Hold,2019-02-21 05:00:00,51.21,1457.2401184260646,Hold,1457.2401184260686,1654.0697674418645
Hold,2019-02-21 06:00:00,50.35,1432.7678180580422,Hold,1432.767818058046,1626.291989664087
Hold,2019-02-21 07:00:00,50.4,1434.1906262189739,Hold,1434.190626218978,1627.9069767441902
Hold,2019-02-21 08:00:00,48.76,1387.5225185404197,Hold,1387.5225185404233,1574.9354005168
Hold,2019-02-21 09:00:00,48.67,1384.961463850743,Hold,1384.961463850747,1572.028423772614
Hold,2019-02-21 10:00:00,48.46,1378.9856695748308,Hold,1378.9856695748347,1565.2454780361797
Hold,2019-02-21 11:00:00,48.83,1389.5144499657238,Hold,1389.5144499657274,1577.1963824289446
Hold,2019-02-21 12:00:00,48.51,1380.4084777357623,Hold,1380.4084777357662,1566.860465116283
Hold,2019-02-21 13:00:00,48.9,1391.506381391028,Hold,1391.506381391032,1579.4573643410893
Hold,2019-02-21 14:00:00,48.75,1387.2379569082336,Hold,1387.2379569082375,1574.6124031007791
Hold,2019-02-21 15:00:00,48.87,1390.6526964944692,Hold,1390.652696494473,1578.4883720930272
Hold,2019-02-21 16:00:00,48.47,1379.2702312070169,Hold,1379.2702312070207,1565.5684754522003
Hold,2019-02-21 17:00:00,48.5,1380.1239161035758,Hold,1380.1239161035794,1566.5374677002621
Hold,2019-02-21 18:00:00,48.29,1374.1481218276635,Hold,1374.1481218276672,1559.754521963828
Hold,2019-02-21 19:00:00,48.42,1377.8474230460856,Hold,1377.8474230460893,1563.953488372097
Hold,2019-02-21 20:00:00,48.47,1379.2702312070169,Hold,1379.2702312070207,1565.5684754522003
Hold,2019-02-21 21:00:00,48.76,1387.5225185404197,Hold,1387.5225185404233,1574.9354005168
Hold,2019-02-21 22:00:00,48.37,1376.424614885154,Hold,1376.4246148851576,1562.3385012919937
Hold,2019-02-21 23:00:00,48.94,1392.6446279197733,Hold,1392.644627919777,1580.7493540051719
Hold,2019-02-22 00:00:00,48.92,1392.0755046554007,Hold,1392.0755046554043,1580.1033591731307
Hold,2019-02-22 01:00:00,49.49,1408.2955176900202,Hold,1408.2955176900239,1598.514211886309
Hold,2019-02-22 02:00:00,49.48,1408.0109560578335,Hold,1408.010956057837,1598.1912144702883
Hold,2019-02-22 03:00:00,49.36,1404.5962164715982,Hold,1404.5962164716016,1594.3152454780402
Hold,2019-02-22 04:00:00,49.54,1409.7183258509515,Hold,1409.718325850955,1600.1291989664126
Hold,2019-02-22 05:00:00,49.3,1402.8888466784801,Hold,1402.8888466784836,1592.3772609819162
Hold,2019-02-22 06:00:00,49.09,1396.913052402568,Hold,1396.9130524025713,1585.5943152454822
Hold,2019-02-22 07:00:00,48.52,1380.6930393679486,Hold,1380.693039367952,1567.183462532304
Hold,2019-02-22 08:00:00,49.5,1408.5800793222063,Hold,1408.5800793222097,1598.8372093023297
Hold,2019-02-22 09:00:00,49.52,1409.1492025865791,Hold,1409.1492025865825,1599.4832041343711
Hold,2019-02-22 10:00:00,49.12,1397.7667372991266,Hold,1397.76673729913,1586.563307493544
Hold,2019-02-22 11:00:00,49.25,1401.4660385175487,Hold,1401.466038517552,1590.762273901813
Hold,2019-02-22 12:00:00,49.37,1404.8807781037842,Hold,1404.8807781037879,1594.6382428940608
Hold,2019-02-22 13:00:00,49.56,1410.2874491153243,Hold,1410.2874491153277,1600.7751937984538
Hold,2019-02-22 14:00:00,49.28,1402.3197234141076,Hold,1402.319723414111,1591.7312661498747
Hold,2019-02-22 15:00:00,49.0,1394.3519977128913,Hold,1394.3519977128947,1582.687338501296
Hold,2019-02-22 16:00:00,49.02,1394.9211209772639,Hold,1394.9211209772673,1583.3333333333374
Hold,2019-02-22 17:00:00,49.15,1398.6204221956857,Hold,1398.6204221956891,1587.5322997416058
Hold,2019-02-22 18:00:00,49.14,1398.3358605634994,Hold,1398.3358605635028,1587.2093023255852
Hold,2019-02-22 19:00:00,49.17,1399.1895454600583,Hold,1399.1895454600617,1588.1782945736472
Hold,2019-02-22 20:00:00,49.02,1394.9211209772639,Hold,1394.9211209772675,1583.3333333333374
Hold,2019-02-22 21:00:00,49.17,1399.1895454600583,Hold,1399.1895454600617,1588.1782945736472
Hold,2019-02-22 22:00:00,49.49,1408.2955176900202,Hold,1408.2955176900239,1598.5142118863087
Hold,2019-02-22 23:00:00,49.19,1399.7586687244307,Hold,1399.7586687244343,1588.8242894056884
Hold,2019-02-23 00:00:00,49.2,1400.0432303566174,Hold,1400.043230356621,1589.1472868217093
Hold,2019-02-23 01:00:00,49.24,1401.1814768853626,Hold,1401.181476885366,1590.4392764857919
Hold,2019-02-23 02:00:00,48.95,1392.9291895519598,Hold,1392.9291895519634,1581.0723514211927
Hold,2019-02-23 03:00:00,48.99,1394.0674360807047,Hold,1394.0674360807084,1582.3643410852753
Hold,2019-02-23 04:00:00,48.42,1377.8474230460856,Hold,1377.8474230460893,1563.953488372097
Hold,2019-02-23 05:00:00,48.54,1381.262162632321,Hold,1381.2621626323248,1567.8294573643448
Hold,2019-02-23 06:00:00,48.69,1385.5305871151156,Hold,1385.5305871151193,1572.6744186046549
Hold,2019-02-23 07:00:00,48.71,1386.0997103794884,Hold,1386.099710379492,1573.320413436696
Hold,2019-02-23 08:00:00,48.66,1384.6769022185567,Hold,1384.6769022185604,1571.7054263565926
Hold,2019-02-23 09:00:00,48.78,1388.0916418047925,Hold,1388.0916418047962,1575.581395348841
Hold,2019-02-23 10:00:00,48.96,1393.2137511841458,Hold,1393.2137511841495,1581.395348837213
Hold,2019-02-23 11:00:00,48.89,1391.2218197588418,Hold,1391.2218197588454,1579.1343669250684
Hold,2019-02-23 12:00:00,48.76,1387.5225185404197,Hold,1387.5225185404233,1574.9354005167995
Hold,2019-02-23 13:00:00,48.55,1381.5467242645075,Hold,1381.546724264511,1568.1524547803654
Hold,2019-02-23 14:00:00,48.61,1383.2540940576253,Hold,1383.254094057629,1570.0904392764896
Hold,2019-02-23 15:00:00,48.43,1378.1319846782717,Hold,1378.131984678275,1564.2764857881175
Hold,2019-02-23 16:00:00,49.07,1396.3439291381953,Hold,1396.3439291381987,1584.9483204134408
Hold,2019-02-23 17:00:00,51.24,1458.0938033226232,Hold,1458.0938033226266,1655.0387596899268
Hold,2019-02-23 18:00:00,51.02,1451.8334474145247,Hold,1451.8334474145283,1647.932816537472
Hold,2019-02-23 19:00:00,51.2,1456.955556793878,Hold,1456.9555567938814,1653.7467700258442
Hold,2019-02-23 20:00:00,51.77,1473.1755698284976,Hold,1473.175569828501,1672.1576227390226
Hold,2019-02-23 21:00:00,51.25,1458.3783649548097,Hold,1458.378364954813,1655.3617571059476
Hold,2019-02-23 22:00:00,51.4,1462.646789437604,Hold,1462.6467894376071,1660.2067183462577
Hold,2019-02-23 23:00:00,51.4,1462.646789437604,Hold,1462.6467894376071,1660.2067183462577
Hold,2019-02-24 00:00:00,51.74,1472.3218849319387,Hold,1472.321884931942,1671.1886304909603
Hold,2019-02-24 01:00:00,51.94,1478.0131175756646,Hold,1478.013117575668,1677.648578811374
Hold,2019-02-24 02:00:00,52.44,1492.2411991849797,Hold,1492.241199184983,1693.7984496124077
Take-Profit,2019-02-24 03:00:00,52.48,1493.379445713725,TP 20.0% hit,1493.3794457137283,1695.09043927649
Buy,2019-02-24 05:00:00,52.1,1493.379445713725,Sinal: Compra,1493.3794457137283,1682.8165374677046
Hold,2019-02-24 06:00:00,52.25,1494.6851423328424,Hold,1494.6851423328458,1687.6614987080147
Hold,2019-02-24 07:00:00,52.23,1494.1130140486957,Hold,1494.1130140486991,1687.0155038759733
Hold,2019-02-24 08:00:00,51.82,1482.3843842236915,Hold,1482.3843842236947,1673.7726098191258
Hold,2019-02-24 09:00:00,52.0,1487.5335387810105,Hold,1487.5335387810137,1679.5865633074982
Hold,2019-02-24 10:00:00,52.42,1499.548232748088,Hold,1499.5482327480913,1693.1524547803665
Hold,2019-02-24 11:00:00,52.25,1494.6851423328424,Hold,1494.6851423328458,1687.661498708015
Hold,2019-02-24 12:00:00,51.99,1487.2474746389373,Hold,1487.2474746389405,1679.2635658914776
Hold,2019-02-24 13:00:00,51.8,1481.8122559395451,Hold,1481.8122559395483,1673.1266149870846
Stop-Loss,2019-02-24 14:00:00,44.36,1268.9805342370314,SL 10.0% hit,1268.9805342370341,1432.8165374677044
Buy,2019-03-02 00:00:00,47.37,1268.9805342370314,Sinal: Compra,1268.9805342370341,1530.0387596899268
Hold,2019-03-02 01:00:00,47.73,1276.0684945276787,Hold,1276.0684945276817,1541.666666666671
Hold,2019-03-02 02:00:00,47.86,1279.5440634421686,Hold,1279.5440634421718,1545.8656330749395
Hold,2019-03-02 03:00:00,47.63,1273.3949799780714,Hold,1273.3949799780744,1538.4366925064644
Hold,2019-03-02 04:00:00,47.41,1267.5132479689348,Hold,1267.5132479689378,1531.3307493540094
Hold,2019-03-02 05:00:00,47.37,1266.4438421490916,Hold,1266.4438421490945,1530.0387596899268
Hold,2019-03-02 06:00:00,47.28,1264.0376790544449,Hold,1264.0376790544476,1527.1317829457407
Hold,2019-03-02 07:00:00,46.97,1255.7497839506616,Hold,1255.7497839506643,1517.1188630491
Hold,2019-03-02 08:00:00,47.39,1266.9785450590132,Hold,1266.978545059016,1530.6847545219682
Hold,2019-03-02 09:00:00,47.38,1266.7111936040524,Hold,1266.711193604055,1530.3617571059476
Hold,2019-03-02 10:00:00,47.51,1270.1867625185423,Hold,1270.186762518545,1534.5607235142163
Hold,2019-03-02 11:00:00,48.45,1295.3177992848532,Hold,1295.3177992848562,1564.9224806201596
Hold,2019-03-02 12:00:00,48.57,1298.5260167443823,Hold,1298.5260167443853,1568.7984496124075
Hold,2019-03-02 13:00:00,48.99,1309.754777852734,Hold,1309.7547778527367,1582.364341085276
Hold,2019-03-02 14:00:00,48.49,1296.387205104696,Hold,1296.3872051046988,1566.2144702842422
Hold,2019-03-02 15:00:00,48.32,1291.8422303703633,Hold,1291.8422303703658,1560.7235142118907
Hold,2019-03-02 16:00:00,48.25,1289.970770185638,Hold,1289.9707701856407,1558.462532299746
Hold,2019-03-02 17:00:00,47.96,1282.2175779917761,Hold,1282.2175779917789,1549.0956072351464
Hold,2019-03-02 18:00:00,48.17,1287.8319585459521,Hold,1287.8319585459549,1555.8785529715808
Hold,2019-03-02 19:00:00,48.15,1287.2972556360305,Hold,1287.2972556360332,1555.2325581395394
Hold,2019-03-02 20:00:00,47.63,1273.3949799780714,Hold,1273.3949799780742,1538.4366925064646
Hold,2019-03-02 21:00:00,48.26,1290.2381216405988,Hold,1290.2381216406015,1558.7855297157666
Hold,2019-03-02 22:00:00,48.34,1292.376933280285,Hold,1292.3769332802876,1561.3695090439323
Hold,2019-03-02 23:00:00,48.49,1296.387205104696,Hold,1296.3872051046988,1566.2144702842425
Hold,2019-03-03 00:00:00,48.87,1306.5465603932048,Hold,1306.5465603932075,1578.488372093028
Hold,2019-03-03 01:00:00,48.5,1296.654556559657,Hold,1296.6545565596598,1566.537467700263
Hold,2019-03-03 02:00:00,48.33,1292.109581825324,Hold,1292.109581825327,1561.0465116279115
Hold,2019-03-03 03:00:00,48.49,1296.387205104696,Hold,1296.387205104699,1566.2144702842425
Hold,2019-03-03 04:00:00,48.56,1298.2586652894215,Hold,1298.2586652894242,1568.4754521963873
Hold,2019-03-03 05:00:00,48.69,1301.7342342039112,Hold,1301.734234203914,1572.674418604656
Hold,2019-03-03 06:00:00,48.37,1293.1789876451671,Hold,1293.1789876451699,1562.3385012919946
Hold,2019-03-03 07:00:00,48.48,1296.1198536497352,Hold,1296.1198536497377,1565.891472868222
Hold,2019-03-03 08:00:00,48.38,1293.446339100128,Hold,1293.4463391001304,1562.6614987080154
Hold,2019-03-03 09:00:00,48.42,1294.515744919971,Hold,1294.5157449199735,1563.953488372098
Hold,2019-03-03 10:00:00,48.64,1300.3974769291076,Hold,1300.3974769291103,1571.059431524553
Hold,2019-03-03 11:00:00,48.38,1293.446339100128,Hold,1293.4463391001304,1562.6614987080156
Hold,2019-03-03 12:00:00,48.53,1297.4566109245393,Hold,1297.4566109245418,1567.5064599483258
Hold,2019-03-03 13:00:00,48.02,1283.8216867215408,Hold,1283.8216867215433,1551.0335917312714
Hold,2019-03-03 14:00:00,47.79,1277.6726032574434,Hold,1277.6726032574459,1543.6046511627958
Hold,2019-03-03 15:00:00,47.68,1274.731737252875,Hold,1274.7317372528776,1540.0516795865685
Hold,2019-03-03 16:00:00,48.07,1285.1584439963447,Hold,1285.158443996347,1552.6485788113748
Hold,2019-03-03 17:00:00,47.93,1281.415523626894,Hold,1281.4155236268962,1548.1266149870853
Hold,2019-03-03 18:00:00,47.9,1280.6134692620114,Hold,1280.613469262014,1547.1576227390233
Hold,2019-03-03 19:00:00,47.79,1277.6726032574434,Hold,1277.6726032574456,1543.6046511627958
Hold,2019-03-03 20:00:00,47.87,1279.8114148971295,Hold,1279.8114148971315,1546.188630490961
Hold,2019-03-03 21:00:00,47.73,1276.0684945276787,Hold,1276.0684945276807,1541.6666666666717
Hold,2019-03-03 22:00:00,47.7,1275.2664401627967,Hold,1275.2664401627987,1540.69767441861
Hold,2019-03-03 23:00:00,47.86,1279.5440634421686,Hold,1279.5440634421707,1545.8656330749407
Hold,2019-03-04 00:00:00,48.11,1286.2278498161875,Hold,1286.2278498161895,1553.9405684754577
Hold,2019-03-04 01:00:00,48.05,1284.6237410864228,Hold,1284.6237410864248,1552.0025839793334
Hold,2019-03-04 02:00:00,47.53,1270.7214654284637,Hold,1270.7214654284655,1535.2067183462586
Hold,2019-03-04 03:00:00,47.46,1268.8500052437385,Hold,1268.8500052437403,1532.945736434114
Hold,2019-03-04 04:00:00,46.31,1238.104587923252,Hold,1238.1045879232538,1495.8010335917368
Hold,2019-03-04 05:00:00,46.39,1240.2433995629378,Hold,1240.2433995629397,1498.3850129199018
Hold,2019-03-04 06:00:00,46.32,1238.3719393782126,Hold,1238.3719393782144,1496.1240310077571
Hold,2019-03-04 07:00:00,46.14,1233.559613188919,Hold,1233.5596131889208,1490.310077519385
Hold,2019-03-04 08:00:00,45.79,1224.2023122652927,Hold,1224.2023122652945,1479.0051679586613
Hold,2019-03-04 09:00:00,45.43,1214.5776598867055,Hold,1214.5776598867074,1467.377260981917
Hold,2019-03-04 10:00:00,45.35,1212.4388482470195,Hold,1212.4388482470213,1464.7932816537516
Hold,2019-03-04 11:00:00,45.34,1212.1714967920586,Hold,1212.1714967920605,1464.470284237731
Hold,2019-03-04 12:00:00,45.32,1211.6367938821372,Hold,1211.636793882139,1463.8242894056896
Hold,2019-03-04 13:00:00,45.56,1218.0532288011952,Hold,1218.053228801197,1471.5762273901857
Hold,2019-03-04 14:00:00,45.96,1228.7472869996254,Hold,1228.7472869996275,1484.4961240310129
Hold,2019-03-04 15:00:00,45.83,1225.2717180851355,Hold,1225.2717180851375,1480.297157622744
Hold,2019-03-04 16:00:00,45.76,1223.4002579004102,Hold,1223.4002579004125,1478.0361757105993
Hold,2019-03-04 17:00:00,45.84,1225.5390695400963,Hold,1225.5390695400986,1480.620155038765
Hold,2019-03-04 18:00:00,45.85,1225.8064209950571,Hold,1225.8064209950592,1480.9431524547856
Hold,2019-03-04 19:00:00,45.77,1223.667609355371,Hold,1223.667609355373,1478.3591731266201
Hold,2019-03-04 20:00:00,45.81,1224.737015175214,Hold,1224.7370151752161,1479.6511627907028
Hold,2019-03-04 21:00:00,45.64,1220.1920404408813,Hold,1220.1920404408834,1474.1602067183512
Hold,2019-03-04 22:00:00,45.48,1215.914417161509,Hold,1215.914417161511,1468.9922480620203
Hold,2019-03-04 23:00:00,45.78,1223.9349608103319,Hold,1223.9349608103341,1478.6821705426405
Hold,2019-03-05 00:00:00,45.72,1222.3308520805674,Hold,1222.3308520805697,1476.7441860465165
Hold,2019-03-05 01:00:00,45.51,1216.7164715263914,Hold,1216.7164715263937,1469.9612403100823
Hold,2019-03-05 02:00:00,45.59,1218.8552831660777,Hold,1218.85528316608,1472.545219638248
Hold,2019-03-05 03:00:00,45.8,1224.4696637202533,Hold,1224.4696637202555,1479.3281653746822
Hold,2019-03-05 04:00:00,46.26,1236.767830648448,Hold,1236.76783064845,1494.1860465116333
Hold,2019-03-05 05:00:00,46.13,1233.2922617339582,Hold,1233.2922617339602,1489.9870801033646
Hold,2019-03-05 06:00:00,46.04,1230.8860986393115,Hold,1230.8860986393138,1487.0801033591783
Hold,2019-03-05 07:00:00,46.04,1230.8860986393115,Hold,1230.8860986393138,1487.0801033591783
Hold,2019-03-05 08:00:00,46.78,1250.6701063064072,Hold,1250.6701063064095,1510.981912144708
Hold,2019-03-05 09:00:00,46.61,1246.1251315720745,Hold,1246.1251315720765,1505.4909560723565
Hold,2019-03-05 10:00:00,46.61,1246.1251315720745,Hold,1246.1251315720765,1505.4909560723565
Hold,2019-03-05 11:00:00,47.06,1258.1559470453085,Hold,1258.1559470453108,1520.0258397932869
Hold,2019-03-05 12:00:00,49.13,1313.4976982221845,Hold,1313.497698222187,1586.886304909566
Hold,2019-03-05 13:00:00,51.42,1374.721181408197,Hold,1374.7211814081995,1660.8527131783
Hold,2019-03-05 14:00:00,51.5,1376.8599930478833,Hold,1376.8599930478858,1663.4366925064655
Hold,2019-03-05 15:00:00,52.14,1393.9704861653713,Hold,1393.9704861653738,1684.1085271317886
Hold,2019-03-05 16:00:00,52.56,1405.1992472737231,Hold,1405.1992472737256,1697.6744186046571
Hold,2019-03-05 17:00:00,52.75,1410.2789249179775,Hold,1410.2789249179798,1703.8113695090499
Hold,2019-03-05 18:00:00,52.24,1396.644000714979,Hold,1396.6440007149813,1687.3385012919957
Hold,2019-03-05 19:00:00,52.32,1398.782812354665,Hold,1398.7828123546676,1689.922480620161
Hold,2019-03-05 20:00:00,52.4,1400.921623994351,Hold,1400.9216239943535,1692.5064599483262
Hold,2019-03-05 21:00:00,51.94,1388.6234570661563,Hold,1388.6234570661586,1677.648578811375
Hold,2019-03-05 22:00:00,52.52,1404.12984145388,Hold,1404.1298414538826,1696.3824289405743
Hold,2019-03-05 23:00:00,52.52,1404.12984145388,Hold,1404.1298414538826,1696.3824289405743
Hold,2019-03-06 00:00:00,51.92,1388.0887541562347,Hold,1388.0887541562372,1677.0025839793336
Hold,2019-03-06 01:00:00,52.04,1391.2969716157638,Hold,1391.2969716157663,1680.8785529715817
Hold,2019-03-06 02:00:00,52.38,1400.3869210844296,Hold,1400.386921084432,1691.8604651162848
Hold,2019-03-06 03:00:00,51.74,1383.2764279669414,Hold,1383.2764279669436,1671.1886304909617
Hold,2019-03-06 04:00:00,51.96,1389.158159976078,Hold,1389.1581599760802,1678.2945736434167
Hold,2019-03-06 05:00:00,52.12,1393.43578325545,Hold,1393.435783255452,1683.4625322997476
Hold,2019-03-06 06:00:00,52.66,1407.8727618233304,Hold,1407.8727618233327,1700.9043927648638
Hold,2019-03-06 07:00:00,53.87,1440.2222878735818,Hold,1440.222287873584,1739.9870801033653
Hold,2019-03-06 08:00:00,52.76,1410.546276372938,Hold,1410.5462763729402,1704.1343669250705
Hold,2019-03-06 09:00:00,53.85,1439.6875849636604,Hold,1439.6875849636624,1739.3410852713241
Hold,2019-03-06 10:00:00,54.87,1466.957433369657,Hold,1466.957433369659,1772.2868217054327
Hold,2019-03-06 11:00:00,55.8,1491.8211186810072,Hold,1491.821118681009,1802.3255813953551
Hold,2019-03-06 12:00:00,55.14,1474.1759226535976,Hold,1474.1759226535996,1781.007751937991
Hold,2019-03-06 13:00:00,54.79,1464.818621729971,Hold,1464.818621729973,1769.7028423772674
Hold,2019-03-06 14:00:00,54.73,1463.2145130002066,Hold,1463.2145130002086,1767.7648578811434
Hold,2019-03-06 15:00:00,55.23,1476.5820857482443,Hold,1476.5820857482463,1783.9147286821772
Hold,2019-03-06 16:00:00,55.57,1485.67203521691,Hold,1485.6720352169123,1794.8966408268802
Hold,2019-03-06 17:00:00,54.81,1465.353324639893,Hold,1465.3533246398952,1770.348837209309
Hold,2019-03-06 18:00:00,55.02,1470.9677051940687,Hold,1470.967705194071,1777.1317829457432
Hold,2019-03-06 19:00:00,54.96,1469.363596464304,Hold,1469.3635964643063,1775.1937984496192
Hold,2019-03-06 20:00:00,54.46,1455.9960237162663,Hold,1455.9960237162686,1759.0439276485854
Hold,2019-03-06 21:00:00,55.22,1476.3147342932834,Hold,1476.314734293286,1783.5917312661563
Hold,2019-03-06 22:00:00,55.73,1489.949658496282,Hold,1489.9496584962844,1800.0645994832107
Hold,2019-03-06 23:00:00,55.37,1480.3250061176948,Hold,1480.325006117697,1788.4366925064664
Hold,2019-03-07 00:00:00,55.57,1485.67203521691,Hold,1485.6720352169125,1794.8966408268802
Hold,2019-03-07 01:00:00,55.97,1496.3660934153402,Hold,1496.3660934153424,1807.8165374677071
Hold,2019-03-07 02:00:00,56.0,1497.1681477802224,Hold,1497.1681477802247,1808.7855297157691
Hold,2019-03-07 03:00:00,56.74,1516.9521554473183,Hold,1516.9521554473208,1832.687338501299
Take-Profit,2019-03-07 04:00:00,57.43,1535.3994058396102,TP 20.0% hit,1535.3994058396127,1854.9741602067256
Buy,2019-03-07 07:00:00,56.07,1535.3994058396102,Sinal: Compra,1535.3994058396127,1811.0465116279142
Hold,2019-03-07 08:00:00,54.84,1498.7156235190862,Hold,1498.715623519089,1771.3178294573715
Hold,2019-03-07 09:00:00,55.07,1505.0012652661574,Hold,1505.0012652661599,1778.746770025847
Hold,2019-03-07 10:00:00,55.75,1523.5849017357593,Hold,1523.584901735762,1800.7105943152526
Hold,2019-03-07 11:00:00,55.87,1526.864366995101,Hold,1526.8643669951036,1804.5865633075007
Hold,2019-03-07 12:00:00,56.37,1540.5288055756907,Hold,1540.5288055756935,1820.7364341085345
Hold,2019-03-07 13:00:00,56.02,1530.963698569278,Hold,1530.9636985692807,1809.431524547811
Hold,2019-03-07 14:00:00,57.45,1570.0439929097647,Hold,1570.0439929097677,1855.6201550387673
Hold,2019-03-07 15:00:00,57.15,1561.8453297614108,Hold,1561.8453297614137,1845.930232558147
Hold,2019-03-07 16:00:00,57.52,1571.9570143110473,Hold,1571.95701431105,1857.8811369509124
Hold,2019-03-07 17:00:00,56.57,1545.9945810079266,Hold,1545.9945810079291,1827.1963824289483
Hold,2019-03-07 18:00:00,57.33,1566.764527650423,Hold,1566.7645276504254,1851.7441860465196
Hold,2019-03-07 19:00:00,56.84,1553.3733778414453,Hold,1553.3733778414478,1835.917312661507
Hold,2019-03-07 20:00:00,56.99,1557.4727094156221,Hold,1557.4727094156246,1840.7622739018168
Hold,2019-03-07 21:00:00,57.0,1557.745998187234,Hold,1557.7459981872364,1841.0852713178374
Hold,2019-03-07 22:00:00,56.83,1553.1000890698333,Hold,1553.1000890698356,1835.5943152454859
Hold,2019-03-07 23:00:00,56.73,1550.3672013537152,Hold,1550.3672013537175,1832.364341085279
Hold,2019-03-08 00:00:00,56.56,1545.7212922363149,Hold,1545.7212922363171,1826.8733850129277
Hold,2019-03-08 01:00:00,55.99,1530.1438322544425,Hold,1530.1438322544445,1808.4625322997492
Hold,2019-03-08 02:00:00,56.11,1533.4232975137838,Hold,1533.4232975137859,1812.338501291997
Hold,2019-03-08 03:00:00,55.74,1523.3116129641476,Hold,1523.3116129641496,1800.3875968992322
Hold,2019-03-08 04:00:00,56.38,1540.8020943473025,Hold,1540.8020943473043,1821.0594315245553
Hold,2019-03-08 05:00:00,56.76,1551.1870676685508,Hold,1551.1870676685526,1833.3333333333405
Hold,2019-03-08 06:00:00,56.68,1549.0007574956564,Hold,1549.0007574956583,1830.7493540051753
Hold,2019-03-08 07:00:00,56.22,1536.4294740015137,Hold,1536.4294740015157,1815.8914728682244
Hold,2019-03-08 08:00:00,56.08,1532.6034311989488,Hold,1532.6034311989506,1811.3695090439348
Hold,2019-03-08 09:00:00,55.96,1529.3239659396072,Hold,1529.3239659396093,1807.4935400516868
Hold,2019-03-08 10:00:00,56.83,1553.1000890698333,Hold,1553.1000890698351,1835.5943152454854
Hold,2019-03-08 11:00:00,56.21,1536.1561852299021,Hold,1536.156185229904,1815.5684754522038
Hold,2019-03-08 12:00:00,56.07,1532.3301424273368,Hold,1532.3301424273386,1811.0465116279142
Hold,2019-03-08 13:00:00,56.64,1547.9076024092092,Hold,1547.907602409211,1829.4573643410924
Hold,2019-03-08 14:00:00,56.66,1548.4541799524327,Hold,1548.4541799524345,1830.1033591731339
Hold,2019-03-08 15:00:00,56.33,1539.4356504892435,Hold,1539.4356504892453,1819.4444444444518
Hold,2019-03-08 16:00:00,56.45,1542.7151157485853,Hold,1542.7151157485873,1823.3204134366997
Hold,2019-03-08 17:00:00,56.57,1545.9945810079266,Hold,1545.9945810079284,1827.1963824289478
Hold,2019-03-08 18:00:00,56.47,1543.2616932918088,Hold,1543.2616932918108,1823.9664082687411
Hold,2019-03-08 19:00:00,56.82,1552.8268002982213,Hold,1552.8268002982236,1835.2713178294648
Hold,2019-03-08 20:00:00,56.84,1553.3733778414453,Hold,1553.3733778414476,1835.9173126615065
Hold,2019-03-08 21:00:00,56.21,1536.1561852299021,Hold,1536.1561852299044,1815.5684754522042
Hold,2019-03-08 22:00:00,55.48,1516.2061049022407,Hold,1516.206104902243,1791.9896640826946
Hold,2019-03-08 23:00:00,55.61,1519.7588589331942,Hold,1519.7588589331963,1796.1886304909635
Hold,2019-03-09 00:00:00,56.64,1547.9076024092092,Hold,1547.907602409211,1829.4573643410927
Hold,2019-03-09 01:00:00,56.88,1554.4665329278923,Hold,1554.4665329278941,1837.2093023255889
Hold,2019-03-09 02:00:00,57.34,1567.0378164220351,Hold,1567.0378164220372,1852.0671834625398
Hold,2019-03-09 03:00:00,56.82,1552.8268002982213,Hold,1552.8268002982234,1835.2713178294646
Hold,2019-03-09 04:00:00,57.08,1559.9323083601282,Hold,1559.9323083601303,1843.669250646002
Hold,2019-03-09 05:00:00,57.02,1558.2925757304574,Hold,1558.2925757304592,1841.7312661498781
Hold,2019-03-09 06:00:00,57.49,1571.1371479962118,Hold,1571.1371479962138,1856.91214470285
Hold,2019-03-09 07:00:00,58.37,1595.1865598980498,Hold,1595.1865598980519,1885.3359173126687
Hold,2019-03-09 08:00:00,58.78,1606.3913995341334,Hold,1606.3913995341356,1898.5788113695164
Hold,2019-03-09 09:00:00,58.48,1598.1927363857794,Hold,1598.1927363857817,1888.8888888888962
Hold,2019-03-09 10:00:00,58.01,1585.348164120025,Hold,1585.3481641200274,1873.7080103359244
Hold,2019-03-09 11:00:00,58.31,1593.546827268379,Hold,1593.5468272683813,1883.3979328165449
Hold,2019-03-09 12:00:00,58.34,1594.3666935832146,Hold,1594.3666935832168,1884.366925064607
Hold,2019-03-09 13:00:00,57.47,1570.5905704529882,Hold,1570.5905704529905,1856.2661498708082
Hold,2019-03-09 14:00:00,58.16,1589.4474956942022,Hold,1589.4474956942047,1878.5529715762343
Hold,2019-03-09 15:00:00,57.7,1576.8762122000596,Hold,1576.8762122000621,1863.6950904392838
Hold,2019-03-09 16:00:00,56.78,1551.7336452117743,Hold,1551.7336452117768,1833.9793281653817
Hold,2019-03-09 17:00:00,56.98,1557.1994206440102,Hold,1557.1994206440124,1840.4392764857953
Hold,2019-03-09 18:00:00,57.24,1564.304928705917,Hold,1564.3049287059193,1848.8372093023331
Hold,2019-03-09 19:00:00,57.26,1564.8515062491406,Hold,1564.8515062491429,1849.4832041343743
Hold,2019-03-09 20:00:00,56.87,1554.1932441562806,Hold,1554.1932441562828,1836.8863049095678
Hold,2019-03-09 21:00:00,56.81,1552.5535115266098,Hold,1552.553511526612,1834.948320413444
Hold,2019-03-09 22:00:00,57.04,1558.839153273681,Hold,1558.8391532736832,1842.3772609819193
Hold,2019-03-09 23:00:00,57.78,1579.062522372954,Hold,1579.062522372956,1866.279069767449
Hold,2019-03-10 00:00:00,57.37,1567.8576827368704,Hold,1567.8576827368724,1853.0361757106016
Hold,2019-03-10 01:00:00,57.85,1580.9755437742365,Hold,1580.9755437742385,1868.5400516795937
Hold,2019-03-10 02:00:00,57.34,1567.0378164220351,Hold,1567.0378164220372,1852.0671834625396
Hold,2019-03-10 03:00:00,57.17,1562.3919073046343,Hold,1562.3919073046363,1846.576227390188
Hold,2019-03-10 04:00:00,57.0,1557.745998187234,Hold,1557.745998187236,1841.0852713178365
Hold,2019-03-10 05:00:00,56.88,1554.4665329278923,Hold,1554.4665329278944,1837.2093023255884
Hold,2019-03-10 06:00:00,56.29,1538.3424954027964,Hold,1538.3424954027985,1818.1524547803688
Hold,2019-03-10 07:00:00,56.37,1540.5288055756907,Hold,1540.528805575693,1820.7364341085342
Hold,2019-03-10 08:00:00,56.76,1551.1870676685508,Hold,1551.187067668553,1833.3333333333403
Hold,2019-03-10 09:00:00,56.37,1540.5288055756907,Hold,1540.528805575693,1820.7364341085342
Hold,2019-03-10 10:00:00,56.55,1545.448003464703,Hold,1545.4480034647054,1826.5503875969064
Hold,2019-03-10 11:00:00,56.64,1547.9076024092092,Hold,1547.9076024092112,1829.4573643410927
Hold,2019-03-10 12:00:00,56.33,1539.4356504892435,Hold,1539.4356504892457,1819.4444444444518
Hold,2019-03-10 13:00:00,55.96,1529.3239659396072,Hold,1529.3239659396095,1807.493540051687
Hold,2019-03-10 14:00:00,56.61,1547.0877360943737,Hold,1547.0877360943757,1828.4883720930306
Hold,2019-03-10 15:00:00,56.48,1543.5349820634203,Hold,1543.5349820634226,1824.2894056847617
Hold,2019-03-10 16:00:00,56.22,1536.4294740015137,Hold,1536.429474001516,1815.8914728682246
Hold,2019-03-10 17:00:00,56.46,1542.9884045201968,Hold,1542.988404520199,1823.6434108527208
Hold,2019-03-10 18:00:00,56.22,1536.4294740015137,Hold,1536.4294740015162,1815.8914728682248
Hold,2019-03-10 19:00:00,56.12,1533.6965862853958,Hold,1533.696586285398,1812.661498708018
Hold,2019-03-10 20:00:00,56.53,1544.9014259214794,Hold,1544.9014259214816,1825.9043927648654
Hold,2019-03-10 21:00:00,56.65,1548.180891180821,Hold,1548.1808911808232,1829.7803617571133
Hold,2019-03-10 22:00:00,57.07,1559.6590195885165,Hold,1559.659019588519,1843.3462532299818
Hold,2019-03-10 23:00:00,56.59,1546.5411585511504,Hold,1546.5411585511529,1827.8423772609897
Hold,2019-03-11 00:00:00,56.82,1552.8268002982213,Hold,1552.826800298224,1835.271317829465
Hold,2019-03-11 01:00:00,57.07,1559.6590195885165,Hold,1559.6590195885192,1843.3462532299818
Hold,2019-03-11 02:00:00,57.16,1562.1186185330225,Hold,1562.118618533025,1846.2532299741677
Hold,2019-03-11 03:00:00,57.0,1557.745998187234,Hold,1557.7459981872364,1841.085271317837
Hold,2019-03-11 04:00:00,56.43,1542.1685382053615,Hold,1542.168538205364,1822.6744186046585
Hold,2019-03-11 05:00:00,54.74,1495.9827358029681,Hold,1495.9827358029706,1768.0878552971649
Hold,2019-03-11 06:00:00,55.69,1521.9451691060885,Hold,1521.9451691060913,1798.7726098191288
Hold,2019-03-11 07:00:00,55.29,1511.013618241617,Hold,1511.0136182416197,1785.8527131783017
Hold,2019-03-11 08:00:00,55.04,1504.1813989513219,Hold,1504.1813989513244,1777.777777777785
Hold,2019-03-11 09:00:00,55.34,1512.380062099676,Hold,1512.3800620996788,1787.4677002584053
Hold,2019-03-11 10:00:00,54.46,1488.3306501978377,Hold,1488.3306501978404,1759.043927648586
Hold,2019-03-11 11:00:00,54.49,1489.1505165126732,Hold,1489.150516512676,1760.0129198966483
Hold,2019-03-11 12:00:00,54.55,1490.790249142344,Hold,1490.7902491423467,1761.9509043927721
Hold,2019-03-11 13:00:00,55.14,1506.91428666744,Hold,1506.9142866674429,1781.0077519379918
Hold,2019-03-11 14:00:00,54.75,1496.25602457458,Hold,1496.2560245745829,1768.4108527131855
Hold,2019-03-11 15:00:00,54.68,1494.3430031732973,Hold,1494.3430031733003,1766.1498708010408
Hold,2019-03-11 16:00:00,54.88,1499.8087786055332,Hold,1499.8087786055362,1772.6098191214544
Hold,2019-03-11 17:00:00,54.68,1494.3430031732973,Hold,1494.3430031733003,1766.1498708010408
Hold,2019-03-11 18:00:00,54.63,1492.9765593152385,Hold,1492.9765593152415,1764.5348837209376
Hold,2019-03-11 19:00:00,54.2,1481.2251421359313,Hold,1481.2251421359344,1750.6459948320487
Hold,2019-03-11 20:00:00,54.43,1487.5107838830024,Hold,1487.5107838830056,1758.0749354005243
Hold,2019-03-11 21:00:00,54.71,1495.1628694881329,Hold,1495.162869488136,1767.1188630491033
Hold,2019-03-11 22:00:00,54.91,1500.6286449203685,Hold,1500.6286449203717,1773.5788113695164
Hold,2019-03-11 23:00:00,54.82,1498.1690459758624,Hold,1498.1690459758654,1770.6718346253303
Hold,2019-03-12 00:00:00,54.31,1484.231318623661,Hold,1484.231318623664,1754.198966408276
Hold,2019-03-12 01:00:00,54.24,1482.3182972223783,Hold,1482.3182972223813,1751.9379844961313
Hold,2019-03-12 08:00:00,56.02,1530.963698569278,Hold,1530.963698569281,1809.4315245478113
Hold,2019-03-12 09:00:00,56.46,1542.9884045201968,Hold,1542.9884045201998,1823.6434108527205
Hold,2019-03-12 10:00:00,56.55,1545.448003464703,Hold,1545.4480034647063,1826.5503875969064
Hold,2019-03-12 11:00:00,56.48,1543.5349820634203,Hold,1543.5349820634235,1824.2894056847615
Hold,2019-03-12 12:00:00,56.79,1552.0069339833863,Hold,1552.0069339833892,1834.3023255814026
Hold,2019-03-12 13:00:00,56.5,1544.081559606644,Hold,1544.081559606647,1824.9354005168032
Hold,2019-03-12 14:00:00,56.37,1540.5288055756907,Hold,1540.528805575694,1820.7364341085347
Hold,2019-03-12 15:00:00,55.92,1528.2308108531602,Hold,1528.2308108531633,1806.2015503876044
Hold,2019-03-12 16:00:00,56.62,1547.3610248659854,Hold,1547.3610248659886,1828.8113695090512
Hold,2019-03-12 17:00:00,56.37,1540.5288055756907,Hold,1540.528805575694,1820.7364341085345
Hold,2019-03-12 18:00:00,56.18,1535.3363189150666,Hold,1535.3363189150698,1814.5994832041417
Hold,2019-03-12 19:00:00,56.24,1536.9760515447374,Hold,1536.9760515447404,1816.5374677002658
Hold,2019-03-12 20:00:00,56.42,1541.8952494337498,Hold,1541.8952494337527,1822.351421188638
Hold,2019-03-12 21:00:00,56.39,1541.0753831189145,Hold,1541.0753831189174,1821.382428940576
Hold,2019-03-12 22:00:00,56.88,1554.4665329278923,Hold,1554.466532927895,1837.209302325589
Hold,2019-03-12 23:00:00,56.58,1546.2678697795384,Hold,1546.2678697795411,1827.5193798449686
Hold,2019-03-13 00:00:00,56.5,1544.081559606644,Hold,1544.0815596066468,1824.9354005168034
Hold,2019-03-13 01:00:00,56.25,1537.2493403163492,Hold,1537.249340316352,1816.8604651162868
Hold,2019-03-13 02:00:00,56.2,1535.8828964582904,Hold,1535.8828964582929,1815.2454780361836
Hold,2019-03-13 03:00:00,56.68,1549.0007574956564,Hold,1549.0007574956587,1830.7493540051755
Hold,2019-03-13 04:00:00,56.4,1541.348671890526,Hold,1541.3486718905285,1821.7054263565965
Hold,2019-03-13 05:00:00,56.33,1539.4356504892435,Hold,1539.435650489246,1819.444444444452
Hold,2019-03-13 06:00:00,56.35,1539.982228032467,Hold,1539.9822280324693,1820.0904392764935
Hold,2019-03-13 07:00:00,56.45,1542.7151157485853,Hold,1542.7151157485876,1823.3204134367004
Hold,2019-03-13 08:00:00,56.03,1531.2369873408895,Hold,1531.236987340892,1809.754521963832
Hold,2019-03-13 09:00:00,55.41,1514.2930835009583,Hold,1514.2930835009606,1789.72868217055
Hold,2019-03-13 10:00:00,55.01,1503.3615326364863,Hold,1503.3615326364886,1776.8087855297233
Hold,2019-03-13 11:00:00,55.13,1506.6409978958281,Hold,1506.6409978958307,1780.6847545219712
Hold,2019-03-13 12:00:00,56.06,1532.056853655725,Hold,1532.0568536557275,1810.7235142118939
Hold,2019-03-13 13:00:00,56.07,1532.3301424273368,Hold,1532.3301424273393,1811.0465116279145
Hold,2019-03-13 14:00:00,55.63,1520.305436476418,Hold,1520.3054364764203,1796.8346253230047
Hold,2019-03-13 15:00:00,55.63,1520.305436476418,Hold,1520.3054364764203,1796.8346253230047
Hold,2019-03-13 16:00:00,55.22,1509.1005968403342,Hold,1509.1005968403365,1783.591731266157
Hold,2019-03-13 17:00:00,55.34,1512.380062099676,Hold,1512.3800620996785,1787.467700258405
Hold,2019-03-13 18:00:00,55.3,1511.2869070132285,Hold,1511.286907013231,1786.175710594322
Hold,2019-03-13 19:00:00,55.41,1514.2930835009583,Hold,1514.2930835009608,1789.7286821705495
Hold,2019-03-13 20:00:00,55.2,1508.5540192971107,Hold,1508.5540192971134,1782.9457364341156
Hold,2019-03-13 21:00:00,55.08,1505.2745540377691,Hold,1505.2745540377718,1779.0697674418675
Hold,2019-03-13 22:00:00,55.12,1506.3677091242162,Hold,1506.367709124219,1780.3617571059501
Hold,2019-03-13 23:00:00,55.29,1511.013618241617,Hold,1511.01361824162,1785.8527131783014
Hold,2019-03-14 00:00:00,55.5,1516.7526824454646,Hold,1516.7526824454674,1792.6356589147358
Hold,2019-03-14 01:00:00,55.9,1527.6842333099362,Hold,1527.684233309939,1805.5555555555627
Hold,2019-03-14 02:00:00,55.88,1527.137655766713,Hold,1527.1376557667159,1804.9095607235215
Hold,2019-03-14 03:00:00,55.7,1522.2184578777005,Hold,1522.2184578777035,1799.0956072351494
Hold,2019-03-14 04:00:00,55.72,1522.765035420924,Hold,1522.765035420927,1799.7416020671906
Hold,2019-03-14 05:00:00,55.62,1520.032147704806,Hold,1520.0321477048092,1796.5116279069837
Hold,2019-03-14 06:00:00,55.46,1515.6595273590174,Hold,1515.6595273590206,1791.343669250653
Hold,2019-03-14 07:00:00,55.32,1511.833484556452,Hold,1511.8334845564552,1786.8217054263635
Hold,2019-03-14 08:00:00,55.48,1516.2061049022407,Hold,1516.2061049022436,1791.989664082694
Hold,2019-03-14 09:00:00,55.74,1523.3116129641476,Hold,1523.3116129641505,1800.3875968992318
Hold,2019-03-14 10:00:00,55.89,1527.4109445383247,Hold,1527.4109445383276,1805.2325581395417
Hold,2019-03-14 11:00:00,55.36,1512.9266396428993,Hold,1512.9266396429025,1788.1136950904458
Hold,2019-03-14 12:00:00,55.57,1518.6657038467472,Hold,1518.6657038467504,1794.8966408268798
Hold,2019-03-14 13:00:00,55.67,1521.398591562865,Hold,1521.398591562868,1798.1266149870867
Hold,2019-03-14 14:00:00,55.74,1523.3116129641476,Hold,1523.3116129641505,1800.3875968992313
Hold,2019-03-14 15:00:00,55.94,1528.7773883963835,Hold,1528.7773883963864,1806.8475452196446
Hold,2019-03-14 16:00:00,55.82,1525.4979231370419,Hold,1525.4979231370448,1802.9715762273966
Hold,2019-03-14 17:00:00,56.2,1535.8828964582904,Hold,1535.8828964582933,1815.2454780361822
Hold,2019-03-14 18:00:00,55.93,1528.5040996247717,Hold,1528.5040996247747,1806.5245478036238
Hold,2019-03-14 19:00:00,55.68,1521.6718803344768,Hold,1521.67188033448,1798.449612403107
Hold,2019-03-14 20:00:00,55.87,1526.864366995101,Hold,1526.864366995104,1804.5865633075
Hold,2019-03-14 21:00:00,55.92,1528.2308108531602,Hold,1528.2308108531636,1806.2015503876034
Hold,2019-03-14 22:00:00,55.81,1525.2246343654303,Hold,1525.2246343654338,1802.648578811376
Hold,2019-03-14 23:00:00,55.94,1528.7773883963835,Hold,1528.7773883963866,1806.8475452196444
Hold,2019-03-15 00:00:00,56.43,1542.1685382053615,Hold,1542.168538205365,1822.6744186046576
Hold,2019-03-15 01:00:00,56.43,1542.1685382053615,Hold,1542.168538205365,1822.6744186046576
Hold,2019-03-15 02:00:00,56.53,1544.9014259214794,Hold,1544.9014259214825,1825.9043927648643
Hold,2019-03-15 03:00:00,56.29,1538.3424954027964,Hold,1538.3424954027998,1818.152454780368
Hold,2019-03-15 04:00:00,56.44,1542.4418269769733,Hold,1542.4418269769765,1822.997416020678
Hold,2019-03-15 05:00:00,56.47,1543.2616932918088,Hold,1543.261693291812,1823.9664082687398
Hold,2019-03-15 06:00:00,56.48,1543.5349820634203,Hold,1543.5349820634233,1824.2894056847604
Hold,2019-03-15 07:00:00,56.37,1540.5288055756907,Hold,1540.5288055756937,1820.7364341085329
Hold,2019-03-15 08:00:00,56.31,1538.88907294602,Hold,1538.8890729460227,1818.798449612409
Hold,2019-03-15 09:00:00,56.84,1553.3733778414453,Hold,1553.3733778414482,1835.9173126615046
Hold,2019-03-15 10:00:00,57.03,1558.5658645020694,Hold,1558.5658645020724,1842.0542635658974
Hold,2019-03-15 11:00:00,57.8,1579.6090999161772,Hold,1579.6090999161802,1866.925064599489
Hold,2019-03-15 12:00:00,57.67,1576.0563458852241,Hold,1576.056345885227,1862.7260981912204
Hold,2019-03-15 13:00:00,57.91,1582.615276403907,Hold,1582.61527640391,1870.4780361757164
Hold,2019-03-15 14:00:00,57.92,1582.888565175519,Hold,1582.888565175522,1870.8010335917372
Hold,2019-03-15 15:00:00,58.38,1595.4598486696616,Hold,1595.4598486696648,1885.6589147286884
Hold,2019-03-15 16:00:00,58.39,1595.7331374412734,Hold,1595.7331374412765,1885.981912144709
Hold,2019-03-15 17:00:00,58.47,1597.9194476141677,Hold,1597.9194476141706,1888.5658914728742
Hold,2019-03-15 18:00:00,58.49,1598.4660251573914,Hold,1598.4660251573944,1889.2118863049157
Hold,2019-03-15 19:00:00,58.9,1609.670864793475,Hold,1609.6708647934781,1902.4547803617634
Hold,2019-03-15 20:00:00,58.65,1602.83864550318,Hold,1602.8386455031832,1894.3798449612466
Hold,2019-03-15 21:00:00,58.32,1593.820116039991,Hold,1593.820116039994,1883.7209302325643
Hold,2019-03-15 22:00:00,58.24,1591.6338058670967,Hold,1591.6338058670997,1881.136950904399
Hold,2019-03-15 23:00:00,58.52,1599.285891472227,Hold,1599.28589147223,1890.180878552978
Hold,2019-03-16 00:00:00,59.54,1627.1613461766299,Hold,1627.1613461766333,1923.1266149870864
Hold,2019-03-16 01:00:00,61.46,1679.6327903260944,Hold,1679.6327903260978,1985.1421188630557
Hold,2019-03-16 02:00:00,60.97,1666.2416405171166,Hold,1666.24164051712,1969.3152454780425
Hold,2019-03-16 03:00:00,61.05,1668.427950690011,Hold,1668.427950690014,1971.8992248062077
Hold,2019-03-16 04:00:00,61.32,1675.8067475235296,Hold,1675.8067475235327,1980.6201550387661
Hold,2019-03-16 05:00:00,61.13,1670.6142608629054,Hold,1670.6142608629086,1974.4832041343734
Hold,2019-03-16 06:00:00,61.24,1673.6204373506353,Hold,1673.6204373506387,1978.0361757106007
Hold,2019-03-16 07:00:00,61.06,1668.701239461623,Hold,1668.7012394616263,1972.2222222222285
Hold,2019-03-16 08:00:00,61.01,1667.3347956035636,Hold,1667.334795603567,1970.607235142125
Hold,2019-03-16 09:00:00,61.13,1670.6142608629054,Hold,1670.614260862909,1974.4832041343732
Hold,2019-03-16 10:00:00,61.01,1667.3347956035636,Hold,1667.3347956035673,1970.6072351421249
Hold,2019-03-16 11:00:00,61.14,1670.8875496345172,Hold,1670.8875496345208,1974.8062015503938
Hold,2019-03-16 12:00:00,60.02,1640.2792072139962,Hold,1640.2792072139998,1938.6304909560786
Hold,2019-03-16 13:00:00,60.21,1645.4716938746203,Hold,1645.471693874624,1944.7674418604715
Hold,2019-03-16 14:00:00,60.77,1660.775865084881,Hold,1660.7758650848846,1962.8552971576291
Hold,2019-03-16 15:00:00,60.44,1651.7573356216915,Hold,1651.7573356216951,1952.1963824289467
Hold,2019-03-16 16:00:00,60.95,1665.695062973893,Hold,1665.6950629738965,1968.6692506460013
Hold,2019-03-16 17:00:00,60.89,1664.0553303442223,Hold,1664.055330344226,1966.7312661498772
Hold,2019-03-16 18:00:00,60.82,1662.1423089429397,Hold,1662.1423089429431,1964.4702842377326
Hold,2019-03-16 19:00:00,60.89,1664.0553303442223,Hold,1664.0553303442261,1966.7312661498775
Hold,2019-03-16 20:00:00,60.77,1660.775865084881,Hold,1660.7758650848848,1962.8552971576294
Hold,2019-03-16 21:00:00,60.96,1665.9683517455048,Hold,1665.968351745509,1968.992248062022
Hold,2019-03-16 22:00:00,61.17,1671.7074159493525,Hold,1671.7074159493563,1975.7751937984565
Hold,2019-03-16 23:00:00,61.21,1672.8005710357997,Hold,1672.8005710358036,1977.067183462539
Hold,2019-03-17 00:00:00,60.48,1652.8504907081388,Hold,1652.8504907081426,1953.4883720930297
Hold,2019-03-17 01:00:00,60.49,1653.1237794797505,Hold,1653.1237794797546,1953.8113695090506
Hold,2019-03-17 02:00:00,60.09,1642.1922286152787,Hold,1642.1922286152828,1940.8914728682237
Hold,2019-03-17 03:00:00,60.28,1647.3847152759026,Hold,1647.3847152759067,1947.0284237726166
Hold,2019-03-17 04:00:00,60.09,1642.1922286152787,Hold,1642.1922286152828,1940.891472868224
Hold,2019-03-17 05:00:00,60.23,1646.0182714178436,Hold,1646.0182714178477,1945.413436692513
Hold,2019-03-17 06:00:00,60.44,1651.7573356216915,Hold,1651.7573356216956,1952.196382428947
Hold,2019-03-17 07:00:00,60.53,1654.2169345661978,Hold,1654.2169345662016,1955.103359173133
Hold,2019-03-17 08:00:00,60.36,1649.571025448797,Hold,1649.5710254488008,1949.6124031007816
Hold,2019-03-17 09:00:00,60.29,1647.6580040475146,Hold,1647.6580040475185,1947.351421188637
Hold,2019-03-17 10:00:00,60.77,1660.775865084881,Hold,1660.7758650848848,1962.8552971576294
Hold,2019-03-17 11:00:00,60.83,1662.4155977145513,Hold,1662.4155977145551,1964.7932816537534
Hold,2019-03-17 12:00:00,60.61,1656.403244739092,Hold,1656.403244739096,1957.6873385012987
Hold,2019-03-17 13:00:00,60.79,1661.3224426281042,Hold,1661.3224426281079,1963.5012919896708
Hold,2019-03-17 14:00:00,60.84,1662.6888864861635,Hold,1662.6888864861671,1965.1162790697745
Hold,2019-03-17 15:00:00,60.81,1661.869020171328,Hold,1661.8690201713316,1964.1472868217122
Hold,2019-03-17 16:00:00,60.74,1659.9559987700454,Hold,1659.955998770049,1961.8863049095676
Hold,2019-03-17 17:00:00,60.71,1659.13613245521,Hold,1659.1361324552133,1960.9173126615055
Hold,2019-03-17 18:00:00,60.65,1657.4963998255391,Hold,1657.4963998255425,1958.9793281653815
Hold,2019-03-17 19:00:00,60.82,1662.1423089429397,Hold,1662.1423089429431,1964.4702842377328
Hold,2019-03-17 20:00:00,60.77,1660.775865084881,Hold,1660.7758650848843,1962.8552971576296
Hold,2019-03-17 21:00:00,60.86,1663.2354640293868,Hold,1663.23546402939,1965.7622739018157
Hold,2019-03-17 22:00:00,60.63,1656.9498222823156,Hold,1656.9498222823188,1958.33333333334
Hold,2019-03-17 23:00:00,60.47,1652.5772019365268,Hold,1652.5772019365297,1953.1653746770094
Hold,2019-03-18 00:00:00,61.02,1667.6080843751756,Hold,1667.6080843751786,1970.9302325581466
Hold,2019-03-18 01:00:00,61.64,1684.551988215107,Hold,1684.55198821511,1990.9560723514282
Hold,2019-03-18 02:00:00,61.6,1683.4588331286598,Hold,1683.458833128663,1989.6640826873456
Hold,2019-03-18 03:00:00,61.43,1678.8129240112594,Hold,1678.8129240112626,1984.1731266149943
Hold,2019-03-18 04:00:00,61.29,1674.986881208694,Hold,1674.9868812086975,1979.651162790705
Hold,2019-03-18 05:00:00,59.33,1621.422281972782,Hold,1621.4222819727852,1916.343669250653
Hold,2019-03-18 06:00:00,59.53,1626.8880574050181,Hold,1626.8880574050213,1922.8036175710668
Hold,2019-03-18 07:00:00,59.38,1622.788725830841,Hold,1622.7887258308442,1917.9586563307566
Hold,2019-03-18 08:00:00,59.31,1620.8757044295587,Hold,1620.875704429562,1915.6976744186118
Hold,2019-03-18 09:00:00,59.11,1615.4099289973228,Hold,1615.409928997326,1909.2377260981982
Hold,2019-03-18 10:00:00,58.89,1609.3975760218632,Hold,1609.3975760218664,1902.1317829457437
Hold,2019-03-18 11:00:00,59.0,1612.403752509593,Hold,1612.4037525095962,1905.6847545219712
Hold,2019-03-18 12:00:00,59.43,1624.1551696889,Hold,1624.1551696889032,1919.57364341086
Hold,2019-03-18 13:00:00,59.12,1615.6832177689344,Hold,1615.6832177689375,1909.560723514219
Hold,2019-03-18 14:00:00,59.1,1615.1366402257108,Hold,1615.136640225714,1908.9147286821778
Hold,2019-03-18 15:00:00,59.16,1616.7763728553816,Hold,1616.776372855385,1910.8527131783017
Hold,2019-03-18 16:00:00,59.05,1613.7701963676518,Hold,1613.7701963676552,1907.2997416020742
Hold,2019-03-18 17:00:00,59.1,1615.1366402257108,Hold,1615.1366402257142,1908.9147286821778
Hold,2019-03-18 18:00:00,58.99,1612.1304637379812,Hold,1612.1304637379847,1905.3617571059506
Hold,2019-03-18 19:00:00,58.88,1609.1242872502514,Hold,1609.1242872502548,1901.8087855297235
Hold,2019-03-18 20:00:00,59.37,1622.5154370592293,Hold,1622.515437059233,1917.6356589147363
Hold,2019-03-18 21:00:00,59.26,1619.5092605714997,Hold,1619.5092605715033,1914.082687338509
Hold,2019-03-18 22:00:00,59.35,1621.9688595160058,Hold,1621.9688595160094,1916.9896640826953
Hold,2019-03-18 23:00:00,59.17,1617.0496616269934,Hold,1617.049661626997,1911.1757105943232
Hold,2019-03-19 00:00:00,59.57,1627.9812124914652,Hold,1627.9812124914688,1924.09560723515
Hold,2019-03-19 01:00:00,59.54,1627.1613461766299,Hold,1627.1613461766335,1923.126614987088
Hold,2019-03-19 02:00:00,59.48,1625.521613546959,Hold,1625.5216135469627,1921.188630490964
Hold,2019-03-19 03:00:00,59.23,1618.6893942566642,Hold,1618.6893942566678,1913.1136950904472
Hold,2019-03-19 04:00:00,58.69,1603.9318005896273,Hold,1603.9318005896307,1895.671834625331
Hold,2019-03-19 05:00:00,58.81,1607.2112658489689,Hold,1607.2112658489723,1899.5478036175791
Hold,2019-03-19 06:00:00,58.9,1609.670864793475,Hold,1609.6708647934784,1902.454780361765
Hold,2019-03-19 07:00:00,58.9,1609.670864793475,Hold,1609.6708647934784,1902.454780361765
Hold,2019-03-19 08:00:00,58.83,1607.7578433921924,Hold,1607.7578433921958,1900.1937984496203
Hold,2019-03-19 09:00:00,59.51,1626.3414798617944,Hold,1626.3414798617978,1922.157622739026
Hold,2019-03-19 10:00:00,59.45,1624.7017472321238,Hold,1624.7017472321272,1920.2196382429022
Hold,2019-03-19 11:00:00,59.05,1613.7701963676518,Hold,1613.7701963676552,1907.299741602075
Hold,2019-03-19 12:00:00,58.94,1610.764019879922,Hold,1610.7640198799254,1903.7467700258478
Hold,2019-03-19 13:00:00,59.14,1616.2297953121579,Hold,1616.229795312161,1910.2067183462611
Hold,2019-03-19 14:00:00,59.28,1620.0558381147232,Hold,1620.0558381147266,1914.7286821705504
Hold,2019-03-19 15:00:00,59.23,1618.6893942566642,Hold,1618.6893942566676,1913.113695090447
Hold,2019-03-19 16:00:00,59.4,1623.3353033740648,Hold,1623.3353033740682,1918.6046511627987
Hold,2019-03-19 17:00:00,59.31,1620.8757044295587,Hold,1620.8757044295623,1915.6976744186127
Hold,2019-03-19 18:00:00,59.07,1614.3167739108756,Hold,1614.316773910879,1907.9457364341163
Hold,2019-03-19 19:00:00,59.07,1614.3167739108756,Hold,1614.316773910879,1907.9457364341163
Hold,2019-03-19 20:00:00,59.13,1615.9565065405463,Hold,1615.95650654055,1909.8837209302403
Hold,2019-03-19 21:00:00,59.0,1612.403752509593,Hold,1612.4037525095966,1905.6847545219714
Hold,2019-03-19 22:00:00,59.19,1617.5962391702171,Hold,1617.596239170221,1911.821705426364
Hold,2019-03-19 23:00:00,59.52,1626.6147686334064,Hold,1626.61476863341,1922.4806201550464
Hold,2019-03-20 00:00:00,58.87,1608.8509984786397,Hold,1608.8509984786435,1901.4857881137027
Hold,2019-03-20 01:00:00,58.94,1610.764019879922,Hold,1610.7640198799259,1903.7467700258476
Hold,2019-03-20 02:00:00,58.66,1603.1119342747918,Hold,1603.1119342747957,1894.7028423772686
Hold,2019-03-20 03:00:00,58.77,1606.1181107625216,Hold,1606.1181107625255,1898.255813953496
Hold,2019-03-20 04:00:00,58.93,1610.4907311083102,Hold,1610.4907311083143,1903.4237726098268
Hold,2019-03-20 05:00:00,59.06,1614.0434851392636,Hold,1614.0434851392677,1907.6227390180954
Hold,2019-03-20 06:00:00,58.82,1607.4845546205806,Hold,1607.4845546205847,1899.8708010335993
Hold,2019-03-20 07:00:00,58.91,1609.9441535650867,Hold,1609.9441535650908,1902.7777777777853
Hold,2019-03-20 08:00:00,58.96,1611.3105974231457,Hold,1611.31059742315,1904.3927648578888
Hold,2019-03-20 09:00:00,57.84,1580.7022550026247,Hold,1580.702255002629,1868.2170542635733
Hold,2019-03-20 10:00:00,59.49,1625.7949023185708,Hold,1625.7949023185754,1921.5116279069844
Hold,2019-03-20 11:00:00,59.81,1634.5401430101483,Hold,1634.5401430101526,1931.847545219646
Hold,2019-03-20 12:00:00,60.01,1640.0059184423842,Hold,1640.0059184423887,1938.307493540059
Hold,2019-03-20 13:00:00,60.04,1640.8257847572195,Hold,1640.825784757224,1939.2764857881211
Hold,2019-03-20 14:00:00,60.17,1644.378538788173,Hold,1644.3785387881776,1943.47545219639
Hold,2019-03-20 15:00:00,60.02,1640.2792072139962,Hold,1640.2792072140007,1938.63049095608
Hold,2019-03-20 16:00:00,59.83,1635.0867205533718,Hold,1635.0867205533764,1932.493540051687
Hold,2019-03-20 17:00:00,59.7,1631.5339665224187,Hold,1631.533966522423,1928.2945736434183
Hold,2019-03-20 18:00:00,59.91,1637.2730307262661,Hold,1637.2730307262705,1935.0775193798524
Hold,2019-03-20 19:00:00,59.96,1638.6394745843252,Hold,1638.6394745843293,1936.6925064599561
Hold,2019-03-20 20:00:00,59.98,1639.186052127549,Hold,1639.1860521275532,1937.3385012919973
Hold,2019-03-20 21:00:00,59.94,1638.0928970411017,Hold,1638.092897041106,1936.0465116279147
Hold,2019-03-20 22:00:00,60.35,1649.2977366771854,Hold,1649.2977366771897,1949.2894056847622
Hold,2019-03-20 23:00:00,60.27,1647.111426504291,Hold,1647.1114265042954,1946.705426356597
Hold,2019-03-21 00:00:00,60.33,1648.7511591339617,Hold,1648.7511591339658,1948.6434108527208
Hold,2019-03-21 01:00:00,60.17,1644.378538788173,Hold,1644.3785387881774,1943.4754521963903
Hold,2019-03-21 02:00:00,59.88,1636.4531644114309,Hold,1636.453164411435,1934.1085271317909
Hold,2019-03-21 03:00:00,59.9,1636.9997419546546,Hold,1636.9997419546587,1934.7545219638323
Hold,2019-03-21 04:00:00,59.73,1632.353832837254,Hold,1632.3538328372583,1929.2635658914808
Hold,2019-03-21 05:00:00,59.7,1631.5339665224187,Hold,1631.5339665224228,1928.294573643419
Hold,2019-03-21 06:00:00,59.76,1633.1736991520893,Hold,1633.1736991520934,1930.232558139543
Hold,2019-03-21 07:00:00,59.93,1637.81960826949,Hold,1637.8196082694938,1935.7235142118946
Hold,2019-03-21 08:00:00,59.92,1637.5463194978781,Hold,1637.5463194978818,1935.400516795874
Hold,2019-03-21 09:00:00,59.76,1633.1736991520893,Hold,1633.1736991520931,1930.232558139543
Hold,2019-03-21 10:00:00,59.73,1632.353832837254,Hold,1632.3538328372579,1929.263565891481
Hold,2019-03-21 11:00:00,59.76,1633.1736991520893,Hold,1633.1736991520931,1930.232558139543
Hold,2019-03-21 12:00:00,59.38,1622.788725830841,Hold,1622.788725830845,1917.9586563307573
Hold,2019-03-21 13:00:00,59.12,1615.6832177689344,Hold,1615.6832177689382,1909.5607235142195
Hold,2019-03-21 14:00:00,57.55,1572.7768806258825,Hold,1572.7768806258864,1858.850129198974
Hold,2019-03-21 15:00:00,58.46,1597.646158842556,Hold,1597.64615884256,1888.2428940568552
Hold,2019-03-21 16:00:00,58.26,1592.18038341032,Hold,1592.180383410324,1881.7829457364417
Hold,2019-03-21 17:00:00,58.34,1594.3666935832146,Hold,1594.3666935832184,1884.3669250646071
Hold,2019-03-21 18:00:00,58.31,1593.546827268379,Hold,1593.5468272683831,1883.397932816545
Hold,2019-03-21 19:00:00,58.52,1599.285891472227,Hold,1599.285891472231,1890.1808785529795
Hold,2019-03-21 20:00:00,58.34,1594.3666935832146,Hold,1594.3666935832186,1884.3669250646074
Hold,2019-03-21 21:00:00,58.61,1601.745490416733,Hold,1601.745490416737,1893.0878552971653
Hold,2019-03-21 22:00:00,58.53,1599.5591802438387,Hold,1599.5591802438428,1890.5038759689999
Hold,2019-03-21 23:00:00,58.54,1599.8324690154502,Hold,1599.832469015454,1890.8268733850205
Hold,2019-03-22 00:00:00,58.3,1593.273538496767,Hold,1593.2735384967712,1883.0749354005243
Hold,2019-03-22 01:00:00,58.46,1597.646158842556,Hold,1597.6461588425602,1888.242894056855
Hold,2019-03-22 02:00:00,58.5,1598.7393139290032,Hold,1598.7393139290073,1889.5348837209378
Hold,2019-03-22 03:00:00,58.42,1596.5530037561089,Hold,1596.553003756113,1886.9509043927724
Hold,2019-03-22 04:00:00,58.26,1592.18038341032,Hold,1592.1803834103239,1881.7829457364414
Hold,2019-03-22 05:00:00,58.55,1600.1057577870622,Hold,1600.1057577870658,1891.149870801041
Hold,2019-03-22 06:00:00,58.41,1596.2797149844969,Hold,1596.2797149845005,1886.6279069767515
Hold,2019-03-22 07:00:00,58.17,1589.720784465814,Hold,1589.7207844658174,1878.8759689922556
Hold,2019-03-22 08:00:00,58.59,1601.1989128735092,Hold,1601.1989128735127,1892.4418604651241
Hold,2019-03-22 09:00:00,58.53,1599.5591802438387,Hold,1599.5591802438423,1890.5038759689999
Hold,2019-03-22 10:00:00,58.52,1599.285891472227,Hold,1599.2858914722306,1890.1808785529793
Hold,2019-03-22 11:00:00,58.64,1602.5653567315683,Hold,1602.5653567315717,1894.0568475452274
Hold,2019-03-22 12:00:00,59.3,1620.6024156579467,Hold,1620.6024156579501,1915.3746770025916
Hold,2019-03-22 13:00:00,59.12,1615.6832177689344,Hold,1615.6832177689378,1909.5607235142195
Hold,2019-03-22 14:00:00,59.42,1623.8818809172885,Hold,1623.881880917292,1919.2506459948397
Hold,2019-03-22 15:00:00,59.26,1619.5092605714997,Hold,1619.5092605715029,1914.0826873385088
Hold,2019-03-22 16:00:00,59.33,1621.422281972782,Hold,1621.4222819727852,1916.3436692506534
Hold,2019-03-22 17:00:00,59.3,1620.6024156579467,Hold,1620.60241565795,1915.3746770025914
Hold,2019-03-22 18:00:00,59.3,1620.6024156579467,Hold,1620.60241565795,1915.3746770025914
Hold,2019-03-22 19:00:00,59.3,1620.6024156579467,Hold,1620.60241565795,1915.3746770025914
Hold,2019-03-22 20:00:00,59.12,1615.6832177689344,Hold,1615.6832177689375,1909.5607235142193
Hold,2019-03-22 21:00:00,59.27,1619.7825493431114,Hold,1619.7825493431144,1914.4056847545294
Hold,2019-03-22 22:00:00,59.29,1620.329126886335,Hold,1620.3291268863377,1915.0516795865706
Hold,2019-03-22 23:00:00,59.26,1619.5092605714997,Hold,1619.5092605715024,1914.0826873385085
Hold,2019-03-23 00:00:00,59.03,1613.2236188244285,Hold,1613.2236188244312,1906.6537467700332
Hold,2019-03-23 01:00:00,59.15,1616.5030840837699,Hold,1616.5030840837726,1910.5297157622815
Hold,2019-03-23 02:00:00,59.52,1626.6147686334064,Hold,1626.6147686334093,1922.4806201550466
Hold,2019-03-23 03:00:00,59.37,1622.5154370592293,Hold,1622.5154370592322,1917.6356589147363
Hold,2019-03-23 04:00:00,59.38,1622.788725830841,Hold,1622.7887258308442,1917.958656330757
Hold,2019-03-23 05:00:00,59.83,1635.0867205533718,Hold,1635.0867205533752,1932.4935400516872
Hold,2019-03-23 06:00:00,61.38,1677.4464801532001,Hold,1677.4464801532038,1982.5581395348918
Hold,2019-03-23 07:00:00,60.99,1666.7882180603401,Hold,1666.7882180603438,1969.9612403100855
Hold,2019-03-23 08:00:00,61.18,1671.9807047209642,Hold,1671.980704720968,1976.098191214478
Hold,2019-03-23 09:00:00,61.06,1668.701239461623,Hold,1668.7012394616268,1972.22222222223
Hold,2019-03-23 10:00:00,60.42,1651.210758078468,Hold,1651.2107580784718,1951.5503875969068
Hold,2019-03-23 11:00:00,60.53,1654.2169345661978,Hold,1654.2169345662014,1955.103359173134
Hold,2019-03-23 12:00:00,60.35,1649.2977366771854,Hold,1649.297736677189,1949.289405684762
Hold,2019-03-23 13:00:00,60.38,1650.1176029920207,Hold,1650.1176029920243,1950.258397932824
Hold,2019-03-23 14:00:00,60.43,1651.4840468500795,Hold,1651.4840468500831,1951.8733850129274
Hold,2019-03-23 15:00:00,60.77,1660.775865084881,Hold,1660.7758650848846,1962.8552971576305
Hold,2019-03-23 16:00:00,60.47,1652.5772019365268,Hold,1652.5772019365304,1953.16537467701
Hold,2019-03-23 17:00:00,60.54,1654.4902233378093,Hold,1654.4902233378127,1955.4263565891547
Hold,2019-03-23 18:00:00,60.63,1656.9498222823156,Hold,1656.949822282319,1958.333333333341
Hold,2019-03-23 19:00:00,60.38,1650.1176029920207,Hold,1650.1176029920239,1950.258397932824
Hold,2019-03-23 20:00:00,60.44,1651.7573356216915,Hold,1651.757335621695,1952.1963824289478
Hold,2019-03-23 21:00:00,60.61,1656.403244739092,Hold,1656.4032447390953,1957.687338501299
Hold,2019-03-23 22:00:00,60.67,1658.0429773687626,Hold,1658.0429773687656,1959.6253229974232
Hold,2019-03-23 23:00:00,60.89,1664.0553303442223,Hold,1664.0553303442255,1966.7312661498777
Hold,2019-03-24 00:00:00,60.68,1658.3162661403746,Hold,1658.3162661403776,1959.9483204134435
Hold,2019-03-24 01:00:00,60.37,1649.844314220409,Hold,1649.844314220412,1949.9354005168025
Hold,2019-03-24 02:00:00,59.93,1637.81960826949,Hold,1637.8196082694926,1935.723514211893
Hold,2019-03-24 03:00:00,60.26,1646.8381377326791,Hold,1646.8381377326816,1946.382428940575
Hold,2019-03-24 04:00:00,60.28,1647.3847152759026,Hold,1647.3847152759054,1947.0284237726164
Hold,2019-03-24 05:00:00,59.78,1633.720276695313,Hold,1633.7202766953155,1930.8785529715828
Hold,2019-03-24 06:00:00,59.78,1633.720276695313,Hold,1633.7202766953155,1930.8785529715828
Hold,2019-03-24 07:00:00,59.3,1620.6024156579467,Hold,1620.6024156579492,1915.3746770025903
Hold,2019-03-24 08:00:00,59.63,1629.6209451211362,Hold,1629.6209451211387,1926.033591731273
Hold,2019-03-24 09:00:00,59.81,1634.5401430101483,Hold,1634.540143010151,1931.8475452196453
Hold,2019-03-24 10:00:00,59.99,1639.4593408991607,Hold,1639.4593408991634,1937.6614987080177
Hold,2019-03-24 11:00:00,59.76,1633.1736991520893,Hold,1633.173699152092,1930.232558139542
Hold,2019-03-24 12:00:00,59.58,1628.2545012630771,Hold,1628.2545012630799,1924.41860465117
Hold,2019-03-24 13:00:00,59.77,1633.4469879237013,Hold,1633.4469879237042,1930.555555555563
Hold,2019-03-24 14:00:00,59.73,1632.353832837254,Hold,1632.353832837257,1929.26356589148
Hold,2019-03-24 15:00:00,59.55,1627.4346349482416,Hold,1627.4346349482444,1923.449612403108
Hold,2019-03-24 16:00:00,59.4,1623.3353033740648,Hold,1623.3353033740675,1918.6046511627978
Hold,2019-03-24 17:00:00,59.45,1624.7017472321238,Hold,1624.7017472321265,1920.2196382429013
Hold,2019-03-24 18:00:00,59.28,1620.0558381147232,Hold,1620.055838114726,1914.7286821705497
Hold,2019-03-24 19:00:00,59.32,1621.1489932011705,Hold,1621.148993201173,1916.0206718346324
Hold,2019-03-24 20:00:00,59.55,1627.4346349482416,Hold,1627.4346349482444,1923.449612403108
Hold,2019-03-24 21:00:00,59.44,1624.4284584605118,Hold,1624.4284584605143,1919.8966408268805
Hold,2019-03-24 22:00:00,59.67,1630.7141002075832,Hold,1630.7141002075857,1927.3255813953558
Hold,2019-03-24 23:00:00,59.82,1634.8134317817603,Hold,1634.8134317817626,1932.170542635666
Hold,2019-03-25 00:00:00,59.51,1626.3414798617944,Hold,1626.3414798617966,1922.157622739025
Hold,2019-03-25 01:00:00,60.23,1646.0182714178436,Hold,1646.0182714178459,1945.4134366925136
Hold,2019-03-25 02:00:00,60.23,1646.0182714178436,Hold,1646.0182714178459,1945.4134366925136
Hold,2019-03-25 03:00:00,60.06,1641.3723623004435,Hold,1641.3723623004457,1939.9224806201623
Hold,2019-03-25 04:00:00,59.78,1633.720276695313,Hold,1633.7202766953153,1930.8785529715833
Hold,2019-03-25 05:00:00,59.97,1638.9127633559372,Hold,1638.9127633559397,1937.0155038759758
Hold,2019-03-25 06:00:00,59.74,1632.627121608866,Hold,1632.6271216088685,1929.5865633075005
Hold,2019-03-25 07:00:00,59.54,1627.1613461766299,Hold,1627.1613461766326,1923.126614987087
Hold,2019-03-25 08:00:00,59.62,1629.3476563495242,Hold,1629.3476563495271,1925.7105943152524
Hold,2019-03-25 09:00:00,59.51,1626.3414798617944,Hold,1626.3414798617973,1922.157622739025
Hold,2019-03-25 10:00:00,59.43,1624.1551696889,Hold,1624.155169688903,1919.5736434108599
Hold,2019-03-25 11:00:00,59.34,1621.695570744394,Hold,1621.695570744397,1916.666666666674
Hold,2019-03-25 12:00:00,59.4,1623.3353033740648,Hold,1623.3353033740675,1918.604651162798
Hold,2019-03-25 13:00:00,59.43,1624.1551696889,Hold,1624.1551696889028,1919.5736434108603
Hold,2019-03-25 14:00:00,59.32,1621.1489932011705,Hold,1621.1489932011732,1916.020671834633
Hold,2019-03-25 15:00:00,58.61,1601.745490416733,Hold,1601.7454904167357,1893.0878552971653
Hold,2019-03-25 16:00:00,59.37,1622.5154370592293,Hold,1622.5154370592318,1917.6356589147363
Hold,2019-03-25 17:00:00,58.82,1607.4845546205806,Hold,1607.4845546205831,1899.8708010335993
Hold,2019-03-25 18:00:00,58.43,1596.8262925277204,Hold,1596.8262925277231,1887.273901808793
Hold,2019-03-25 19:00:00,58.89,1609.3975760218632,Hold,1609.3975760218657,1902.1317829457441
Hold,2019-03-25 20:00:00,58.68,1603.6585118180155,Hold,1603.658511818018,1895.34883720931
Hold,2019-03-25 21:00:00,58.57,1600.6523353302857,Hold,1600.6523353302882,1891.7958656330825
Hold,2019-03-25 22:00:00,59.03,1613.2236188244285,Hold,1613.223618824431,1906.6537467700332
Hold,2019-03-25 23:00:00,59.04,1613.49690759604,Hold,1613.4969075960425,1906.9767441860538
Hold,2019-03-26 00:00:00,58.91,1609.9441535650867,Hold,1609.9441535650892,1902.777777777785
Hold,2019-03-26 01:00:00,59.2,1617.869527941829,Hold,1617.8695279418316,1912.1447028423847
Hold,2019-03-26 02:00:00,59.17,1617.0496616269934,Hold,1617.049661626996,1911.1757105943225
Hold,2019-03-26 03:00:00,58.69,1603.9318005896273,Hold,1603.93180058963,1895.6718346253301
Hold,2019-03-26 04:00:00,58.76,1605.8448219909098,Hold,1605.8448219909126,1897.9328165374748
Hold,2019-03-26 05:00:00,58.61,1601.745490416733,Hold,1601.7454904167357,1893.0878552971647
Hold,2019-03-26 06:00:00,58.57,1600.6523353302857,Hold,1600.6523353302885,1891.795865633082
Hold,2019-03-26 07:00:00,58.52,1599.285891472227,Hold,1599.2858914722294,1890.1808785529788
Hold,2019-03-26 08:00:00,58.74,1605.2982444476863,Hold,1605.2982444476888,1897.2868217054336
Hold,2019-03-26 09:00:00,58.4,1596.0064262128853,Hold,1596.0064262128878,1886.3049095607305
Hold,2019-03-26 10:00:00,58.56,1600.379046558674,Hold,1600.3790465586765,1891.4728682170614
Hold,2019-03-26 11:00:00,58.3,1593.273538496767,Hold,1593.2735384967696,1883.0749354005236
Hold,2019-03-26 12:00:00,57.68,1576.3296346568359,Hold,1576.3296346568384,1863.049095607242
Hold,2019-03-26 13:00:00,57.84,1580.7022550026247,Hold,1580.702255002627,1868.2170542635724
Hold,2019-03-26 14:00:00,58.29,1593.0002497251555,Hold,1593.0002497251578,1882.7519379845028
Hold,2019-03-26 15:00:00,58.49,1598.4660251573914,Hold,1598.4660251573937,1889.211886304916
Hold,2019-03-26 16:00:00,58.16,1589.4474956942022,Hold,1589.4474956942045,1878.5529715762336
Hold,2019-03-26 17:00:00,58.03,1585.8947416632489,Hold,1585.894741663251,1874.354005167965
Hold,2019-03-26 18:00:00,58.17,1589.720784465814,Hold,1589.720784465816,1878.8759689922547
Hold,2019-03-26 19:00:00,58.13,1588.627629379367,Hold,1588.627629379369,1877.583979328172
Hold,2019-03-26 20:00:00,58.17,1589.720784465814,Hold,1589.720784465816,1878.8759689922547
Hold,2019-03-26 21:00:00,58.12,1588.354340607755,Hold,1588.3543406077567,1877.2609819121512
Hold,2019-03-26 22:00:00,58.27,1592.4536721819318,Hold,1592.4536721819338,1882.1059431524614
Hold,2019-03-26 23:00:00,58.79,1606.6646883057454,Hold,1606.6646883057474,1898.9018087855363
Hold,2019-03-27 00:00:00,59.86,1635.9065868682073,Hold,1635.9065868682092,1933.4625322997485
Hold,2019-03-27 01:00:00,60.13,1643.285383701726,Hold,1643.2853837017278,1942.183462532307
Hold,2019-03-27 02:00:00,60.13,1643.285383701726,Hold,1643.2853837017278,1942.183462532307
Hold,2019-03-27 03:00:00,60.03,1640.552495985608,Hold,1640.5524959856098,1938.9534883721
Hold,2019-03-27 04:00:00,60.16,1644.105250016561,Hold,1644.1052500165629,1943.1524547803688
Hold,2019-03-27 05:00:00,60.32,1648.47787036235,Hold,1648.4778703623515,1948.3204134366995
Hold,2019-03-27 06:00:00,60.02,1640.2792072139962,Hold,1640.2792072139978,1938.6304909560795
Hold,2019-03-27 07:00:00,60.11,1642.7388061585023,Hold,1642.738806158504,1941.5374677002656
Hold,2019-03-27 08:00:00,60.29,1647.6580040475146,Hold,1647.6580040475164,1947.3514211886375
Hold,2019-03-27 09:00:00,60.33,1648.7511591339617,Hold,1648.7511591339633,1948.64341085272
Hold,2019-03-27 10:00:00,60.92,1664.8751966590578,Hold,1664.8751966590594,1967.7002583979402
Hold,2019-03-27 11:00:00,61.09,1669.5211057764582,Hold,1669.5211057764595,1973.191214470292
Hold,2019-03-27 12:00:00,60.67,1658.0429773687626,Hold,1658.0429773687642,1959.6253229974236
Hold,2019-03-27 13:00:00,60.68,1658.3162661403746,Hold,1658.316266140376,1959.948320413444
Hold,2019-03-27 14:00:00,60.63,1656.9498222823156,Hold,1656.9498222823172,1958.3333333333408
Hold,2019-03-27 15:00:00,60.97,1666.2416405171166,Hold,1666.241640517118,1969.3152454780434
Hold,2019-03-27 16:00:00,60.79,1661.3224426281042,Hold,1661.3224426281054,1963.5012919896712
Hold,2019-03-27 17:00:00,61.02,1667.6080843751756,Hold,1667.6080843751768,1970.9302325581468
Hold,2019-03-27 18:00:00,60.97,1666.2416405171166,Hold,1666.2416405171177,1969.3152454780434
Hold,2019-03-27 19:00:00,61.11,1670.067683319682,Hold,1670.067683319683,1973.8372093023327
Hold,2019-03-27 20:00:00,61.17,1671.7074159493525,Hold,1671.7074159493534,1975.7751937984567
Hold,2019-03-27 21:00:00,61.26,1674.1670148938585,Hold,1674.1670148938595,1978.6821705426428
Hold,2019-03-27 22:00:00,61.16,1671.4341271777407,Hold,1671.4341271777416,1975.452196382436
Hold,2019-03-27 23:00:00,61.44,1679.086212782871,Hold,1679.0862127828718,1984.496124031015
Hold,2019-03-28 00:00:00,61.2,1672.527282264188,Hold,1672.527282264189,1976.744186046519
Hold,2019-03-28 01:00:00,60.91,1664.6019078874458,Hold,1664.6019078874467,1967.377260981919
Hold,2019-03-28 02:00:00,60.78,1661.0491538564925,Hold,1661.0491538564934,1963.1782945736504
Hold,2019-03-28 03:00:00,60.66,1657.769688597151,Hold,1657.7696885971518,1959.3023255814023
Hold,2019-03-28 04:00:00,60.54,1654.4902233378093,Hold,1654.4902233378102,1955.4263565891542
Hold,2019-03-28 05:00:00,60.71,1659.13613245521,Hold,1659.1361324552108,1960.9173126615058
Hold,2019-03-28 06:00:00,60.56,1655.0368008810333,Hold,1655.0368008810342,1956.0723514211957
Hold,2019-03-28 07:00:00,60.55,1654.763512109421,Hold,1654.763512109422,1955.7493540051748
Hold,2019-03-28 08:00:00,60.55,1654.763512109421,Hold,1654.763512109422,1955.7493540051748
Hold,2019-03-28 09:00:00,60.63,1656.9498222823156,Hold,1656.9498222823165,1958.3333333333405
Hold,2019-03-28 10:00:00,60.47,1652.5772019365268,Hold,1652.5772019365274,1953.1653746770096
Hold,2019-03-28 11:00:00,60.31,1648.2045815907381,Hold,1648.2045815907388,1947.9974160206789
Hold,2019-03-28 12:00:00,60.38,1650.1176029920207,Hold,1650.1176029920214,1950.2583979328235
Hold,2019-03-28 13:00:00,60.64,1657.2231110539274,Hold,1657.2231110539283,1958.656330749361
Hold,2019-03-28 14:00:00,60.63,1656.9498222823156,Hold,1656.9498222823163,1958.3333333333403
Hold,2019-03-28 15:00:00,60.56,1655.0368008810333,Hold,1655.036800881034,1956.0723514211957
Hold,2019-03-28 16:00:00,60.39,1650.3908917636325,Hold,1650.390891763633,1950.5813953488441
Hold,2019-03-28 17:00:00,60.47,1652.5772019365268,Hold,1652.5772019365274,1953.1653746770096
Hold,2019-03-28 18:00:00,60.55,1654.763512109421,Hold,1654.7635121094218,1955.7493540051748
Hold,2019-03-28 19:00:00,60.37,1649.844314220409,Hold,1649.8443142204098,1949.9354005168027
Hold,2019-03-28 20:00:00,60.47,1652.5772019365268,Hold,1652.5772019365277,1953.1653746770098
Hold,2019-03-28 21:00:00,60.45,1652.0306243933035,Hold,1652.0306243933044,1952.5193798449686
Hold,2019-03-28 22:00:00,60.43,1651.4840468500795,Hold,1651.4840468500804,1951.8733850129272
Hold,2019-03-28 23:00:00,60.5,1653.3970682513623,Hold,1653.3970682513634,1954.1343669250718
Hold,2019-03-29 00:00:00,60.51,1653.6703570229738,Hold,1653.6703570229752,1954.4573643410924
Hold,2019-03-29 01:00:00,60.54,1654.4902233378093,Hold,1654.4902233378107,1955.4263565891542
Hold,2019-03-29 02:00:00,60.56,1655.0368008810333,Hold,1655.0368008810349,1956.0723514211957
Hold,2019-03-29 03:00:00,60.59,1655.8566671958683,Hold,1655.85666719587,1957.041343669258
Hold,2019-03-29 04:00:00,60.34,1649.0244479055737,Hold,1649.024447905575,1948.9664082687411
Hold,2019-03-29 05:00:00,60.31,1648.2045815907381,Hold,1648.2045815907395,1947.9974160206789
Hold,2019-03-29 06:00:00,60.36,1649.571025448797,Hold,1649.5710254487983,1949.612403100782
Hold,2019-03-29 07:00:00,60.22,1645.7449826462318,Hold,1645.7449826462332,1945.090439276493
Hold,2019-03-29 08:00:00,60.66,1657.769688597151,Hold,1657.769688597152,1959.3023255814023
Hold,2019-03-29 09:00:00,60.95,1665.695062973893,Hold,1665.695062973894,1968.669250646002
Hold,2019-03-29 10:00:00,61.07,1668.9745282332347,Hold,1668.9745282332356,1972.54521963825
Hold,2019-03-29 11:00:00,61.53,1681.5458117273772,Hold,1681.5458117273781,1987.403100775201
Hold,2019-03-29 12:00:00,61.1,1669.79439454807,Hold,1669.7943945480706,1973.514211886312
Hold,2019-03-29 13:00:00,61.22,1673.0738598074113,Hold,1673.073859807412,1977.39018087856
Hold,2019-03-29 14:00:00,60.89,1664.0553303442223,Hold,1664.055330344223,1966.7312661498777
Hold,2019-03-29 15:00:00,60.96,1665.9683517455048,Hold,1665.9683517455053,1968.9922480620226
Hold,2019-03-29 16:00:00,61.09,1669.5211057764582,Hold,1669.5211057764586,1973.1912144702912
Hold,2019-03-29 17:00:00,60.98,1666.5149292887284,Hold,1666.5149292887286,1969.6382428940635
Hold,2019-03-29 18:00:00,61.26,1674.1670148938585,Hold,1674.1670148938588,1978.6821705426423
Hold,2019-03-29 19:00:00,61.07,1668.9745282332347,Hold,1668.9745282332349,1972.5452196382496
Hold,2019-03-29 20:00:00,61.13,1670.6142608629054,Hold,1670.6142608629057,1974.4832041343739
Hold,2019-03-29 21:00:00,61.29,1674.986881208694,Hold,1674.9868812086943,1979.6511627907043
Hold,2019-03-29 22:00:00,61.31,1675.5334587519178,Hold,1675.5334587519183,1980.297157622746
Hold,2019-03-29 23:00:00,61.45,1679.359501554483,Hold,1679.3595015544831,1984.8191214470353
Hold,2019-03-30 00:00:00,61.34,1676.353325066753,Hold,1676.3533250667533,1981.266149870808
Hold,2019-03-30 01:00:00,61.19,1672.2539934925762,Hold,1672.2539934925765,1976.4211886304977
Hold,2019-03-30 02:00:00,60.99,1666.7882180603401,Hold,1666.7882180603401,1969.9612403100843
Hold,2019-03-30 03:00:00,60.69,1658.5895549119864,Hold,1658.5895549119864,1960.271317829464
Hold,2019-03-30 04:00:00,60.56,1655.0368008810333,Hold,1655.0368008810335,1956.0723514211952
Hold,2019-03-30 05:00:00,60.84,1662.6888864861635,Hold,1662.6888864861635,1965.1162790697742
Hold,2019-03-30 06:00:00,60.94,1665.421774202281,Hold,1665.4217742022813,1968.3462532299807
Hold,2019-03-30 07:00:00,60.78,1661.0491538564925,Hold,1661.0491538564925,1963.17829457365
Hold,2019-03-30 08:00:00,60.81,1661.869020171328,Hold,1661.8690201713277,1964.147286821712
Hold,2019-03-30 09:00:00,60.75,1660.229287541657,Hold,1660.229287541657,1962.209302325588
Hold,2019-03-30 10:00:00,60.72,1659.4094212268217,Hold,1659.4094212268215,1961.240310077526
Hold,2019-03-30 11:00:00,60.8,1661.595731399716,Hold,1661.595731399716,1963.8242894056914
Hold,2019-03-30 12:00:00,60.75,1660.229287541657,Hold,1660.2292875416572,1962.2093023255882
Hold,2019-03-30 13:00:00,60.59,1655.8566671958683,Hold,1655.8566671958686,1957.0413436692575
Hold,2019-03-30 14:00:00,60.6,1656.1299559674803,Hold,1656.1299559674806,1957.3643410852778
Hold,2019-03-30 15:00:00,60.38,1650.1176029920207,Hold,1650.117602992021,1950.258397932823
Hold,2019-03-30 16:00:00,60.36,1649.571025448797,Hold,1649.571025448797,1949.6124031007816
Hold,2019-03-30 17:00:00,60.27,1647.111426504291,Hold,1647.111426504291,1946.7054263565958
Hold,2019-03-30 18:00:00,60.36,1649.571025448797,Hold,1649.5710254487972,1949.6124031007816
Hold,2019-03-30 19:00:00,60.26,1646.8381377326791,Hold,1646.8381377326793,1946.3824289405748
Hold,2019-03-30 20:00:00,60.31,1648.2045815907381,Hold,1648.2045815907381,1947.9974160206782
Hold,2019-03-30 21:00:00,60.35,1649.2977366771854,Hold,1649.2977366771854,1949.289405684761
Hold,2019-03-30 22:00:00,60.42,1651.210758078468,Hold,1651.210758078468,1951.5503875969055
Hold,2019-03-30 23:00:00,60.45,1652.0306243933035,Hold,1652.0306243933035,1952.5193798449675
Hold,2019-03-31 00:00:00,60.19,1644.9251163313966,Hold,1644.9251163313966,1944.12144702843
Hold,2019-03-31 01:00:00,60.0,1639.7326296707724,Hold,1639.7326296707724,1937.9844961240374
Hold,2019-03-31 02:00:00,59.9,1636.9997419546546,Hold,1636.9997419546544,1934.7545219638305
Hold,2019-03-31 03:00:00,60.13,1643.285383701726,Hold,1643.2853837017258,1942.183462532306
Hold,2019-03-31 04:00:00,60.12,1643.0120949301138,Hold,1643.0120949301138,1941.8604651162852
Hold,2019-03-31 05:00:00,60.01,1640.0059184423842,Hold,1640.005918442384,1938.3074935400577
Hold,2019-03-31 06:00:00,60.0,1639.7326296707724,Hold,1639.7326296707724,1937.9844961240372
Hold,2019-03-31 07:00:00,59.95,1638.3661858127136,Hold,1638.3661858127136,1936.369509043934
Hold,2019-03-31 08:00:00,60.21,1645.4716938746203,Hold,1645.4716938746205,1944.7674418604713
Hold,2019-03-31 09:00:00,60.26,1646.8381377326791,Hold,1646.8381377326793,1946.3824289405748
Hold,2019-03-31 10:00:00,60.43,1651.4840468500795,Hold,1651.4840468500795,1951.8733850129263
Hold,2019-03-31 11:00:00,60.63,1656.9498222823156,Hold,1656.9498222823156,1958.3333333333399
Hold,2019-03-31 12:00:00,60.48,1652.8504907081388,Hold,1652.8504907081388,1953.4883720930295
Hold,2019-03-31 13:00:00,60.56,1655.0368008810333,Hold,1655.0368008810333,1956.072351421195
Hold,2019-03-31 14:00:00,60.48,1652.8504907081388,Hold,1652.8504907081385,1953.4883720930295
Hold,2019-03-31 15:00:00,60.15,1643.8319612449493,Hold,1643.831961244949,1942.8294573643475
Hold,2019-03-31 16:00:00,60.32,1648.47787036235,Hold,1648.4778703623497,1948.3204134366988
Hold,2019-03-31 17:00:00,60.36,1649.571025448797,Hold,1649.5710254487967,1949.6124031007814
Hold,2019-03-31 18:00:00,60.36,1649.571025448797,Hold,1649.5710254487967,1949.6124031007814
Hold,2019-03-31 19:00:00,60.48,1652.8504907081388,Hold,1652.8504907081385,1953.488372093029
Hold,2019-03-31 20:00:00,60.58,1655.5833784242566,Hold,1655.5833784242564,1956.7183462532357
Hold,2019-03-31 21:00:00,60.5,1653.3970682513623,Hold,1653.397068251362,1954.1343669250703
Hold,2019-03-31 22:00:00,60.58,1655.5833784242566,Hold,1655.5833784242566,1956.7183462532357
Hold,2019-03-31 23:00:00,60.48,1652.8504907081388,Hold,1652.8504907081388,1953.488372093029
Hold,2019-04-01 00:00:00,60.49,1653.1237794797505,Hold,1653.1237794797507,1953.8113695090497
Hold,2019-04-01 01:00:00,60.62,1656.6765335107036,Hold,1656.6765335107036,1958.0103359173183
Hold,2019-04-01 02:00:00,60.73,1659.6827099984334,Hold,1659.6827099984334,1961.5633074935458
Hold,2019-04-01 03:00:00,60.66,1657.769688597151,Hold,1657.769688597151,1959.3023255814012
Hold,2019-04-01 04:00:00,60.6,1656.1299559674803,Hold,1656.1299559674803,1957.3643410852774
Hold,2019-04-01 05:00:00,60.5,1653.3970682513623,Hold,1653.397068251362,1954.1343669250705
Hold,2019-04-01 06:00:00,60.64,1657.2231110539274,Hold,1657.2231110539274,1958.6563307493598
Hold,2019-04-01 07:00:00,60.56,1655.0368008810333,Hold,1655.0368008810333,1956.0723514211945
Hold,2019-04-01 08:00:00,60.61,1656.403244739092,Hold,1656.4032447390919,1957.6873385012977
Hold,2019-04-01 09:00:00,60.47,1652.5772019365268,Hold,1652.5772019365265,1953.1653746770085
Hold,2019-04-01 10:00:00,60.35,1649.2977366771854,Hold,1649.2977366771852,1949.2894056847604
Hold,2019-04-01 11:00:00,60.44,1651.7573356216915,Hold,1651.7573356216913,1952.1963824289462
Hold,2019-04-01 12:00:00,60.55,1654.763512109421,Hold,1654.7635121094208,1955.7493540051732
Hold,2019-04-01 13:00:00,60.64,1657.2231110539274,Hold,1657.2231110539271,1958.6563307493593
Hold,2019-04-01 14:00:00,60.34,1649.0244479055737,Hold,1649.0244479055734,1948.9664082687395
Hold,2019-04-01 15:00:00,60.37,1649.844314220409,Hold,1649.8443142204085,1949.9354005168013
Hold,2019-04-01 16:00:00,60.32,1648.47787036235,Hold,1648.4778703623492,1948.3204134366981
Hold,2019-04-01 17:00:00,60.33,1648.7511591339617,Hold,1648.7511591339612,1948.643410852719
Hold,2019-04-01 18:00:00,60.27,1647.111426504291,Hold,1647.1114265042906,1946.7054263565951
Hold,2019-04-01 19:00:00,60.27,1647.111426504291,Hold,1647.1114265042906,1946.7054263565951
Hold,2019-04-01 20:00:00,60.28,1647.3847152759026,Hold,1647.3847152759022,1947.0284237726157
Hold,2019-04-01 21:00:00,60.34,1649.0244479055737,Hold,1649.0244479055734,1948.9664082687398
Hold,2019-04-01 22:00:00,60.42,1651.210758078468,Hold,1651.2107580784677,1951.5503875969052
Hold,2019-04-01 23:00:00,60.45,1652.0306243933035,Hold,1652.0306243933032,1952.5193798449673
Hold,2019-04-02 00:00:00,60.53,1654.2169345661978,Hold,1654.2169345661976,1955.1033591731323
Hold,2019-04-02 01:00:00,60.41,1650.937469306856,Hold,1650.9374693068557,1951.2273901808842
Hold,2019-04-02 02:00:00,60.5,1653.3970682513623,Hold,1653.397068251362,1954.1343669250703
Hold,2019-04-02 03:00:00,60.3,1647.9312928191262,Hold,1647.9312928191262,1947.674418604657
Hold,2019-04-02 04:00:00,64.96,1775.283860390223,Hold,1775.2838603902228,2098.19121447029
Hold,2019-04-02 05:00:00,64.5,1762.7125768960805,Hold,1762.71257689608,2083.3333333333394
Hold,2019-04-02 06:00:00,67.03,1831.8546361138647,Hold,1831.8546361138642,2165.051679586569
Hold,2019-04-02 07:00:00,66.91,1828.575170854523,Hold,1828.5751708545226,2161.1757105943207
Hold,2019-04-02 08:00:00,66.35,1813.2709996442625,Hold,1813.270999644262,2143.087855297163
Hold,2019-04-02 09:00:00,66.93,1829.1217483977468,Hold,1829.1217483977464,2161.8217054263628
Hold,2019-04-02 10:00:00,67.07,1832.9477912003115,Hold,1832.9477912003113,2166.343669250652
Take-Profit,2019-04-02 11:00:00,67.61,1847.7053848673488,TP 20.0% hit,1847.7053848673484,2183.785529715769
Buy,2019-04-03 05:00:00,79.8,1847.7053848673488,Sinal: Compra,1847.7053848673484,2577.519379844969
Hold,2019-04-03 06:00:00,80.59,1862.2670766804972,Hold,1862.2670766804968,2603.0361757106025
Hold,2019-04-03 07:00:00,80.66,1863.8846309101489,Hold,1863.8846309101482,2605.2971576227465
Hold,2019-04-03 08:00:00,81.04,1872.6656395854015,Hold,1872.6656395854006,2617.5710594315324
Hold,2019-04-03 09:00:00,81.29,1878.442618977015,Hold,1878.4426189770143,2625.6459948320494
Hold,2019-04-03 10:00:00,80.99,1871.5102437070786,Hold,1871.5102437070782,2615.9560723514287
Hold,2019-04-03 11:00:00,81.86,1891.6141319898934,Hold,1891.614131989893,2644.0568475452274
Hold,2019-04-03 12:00:00,83.11,1920.4990289479604,Hold,1920.49902894796,2684.4315245478115
Hold,2019-04-03 13:00:00,86.97,2009.6955907544714,Hold,2009.695590754471,2809.108527131791
Hold,2019-04-03 14:00:00,84.94,1962.7865180945705,Hold,1962.78651809457,2743.540051679595
Hold,2019-04-03 15:00:00,86.93,2008.7712740518134,Hold,2008.7712740518132,2807.8165374677087
Hold,2019-04-03 16:00:00,94.6,2186.0090017865123,Hold,2186.0090017865123,3055.5555555555648
Hold,2019-04-03 17:00:00,93.07,2150.6538879098384,Hold,2150.6538879098384,3006.1369509044016
Hold,2019-04-03 18:00:00,92.72,2142.5661167615795,Hold,2142.566116761579,2994.8320413436786
Hold,2019-04-03 19:00:00,94.65,2187.1643976648356,Hold,2187.1643976648347,3057.170542635668
Hold,2019-04-03 20:00:00,95.5,2206.8061275963205,Hold,2206.80612759632,3084.6253229974254
Hold,2019-04-03 21:00:00,91.0,2102.82049854728,Hold,2102.8204985472794,2939.2764857881225
Trailing-Stop,2019-04-03 22:00:00,83.94,1939.6786005281167,Trailing stop 10.0% hit,1939.6786005281162,2711.2403100775277
Buy,2019-04-03 23:00:00,85.19,1939.6786005281167,Sinal: Compra,1939.6786005281162,2751.614987080112
Hold,2019-04-04 00:00:00,86.78,1971.9312907762796,Hold,1971.9312907762794,2802.971576227399
Hold,2019-04-04 01:00:00,85.92,1952.389219906637,Hold,1952.3892199066368,2775.1937984496208
Hold,2019-04-04 02:00:00,85.85,1950.7985862312007,Hold,1950.7985862312005,2772.9328165374764
Hold,2019-04-04 03:00:00,85.02,1931.9382155081735,Hold,1931.9382155081735,2746.1240310077605
Hold,2019-04-04 04:00:00,86.93,1975.3397915093572,Hold,1975.3397915093572,2807.816537467709
Hold,2019-04-04 05:00:00,87.08,1978.7482922424342,Hold,1978.748292242434,2812.661498708019
Hold,2019-04-04 06:00:00,87.79,1994.881862379,Hold,1994.8818623789998,2835.594315245487
Hold,2019-04-04 07:00:00,87.49,1988.0648609128452,Hold,1988.064860912845,2825.9043927648663
Hold,2019-04-04 08:00:00,87.11,1979.4299923890496,Hold,1979.4299923890494,2813.630490956081
Hold,2019-04-04 09:00:00,86.7,1970.1134237186386,Hold,1970.1134237186386,2800.387596899234
Hold,2019-04-04 10:00:00,85.24,1936.9373499166868,Hold,1936.9373499166866,2753.2299741602155
Hold,2019-04-04 11:00:00,86.3,1961.0240884304326,Hold,1961.0240884304326,2787.4677002584067
Hold,2019-04-04 12:00:00,86.97,1976.2487250381776,Hold,1976.2487250381778,2809.108527131792
Hold,2019-04-04 13:00:00,86.42,1963.7508890168945,Hold,1963.7508890168947,2791.3436692506552
Hold,2019-04-04 14:00:00,85.99,1953.9798535820728,Hold,1953.979853582073,2777.454780361766
Hold,2019-04-04 15:00:00,86.19,1958.524521226176,Hold,1958.524521226176,2783.91472868218
Hold,2019-04-04 16:00:00,83.01,1886.2643056849388,Hold,1886.2643056849388,2681.201550387606
Hold,2019-04-04 17:00:00,82.4,1872.4030693704246,Hold,1872.4030693704249,2661.498708010345
Hold,2019-04-04 18:00:00,82.24,1868.7673352551421,Hold,1868.7673352551421,2656.330749354014
Hold,2019-04-04 19:00:00,80.81,1836.272961599806,Hold,1836.2729615998062,2610.142118863058
Hold,2019-04-04 20:00:00,82.45,1873.5392362814505,Hold,1873.5392362814507,2663.1136950904483
Hold,2019-04-04 21:00:00,84.79,1926.7118477174554,Hold,1926.7118477174556,2738.695090439286
Hold,2019-04-04 22:00:00,83.58,1899.216608470632,Hold,1899.2166084706323,2699.6124031007844
Hold,2019-04-04 23:00:00,84.7,1924.666747277609,Hold,1924.6667472776094,2735.7881136951005
Hold,2019-04-05 00:00:00,85.93,1952.6164532888424,Hold,1952.6164532888429,2775.5167958656434
Hold,2019-04-05 01:00:00,84.59,1922.1671800733523,Hold,1922.1671800733527,2732.235142118873
Hold,2019-04-05 02:00:00,85.6,1945.1177516760722,Hold,1945.1177516760724,2764.8578811369603
Hold,2019-04-05 03:00:00,84.39,1917.6225124292491,Hold,1917.6225124292494,2725.775193798459
Hold,2019-04-05 04:00:00,88.12,2002.3805639917698,Hold,2002.3805639917703,2846.2532299741697
Hold,2019-04-05 05:00:00,87.63,1991.2461282637173,Hold,1991.2461282637178,2830.4263565891565
Hold,2019-04-05 06:00:00,87.07,1978.521058860229,Hold,1978.5210588602292,2812.338501291999
Hold,2019-04-05 07:00:00,86.87,1973.9763912161263,Hold,1973.9763912161266,2805.878552971586
Hold,2019-04-05 08:00:00,87.45,1987.1559273840248,Hold,1987.1559273840248,2824.6124031007853
Hold,2019-04-05 09:00:00,86.9,1974.6580913627417,Hold,1974.6580913627417,2806.8475452196485
Hold,2019-04-05 10:00:00,87.42,1986.4742272374094,Hold,1986.4742272374097,2823.6434108527233
Hold,2019-04-05 11:00:00,87.99,1999.4265300231025,Hold,1999.426530023103,2842.0542635659012
Hold,2019-04-05 12:00:00,88.19,2003.9711976672058,Hold,2003.971197667206,2848.514211886315
Hold,2019-04-05 13:00:00,87.88,1996.926962818846,Hold,1996.9269628188463,2838.501291989674
Hold,2019-04-05 14:00:00,86.83,1973.0674576873055,Hold,1973.0674576873057,2804.5865633075036
Hold,2019-04-05 15:00:00,87.15,1980.3389259178703,Hold,1980.3389259178705,2814.922480620166
Hold,2019-04-05 16:00:00,87.71,1993.0639953213583,Hold,1993.0639953213588,2833.0103359173236
Hold,2019-04-05 17:00:00,87.59,1990.337194734897,Hold,1990.3371947348971,2829.134366925076
Hold,2019-04-05 18:00:00,87.49,1988.0648609128452,Hold,1988.0648609128455,2825.904392764869
Hold,2019-04-05 19:00:00,87.46,1987.3831607662298,Hold,1987.38316076623,2824.935400516807
Hold,2019-04-05 20:00:00,87.52,1988.7465610594606,Hold,1988.746561059461,2826.873385012931
Hold,2019-04-05 21:00:00,87.68,1992.3822951747434,Hold,1992.3822951747436,2832.0413436692625
Hold,2019-04-05 22:00:00,88.43,2009.4247988401294,Hold,2009.4247988401296,2856.2661498708135
Hold,2019-04-05 23:00:00,88.24,2005.1073645782315,Hold,2005.107364578232,2850.12919896642
Hold,2019-04-06 00:00:00,87.58,1990.1099613526917,Hold,1990.109961352692,2828.8113695090556
Hold,2019-04-06 01:00:00,87.32,1984.2018934153575,Hold,1984.2018934153577,2820.413436692518
Hold,2019-04-06 02:00:00,87.24,1982.3840263577165,Hold,1982.3840263577167,2817.829457364353
Hold,2019-04-06 03:00:00,87.11,1979.4299923890496,Hold,1979.4299923890499,2813.630490956084
Hold,2019-04-06 04:00:00,87.35,1984.8835935619732,Hold,1984.8835935619736,2821.38242894058
Hold,2019-04-06 05:00:00,87.32,1984.2018934153575,Hold,1984.2018934153577,2820.413436692518
Hold,2019-04-06 06:00:00,87.26,1982.838493122127,Hold,1982.8384931221271,2818.4754521963946
Hold,2019-04-06 07:00:00,87.02,1977.3848919492032,Hold,1977.3848919492034,2810.723514211898
Hold,2019-04-06 08:00:00,86.14,1957.3883543151503,Hold,1957.3883543151505,2782.299741602079
Hold,2019-04-06 09:00:00,85.82,1950.1168860845855,Hold,1950.1168860845858,2771.963824289417
Hold,2019-04-06 10:00:00,86.28,1960.5696216660224,Hold,1960.5696216660226,2786.821705426368
Hold,2019-04-06 11:00:00,86.87,1973.9763912161263,Hold,1973.9763912161268,2805.878552971588
Hold,2019-04-06 12:00:00,87.54,1989.201027823871,Hold,1989.2010278238715,2827.519379844973
Hold,2019-04-06 13:00:00,87.96,1998.7448298764873,Hold,1998.7448298764875,2841.085271317841
Hold,2019-04-06 14:00:00,91.8,2086.0024486432644,Hold,2086.002448643265,2965.11627906978
Hold,2019-04-06 15:00:00,96.03,2182.1221693160423,Hold,2182.1221693160433,3101.744186046525
Hold,2019-04-06 16:00:00,95.7,2174.623467703272,Hold,2174.623467703273,3091.085271317843
Hold,2019-04-06 17:00:00,93.8,2131.4491250842943,Hold,2131.449125084295,3029.715762273915
Hold,2019-04-06 18:00:00,93.71,2129.404024644448,Hold,2129.4040246444483,3026.8087855297285
Hold,2019-04-06 19:00:00,94.16,2139.6295268436793,Hold,2139.62952684368,3041.3436692506593
Hold,2019-04-06 20:00:00,92.0,2090.5471162873673,Hold,2090.547116287368,2971.576227390194
Hold,2019-04-06 21:00:00,91.71,2083.957348203418,Hold,2083.957348203419,2962.2093023255943
Hold,2019-04-06 22:00:00,91.68,2083.2756480568028,Hold,2083.2756480568037,2961.2403100775327
Hold,2019-04-06 23:00:00,92.21,2095.319017313675,Hold,2095.3190173136763,2978.3591731266274
Hold,2019-04-07 00:00:00,92.23,2095.773484078086,Hold,2095.773484078087,2979.005167958669
Hold,2019-04-07 01:00:00,91.55,2080.3216140881354,Hold,2080.321614088137,2957.041343669263
Hold,2019-04-07 02:00:00,93.0,2113.2704545078823,Hold,2113.2704545078836,3003.8759689922604
Hold,2019-04-07 03:00:00,92.77,2108.0440867171637,Hold,2108.044086717165,2996.447028423785
Hold,2019-04-07 04:00:00,93.69,2128.9495578800374,Hold,2128.949557880039,3026.1627906976873
Hold,2019-04-07 05:00:00,93.1,2115.5427883299335,Hold,2115.5427883299353,3007.1059431524673
Hold,2019-04-07 06:00:00,93.47,2123.950423471524,Hold,2123.950423471526,3019.056847545233
Hold,2019-04-07 07:00:00,93.03,2113.9521546544975,Hold,2113.9521546544993,3004.8449612403233
Hold,2019-04-07 08:00:00,94.28,2142.356327430141,Hold,2142.3563274301423,3045.219638242908
Hold,2019-04-07 09:00:00,92.87,2110.3164205392154,Hold,2110.316420539217,2999.6770025839933
Hold,2019-04-07 10:00:00,93.04,2114.1793880367027,Hold,2114.179388036704,3005.1679586563446
Hold,2019-04-07 11:00:00,92.39,2099.4092181933684,Hold,2099.40921819337,2984.173126615001
Hold,2019-04-07 12:00:00,93.58,2126.449990675781,Hold,2126.449990675783,3022.609819121461
Hold,2019-04-07 13:00:00,93.24,2118.724055680806,Hold,2118.724055680808,3011.627906976758
Hold,2019-04-07 14:00:00,91.94,2089.183715994136,Hold,2089.183715994138,2969.6382428940706
Hold,2019-04-07 15:00:00,90.57,2058.052742632031,Hold,2058.0527426320327,2925.3875968992384
Hold,2019-04-07 16:00:00,90.94,2066.4603777736215,Hold,2066.4603777736233,2937.338501292003
Hold,2019-04-07 17:00:00,91.79,2085.775215261059,Hold,2085.775215261061,2964.79328165376
Hold,2019-04-07 18:00:00,91.51,2079.412680559315,Hold,2079.412680559317,2955.749354005181
Hold,2019-04-07 19:00:00,91.74,2084.639048350033,Hold,2084.639048350035,2963.1782945736563
Hold,2019-04-07 20:00:00,92.08,2092.3649833450086,Hold,2092.3649833450104,2974.160206718359
Hold,2019-04-07 21:00:00,92.1,2092.8194501094185,Hold,2092.81945010942,2974.8062015504
Hold,2019-04-07 22:00:00,91.83,2086.6841487898796,Hold,2086.684148789881,2966.085271317842
Hold,2019-04-07 23:00:00,91.55,2080.3216140881354,Hold,2080.3216140881364,2957.041343669263
Hold,2019-04-08 00:00:00,93.21,2118.04235553419,Hold,2118.0423555341904,3010.658914728695
Hold,2019-04-08 01:00:00,93.0,2113.2704545078823,Hold,2113.2704545078827,3003.875968992261
Hold,2019-04-08 02:00:00,91.89,2088.0475490831104,Hold,2088.047549083111,2968.023255813966
Hold,2019-04-08 03:00:00,90.18,2049.1906407260303,Hold,2049.190640726031,2912.7906976744307
Hold,2019-04-08 04:00:00,91.2,2072.3684457109553,Hold,2072.3684457109557,2945.736434108539
Hold,2019-04-08 05:00:00,90.6,2058.7344427786466,Hold,2058.734442778647,2926.356589147298
Hold,2019-04-08 06:00:00,88.9,2020.1047678037714,Hold,2020.1047678037721,2871.447028423784
Hold,2019-04-08 07:00:00,88.58,2012.8332995732067,Hold,2012.8332995732071,2861.111111111122
Hold,2019-04-08 08:00:00,88.13,2002.6077973739748,Hold,2002.6077973739755,2846.576227390192
Hold,2019-04-08 09:00:00,89.1,2024.649435447874,Hold,2024.6494354478748,2877.906976744197
Hold,2019-04-08 10:00:00,87.34,1984.6563601797682,Hold,1984.6563601797689,2821.059431524559
Trailing-Stop,2019-04-08 11:00:00,85.38,1940.1186172675586,Trailing stop 10.0% hit,1940.1186172675593,2757.7519379845066
Buy,2019-04-15 14:00:00,81.24,1940.1186172675586,Sinal: Compra,1940.1186172675593,2624.0310077519484
Hold,2019-04-15 15:00:00,81.74,1948.1571118807867,Hold,1948.1571118807874,2640.1808785529824
Hold,2019-04-15 16:00:00,80.8,1925.7535434299923,Hold,1925.753543429993,2609.819121447039
Hold,2019-04-15 17:00:00,77.12,1838.045956303478,Hold,1838.0459563034788,2490.9560723514314
Hold,2019-04-15 18:00:00,77.56,1848.5327330251264,Hold,1848.5327330251273,2505.1679586563405
Hold,2019-04-15 19:00:00,76.54,1824.2224778976686,Hold,1824.2224778976695,2472.222222222232
Hold,2019-04-15 20:00:00,77.31,1842.5743371605533,Hold,1842.5743371605543,2497.093023255824
Hold,2019-04-15 21:00:00,77.88,1856.1594797317796,Hold,1856.1594797317807,2515.503875969002
Sell,2019-04-15 22:00:00,78.7,1875.703018167579,Sinal: Venda,1875.7030181675802,2541.9896640826973
Buy,2019-04-17 10:00:00,79.3,1875.703018167579,Sinal: Compra,1875.7030181675802,2561.369509043938
Hold,2019-04-17 11:00:00,79.63,1879.7434582123872,Hold,1879.7434582123883,2572.02842377262
Hold,2019-04-17 12:00:00,78.28,1847.8753975746033,Hold,1847.8753975746044,2528.423772609829
Hold,2019-04-17 13:00:00,78.98,1864.3995771645655,Hold,1864.3995771645668,2551.0335917312764
Hold,2019-04-17 14:00:00,79.03,1865.5798757067055,Hold,1865.5798757067066,2552.6485788113796
Hold,2019-04-17 15:00:00,78.66,1856.8456664948683,Hold,1856.8456664948694,2540.697674418615
Hold,2019-04-17 16:00:00,78.9,1862.5110994971412,Hold,1862.5110994971426,2548.4496124031116
Hold,2019-04-17 17:00:00,79.16,1868.6486519162697,Hold,1868.6486519162709,2556.8475452196485
Hold,2019-04-17 18:00:00,79.05,1866.0519951235615,Hold,1866.0519951235626,2553.294573643421
Hold,2019-04-17 19:00:00,79.46,1875.7304431691105,Hold,1875.7304431691116,2566.5374677002687
Hold,2019-04-17 20:00:00,79.26,1871.0092490005502,Hold,1871.009249000551,2560.0775193798554
Hold,2019-04-17 21:00:00,79.27,1871.245308708978,Hold,1871.245308708979,2560.400516795876
Hold,2019-04-17 22:00:00,78.74,1858.7341441622925,Hold,1858.7341441622934,2543.28165374678
Hold,2019-04-17 23:00:00,78.77,1859.4423232875765,Hold,1859.4423232875777,2544.250645994842
Hold,2019-04-18 00:00:00,79.14,1868.1765324994137,Hold,1868.1765324994149,2556.2015503876078
Hold,2019-04-18 01:00:00,80.35,1896.7397572192049,Hold,1896.739757219206,2595.2842377261086
Hold,2019-04-18 02:00:00,80.28,1895.0873392602089,Hold,1895.08733926021,2593.0232558139637
Hold,2019-04-18 03:00:00,80.62,1903.1133693467618,Hold,1903.1133693467627,2604.005167958667
Hold,2019-04-18 04:00:00,80.52,1900.7527722624814,Hold,1900.7527722624823,2600.77519379846
Hold,2019-04-18 05:00:00,80.15,1892.0185630506448,Hold,1892.0185630506458,2588.8242894056957
Hold,2019-04-18 06:00:00,80.89,1909.4869814743188,Hold,1909.4869814743195,2612.7260981912254
Hold,2019-04-18 07:00:00,80.83,1908.0706232237505,Hold,1908.0706232237512,2610.7881136951014
Hold,2019-04-18 08:00:00,80.41,1898.1561154697733,Hold,1898.1561154697742,2597.222222222233
Hold,2019-04-18 09:00:00,80.4,1897.9200557613456,Hold,1897.9200557613465,2596.8992248062123
Hold,2019-04-18 10:00:00,80.17,1892.4906824675006,Hold,1892.4906824675015,2589.470284237737
Hold,2019-04-18 11:00:00,79.8,1883.7564732556636,Hold,1883.7564732556646,2577.519379844972
Hold,2019-04-18 12:00:00,80.07,1890.1300853832201,Hold,1890.130085383221,2586.2403100775305
Hold,2019-04-18 13:00:00,80.36,1896.975816927633,Hold,1896.9758169276338,2595.60723514213
Hold,2019-04-18 14:00:00,80.27,1894.8512795517809,Hold,1894.8512795517818,2592.700258397944
Hold,2019-04-18 15:00:00,80.24,1894.1431004264966,Hold,1894.1431004264978,2591.7312661498813
Hold,2019-04-18 16:00:00,82.0,1935.68960910983,Hold,1935.689609109831,2648.5788113695203
Hold,2019-04-18 17:00:00,82.41,1945.3680571553787,Hold,1945.36805715538,2661.8217054263673
Hold,2019-04-18 18:00:00,82.37,1944.4238183216669,Hold,1944.4238183216683,2660.529715762285
Hold,2019-04-18 19:00:00,82.47,1946.784415405947,Hold,1946.7844154059483,2663.7596899224914
Hold,2019-04-18 20:00:00,82.85,1955.754684326212,Hold,1955.7546843262137,2676.033591731277
Hold,2019-04-18 21:00:00,82.76,1953.63014695036,Hold,1953.6301469503617,2673.1266149870908
Hold,2019-04-18 22:00:00,81.93,1934.0371911508337,Hold,1934.0371911508353,2646.317829457375
Hold,2019-04-18 23:00:00,81.68,1928.135698440133,Hold,1928.1356984401345,2638.2428940568584
Hold,2019-04-19 00:00:00,81.28,1918.6933101030118,Hold,1918.6933101030133,2625.3229974160313
Hold,2019-04-19 01:00:00,80.09,1890.6022048000764,Hold,1890.602204800078,2586.886304909571
Hold,2019-04-19 02:00:00,80.08,1890.3661450916484,Hold,1890.36614509165,2586.56330749355
Hold,2019-04-19 03:00:00,80.62,1903.1133693467618,Hold,1903.1133693467636,2604.005167958667
Hold,2019-04-19 04:00:00,80.92,1910.1951605996028,Hold,1910.1951605996046,2613.695090439287
Hold,2019-04-19 05:00:00,81.25,1917.9851309777277,Hold,1917.9851309777293,2624.354005167969
Hold,2019-04-19 06:00:00,81.54,1924.8308625221405,Hold,1924.8308625221423,2633.7209302325687
Hold,2019-04-19 07:00:00,81.16,1915.8605936018753,Hold,1915.860593601877,2621.4470284237827
Hold,2019-04-19 08:00:00,81.56,1925.3029819389965,Hold,1925.3029819389983,2634.36692506461
Hold,2019-04-19 09:00:00,81.37,1920.817847478864,Hold,1920.817847478866,2628.229974160217
Hold,2019-04-19 10:00:00,81.15,1915.6245338934475,Hold,1915.6245338934496,2621.1240310077624
Hold,2019-04-19 11:00:00,81.32,1919.6375489367238,Hold,1919.6375489367258,2626.614987080113
Hold,2019-04-19 12:00:00,81.17,1916.0966533103035,Hold,1916.0966533103056,2621.7700258398036
Hold,2019-04-19 13:00:00,81.37,1920.817847478864,Hold,1920.817847478866,2628.229974160217
Hold,2019-04-19 14:00:00,81.3,1919.1654295198675,Hold,1919.1654295198693,2625.968992248072
Hold,2019-04-19 15:00:00,82.75,1953.3940872419316,Hold,1953.3940872419337,2672.80361757107
Hold,2019-04-19 16:00:00,81.5,1923.8866236884285,Hold,1923.8866236884305,2632.428940568486
Hold,2019-04-19 17:00:00,81.67,1927.899638731705,Hold,1927.899638731707,2637.919896640837
Hold,2019-04-19 18:00:00,81.9,1933.3290120255494,Hold,1933.3290120255517,2645.348837209313
Hold,2019-04-19 19:00:00,81.84,1931.9126537749814,Hold,1931.9126537749837,2643.410852713189
Hold,2019-04-19 20:00:00,81.56,1925.3029819389965,Hold,1925.3029819389988,2634.36692506461
Hold,2019-04-19 21:00:00,81.71,1928.8438775654167,Hold,1928.8438775654192,2639.2118863049195
Hold,2019-04-19 22:00:00,81.68,1928.135698440133,Hold,1928.1356984401357,2638.2428940568584
Hold,2019-04-19 23:00:00,82.05,1936.8699076519697,Hold,1936.8699076519724,2650.1937984496226
Hold,2019-04-20 00:00:00,81.65,1927.4275193148487,Hold,1927.4275193148515,2637.273901808796
Hold,2019-04-20 01:00:00,82.08,1937.578086777254,Hold,1937.5780867772567,2651.1627906976846
Hold,2019-04-20 02:00:00,81.96,1934.7453702761175,Hold,1934.7453702761204,2647.2868217054365
Hold,2019-04-20 03:00:00,81.81,1931.2044746496972,Hold,1931.2044746497002,2642.4418604651264
Hold,2019-04-20 04:00:00,82.23,1941.1189824036744,Hold,1941.1189824036771,2656.0077519379947
Hold,2019-04-20 05:00:00,82.01,1935.925668818258,Hold,1935.9256688182606,2648.90180878554
Hold,2019-04-20 06:00:00,81.95,1934.5093105676897,Hold,1934.5093105676924,2646.963824289416
Hold,2019-04-20 07:00:00,81.99,1935.4535494014015,Hold,1935.4535494014042,2648.255813953499
Hold,2019-04-20 08:00:00,81.9,1933.3290120255494,Hold,1933.3290120255522,2645.3488372093134
Hold,2019-04-20 09:00:00,81.05,1913.263936809167,Hold,1913.26393680917,2617.894056847556
Hold,2019-04-20 10:00:00,80.51,1900.5167125540536,Hold,1900.5167125540565,2600.45219638244
Hold,2019-04-20 11:00:00,80.77,1906.654264973182,Hold,1906.654264973185,2608.850129198977
Hold,2019-04-20 12:00:00,81.11,1914.6802950597353,Hold,1914.6802950597385,2619.83204134368
Sell,2019-04-20 13:00:00,81.06,1913.4999965175953,Sinal: Venda,1913.4999965175984,2618.2170542635768
Buy,2019-05-03 09:00:00,79.58,1913.4999965175953,Sinal: Compra,1913.4999965175984,2570.4134366925173
Hold,2019-05-03 10:00:00,78.61,1886.3978974243578,Hold,1886.3978974243612,2539.0826873385117
Hold,2019-05-03 11:00:00,78.83,1891.6772198697636,Hold,1891.677219869767,2546.1886304909663
Hold,2019-05-03 12:00:00,79.34,1903.915649175023,Hold,1903.9156491750264,2562.6614987080206
Hold,2019-05-03 13:00:00,79.78,1914.4742940658346,Hold,1914.474294065838,2576.87338501293
Hold,2019-05-03 14:00:00,79.34,1903.915649175023,Hold,1903.9156491750264,2562.6614987080206
Hold,2019-05-03 15:00:00,79.07,1897.4364807192974,Hold,1897.4364807193008,2553.940568475462
Hold,2019-05-03 16:00:00,78.74,1889.5174970511885,Hold,1889.5174970511919,2543.2816537467797
Hold,2019-05-03 17:00:00,78.49,1883.5182669995909,Hold,1883.5182669995943,2535.206718346263
Hold,2019-05-03 18:00:00,78.83,1891.6772198697636,Hold,1891.6772198697672,2546.188630490966
Hold,2019-05-03 19:00:00,78.79,1890.7173430615082,Hold,1890.7173430615119,2544.8966408268834
Hold,2019-05-03 20:00:00,79.29,1902.7158031647036,Hold,1902.7158031647073,2561.0465116279174
Hold,2019-05-03 21:00:00,79.45,1906.5553103977259,Hold,1906.5553103977295,2566.2144702842484
Hold,2019-05-03 22:00:00,79.28,1902.4758339626394,Hold,1902.475833962643,2560.723514211897
Hold,2019-05-03 23:00:00,79.22,1901.036018750256,Hold,1901.0360187502597,2558.785529715773
Hold,2019-05-04 00:00:00,81.29,1950.7096435774845,Hold,1950.7096435774884,2625.645994832052
Hold,2019-05-04 01:00:00,82.3,1974.9465329859388,Hold,1974.946532985943,2658.2687338501405
Hold,2019-05-04 02:00:00,81.4,1953.3493048001876,Hold,1953.3493048001915,2629.19896640828
Hold,2019-05-04 03:00:00,79.87,1916.6340168844101,Hold,1916.634016884414,2579.7803617571167
Hold,2019-05-04 04:00:00,78.27,1878.238944554185,Hold,1878.238944554189,2528.100775193809
Hold,2019-05-04 05:00:00,77.87,1868.640176471629,Hold,1868.640176471633,2515.1808785529824
Hold,2019-05-04 06:00:00,78.48,1883.278297797527,Hold,1883.278297797531,2534.8837209302437
Hold,2019-05-04 07:00:00,78.21,1876.7991293418015,Hold,1876.7991293418052,2526.1627906976855
Hold,2019-05-04 08:00:00,78.03,1872.4796837046513,Hold,1872.479683704655,2520.348837209314
Hold,2019-05-04 09:00:00,77.43,1858.0815315808172,Hold,1858.0815315808209,2500.9689922480734
Hold,2019-05-04 10:00:00,76.94,1846.3230406796856,Hold,1846.323040679689,2485.14211886306
Hold,2019-05-04 11:00:00,77.22,1853.042178337475,Hold,1853.0421783374786,2494.186046511639
Hold,2019-05-04 12:00:00,76.54,1836.7242725971296,Hold,1836.7242725971332,2472.2222222222335
Hold,2019-05-04 13:00:00,75.17,1803.8484919143746,Hold,1803.8484919143782,2427.9715762274013
Hold,2019-05-04 14:00:00,76.01,1824.0059048877426,Hold,1824.005904887746,2455.103359173138
Hold,2019-05-04 15:00:00,75.95,1822.5660896753593,Hold,1822.5660896753627,2453.165374677014
Hold,2019-05-04 16:00:00,76.51,1836.004364990938,Hold,1836.0043649909414,2471.2532299741715
Sell,2019-05-04 17:00:00,76.52,1836.2443341930016,Sinal: Venda,1836.2443341930052,2471.5762273901923
Buy,2019-05-05 08:00:00,76.63,1836.2443341930016,Sinal: Compra,1836.2443341930052,2475.1291989664196
Hold,2019-05-05 09:00:00,76.25,1823.486144263114,Hold,1823.486144263118,2462.855297157634
Hold,2019-05-05 10:00:00,76.47,1828.7473501875454,Hold,1828.747350187549,2469.9612403100887
Hold,2019-05-05 11:00:00,75.71,1810.5722751758735,Hold,1810.572275175877,2445.4134366925177
Hold,2019-05-05 12:00:00,76.38,1826.595038673005,Hold,1826.5950386730087,2467.0542635659026
Hold,2019-05-05 13:00:00,76.55,1830.6605159782475,Hold,1830.6605159782514,2472.545219638254
Hold,2019-05-05 14:00:00,76.05,1818.7032297863584,Hold,1818.703229786362,2456.3953488372204
Hold,2019-05-05 15:00:00,76.37,1826.3558929491676,Hold,1826.3558929491714,2466.7312661498822
Hold,2019-05-05 16:00:00,75.99,1817.2683554433315,Hold,1817.2683554433356,2454.4573643410963
Hold,2019-05-05 17:00:00,75.77,1812.0071495189002,Hold,1812.007149518904,2447.3514211886422
Hold,2019-05-05 18:00:00,75.95,1816.3117725479806,Hold,1816.3117725479847,2453.165374677014
Hold,2019-05-05 19:00:00,76.4,1827.0733301206808,Hold,1827.0733301206847,2467.7002583979447
Hold,2019-05-05 20:00:00,76.77,1835.9217219026789,Hold,1835.921721902683,2479.651162790709
Hold,2019-05-05 21:00:00,76.47,1828.7473501875454,Hold,1828.7473501875493,2469.9612403100887
Hold,2019-05-05 22:00:00,75.67,1809.6156922805226,Hold,1809.6156922805264,2444.1214470284353
Hold,2019-05-05 23:00:00,75.7,1810.3331294520358,Hold,1810.3331294520394,2445.0904392764974
Hold,2019-05-06 00:00:00,74.03,1770.3957935711258,Hold,1770.3957935711294,2391.149870801045
Hold,2019-05-06 01:00:00,73.76,1763.9388590275057,Hold,1763.9388590275094,2382.428940568487
Hold,2019-05-06 02:00:00,73.85,1766.0911705420453,Hold,1766.091170542049,2385.3359173126723
Hold,2019-05-06 03:00:00,72.54,1734.7630807192959,Hold,1734.7630807192995,2343.0232558139646
Hold,2019-05-06 04:00:00,73.15,1749.3509698734008,Hold,1749.3509698734042,2362.726098191226
Hold,2019-05-06 05:00:00,72.96,1744.8072011204824,Hold,1744.8072011204858,2356.5891472868325
Hold,2019-05-06 06:00:00,72.8,1740.980869539078,Hold,1740.9808695390814,2351.421188630502
Hold,2019-05-06 07:00:00,71.95,1720.6534830128662,Hold,1720.6534830128696,2323.966408268745
Hold,2019-05-06 08:00:00,72.25,1727.827854728,Hold,1727.8278547280033,2333.656330749365
Hold,2019-05-06 09:00:00,73.53,1758.4385073792364,Hold,1758.4385073792398,2375.0000000000114
Sell,2019-05-06 10:00:00,73.38,1754.8513215216694,Sinal: Venda,1754.8513215216728,2370.1550387597013
Buy,2019-05-07 05:00:00,76.61,1754.8513215216694,Sinal: Compra,1754.8513215216728,2474.483204134379
Hold,2019-05-07 06:00:00,77.3,1767.1171229516372,Hold,1767.1171229516406,2496.7700258398054
Hold,2019-05-07 07:00:00,76.68,1752.943609158235,Hold,1752.9436091582381,2476.744186046524
Hold,2019-05-07 08:00:00,76.42,1746.999877567453,Hold,1746.9998775674562,2468.346253229987
Hold,2019-05-07 09:00:00,76.8,1755.6868698924418,Hold,1755.6868698924447,2480.6201550387723
Hold,2019-05-07 10:00:00,76.89,1757.744315443097,Hold,1757.7443154431,2483.5271317829583
Hold,2019-05-07 11:00:00,76.74,1754.3152395253383,Hold,1754.3152395253412,2478.6821705426482
Hold,2019-05-07 12:00:00,77.15,1763.6880470338788,Hold,1763.6880470338815,2491.925064599496
Hold,2019-05-07 13:00:00,77.59,1773.7466697259708,Hold,1773.7466697259738,2506.1369509044057
Hold,2019-05-07 14:00:00,74.57,1704.7079412484293,Hold,1704.7079412484322,2408.591731266162
Hold,2019-05-07 15:00:00,74.71,1707.9084121050041,Hold,1707.908412105007,2413.113695090451
Hold,2019-05-07 16:00:00,75.37,1722.9963461431425,Hold,1722.9963461431455,2434.431524547816
Hold,2019-05-07 17:00:00,74.84,1710.8802779003952,Hold,1710.880277900398,2417.31266149872
Hold,2019-05-07 18:00:00,74.89,1712.0233032063147,Hold,1712.0233032063175,2418.9276485788237
Hold,2019-05-07 19:00:00,74.84,1710.8802779003952,Hold,1710.8802779003977,2417.3126614987204
Hold,2019-05-07 20:00:00,75.11,1717.0526145523606,Hold,1717.0526145523634,2426.033591731279
Hold,2019-05-07 21:00:00,75.67,1729.8544979786598,Hold,1729.8544979786627,2444.1214470284367
Hold,2019-05-07 22:00:00,75.78,1732.3691536516828,Hold,1732.3691536516856,2447.6744186046644
Hold,2019-05-07 23:00:00,74.61,1705.622361493165,Hold,1705.6223614931678,2409.8837209302455
Hold,2019-05-08 00:00:00,73.57,1681.847435130038,Hold,1681.8474351300408,2376.291989664095
Hold,2019-05-08 01:00:00,74.51,1703.336310881326,Hold,1703.336310881329,2406.653746770039
Hold,2019-05-08 02:00:00,73.83,1687.79116672082,Hold,1687.791166720823,2384.689922480633
Hold,2019-05-08 03:00:00,74.06,1693.04908312805,Hold,1693.0490831280526,2392.1188630491088
Hold,2019-05-08 04:00:00,74.8,1709.9658576556594,Hold,1709.965857655662,2416.020671834638
Hold,2019-05-08 05:00:00,74.73,1708.3656222273721,Hold,1708.3656222273746,2413.7596899224936
Hold,2019-05-08 06:00:00,74.04,1692.5918730056821,Hold,1692.5918730056846,2391.472868217067
Hold,2019-05-08 07:00:00,73.59,1682.3046452524063,Hold,1682.3046452524086,2376.9379844961363
Hold,2019-05-08 08:00:00,74.07,1693.277688189234,Hold,1693.2776881892362,2392.4418604651282
Hold,2019-05-08 09:00:00,73.98,1691.2202426385786,Hold,1691.2202426385807,2389.5348837209426
Hold,2019-05-08 10:00:00,74.25,1697.3925792905443,Hold,1697.392579290546,2398.2558139535004
Hold,2019-05-08 11:00:00,74.4,1700.8216552083031,Hold,1700.821655208305,2403.100775193811
Hold,2019-05-08 12:00:00,73.91,1689.6200072102913,Hold,1689.620007210293,2387.2739018087973
Hold,2019-05-08 13:00:00,74.22,1696.7067641069925,Hold,1696.7067641069941,2397.2868217054383
Hold,2019-05-08 14:00:00,74.21,1696.4781590458083,Hold,1696.4781590458101,2396.963824289417
Hold,2019-05-08 15:00:00,74.24,1697.1639742293603,Hold,1697.163974229362,2397.932816537479
Hold,2019-05-08 16:00:00,73.57,1681.847435130038,Hold,1681.84743513004,2376.2919896640933
Hold,2019-05-08 17:00:00,73.74,1685.7337211701645,Hold,1685.733721170166,2381.782945736445
Hold,2019-05-08 18:00:00,73.86,1688.4769819043718,Hold,1688.4769819043736,2385.658914728693
Hold,2019-05-08 19:00:00,74.05,1692.820478066866,Hold,1692.820478066868,2391.7958656330857
Hold,2019-05-08 20:00:00,74.32,1698.9928147188316,Hold,1698.9928147188336,2400.516795865644
Hold,2019-05-08 21:00:00,74.6,1705.393756431981,Hold,1705.393756431983,2409.5607235142224
Hold,2019-05-08 22:00:00,74.97,1713.852143695786,Hold,1713.8521436957878,2421.5116279069875
Hold,2019-05-08 23:00:00,74.44,1701.7360754530384,Hold,1701.7360754530403,2404.392764857892
Hold,2019-05-09 00:00:00,75.06,1715.909589246441,Hold,1715.909589246443,2424.4186046511736
Hold,2019-05-09 01:00:00,75.75,1731.683338468131,Hold,1731.683338468133,2446.7054263566006
Hold,2019-05-09 02:00:00,75.48,1725.5110018161654,Hold,1725.5110018161672,2437.9844961240424
Hold,2019-05-09 03:00:00,75.3,1721.396110714855,Hold,1721.396110714857,2432.1705426356702
Hold,2019-05-09 04:00:00,75.49,1725.7396068773492,Hold,1725.7396068773512,2438.3074935400628
Hold,2019-05-09 05:00:00,74.36,1699.9072349635671,Hold,1699.9072349635692,2401.8087855297267
Hold,2019-05-09 06:00:00,74.37,1700.1358400247511,Hold,1700.1358400247532,2402.1317829457475
Hold,2019-05-09 07:00:00,74.28,1698.078394474096,Hold,1698.0783944740983,2399.2248062015615
Hold,2019-05-09 08:00:00,74.38,1700.3644450859351,Hold,1700.3644450859372,2402.454780361768
Hold,2019-05-09 09:00:00,74.27,1697.849789412912,Hold,1697.849789412914,2398.90180878554
Hold,2019-05-09 10:00:00,74.36,1699.9072349635671,Hold,1699.9072349635692,2401.8087855297267
Hold,2019-05-09 11:00:00,73.77,1686.4195363537165,Hold,1686.4195363537185,2382.7519379845066
Hold,2019-05-09 12:00:00,73.34,1676.5895187228084,Hold,1676.5895187228105,2368.863049095618
Hold,2019-05-09 13:00:00,74.13,1694.6493185563372,Hold,1694.6493185563393,2394.3798449612505
Hold,2019-05-09 14:00:00,73.71,1685.047905986613,Hold,1685.0479059866148,2380.813953488382
Hold,2019-05-09 15:00:00,73.32,1676.1323086004402,Hold,1676.132308600442,2368.217054263576
Hold,2019-05-09 16:00:00,73.74,1685.7337211701645,Hold,1685.7337211701663,2381.782945736444
Hold,2019-05-09 17:00:00,73.1,1671.1029972543943,Hold,1671.1029972543963,2361.111111111121
Hold,2019-05-09 18:00:00,73.08,1670.6457871320265,Hold,1670.6457871320283,2360.4651162790797
Hold,2019-05-09 19:00:00,73.05,1669.959971948475,Hold,1669.9599719484768,2359.496124031018
Hold,2019-05-09 20:00:00,73.42,1678.4183592122795,Hold,1678.4183592122813,2371.447028423783
Hold,2019-05-09 21:00:00,74.03,1692.3632679444981,Hold,1692.3632679445,2391.1498708010445
Hold,2019-05-09 22:00:00,74.04,1692.5918730056821,Hold,1692.5918730056842,2391.4728682170658
Hold,2019-05-09 23:00:00,74.19,1696.0209489234408,Hold,1696.0209489234426,2396.3178294573754
Hold,2019-05-10 00:00:00,73.09,1670.8743921932105,Hold,1670.8743921932123,2360.788113695102
Hold,2019-05-10 01:00:00,73.32,1676.1323086004402,Hold,1676.1323086004418,2368.2170542635768
Hold,2019-05-10 02:00:00,73.02,1669.274156764923,Hold,1669.2741567649246,2358.5271317829565
Hold,2019-05-10 03:00:00,73.4,1677.961149089912,Hold,1677.9611490899135,2370.8010335917425
Hold,2019-05-10 04:00:00,77.5,1771.6892241753158,Hold,1771.6892241753176,2503.2299741602183
Hold,2019-05-10 05:00:00,76.78,1755.229659770074,Hold,1755.2296597700758,2479.97416020673
Hold,2019-05-10 06:00:00,76.9,1757.972920504281,Hold,1757.972920504283,2483.8501291989783
Hold,2019-05-10 07:00:00,77.0,1760.25897111612,Hold,1760.2589711161218,2487.0801033591847
Hold,2019-05-10 08:00:00,76.12,1740.1417257319358,Hold,1740.1417257319379,2458.6563307493657
Hold,2019-05-10 09:00:00,76.1,1739.6845156095678,Hold,1739.6845156095696,2458.010335917324
Hold,2019-05-10 10:00:00,75.76,1731.911943529315,Hold,1731.9119435293169,2447.0284237726214
Hold,2019-05-10 11:00:00,76.18,1741.5133560990394,Hold,1741.5133560990412,2460.5943152454897
Hold,2019-05-10 12:00:00,75.94,1736.0268346306252,Hold,1736.026834630627,2452.842377260993
Hold,2019-05-10 13:00:00,75.78,1732.3691536516828,Hold,1732.3691536516847,2447.674418604662
Hold,2019-05-10 14:00:00,75.53,1726.654027122085,Hold,1726.654027122087,2439.5994832041456
Hold,2019-05-10 15:00:00,76.32,1744.713826955614,Hold,1744.7138269556162,2465.1162790697786
Hold,2019-05-10 16:00:00,76.43,1747.228482628637,Hold,1747.228482628639,2468.6692506460063
Hold,2019-05-10 17:00:00,76.97,1759.5731559325682,Hold,1759.5731559325702,2486.1111111111227
Hold,2019-05-10 18:00:00,76.86,1757.0585002595453,Hold,1757.0585002595474,2482.5581395348954
Hold,2019-05-10 19:00:00,77.07,1761.8592065444072,Hold,1761.8592065444095,2489.341085271329
Hold,2019-05-10 20:00:00,77.3,1767.1171229516372,Hold,1767.1171229516392,2496.7700258398045
Hold,2019-05-10 21:00:00,77.15,1763.6880470338788,Hold,1763.6880470338808,2491.925064599495
Hold,2019-05-10 22:00:00,77.9,1780.8334266226723,Hold,1780.833426622674,2516.1498708010454
Hold,2019-05-10 23:00:00,77.11,1762.773626789143,Hold,1762.773626789145,2490.633074935412
Hold,2019-05-11 00:00:00,77.88,1780.376216500304,Hold,1780.3762165003059,2515.5038759690033
Hold,2019-05-11 01:00:00,78.2,1787.6915784581893,Hold,1787.691578458191,2525.839793281665
Hold,2019-05-11 02:00:00,78.89,1803.4653276798792,Hold,1803.4653276798808,2548.126614987091
Hold,2019-05-11 03:00:00,78.9,1803.6939327410632,Hold,1803.6939327410648,2548.449612403112
Hold,2019-05-11 04:00:00,77.9,1780.8334266226723,Hold,1780.8334266226736,2516.1498708010445
Hold,2019-05-11 05:00:00,78.93,1804.3797479246152,Hold,1804.3797479246168,2549.418604651174
Hold,2019-05-11 06:00:00,78.77,1800.7220669456724,Hold,1800.722066945674,2544.2506459948427
Hold,2019-05-11 07:00:00,79.15,1809.4090592706611,Hold,1809.4090592706632,2556.5245478036286
Hold,2019-05-11 08:00:00,84.9,1940.8569694514106,Hold,1940.8569694514126,2742.2480620155156
Hold,2019-05-11 09:00:00,85.85,1962.5744502638815,Hold,1962.5744502638836,2772.9328165374795
Hold,2019-05-11 10:00:00,87.35,1996.8652094414683,Hold,1996.8652094414706,2821.3824289405807
Hold,2019-05-11 11:00:00,85.91,1963.946080630985,Hold,1963.9460806309871,2774.870801033604
Hold,2019-05-11 12:00:00,86.79,1984.0633260151697,Hold,1984.063326015172,2803.294573643423
Hold,2019-05-11 13:00:00,86.66,1981.0914602197786,Hold,1981.0914602197809,2799.095607235154
Hold,2019-05-11 14:00:00,86.43,1975.833543812549,Hold,1975.8335438125512,2791.666666666679
Hold,2019-05-11 15:00:00,89.58,2047.8441380854806,Hold,2047.8441380854827,2893.410852713191
Hold,2019-05-11 16:00:00,88.2,2016.2966396421011,Hold,2016.296639642103,2848.837209302338
Hold,2019-05-11 17:00:00,91.2,2084.8781579972747,Hold,2084.8781579972765,2945.7364341085404
Hold,2019-05-11 18:00:00,90.77,2075.0481403663666,Hold,2075.0481403663684,2931.8475452196512
Hold,2019-05-11 19:00:00,88.67,2027.041077517745,Hold,2027.0410775177465,2864.0180878553097
Hold,2019-05-11 20:00:00,90.21,2062.2462569400673,Hold,2062.2462569400686,2913.7596899224936
Hold,2019-05-11 21:00:00,91.36,2088.535838976217,Hold,2088.5358389762187,2950.9043927648713
Hold,2019-05-11 22:00:00,91.34,2088.0786288538493,Hold,2088.078628853851,2950.25839793283
Hold,2019-05-11 23:00:00,86.59,1979.4912247914915,Hold,1979.4912247914933,2796.83462532301
Hold,2019-05-12 00:00:00,86.11,1968.5181818546637,Hold,1968.5181818546655,2781.330749354018
Hold,2019-05-12 01:00:00,88.15,2015.1536143361816,Hold,2015.1536143361834,2847.222222222236
Hold,2019-05-12 02:00:00,86.84,1985.2063513210892,Hold,1985.206351321091,2804.9095607235276
Hold,2019-05-12 03:00:00,88.6,2025.4408420894574,Hold,2025.4408420894592,2861.757105943166
Hold,2019-05-12 04:00:00,90.45,2067.7327784084814,Hold,2067.7327784084832,2921.511627906991
Hold,2019-05-12 05:00:00,91.58,2093.5651503222634,Hold,2093.5651503222653,2958.010335917327
Hold,2019-05-12 06:00:00,91.11,2082.8207124466194,Hold,2082.820712446621,2942.829457364355
Take-Profit,2019-05-12 07:00:00,92.44,2113.2251855840796,TP 20.0% hit,2113.2251855840814,2985.788113695105
Buy,2019-05-12 11:00:00,87.62,2113.2251855840796,Sinal: Compra,2113.2251855840814,2830.1033591731407
Hold,2019-05-12 12:00:00,88.22,2123.4427624881178,Hold,2123.4427624881196,2849.483204134381
Hold,2019-05-12 13:00:00,87.2,2098.891508603082,Hold,2098.891508603084,2816.5374677002724
Hold,2019-05-12 14:00:00,85.08,2047.8634122930068,Hold,2047.8634122930087,2748.0620155038896
Hold,2019-05-12 15:00:00,84.13,2024.9970483804732,Hold,2024.997048380475,2717.3772609819257
Hold,2019-05-12 16:00:00,83.64,2013.2028185729557,Hold,2013.2028185729575,2701.550387596913
Hold,2019-05-12 17:00:00,85.56,2059.4169435330236,Hold,2059.4169435330255,2763.565891472882
Sell,2019-05-12 18:00:00,86.5,2082.042608878057,Sinal: Venda,2082.042608878059,2793.927648578825
Buy,2019-05-13 14:00:00,88.21,2082.042608878057,Sinal: Compra,2082.042608878059,2849.1602067183603
Hold,2019-05-13 15:00:00,90.5,2131.82399746189,Hold,2131.8239974618923,2923.1266149870944
Hold,2019-05-13 16:00:00,90.33,2127.8194661959396,Hold,2127.819466195942,2917.635658914743
Hold,2019-05-13 17:00:00,88.61,2087.3030322110285,Hold,2087.3030322110308,2862.080103359187
Hold,2019-05-13 18:00:00,89.76,2114.39250842187,Hold,2114.392508421872,2899.2248062015647
Hold,2019-05-13 19:00:00,89.54,2109.210173842405,Hold,2109.210173842407,2892.11886304911
Hold,2019-05-13 20:00:00,89.16,2100.258868659692,Hold,2100.258868659694,2879.844961240324
Hold,2019-05-13 21:00:00,89.92,2118.161479025118,Hold,2118.16147902512,2904.392764857895
Hold,2019-05-13 22:00:00,87.98,2072.462710460741,Hold,2072.4627104607434,2841.7312661498845
Hold,2019-05-13 23:00:00,87.16,2053.1467361190976,Hold,2053.1467361191,2815.2454780361895
Hold,2019-05-14 00:00:00,87.73,2066.573693893167,Hold,2066.573693893169,2833.6563307493684
Hold,2019-05-14 01:00:00,88.43,2083.062940282375,Hold,2083.062940282378,2856.2661498708153
Hold,2019-05-14 02:00:00,90.08,2121.9304496283653,Hold,2121.930449628368,2909.560723514226
Hold,2019-05-14 03:00:00,91.28,2150.197729152722,Hold,2150.1977291527246,2948.320413436707
Hold,2019-05-14 04:00:00,91.83,2163.1535656013853,Hold,2163.1535656013884,2966.0852713178438
Hold,2019-05-14 05:00:00,90.11,2122.637131616474,Hold,2122.6371316164773,2910.529715762288
Hold,2019-05-14 06:00:00,91.46,2154.437821081375,Hold,2154.4378210813784,2954.134366925079
Hold,2019-05-14 07:00:00,93.44,2201.078832296563,Hold,2201.078832296567,3018.0878552971726
Hold,2019-05-14 08:00:00,89.9,2117.690357699712,Hold,2117.690357699715,2903.7467700258544
Hold,2019-05-14 09:00:00,90.1,2122.401570953771,Hold,2122.4015709537744,2910.2067183462677
Hold,2019-05-14 10:00:00,90.63,2134.8862860770287,Hold,2134.8862860770323,2927.3255813953638
Hold,2019-05-14 11:00:00,90.26,2126.170541557019,Hold,2126.1705415570223,2915.3746770025987
Hold,2019-05-14 12:00:00,90.81,2139.1263780056825,Hold,2139.126378005686,2933.139534883736
Hold,2019-05-14 13:00:00,90.62,2134.6507254143257,Hold,2134.6507254143294,2927.002583979343
Hold,2019-05-14 14:00:00,90.37,2128.761708846752,Hold,2128.7617088467555,2918.9276485788264
Hold,2019-05-14 15:00:00,88.43,2083.062940282375,Hold,2083.062940282379,2856.2661498708158
Hold,2019-05-14 16:00:00,89.85,2116.512554386197,Hold,2116.5125543862,2902.131782945751
Hold,2019-05-14 17:00:00,89.8,2115.3347510726817,Hold,2115.3347510726853,2900.5167958656475
Hold,2019-05-14 18:00:00,88.42,2082.827379619672,Hold,2082.8273796196754,2855.943152454795
Hold,2019-05-14 19:00:00,88.09,2075.053877750474,Hold,2075.053877750477,2845.284237726113
Hold,2019-05-14 20:00:00,87.82,2068.6937398574937,Hold,2068.6937398574973,2836.5633074935545
Hold,2019-05-14 21:00:00,88.66,2088.4808355245436,Hold,2088.480835524547,2863.695090439291
Hold,2019-05-14 22:00:00,90.12,2122.8726922791775,Hold,2122.872692279181,2910.8527131783094
Hold,2019-05-14 23:00:00,91.17,2147.606561862989,Hold,2147.606561862993,2944.7674418604797
Hold,2019-05-15 00:00:00,91.71,2160.3268376489495,Hold,2160.3268376489536,2962.2093023255957
Hold,2019-05-15 01:00:00,91.57,2157.028988371108,Hold,2157.028988371112,2957.687338501306
Hold,2019-05-15 02:00:00,90.77,2138.1841353548703,Hold,2138.1841353548743,2931.847545219652
Hold,2019-05-15 13:00:00,93.26,2196.83874036791,Hold,2196.838740367914,3012.2739018088
Hold,2019-05-15 14:00:00,92.72,2184.1184645819494,Hold,2184.1184645819535,2994.8320413436836
Hold,2019-05-15 15:00:00,94.93,2236.1773710393068,Hold,2236.177371039311,3066.214470284253
Hold,2019-05-15 16:00:00,101.2,2383.8739065540694,Hold,2383.873906554074,3268.7338501292147
Hold,2019-05-15 17:00:00,100.71,2372.3314340816237,Hold,2372.3314340816282,3252.9069767442015
Hold,2019-05-15 18:00:00,101.0,2379.16269330001,Hold,2379.162693300015,3262.273901808801
Hold,2019-05-15 19:00:00,102.35,2410.963382764911,Hold,2410.963382764916,3305.878552971592
Hold,2019-05-15 20:00:00,100.58,2369.269145466485,Hold,2369.26914546649,3248.7080103359326
Hold,2019-05-15 21:00:00,101.35,2387.4073164946135,Hold,2387.4073164946185,3273.5788113695244
Hold,2019-05-15 22:00:00,102.73,2419.9146879476243,Hold,2419.9146879476293,3318.152454780378
Hold,2019-05-15 23:00:00,102.02,2403.189880895713,Hold,2403.189880895718,3295.21963824291
Hold,2019-05-16 00:00:00,104.66,2465.3778958492976,Hold,2465.3778958493026,3380.490956072368
Take-Profit,2019-05-16 01:00:00,106.0,2496.9430246514958,TP 20.0% hit,2496.9430246515003,3423.772609819139
Buy,2019-05-16 05:00:00,99.67,2496.9430246514958,Sinal: Compra,2496.9430246515003,3219.3152454780525
Hold,2019-05-16 06:00:00,101.85,2546.4560457537914,Hold,2546.456045753796,3289.7286821705593
Sell,2019-05-16 07:00:00,100.15,2503.9526066003164,Sinal: Venda,2503.952606600321,3234.8191214470453
Buy,2019-05-16 10:00:00,93.75,2503.9526066003164,Sinal: Compra,2503.952606600321,3028.100775193814
Hold,2019-05-16 11:00:00,93.43,2490.4174655454963,Hold,2490.4174655455013,3017.7648578811527
Hold,2019-05-16 12:00:00,92.44,2464.028583057109,Hold,2464.028583057114,2985.788113695106
Hold,2019-05-16 13:00:00,93.96,2504.544847079683,Hold,2504.5448470796878,3034.8837209302487
Hold,2019-05-16 14:00:00,97.3,2593.57400618192,Hold,2593.574006181925,3142.7648578811536
Sell,2019-05-16 15:00:00,99.72,2658.080163375756,Sinal: Venda,2658.080163375761,3220.9302325581566
Buy,2019-05-19 14:00:00,92.93,2658.080163375756,Sinal: Compra,2658.080163375761,3001.6149870801196
Hold,2019-05-19 15:00:00,93.1,2657.619457130372,Hold,2657.619457130377,3007.1059431524704
Hold,2019-05-19 16:00:00,92.8,2649.0556994811877,Hold,2649.0556994811927,2997.41602067185
Hold,2019-05-19 17:00:00,95.0,2711.856588908543,Hold,2711.856588908548,3068.4754521963987
Hold,2019-05-19 18:00:00,94.97,2711.0002131436245,Hold,2711.00021314363,3067.5064599483367
Hold,2019-05-19 19:00:00,94.63,2701.294621141215,Hold,2701.2946211412204,3056.5245478036336
Hold,2019-05-19 20:00:00,94.33,2692.7308634920305,Hold,2692.730863492036,3046.8346253230134
Hold,2019-05-19 21:00:00,95.1,2714.7111747916047,Hold,2714.7111747916106,3071.7054263566047
Hold,2019-05-19 22:00:00,95.77,2733.8369002081176,Hold,2733.836900208123,3093.3462532299905
Hold,2019-05-19 23:00:00,94.58,2699.8673281996844,Hold,2699.86732819969,3054.9095607235304
Hold,2019-05-20 00:00:00,91.31,2606.522369823569,Hold,2606.5223698235745,2949.28940568477
Hold,2019-05-20 01:00:00,92.21,2632.213642771124,Hold,2632.2136427711293,2978.35917312663
Hold,2019-05-20 02:00:00,90.82,2592.534898996567,Hold,2592.5348989965723,2933.4625322997567
Hold,2019-05-20 03:00:00,92.31,2635.0682286541855,Hold,2635.068228654191,2981.589147286838
Hold,2019-05-20 04:00:00,91.95,2624.791719475164,Hold,2624.7917194751694,2969.9612403100937
Hold,2019-05-20 05:00:00,92.04,2627.360846769919,Hold,2627.360846769924,2972.8682170542797
Hold,2019-05-20 06:00:00,90.72,2589.6803131135057,Hold,2589.6803131135107,2930.2325581395507
Hold,2019-05-20 07:00:00,90.89,2594.5331091147104,Hold,2594.5331091147154,2935.723514211902
Hold,2019-05-20 08:00:00,90.87,2593.962191938098,Hold,2593.962191938103,2935.077519379861
Hold,2019-05-20 09:00:00,91.6,2614.8006688844475,Hold,2614.800668884453,2958.6563307493698
Sell,2019-05-20 10:00:00,91.38,2608.520579941712,Sinal: Venda,2608.520579941717,2951.550387596915
Buy,2019-05-26 10:00:00,100.84,2608.520579941712,Sinal: Compra,2608.520579941717,3257.105943152472
Hold,2019-05-26 11:00:00,99.95,2580.3297245425997,Hold,2580.3297245426043,3228.359173126632
Hold,2019-05-26 12:00:00,100.23,2587.5582620400673,Hold,2587.5582620400723,3237.4031007752114
Hold,2019-05-26 13:00:00,101.48,2619.8285187251927,Hold,2619.828518725198,3277.7777777777956
Hold,2019-05-26 14:00:00,100.88,2604.3387955163325,Hold,2604.338795516338,3258.3979328165547
Hold,2019-05-26 15:00:00,100.5,2594.528637484055,Hold,2594.5286374840603,3246.124031007769
Hold,2019-05-26 16:00:00,100.84,2603.3061473024086,Hold,2603.306147302414,3257.1059431524727
Hold,2019-05-26 17:00:00,100.47,2593.7541513236115,Hold,2593.754151323617,3245.1550387597076
Hold,2019-05-26 18:00:00,101.03,2608.2112263185477,Hold,2608.2112263185536,3263.2428940568648
Hold,2019-05-26 19:00:00,104.43,2695.986324502088,Hold,2695.9863245020942,3373.062015503894
Hold,2019-05-26 20:00:00,107.18,2766.9808892093633,Hold,2766.9808892093693,3461.8863049095794
Hold,2019-05-26 21:00:00,111.71,2883.928299436256,Hold,2883.928299436262,3608.2041343669443
Hold,2019-05-26 22:00:00,110.12,2842.880532932777,Hold,2842.880532932783,3556.8475452196576
Hold,2019-05-26 23:00:00,111.0,2865.5987936391048,Hold,2865.5987936391107,3585.2713178294766
Hold,2019-05-27 00:00:00,111.96,2890.382350773281,Hold,2890.3823507732873,3616.2790697674614
Hold,2019-05-27 01:00:00,110.95,2864.3079833717,Hold,2864.3079833717065,3583.6563307493734
Hold,2019-05-27 02:00:00,111.24,2871.794682922649,Hold,2871.7946829226553,3593.0232558139733
Hold,2019-05-27 03:00:00,112.92,2915.165907907457,Hold,2915.165907907464,3647.2868217054465
Hold,2019-05-27 04:00:00,112.18,2896.0619159498633,Hold,2896.06191594987,3623.385012919917
Hold,2019-05-27 05:00:00,112.42,2902.257805233407,Hold,2902.257805233414,3631.1369509044125
Hold,2019-05-27 06:00:00,113.9,2940.4657891485954,Hold,2940.4657891486027,3678.9405684754724
Hold,2019-05-27 07:00:00,113.11,2920.070986923596,Hold,2920.0709869236034,3653.423772609839
Hold,2019-05-27 08:00:00,112.9,2914.6495838004953,Hold,2914.6495838005026,3646.640826873405
Hold,2019-05-27 09:00:00,113.65,2934.0117378115706,Hold,2934.0117378115774,3670.8656330749554
Hold,2019-05-27 10:00:00,113.88,2939.949465041633,Hold,2939.9494650416405,3678.294573643431
Hold,2019-05-27 11:00:00,113.82,2938.400492720747,Hold,2938.4004927207543,3676.3565891473067
Hold,2019-05-27 12:00:00,115.78,2989.0002552030232,Hold,2989.00025520303,3739.6640826873586
Hold,2019-05-27 13:00:00,114.93,2967.0564806571383,Hold,2967.056480657145,3712.2093023256016
Hold,2019-05-27 14:00:00,114.92,2966.798318603657,Hold,2966.7983186036636,3711.8863049095803
Hold,2019-05-27 15:00:00,116.93,3018.6888913533385,Hold,3018.688891353345,3776.808785529736
Hold,2019-05-27 16:00:00,112.5,2904.3231016612554,Hold,2904.3231016612617,3633.7209302325773
Hold,2019-05-27 17:00:00,112.38,2901.225157019483,Hold,2901.2251570194894,3629.844961240329
Hold,2019-05-27 18:00:00,115.44,2980.222745384669,Hold,2980.2227453846754,3728.6821705426555
Hold,2019-05-27 19:00:00,115.73,2987.7094449356186,Hold,2987.709444935625,3738.049095607256
Hold,2019-05-27 20:00:00,114.1,2945.629030218215,Hold,2945.629030218221,3685.400516795886
Hold,2019-05-27 21:00:00,115.42,2979.7064212777072,Hold,2979.706421277713,3728.0361757106148
Hold,2019-05-27 22:00:00,116.06,2996.2287927004913,Hold,2996.2287927004977,3748.708010335938
Hold,2019-05-27 23:00:00,116.3,3002.424681984035,Hold,3002.4246819840414,3756.4599483204343
Hold,2019-05-28 00:00:00,115.54,2982.8043659194796,Hold,2982.8043659194855,3731.9121447028633
Hold,2019-05-28 01:00:00,116.51,3007.846085107137,Hold,3007.8460851071427,3763.2428940568684
Hold,2019-05-28 02:00:00,116.16,2998.810413235301,Hold,2998.810413235307,3751.9379844961445
Hold,2019-05-28 03:00:00,115.53,2982.5462038659985,Hold,2982.546203866005,3731.589147286842
Hold,2019-05-28 04:00:00,115.58,2983.8370141334035,Hold,2983.8370141334094,3733.2041343669453
Hold,2019-05-28 05:00:00,114.0,2943.047409683405,Hold,2943.0474096834114,3682.170542635679
Hold,2019-05-28 06:00:00,112.87,2913.8750976400524,Hold,2913.875097640059,3645.671834625343
Hold,2019-05-28 07:00:00,114.06,2944.596382004291,Hold,2944.5963820042975,3684.1085271318025
Hold,2019-05-28 08:00:00,114.51,2956.213674410936,Hold,2956.2136744109425,3698.6434108527333
Hold,2019-05-28 09:00:00,114.37,2952.599405662202,Hold,2952.5994056622085,3694.1214470284435
Hold,2019-05-28 10:00:00,113.7,2935.302548078975,Hold,2935.302548078982,3672.480620155058
Hold,2019-05-28 11:00:00,114.87,2965.507508336252,Hold,2965.507508336259,3710.2713178294766
Hold,2019-05-28 12:00:00,113.49,2929.8811449558743,Hold,2929.881144955881,3665.6976744186236
Hold,2019-05-28 13:00:00,112.99,2916.9730422818243,Hold,2916.973042281831,3649.54780361759
Hold,2019-05-28 14:00:00,114.31,2951.0504333413164,Hold,2951.0504333413237,3692.183462532319
Hold,2019-05-28 15:00:00,114.04,2944.0800578973294,Hold,2944.0800578973367,3683.4625322997613
Hold,2019-05-28 16:00:00,113.54,2931.1719552232794,Hold,2931.1719552232867,3667.3126614987277
Hold,2019-05-28 17:00:00,115.03,2969.638101191948,Hold,2969.6381011919552,3715.439276485808
Hold,2019-05-28 18:00:00,114.93,2967.0564806571383,Hold,2967.056480657145,3712.2093023256016
Hold,2019-05-28 19:00:00,114.75,2962.4095636944803,Hold,2962.409563694487,3706.395348837229
Hold,2019-05-28 20:00:00,114.87,2965.507508336252,Hold,2965.507508336259,3710.2713178294775
Hold,2019-05-28 21:00:00,115.0,2968.863615031505,Hold,2968.8636150315124,3714.4702842377455
Hold,2019-05-28 22:00:00,114.66,2960.086105213151,Hold,2960.0861052131577,3703.488372093043
Hold,2019-05-28 23:00:00,114.81,2963.9585360153665,Hold,2963.9585360153733,3708.333333333353
Hold,2019-05-29 00:00:00,113.38,2927.041362367583,Hold,2927.04136236759,3662.1447028423963
Hold,2019-05-29 01:00:00,112.8,2912.067963265685,Hold,2912.067963265692,3643.4108527131975
Hold,2019-05-29 02:00:00,112.67,2908.7118565704322,Hold,2908.711856570439,3639.211886304929
Hold,2019-05-29 03:00:00,113.08,2919.296500763153,Hold,2919.29650076316,3652.4547803617766
Hold,2019-05-29 04:00:00,112.35,2900.45067085904,Hold,2900.450670859047,3628.875968992267
Hold,2019-05-29 05:00:00,109.94,2838.233615970119,Hold,2838.233615970126,3551.033591731285
Hold,2019-05-29 06:00:00,111.21,2871.020196762206,Hold,2871.020196762213,3592.0542635659103
Hold,2019-05-29 07:00:00,111.79,2885.993595864104,Hold,2885.9935958641104,3610.78811369511
Hold,2019-05-29 08:00:00,113.52,2930.655631116317,Hold,2930.6556311163235,3666.6666666666865
Hold,2019-05-29 09:00:00,114.1,2945.629030218215,Hold,2945.629030218221,3685.4005167958853
Hold,2019-05-29 10:00:00,114.8,2963.7003739618854,Hold,2963.700373961891,3708.010335917332
Hold,2019-05-29 11:00:00,114.27,2950.0177851273925,Hold,2950.017785127398,3690.8914728682366
Hold,2019-05-29 12:00:00,115.35,2977.89928690334,Hold,2977.8992869033455,3725.7751937984694
Hold,2019-05-29 13:00:00,117.19,3025.4011047438444,Hold,3025.40110474385,3785.2067183462736
Hold,2019-05-29 14:00:00,116.53,3008.3624092140985,Hold,3008.3624092141035,3763.888888888909
Hold,2019-05-29 15:00:00,116.94,3018.947053406819,Hold,3018.947053406824,3777.1317829457566
Hold,2019-05-29 16:00:00,117.24,3026.691915011249,Hold,3026.691915011254,3786.8217054263764
Hold,2019-05-29 17:00:00,116.76,3014.3001364441616,Hold,3014.3001364441666,3771.3178294573845
Hold,2019-05-29 18:00:00,117.09,3022.8194842090343,Hold,3022.8194842090393,3781.9767441860668
Hold,2019-05-29 19:00:00,117.15,3024.368456529921,Hold,3024.368456529926,3783.9147286821903
Hold,2019-05-29 20:00:00,115.98,2994.1634962726434,Hold,2994.1634962726484,3746.1240310077715
Hold,2019-05-29 21:00:00,115.51,2982.0298797590362,Hold,2982.029879759041,3730.9431524548
Hold,2019-05-29 22:00:00,115.82,2990.0329034169467,Hold,2990.0329034169517,3740.95607235144
Hold,2019-05-29 23:00:00,115.06,2970.4125873523913,Hold,2970.4125873523963,3716.408268733869
Hold,2019-05-30 00:00:00,117.18,3025.1429426903637,Hold,3025.1429426903683,3784.8837209302524
Hold,2019-05-30 01:00:00,115.02,2969.379939138467,Hold,2969.3799391384714,3715.116279069786
Hold,2019-05-30 02:00:00,114.53,2956.729998517898,Hold,2956.7299985179025,3699.289405684773
Hold,2019-05-30 03:00:00,116.3,3002.424681984035,Hold,3002.42468198404,3756.459948320432
Hold,2019-05-30 04:00:00,117.09,3022.8194842090343,Hold,3022.819484209039,3781.976744186065
Hold,2019-05-30 05:00:00,116.78,3014.8164605511233,Hold,3014.8164605511274,3771.9638242894243
Hold,2019-05-30 06:00:00,116.89,3017.6562431394145,Hold,3017.656243139419,3775.5167958656516
Hold,2019-05-30 07:00:00,117.08,3022.561322155553,Hold,3022.5613221555577,3781.6537467700446
Hold,2019-05-30 08:00:00,116.47,3006.813436893212,Hold,3006.8134368932165,3761.9509043927833
Hold,2019-05-30 09:00:00,116.8,3015.332784658085,Hold,3015.3327846580896,3772.6098191214655
Hold,2019-05-30 10:00:00,116.7,3012.7511641232754,Hold,3012.75116412328,3769.379844961259
Hold,2019-05-30 11:00:00,116.7,3012.7511641232754,Hold,3012.75116412328,3769.379844961259
Hold,2019-05-30 12:00:00,116.41,3005.2644645723262,Hold,3005.264464572331,3760.0129198966592
Hold,2019-05-30 13:00:00,116.4,3005.0063025188456,Hold,3005.00630251885,3759.6899224806393
Hold,2019-05-30 14:00:00,116.73,3013.5256502837183,Hold,3013.5256502837233,3770.348837209321
Hold,2019-05-30 15:00:00,119.03,3072.9029225843483,Hold,3072.9029225843537,3844.638242894076
Hold,2019-05-30 16:00:00,113.86,2939.433140934671,Hold,2939.433140934676,3677.6485788113882
Hold,2019-05-30 17:00:00,112.48,2903.8067775542936,Hold,2903.8067775542986,3633.074935400535
Hold,2019-05-30 18:00:00,114.16,2947.1780025391013,Hold,2947.1780025391063,3687.338501292009
Hold,2019-05-30 19:00:00,113.38,2927.041362367583,Hold,2927.041362367588,3662.144702842396
Hold,2019-05-30 20:00:00,110.8,2860.435552569485,Hold,2860.4355525694896,3578.811369509062
Trailing-Stop,2019-05-30 21:00:00,106.05,2737.80857716601,Trailing stop 10.0% hit,2737.8085771660144,3425.3875968992415
Buy,2019-06-01 06:00:00,113.33,2737.80857716601,Sinal: Compra,2737.8085771660144,3660.529715762292
Hold,2019-06-01 07:00:00,113.8,2743.6671879638666,Hold,2743.667187963871,3675.7105943152637
Hold,2019-06-01 08:00:00,113.92,2746.5603343835123,Hold,2746.5603343835164,3679.586563307512
Hold,2019-06-01 09:00:00,113.77,2742.943901358955,Hold,2742.9439013589595,3674.7416020672013
Hold,2019-06-01 10:00:00,113.41,2734.2644621000186,Hold,2734.264462100023,3663.1136950904574
Hold,2019-06-01 11:00:00,113.85,2744.8726656387184,Hold,2744.872665638723,3677.3255813953665
Hold,2019-06-01 12:00:00,113.38,2733.5411754951074,Hold,2733.5411754951115,3662.144702842395
Hold,2019-06-01 13:00:00,112.85,2720.7631121416725,Hold,2720.7631121416766,3645.0258397932994
Hold,2019-06-01 14:00:00,112.01,2700.5110872041537,Hold,2700.511087204158,3617.8940568475628
Hold,2019-06-01 15:00:00,112.76,2718.5932523269385,Hold,2718.5932523269425,3642.1188630491133
Hold,2019-06-01 16:00:00,113.32,2732.094602285284,Hold,2732.094602285288,3660.206718346271
Hold,2019-06-01 17:00:00,112.64,2715.7001059072927,Hold,2715.700105907297,3638.242894056865
Hold,2019-06-01 18:00:00,112.15,2703.8864246937405,Hold,2703.8864246937446,3622.4160206718525
Hold,2019-06-01 19:00:00,112.03,2700.993278274095,Hold,2700.993278274099,3618.5400516796044
Hold,2019-06-01 20:00:00,112.8,2719.55763446682,Hold,2719.5576344668243,3643.4108527131957
Hold,2019-06-01 21:00:00,113.18,2728.719264795698,Hold,2728.719264795702,3655.6847545219816
Hold,2019-06-01 22:00:00,114.25,2754.5164870375374,Hold,2754.516487037541,3690.245478036193
Hold,2019-06-01 23:00:00,112.35,2708.7083353931494,Hold,2708.708335393153,3628.875968992265
Hold,2019-06-02 00:00:00,113.03,2725.102831771141,Hold,2725.102831771145,3650.8397932816715
Hold,2019-06-02 01:00:00,112.89,2721.7274942815543,Hold,2721.7274942815584,3646.3178294573822
Hold,2019-06-02 02:00:00,112.26,2706.5384755784153,Hold,2706.5384755784194,3625.96899224808
Hold,2019-06-02 03:00:00,111.68,2692.5549345501286,Hold,2692.5549345501327,3607.235142118881
Hold,2019-06-02 04:00:00,112.23,2705.815188973504,Hold,2705.815188973508,3625.0000000000177
Hold,2019-06-02 05:00:00,113.05,2725.5850228410823,Hold,2725.5850228410864,3651.485788113713
Hold,2019-06-02 06:00:00,113.05,2725.5850228410823,Hold,2725.5850228410864,3651.485788113713
Hold,2019-06-02 07:00:00,115.17,2776.6972762548203,Hold,2776.6972762548244,3719.9612403100964
Hold,2019-06-02 08:00:00,115.61,2787.30547979352,Hold,2787.3054797935242,3734.173126615006
Hold,2019-06-02 09:00:00,114.87,2769.4644102057064,Hold,2769.464410205711,3710.2713178294757
Hold,2019-06-02 10:00:00,114.89,2769.9466012756475,Hold,2769.946601275652,3710.917312661517
Hold,2019-06-02 11:00:00,114.94,2771.152078950499,Hold,2771.152078950504,3712.53229974162
Hold,2019-06-02 12:00:00,115.86,2793.3328681677817,Hold,2793.3328681677863,3742.2480620155225
Hold,2019-06-02 13:00:00,114.07,2750.176767408069,Hold,2750.1767674080734,3684.4315245478215
Hold,2019-06-02 14:00:00,113.96,2747.524716523394,Hold,2747.5247165233986,3680.878552971594
Hold,2019-06-02 15:00:00,113.69,2741.0151370791914,Hold,2741.015137079196,3672.157622739036
Hold,2019-06-02 16:00:00,113.8,2743.6671879638666,Hold,2743.6671879638716,3675.7105943152633
Hold,2019-06-02 17:00:00,113.31,2731.853506750314,Hold,2731.853506750319,3659.8837209302505
Hold,2019-06-02 18:00:00,113.96,2747.524716523394,Hold,2747.5247165233995,3680.8785529715938
Hold,2019-06-02 19:00:00,113.46,2735.469939774871,Hold,2735.469939774877,3664.72868217056
Hold,2019-06-02 20:00:00,113.46,2735.469939774871,Hold,2735.469939774877,3664.72868217056
Hold,2019-06-02 21:00:00,113.94,2747.042525453453,Hold,2747.0425254534584,3680.232558139553
Hold,2019-06-02 22:00:00,114.55,2761.7493530866514,Hold,2761.749353086657,3699.935400516814
Hold,2019-06-02 23:00:00,114.39,2757.8918245271243,Hold,2757.89182452713,3694.7674418604834
Hold,2019-06-03 00:00:00,113.52,2736.9165129846933,Hold,2736.9165129846992,3666.6666666666847
Hold,2019-06-03 01:00:00,113.93,2746.8014299184824,Hold,2746.8014299184883,3679.9095607235326
Hold,2019-06-03 02:00:00,114.57,2762.231544156592,Hold,2762.2315441565984,3700.581395348855
Hold,2019-06-03 03:00:00,115.14,2775.9739896499086,Hold,2775.973989649915,3718.9922480620335
Hold,2019-06-03 04:00:00,115.12,2775.491798579968,Hold,2775.4917985799743,3718.3462532299923
Hold,2019-06-03 05:00:00,114.16,2752.3466272228034,Hold,2752.3466272228093,3687.3385012920075
Hold,2019-06-03 06:00:00,112.9,2721.9685898165253,Hold,2721.968589816531,3646.6408268734026
Hold,2019-06-03 07:00:00,111.41,2686.045355105926,Hold,2686.045355105932,3598.5142118863223
Hold,2019-06-03 08:00:00,111.23,2681.7056354764577,Hold,2681.705635476464,3592.7002583979506
Hold,2019-06-03 09:00:00,112.08,2702.198755948947,Hold,2702.198755948954,3620.1550387597076
Hold,2019-06-03 10:00:00,112.99,2724.138449631259,Hold,2724.1384496312658,3649.5478036175887
Sell,2019-06-03 11:00:00,112.58,2714.2535326974703,Sinal: Venda,2714.2535326974776,3636.3049095607407
Buy,2019-06-09 01:00:00,116.91,2714.2535326974703,Sinal: Compra,2714.2535326974776,3776.162790697693
Hold,2019-06-09 02:00:00,115.17,2668.51159697738,Hold,2668.511596977387,3719.961240310096
Hold,2019-06-09 03:00:00,116.81,2706.510720178239,Hold,2706.510720178246,3772.932816537486
Hold,2019-06-09 04:00:00,116.76,2705.352210324554,Hold,2705.3522103245614,3771.3178294573827
Hold,2019-06-09 05:00:00,116.7,2703.9619985001323,Hold,2703.9619985001395,3769.3798449612586
Hold,2019-06-09 06:00:00,116.81,2706.510720178239,Hold,2706.510720178246,3772.9328165374855
Hold,2019-06-09 07:00:00,118.29,2740.8026118473063,Hold,2740.8026118473135,3820.736434108546
Hold,2019-06-09 08:00:00,117.9,2731.7662349885654,Hold,2731.766234988573,3808.1395348837395
Hold,2019-06-09 09:00:00,117.23,2716.2422029491904,Hold,2716.2422029491977,3786.498708010354
Hold,2019-06-09 10:00:00,117.18,2715.0836930955056,Hold,2715.083693095513,3784.883720930251
Hold,2019-06-09 11:00:00,117.29,2717.6324147736123,Hold,2717.6324147736195,3788.4366925064783
Hold,2019-06-09 12:00:00,115.7,2680.791801426438,Hold,2680.791801426445,3737.080103359191
Hold,2019-06-09 13:00:00,115.45,2674.9992521580143,Hold,2674.999252158021,3729.0051679586745
Hold,2019-06-09 14:00:00,116.44,2697.9377472609717,Hold,2697.937747260979,3760.9819121447213
Hold,2019-06-09 15:00:00,115.41,2674.0724442750666,Hold,2674.072444275074,3727.7131782945917
Hold,2019-06-09 16:00:00,113.36,2626.573540273993,Hold,2626.5735402739997,3661.4987080103538
Hold,2019-06-09 17:00:00,113.34,2626.1101363325192,Hold,2626.1101363325265,3660.8527131783126
Hold,2019-06-09 18:00:00,113.81,2637.0001289571555,Hold,2637.000128957163,3676.033591731284
Hold,2019-06-09 19:00:00,115.96,2686.816052665598,Hold,2686.816052665605,3745.478036175729
Hold,2019-06-09 20:00:00,114.45,2651.82905508432,Hold,2651.829055084327,3696.7054263566074
Hold,2019-06-09 21:00:00,113.5,2629.8173678643107,Hold,2629.817367864318,3666.0206718346435
Hold,2019-06-09 22:00:00,113.64,2633.0611954546275,Hold,2633.0611954546343,3670.5426356589332
Hold,2019-06-09 23:00:00,114.66,2656.6947964697956,Hold,2656.6947964698024,3703.4883720930416
Hold,2019-06-10 00:00:00,114.08,2643.2560821670527,Hold,2643.2560821670595,3684.7545219638428
Hold,2019-06-10 01:00:00,114.37,2649.975439318425,Hold,2649.9754393184317,3694.1214470284426
Hold,2019-06-10 02:00:00,114.87,2661.560537855272,Hold,2661.5605378552787,3710.271317829476
Hold,2019-06-10 03:00:00,116.32,2695.157323612128,Hold,2695.157323612135,3757.1059431524736
Hold,2019-06-10 04:00:00,116.49,2699.096257114656,Hold,2699.096257114663,3762.5968992248254
Hold,2019-06-10 05:00:00,115.75,2681.9503112801226,Hold,2681.9503112801294,3738.695090439296
Hold,2019-06-10 06:00:00,116.55,2700.486468939078,Hold,2700.4864689390843,3764.53488372095
Hold,2019-06-10 07:00:00,116.64,2702.571786675711,Hold,2702.571786675717,3767.4418604651364
Hold,2019-06-10 08:00:00,116.97,2710.21795171003,Hold,2710.217951710036,3778.100775193818
Hold,2019-06-10 09:00:00,115.9,2685.425840841177,Hold,2685.425840841183,3743.5400516796067
Hold,2019-06-10 10:00:00,114.99,2664.3409615041146,Hold,2664.3409615041205,3714.147286821725
Hold,2019-06-10 11:00:00,124.4,2882.372515967579,Hold,2882.372515967585,4018.0878552971794
Hold,2019-06-10 12:00:00,126.03,2920.1399371977004,Hold,2920.1399371977063,4070.736434108549
Hold,2019-06-10 13:00:00,125.43,2906.2378189534843,Hold,2906.2378189534898,4051.356589147309
Hold,2019-06-10 14:00:00,126.34,2927.3226982905458,Hold,2927.3226982905517,4080.7493540051905
Hold,2019-06-10 15:00:00,126.27,2925.7007844953873,Hold,2925.7007844953932,4078.488372093045
Hold,2019-06-10 16:00:00,126.2,2924.0788707002284,Hold,2924.0788707002343,4076.2273901809012
Hold,2019-06-10 17:00:00,126.78,2937.5175850029714,Hold,2937.5175850029773,4094.9612403101005
Hold,2019-06-10 18:00:00,126.73,2936.3590751492866,Hold,2936.3590751492925,4093.3462532299973
Hold,2019-06-10 19:00:00,126.58,2932.8835455882327,Hold,2932.8835455882386,4088.5012919896867
Hold,2019-06-10 20:00:00,125.13,2899.2867598313755,Hold,2899.2867598313815,4041.6666666666883
Hold,2019-06-10 21:00:00,125.94,2918.0546194610683,Hold,2918.0546194610743,4067.829457364363
Hold,2019-06-10 22:00:00,125.79,2914.5790899000144,Hold,2914.5790899000203,4062.9844961240533
Hold,2019-06-10 23:00:00,129.15,2992.430952067627,Hold,2992.430952067633,4171.511627906999
Hold,2019-06-11 00:00:00,128.32,2973.1996884964606,Hold,2973.1996884964665,4144.702842377283
Hold,2019-06-11 01:00:00,128.19,2970.1875628768807,Hold,2970.1875628768867,4140.503875969013
Hold,2019-06-11 02:00:00,127.65,2957.6756564570856,Hold,2957.6756564570915,4123.062015503898
Hold,2019-06-11 03:00:00,127.57,2955.8220406911896,Hold,2955.822040691195,4120.478036175732
Hold,2019-06-11 04:00:00,127.63,2957.2122525156115,Hold,2957.212252515617,4122.416020671856
Hold,2019-06-11 05:00:00,129.06,2990.345634330995,Hold,2990.3456343310004,4168.604651162814
Hold,2019-06-11 06:00:00,128.31,2972.967986525724,Hold,2972.9679865257294,4144.379844961263
Hold,2019-06-11 07:00:00,128.07,2967.4071392280366,Hold,2967.4071392280416,4136.627906976767
Hold,2019-06-11 08:00:00,128.91,2986.8701047699406,Hold,2986.8701047699456,4163.759689922504
Hold,2019-06-11 09:00:00,128.15,2969.260754993933,Hold,2969.2607549939385,4139.211886304933
Hold,2019-06-11 10:00:00,126.91,2940.5297106225516,Hold,2940.529710622557,4099.160206718369
Hold,2019-06-11 11:00:00,127.2,2947.249067773923,Hold,2947.249067773928,4108.527131782969
Hold,2019-06-11 12:00:00,126.91,2940.5297106225516,Hold,2940.5297106225566,4099.160206718369
Hold,2019-06-11 13:00:00,127.59,2956.2854446326637,Hold,2956.2854446326683,4121.124031007775
Hold,2019-06-11 14:00:00,127.69,2958.6024643400333,Hold,2958.602464340038,4124.354005167982
Hold,2019-06-11 15:00:00,127.87,2962.7730998132984,Hold,2962.7730998133034,4130.167958656354
Hold,2019-06-11 16:00:00,133.5,3093.2213093381974,Hold,3093.2213093382024,4312.015503875993
Hold,2019-06-11 17:00:00,135.2,3132.6106443634776,Hold,3132.6106443634826,4366.925064599507
Hold,2019-06-11 18:00:00,134.78,3122.8791615925265,Hold,3122.8791615925315,4353.35917312664
Hold,2019-06-11 19:00:00,136.5,3162.731900559281,Hold,3162.731900559286,4408.914728682194
Hold,2019-06-11 20:00:00,137.38,3183.1216739841316,Hold,3183.1216739841366,4437.338501292014
Hold,2019-06-11 21:00:00,135.92,3149.2931862565374,Hold,3149.293186256542,4390.180878552996
Hold,2019-06-11 22:00:00,135.39,3137.0129818074797,Hold,3137.0129818074843,4373.0620155039005
Hold,2019-06-11 23:00:00,135.69,3143.964040929588,Hold,3143.9640409295926,4382.75193798452
Hold,2019-06-12 00:00:00,134.3,3111.757466997153,Hold,3111.7574669971577,4337.855297157647
Hold,2019-06-12 01:00:00,135.82,3146.9761665491683,Hold,3146.9761665491733,4386.950904392789
Hold,2019-06-12 02:00:00,139.1,3222.974412950886,Hold,3222.9744129508904,4492.894056847569
Hold,2019-06-12 03:00:00,139.06,3222.0476050679385,Hold,3222.0476050679436,4491.602067183487
Hold,2019-06-12 04:00:00,139.83,3239.888656814683,Hold,3239.888656814688,4516.472868217078
Hold,2019-06-12 05:00:00,139.19,3225.0597306875184,Hold,3225.0597306875234,4495.801033591754
Hold,2019-06-12 06:00:00,137.49,3185.670395662238,Hold,3185.6703956622428,4440.89147286824
Hold,2019-06-12 07:00:00,138.48,3208.608890765195,Hold,3208.6088907652,4472.868217054287
Hold,2019-06-12 08:00:00,136.94,3172.926787271706,Hold,3172.926787271711,4423.126614987103
Hold,2019-06-12 09:00:00,137.55,3187.06060748666,Hold,3187.0606074866646,4442.829457364364
Hold,2019-06-12 10:00:00,137.95,3196.328686316137,Hold,3196.3286863161416,4455.74935400519
Hold,2019-06-12 11:00:00,138.93,3219.0354794483583,Hold,3219.035479448363,4487.403100775216
Hold,2019-06-12 12:00:00,138.1,3199.8042158771914,Hold,3199.8042158771955,4460.594315245499
Hold,2019-06-12 13:00:00,138.51,3209.3039966774063,Hold,3209.3039966774104,4473.837209302347
Hold,2019-06-12 14:00:00,138.86,3217.4135656532,Hold,3217.4135656532044,4485.142118863072
Take-Profit,2019-06-12 15:00:00,141.94,3288.777772640178,TP 20.0% hit,3288.777772640183,4584.625322997438
Buy,2019-06-12 21:00:00,133.41,3288.777772640178,Sinal: Compra,3288.777772640183,4309.108527131804
Hold,2019-06-12 22:00:00,133.39,3281.711458274158,Hold,3281.711458274163,4308.462532299763
Hold,2019-06-12 23:00:00,135.32,3329.1940515305428,Hold,3329.1940515305478,4370.801033591753
Hold,2019-06-13 00:00:00,135.6,3336.0827179097073,Hold,3336.0827179097123,4379.844961240333
Hold,2019-06-13 01:00:00,134.48,3308.528052393049,Hold,3308.528052393054,4343.669250646017
Hold,2019-06-13 02:00:00,133.03,3272.854601500947,Hold,3272.854601500952,4296.834625323019
Hold,2019-06-13 03:00:00,134.11,3299.4251718205824,Hold,3299.4251718205874,4331.718346253253
Hold,2019-06-13 04:00:00,134.56,3310.4962427870964,Hold,3310.4962427871014,4346.253229974182
Hold,2019-06-13 05:00:00,135.1,3323.7815279469137,Hold,3323.781527946919,4363.695090439299
Hold,2019-06-13 06:00:00,133.56,3285.8938628615083,Hold,3285.8938628615133,4313.953488372115
Hold,2019-06-13 07:00:00,134.83,3317.1388853670055,Hold,3317.1388853670105,4354.974160206741
Hold,2019-06-13 08:00:00,135.27,3327.963932534264,Hold,3327.963932534269,4369.18604651165
Hold,2019-06-13 09:00:00,134.17,3300.9013146161165,Hold,3300.9013146161215,4333.656330749375
Hold,2019-06-13 10:00:00,133.98,3296.226862430255,Hold,3296.22686243026,4327.519379844982
Hold,2019-06-13 11:00:00,133.91,3294.5046958354637,Hold,3294.5046958354687,4325.2583979328365
Hold,2019-06-13 12:00:00,133.27,3278.759172683088,Hold,3278.759172683093,4304.586563307514
Hold,2019-06-13 13:00:00,134.94,3319.845147158819,Hold,3319.845147158824,4358.5271317829665
Hold,2019-06-13 14:00:00,135.23,3326.9798373372396,Hold,3326.9798373372446,4367.8940568475655
Hold,2019-06-13 15:00:00,134.68,3313.448528378167,Hold,3313.448528378172,4350.129198966429
Hold,2019-06-13 16:00:00,133.08,3274.084720497227,Hold,3274.084720497232,4298.449612403122
Hold,2019-06-13 17:00:00,132.61,3262.5216019322006,Hold,3262.5216019322056,4283.26873385015
Hold,2019-06-13 18:00:00,131.08,3224.8799606460507,Hold,3224.879960646055,4233.850129198987
Hold,2019-06-13 19:00:00,129.63,3189.206509753948,Hold,3189.2065097539526,4187.0155038759885
Hold,2019-06-13 20:00:00,131.08,3224.8799606460507,Hold,3224.879960646055,4233.850129198987
Hold,2019-06-13 21:00:00,132.42,3257.8471497463383,Hold,3257.8471497463433,4277.131782945757
Sell,2019-06-13 22:00:00,130.88,3219.959484660933,Sinal: Venda,3219.959484660938,4227.390180878573
Buy,2019-06-13 23:00:00,130.55,3219.959484660933,Sinal: Compra,3219.959484660938,4216.731266149892
Hold,2019-06-14 00:00:00,129.21,3180.5383311679666,Hold,3180.538331167971,4173.449612403121
Hold,2019-06-14 01:00:00,128.78,3169.9537674159174,Hold,3169.953767415922,4159.5607235142315
Hold,2019-06-14 02:00:00,128.87,3172.169141224486,Hold,3172.1691412244904,4162.467700258418
Hold,2019-06-14 03:00:00,129.46,3186.6921473028788,Hold,3186.6921473028833,4181.524547803639
Hold,2019-06-14 04:00:00,129.6,3190.138284338429,Hold,3190.138284338434,4186.0465116279265
Hold,2019-06-14 05:00:00,129.09,3177.5844994232084,Hold,3177.584499423213,4169.573643410873
Hold,2019-06-14 06:00:00,129.1,3177.8306520686046,Hold,3177.830652068609,4169.8966408268925
Hold,2019-06-14 07:00:00,129.26,3181.7690943949483,Hold,3181.769094394953,4175.064599483223
Hold,2019-06-14 08:00:00,130.05,3201.215153381271,Hold,3201.215153381276,4200.581395348858
Hold,2019-06-14 09:00:00,132.29,3256.3533459500827,Hold,3256.353345950088,4272.932816537487
Hold,2019-06-14 10:00:00,131.94,3247.738003361206,Hold,3247.7380033612117,4261.627906976763
Hold,2019-06-14 11:00:00,130.35,3208.5997327431655,Hold,3208.599732743171,4210.271317829476
Hold,2019-06-14 12:00:00,132.38,3258.5687197586517,Hold,3258.568719758657,4275.839793281672
Hold,2019-06-14 13:00:00,130.25,3206.1382062892003,Hold,3206.1382062892053,4207.04134366927
Hold,2019-06-14 14:00:00,130.08,3201.953611317461,Hold,3201.953611317466,4201.550387596918
Hold,2019-06-14 15:00:00,128.15,3154.446150755939,Hold,3154.4461507559445,4139.211886304928
Hold,2019-06-14 16:00:00,126.03,3102.2617899318843,Hold,3102.26178993189,4070.736434108546
Hold,2019-06-14 17:00:00,126.99,3125.8924438899467,Hold,3125.892443889952,4101.744186046531
Hold,2019-06-14 18:00:00,126.02,3102.015637286488,Hold,3102.0156372864935,4070.413436692525
Hold,2019-06-14 19:00:00,127.89,3148.0461819756306,Hold,3148.046181975636,4130.813953488391
Hold,2019-06-14 20:00:00,129.11,3178.076804714002,Hold,3178.0768047140073,4170.219638242914
Hold,2019-06-14 21:00:00,131.73,3242.56879780788,Hold,3242.5687978078854,4254.844961240329
Hold,2019-06-14 22:00:00,131.28,3231.491928765038,Hold,3231.4919287650437,4240.310077519399
Hold,2019-06-14 23:00:00,132.0,3249.2149192335855,Hold,3249.214919233591,4263.565891472887
Hold,2019-06-15 00:00:00,135.64,3338.8144821579053,Hold,3338.8144821579112,4381.136950904412
Hold,2019-06-15 01:00:00,135.16,3326.999155178874,Hold,3326.99915517888,4365.633074935419
Hold,2019-06-15 02:00:00,134.69,3315.4299808452392,Hold,3315.429980845245,4350.452196382448
Hold,2019-06-15 03:00:00,134.4,3308.2915541287416,Hold,3308.2915541287475,4341.085271317848
Hold,2019-06-15 04:00:00,134.59,3312.9684543912745,Hold,3312.9684543912804,4347.222222222242
Hold,2019-06-15 05:00:00,135.59,3337.583718930923,Hold,3337.583718930929,4379.52196382431
Hold,2019-06-15 06:00:00,134.04,3299.430058894468,Hold,3299.430058894474,4329.457364341105
Hold,2019-06-15 07:00:00,134.45,3309.5223173557233,Hold,3309.5223173557292,4342.700258397952
Hold,2019-06-15 08:00:00,133.89,3295.73776921352,Hold,3295.7377692135256,4324.612403100794
Hold,2019-06-15 09:00:00,134.18,3302.876195930019,Hold,3302.8761959300246,4333.979328165395
Hold,2019-06-15 10:00:00,134.47,3310.0146226465163,Hold,3310.0146226465217,4343.346253229994
Hold,2019-06-15 11:00:00,135.12,3326.0145445972885,Hold,3326.0145445972944,4364.341085271338
Hold,2019-06-15 12:00:00,134.23,3304.106959157001,Hold,3304.1069591570063,4335.5943152454975
Hold,2019-06-15 13:00:00,134.55,3311.983843809689,Hold,3311.9838438096945,4345.930232558159
Hold,2019-06-15 14:00:00,135.41,3333.152971313786,Hold,3333.1529713137916,4373.708010335937
Hold,2019-06-15 15:00:00,134.5,3310.7530805827064,Hold,3310.753080582712,4344.315245478056
Hold,2019-06-15 16:00:00,138.39,3406.506459641938,Hold,3406.5064596419434,4469.961240310096
Hold,2019-06-15 17:00:00,137.54,3385.583484783237,Hold,3385.5834847832425,4442.506459948339
Hold,2019-06-15 18:00:00,138.01,3397.1526591168717,Hold,3397.152659116877,4457.687338501311
Hold,2019-06-15 19:00:00,137.73,3390.26038504577,Hold,3390.2603850457754,4448.643410852733
Hold,2019-06-15 20:00:00,136.84,3368.3527996054836,Hold,3368.352799605489,4419.896640826893
Hold,2019-06-15 21:00:00,136.88,3369.337410187069,Hold,3369.3374101870745,4421.188630490976
Hold,2019-06-15 22:00:00,137.08,3374.260463094999,Hold,3374.260463095004,4427.64857881139
Hold,2019-06-15 23:00:00,137.54,3385.583484783237,Hold,3385.583484783242,4442.506459948339
Hold,2019-06-16 00:00:00,135.6,3337.8298715763194,Hold,3337.829871576324,4379.844961240329
Hold,2019-06-16 01:00:00,136.05,3348.9067406191616,Hold,3348.906740619166,4394.37984496126
Hold,2019-06-16 02:00:00,136.05,3348.9067406191616,Hold,3348.906740619166,4394.37984496126
Hold,2019-06-16 03:00:00,135.99,3347.4298247467823,Hold,3347.429824746787,4392.4418604651355
Hold,2019-06-16 04:00:00,135.86,3344.2298403566283,Hold,3344.229840356633,4388.242894056867
Hold,2019-06-16 05:00:00,137.35,3380.906584520704,Hold,3380.906584520709,4436.369509043946
Hold,2019-06-16 06:00:00,136.81,3367.614341669294,Hold,3367.614341669299,4418.92764857883
Hold,2019-06-16 07:00:00,136.64,3363.429746697553,Hold,3363.429746697558,4413.436692506478
Hold,2019-06-16 08:00:00,134.39,3308.0454014833444,Hold,3308.0454014833495,4340.762273901826
Hold,2019-06-16 09:00:00,134.29,3305.5838750293797,Hold,3305.5838750293847,4337.53229974162
Hold,2019-06-16 10:00:00,134.32,3306.3223329655693,Hold,3306.322332965575,4338.501291989682
Hold,2019-06-16 11:00:00,133.96,3297.460837731296,Hold,3297.4608377313016,4326.873385012938
Hold,2019-06-16 12:00:00,133.68,3290.5685636601947,Hold,3290.5685636602,4317.829457364359
Hold,2019-06-16 13:00:00,135.35,3331.6760554414072,Hold,3331.676055441413,4371.770025839811
Hold,2019-06-16 14:00:00,134.6,3313.2146070366707,Hold,3313.214607036676,4347.54521963826
Hold,2019-06-16 15:00:00,134.98,3322.5684075617373,Hold,3322.5684075617423,4359.819121447046
Hold,2019-06-16 16:00:00,136.07,3349.399045909954,Hold,3349.3990459099596,4395.025839793299
Hold,2019-06-16 17:00:00,135.39,3332.6606660229927,Hold,3332.6606660229977,4373.062015503893
Hold,2019-06-16 18:00:00,135.42,3333.3991239591824,Hold,3333.3991239591874,4374.031007751955
Hold,2019-06-16 19:00:00,135.49,3335.1221924769584,Hold,3335.1221924769634,4376.291989664101
Hold,2019-06-16 20:00:00,136.2,3352.599030300108,Hold,3352.5990303001126,4399.224806201568
Hold,2019-06-16 21:00:00,136.45,3358.7528464350203,Hold,3358.7528464350253,4407.299741602084
Hold,2019-06-16 22:00:00,136.46,3358.998999080417,Hold,3358.9989990804215,4407.622739018106
Hold,2019-06-16 23:00:00,136.45,3358.7528464350203,Hold,3358.7528464350253,4407.2997416020835
Hold,2019-06-17 00:00:00,136.27,3354.322098817884,Hold,3354.3220988178887,4401.485788113712
Hold,2019-06-17 01:00:00,135.55,3336.5991083493373,Hold,3336.5991083493423,4378.229974160224
Hold,2019-06-17 02:00:00,134.9,3320.5991863985655,Hold,3320.5991863985705,4357.23514211888
Hold,2019-06-17 03:00:00,135.49,3335.1221924769584,Hold,3335.122192476963,4376.2919896641
Hold,2019-06-17 04:00:00,134.94,3321.5837969801514,Hold,3321.583796980156,4358.527131782962
Hold,2019-06-17 05:00:00,134.5,3310.7530805827064,Hold,3310.7530805827114,4344.315245478052
Hold,2019-06-17 06:00:00,134.76,3317.1530493630144,Hold,3317.153049363019,4352.713178294589
Hold,2019-06-17 07:00:00,134.53,3311.4915385188956,Hold,3311.4915385188997,4345.284237726115
Hold,2019-06-17 08:00:00,135.4,3332.90681866839,Hold,3332.906818668394,4373.385012919913
Hold,2019-06-17 09:00:00,134.9,3320.5991863985655,Hold,3320.5991863985696,4357.23514211888
Hold,2019-06-17 10:00:00,135.65,3339.060634803302,Hold,3339.060634803306,4381.459948320431
Hold,2019-06-17 11:00:00,135.27,3329.706834278236,Hold,3329.70683427824,4369.186046511645
Hold,2019-06-17 12:00:00,135.3,3330.445292214425,Hold,3330.445292214429,4370.155038759707
Hold,2019-06-17 13:00:00,134.86,3319.61457581698,Hold,3319.614575816984,4355.943152454798
Hold,2019-06-17 14:00:00,135.74,3341.2760086118706,Hold,3341.276008611875,4384.366925064618
Hold,2019-06-17 15:00:00,132.04,3250.199529815171,Hold,3250.199529815175,4264.857881136968
Hold,2019-06-17 16:00:00,133.48,3285.6455107522647,Hold,3285.645510752269,4311.369509043945
Hold,2019-06-17 17:00:00,133.28,3280.722457844335,Hold,3280.7224578443393,4304.909560723532
Hold,2019-06-17 18:00:00,133.19,3278.5070840357666,Hold,3278.5070840357707,4302.002583979345
Hold,2019-06-17 19:00:00,132.41,3259.307177694841,Hold,3259.307177694845,4276.808785529733
Hold,2019-06-17 20:00:00,133.58,3288.10703720623,Hold,3288.107037206234,4314.5994832041515
Hold,2019-06-17 21:00:00,134.32,3306.3223329655693,Hold,3306.3223329655734,4338.501291989682
Hold,2019-06-17 22:00:00,134.59,3312.9684543912745,Hold,3312.9684543912786,4347.222222222239
Hold,2019-06-17 23:00:00,133.8,3293.5223954049525,Hold,3293.5223954049566,4321.705426356607
Hold,2019-06-18 00:00:00,133.16,3277.7686260995774,Hold,3277.7686260995815,4301.033591731283
Hold,2019-06-18 01:00:00,133.03,3274.568641709423,Hold,3274.568641709427,4296.834625323015
Hold,2019-06-18 02:00:00,132.23,3254.8764300777043,Hold,3254.8764300777084,4270.9948320413605
Hold,2019-06-18 03:00:00,132.51,3261.7687041488057,Hold,3261.76870414881,4280.038759689939
Hold,2019-06-18 04:00:00,132.25,3255.3687353684973,Hold,3255.3687353685013,4271.640826873401
Hold,2019-06-18 05:00:00,130.79,3219.4304491406106,Hold,3219.430449140615,4224.483204134383
Hold,2019-06-18 06:00:00,130.81,3219.9227544314035,Hold,3219.9227544314085,4225.129198966425
Hold,2019-06-18 07:00:00,129.89,3197.276711054927,Hold,3197.276711054932,4195.413436692524
Hold,2019-06-18 08:00:00,131.02,3225.0919599847302,Hold,3225.0919599847352,4231.91214470286
Hold,2019-06-18 09:00:00,131.48,3236.4149816729678,Hold,3236.4149816729728,4246.770025839811
Hold,2019-06-18 10:00:00,131.6,3239.368813417726,Hold,3239.368813417731,4250.645994832059
Hold,2019-06-18 11:00:00,130.61,3214.9997015234744,Hold,3214.999701523479,4218.669250646012
Hold,2019-06-18 12:00:00,131.52,3237.3995922545546,Hold,3237.399592254559,4248.062015503894
Hold,2019-06-18 13:00:00,136.06,3349.152893264558,Hold,3349.1528932645624,4394.70284237728
Hold,2019-06-18 14:00:00,134.23,3304.106959157001,Hold,3304.1069591570053,4335.594315245496
Hold,2019-06-18 15:00:00,133.83,3294.260853341142,Hold,3294.2608533411467,4322.67441860467
Hold,2019-06-18 16:00:00,131.86,3245.768782198035,Hold,3245.7687821980394,4259.043927648597
Hold,2019-06-18 17:00:00,133.71,3291.3070215963844,Hold,3291.3070215963885,4318.798449612421
Hold,2019-06-18 18:00:00,134.72,3316.168438781429,Hold,3316.1684387814325,4351.421188630508
Hold,2019-06-18 19:00:00,133.96,3297.460837731296,Hold,3297.4608377312998,4326.873385012938
Hold,2019-06-18 20:00:00,134.19,3303.1223485754153,Hold,3303.122348575419,4334.302325581413
Hold,2019-06-18 21:00:00,133.02,3274.3224890640267,Hold,3274.3224890640304,4296.511627906995
Hold,2019-06-18 22:00:00,135.15,3326.7530025334777,Hold,3326.7530025334813,4365.310077519399
Hold,2019-06-18 23:00:00,135.22,3328.476071051253,Hold,3328.476071051256,4367.571059431543
Hold,2019-06-19 00:00:00,135.0,3323.0607128525303,Hold,3323.060712852534,4360.465116279088
Hold,2019-06-19 01:00:00,134.09,3300.6608221214506,Hold,3300.660822121454,4331.072351421207
Hold,2019-06-19 02:00:00,134.9,3320.5991863985655,Hold,3320.599186398569,4357.235142118881
Hold,2019-06-19 03:00:00,134.25,3304.599264447794,Hold,3304.599264447798,4336.240310077537
Hold,2019-06-19 04:00:00,134.71,3315.9222861360327,Hold,3315.9222861360363,4351.098191214488
Hold,2019-06-19 05:00:00,134.8,3318.137659944601,Hold,3318.137659944605,4354.005167958674
Hold,2019-06-19 06:00:00,135.3,3330.445292214425,Hold,3330.4452922144283,4370.155038759708
Hold,2019-06-19 07:00:00,137.51,3384.845026847048,Hold,3384.845026847051,4441.5374677002765
Hold,2019-06-19 08:00:00,137.19,3376.96814219436,Hold,3376.9681421943637,4431.2015503876155
Hold,2019-06-19 09:00:00,136.75,3366.137425796915,Hold,3366.1374257969187,4416.9896640827055
Hold,2019-06-19 10:00:00,137.64,3388.0450112372014,Hold,3388.0450112372055,4445.736434108545
Hold,2019-06-19 11:00:00,137.73,3390.26038504577,Hold,3390.2603850457735,4448.643410852731
Hold,2019-06-19 12:00:00,136.76,3366.3835784423113,Hold,3366.3835784423154,4417.312661498726
Hold,2019-06-19 13:00:00,137.59,3386.81424801022,Hold,3386.814248010224,4444.121447028442
Hold,2019-06-19 14:00:00,137.09,3374.5066157403953,Hold,3374.5066157403994,4427.971576227408
Hold,2019-06-19 15:00:00,137.33,3380.4142792299112,Hold,3380.414279229915,4435.723514211904
Hold,2019-06-19 16:00:00,139.0,3421.5217710111237,Hold,3421.521771011128,4489.664082687357
Hold,2019-06-19 17:00:00,139.12,3424.4756027558815,Hold,3424.475602755885,4493.540051679606
Hold,2019-06-19 18:00:00,138.86,3418.0756339755735,Hold,3418.0756339755767,4485.142118863068
Hold,2019-06-19 19:00:00,138.86,3418.0756339755735,Hold,3418.0756339755767,4485.142118863068
Hold,2019-06-19 20:00:00,138.62,3412.1679704860576,Hold,3412.167970486061,4477.390180878572
Hold,2019-06-19 21:00:00,138.86,3418.0756339755735,Hold,3418.0756339755767,4485.142118863069
Hold,2019-06-19 22:00:00,136.52,3360.4759149527963,Hold,3360.4759149527995,4409.5607235142315
Hold,2019-06-19 23:00:00,136.43,3358.260541144228,Hold,3358.2605411442314,4406.6537467700455
Hold,2019-06-20 00:00:00,136.06,3349.152893264558,Hold,3349.1528932645615,4394.70284237728
Hold,2019-06-20 01:00:00,135.86,3344.2298403566283,Hold,3344.2298403566324,4388.242894056867
Hold,2019-06-20 02:00:00,136.34,3356.0451673356592,Hold,3356.045167335663,4403.746770025859
Hold,2019-06-20 03:00:00,136.08,3349.645198555351,Hold,3349.6451985553545,4395.348837209322
Hold,2019-06-20 04:00:00,135.82,3343.245229775042,Hold,3343.2452297750456,4386.950904392784
Hold,2019-06-20 05:00:00,136.3,3355.0605567540733,Hold,3355.0605567540765,4402.454780361777
Hold,2019-06-20 06:00:00,135.89,3344.968298292817,Hold,3344.9682982928202,4389.211886304928
Hold,2019-06-20 07:00:00,135.08,3325.0299340157026,Hold,3325.0299340157057,4363.0490956072545
Hold,2019-06-20 08:00:00,134.3,3305.830027674777,Hold,3305.83002767478,4337.855297157642
Hold,2019-06-20 09:00:00,134.82,3318.6299652353937,Hold,3318.629965235397,4354.651162790717
Hold,2019-06-20 10:00:00,134.79,3317.891507299204,Hold,3317.8915072992077,4353.682170542655
Hold,2019-06-20 11:00:00,135.0,3323.0607128525303,Hold,3323.060712852534,4360.465116279089
Hold,2019-06-20 12:00:00,134.63,3313.9530649728604,Hold,3313.953064972864,4348.514211886323
Hold,2019-06-20 13:00:00,134.79,3317.891507299204,Hold,3317.8915072992077,4353.682170542654
Hold,2019-06-20 14:00:00,134.83,3318.8761178807904,Hold,3318.8761178807936,4354.974160206737
Hold,2019-06-20 15:00:00,134.62,3313.7069123274637,Hold,3313.7069123274673,4348.191214470303
Hold,2019-06-20 16:00:00,134.48,3310.260775291913,Hold,3310.2607752919166,4343.669250646012
Hold,2019-06-20 17:00:00,133.61,3288.845495142419,Hold,3288.845495142423,4315.568475452214
Hold,2019-06-20 18:00:00,133.64,3289.5839530786084,Hold,3289.583953078612,4316.5374677002765
Hold,2019-06-20 19:00:00,133.78,3293.0300901141595,Hold,3293.0300901141636,4321.059431524566
Hold,2019-06-20 20:00:00,135.42,3333.3991239591824,Hold,3333.3991239591865,4374.031007751956
Hold,2019-06-20 21:00:00,134.79,3317.891507299204,Hold,3317.891507299208,4353.682170542654
Hold,2019-06-20 22:00:00,135.16,3326.999155178874,Hold,3326.999155178878,4365.633074935419
Hold,2019-06-20 23:00:00,135.46,3334.3837345407687,Hold,3334.383734540773,4375.32299741604
Hold,2019-06-21 00:00:00,136.48,3359.4913043712095,Hold,3359.4913043712136,4408.268733850148
Hold,2019-06-21 01:00:00,137.1,3374.7527683857916,Hold,3374.752768385795,4428.294573643429
Hold,2019-06-21 02:00:00,136.65,3363.6758993429507,Hold,3363.6758993429544,4413.759689922499
Hold,2019-06-21 03:00:00,137.44,3383.1219583292723,Hold,3383.121958329276,4439.276485788133
Hold,2019-06-21 04:00:00,136.68,3364.41435727914,Hold,3364.4143572791436,4414.728682170562
Hold,2019-06-21 05:00:00,137.16,3376.229684258171,Hold,3376.229684258175,4430.232558139554
Hold,2019-06-21 06:00:00,136.67,3364.168204633743,Hold,3364.168204633747,4414.405684754541
Hold,2019-06-21 07:00:00,136.17,3351.8605723639184,Hold,3351.8605723639225,4398.255813953507
Hold,2019-06-21 08:00:00,136.76,3366.3835784423113,Hold,3366.3835784423154,4417.312661498727
Hold,2019-06-21 09:00:00,137.48,3384.106568910858,Hold,3384.106568910862,4440.568475452215
Hold,2019-06-21 10:00:00,139.3,3428.906350373019,Hold,3428.9063503730226,4499.354005167978
Hold,2019-06-21 11:00:00,138.76,3415.6141075216083,Hold,3415.614107521612,4481.912144702862
Hold,2019-06-21 12:00:00,138.42,3407.2449175781276,Hold,3407.2449175781308,4470.930232558158
Hold,2019-06-21 13:00:00,136.65,3363.6758993429507,Hold,3363.675899342954,4413.7596899225
Hold,2019-06-21 14:00:00,136.69,3364.660509924536,Hold,3364.66050992454,4415.051679586582
Hold,2019-06-21 15:00:00,136.24,3353.5836408816945,Hold,3353.583640881698,4400.516795865653
Hold,2019-06-21 16:00:00,137.65,3388.2911638825985,Hold,3388.2911638826017,4446.059431524568
Hold,2019-06-21 17:00:00,137.81,3392.229606208942,Hold,3392.229606208946,4451.2273901808985
Hold,2019-06-21 18:00:00,137.52,3385.0911794924446,Hold,3385.091179492448,4441.8604651163
Hold,2019-06-21 19:00:00,136.59,3362.1989834705714,Hold,3362.198983470575,4411.821705426377
Hold,2019-06-21 20:00:00,137.45,3383.3681109746685,Hold,3383.368110974672,4439.599483204154
Hold,2019-06-21 21:00:00,137.07,3374.0143104496024,Hold,3374.014310449606,4427.325581395369
Hold,2019-06-21 22:00:00,137.0,3372.2912419318272,Hold,3372.291241931831,4425.064599483225
Hold,2019-06-21 23:00:00,138.28,3403.798780542577,Hold,3403.7987805425805,4466.4082687338705
Hold,2019-06-22 00:00:00,138.74,3415.1218022308153,Hold,3415.121802230819,4481.266149870821
Hold,2019-06-22 01:00:00,140.67,3462.6292627923362,Hold,3462.6292627923403,4543.604651162811
Hold,2019-06-22 02:00:00,142.61,3510.382875999255,Hold,3510.3828759992593,4606.266149870823
Hold,2019-06-22 03:00:00,139.99,3445.8908829053757,Hold,3445.8908829053803,4521.640826873407
Hold,2019-06-22 04:00:00,140.89,3468.0446209910588,Hold,3468.044620991063,4550.710594315266
Hold,2019-06-22 05:00:00,141.85,3491.6752749491216,Hold,3491.675274949126,4581.71834625325
Hold,2019-06-22 06:00:00,141.43,3481.3368638424695,Hold,3481.336863842474,4568.152454780383
Hold,2019-06-22 07:00:00,140.39,3455.736988721235,Hold,3455.7369887212394,4534.560723514232
Hold,2019-06-22 08:00:00,141.17,3474.9368950621606,Hold,3474.9368950621647,4559.754521963844
Hold,2019-06-22 09:00:00,140.02,3446.6293408415654,Hold,3446.62934084157,4522.609819121468
Hold,2019-06-22 10:00:00,139.98,3445.644730259979,Hold,3445.6447302599836,4521.3178294573845
Hold,2019-06-22 11:00:00,140.23,3451.798546394891,Hold,3451.798546394896,4529.392764857901
Hold,2019-06-22 12:00:00,140.55,3459.6754310475794,Hold,3459.6754310475844,4539.728682170564
Hold,2019-06-22 13:00:00,142.61,3510.382875999255,Hold,3510.3828759992607,4606.266149870823
Hold,2019-06-22 14:00:00,140.71,3463.613873373923,Hold,3463.613873373929,4544.896640826895
Hold,2019-06-22 15:00:00,140.21,3451.3062411040983,Hold,3451.306241104104,4528.746770025862
Hold,2019-06-22 16:00:00,140.68,3462.875415437733,Hold,3462.875415437739,4543.927648578833
Hold,2019-06-22 17:00:00,143.22,3525.3981873684397,Hold,3525.3981873684456,4625.968992248084
Hold,2019-06-22 18:00:00,141.84,3491.4291223037253,Hold,3491.429122303731,4581.395348837232
Hold,2019-06-22 19:00:00,142.24,3501.2752281195844,Hold,3501.27522811959,4594.315245478059
Hold,2019-06-22 20:00:00,141.58,3485.029153523417,Hold,3485.0291535234223,4572.997416020695
Hold,2019-06-22 21:00:00,141.26,3477.152268870729,Hold,3477.1522688707346,4562.661498708033
Hold,2019-06-22 22:00:00,140.05,3447.3677987777546,Hold,3447.3677987777596,4523.578811369533
Hold,2019-06-22 23:00:00,142.26,3501.7675334103774,Hold,3501.7675334103824,4594.9612403101
Hold,2019-06-23 00:00:00,142.51,3507.9213495452896,Hold,3507.9213495452946,4603.0361757106175
Hold,2019-06-23 01:00:00,142.9,3517.521302715753,Hold,3517.521302715758,4615.633074935424
Hold,2019-06-23 02:00:00,141.62,3486.0137641050023,Hold,3486.013764105007,4574.289405684777
Hold,2019-06-23 03:00:00,142.06,3496.844480502448,Hold,3496.8444805024524,4588.501291989687
Hold,2019-06-23 04:00:00,141.97,3494.6291066938793,Hold,3494.629106693884,4585.594315245501
Hold,2019-06-23 05:00:00,142.11,3498.075243729431,Hold,3498.075243729435,4590.116279069792
Hold,2019-06-23 06:00:00,141.54,3484.0445429418305,Hold,3484.0445429418346,4571.7054263566115
Hold,2019-06-23 07:00:00,141.2,3475.67535299835,Hold,3475.6753529983534,4560.723514211909
Hold,2019-06-23 08:00:00,140.79,3465.5830945370944,Hold,3465.5830945370976,4547.480620155062
Hold,2019-06-23 09:00:00,140.68,3462.875415437733,Hold,3462.875415437736,4543.927648578835
Hold,2019-06-23 10:00:00,139.86,3442.6908985152218,Hold,3442.690898515225,4517.44186046514
Hold,2019-06-23 11:00:00,140.51,3458.6908204659926,Hold,3458.6908204659962,4538.436692506483
Hold,2019-06-23 12:00:00,140.8,3465.829247182491,Hold,3465.8292471824952,4547.803617571084
Hold,2019-06-23 13:00:00,140.29,3453.27546226727,Hold,3453.2754622672737,4531.330749354029
Hold,2019-06-23 14:00:00,141.1,3473.2138265443855,Hold,3473.2138265443896,4557.493540051704
Hold,2019-06-23 15:00:00,141.24,3476.6599635799366,Hold,3476.6599635799403,4562.015503875993
Hold,2019-06-23 16:00:00,140.18,3450.567783167909,Hold,3450.567783167913,4527.777777777802
Hold,2019-06-23 17:00:00,140.38,3455.4908360758386,Hold,3455.490836075843,4534.237726098215
Hold,2019-06-23 18:00:00,140.87,3467.5523157002667,Hold,3467.5523157002713,4550.0645994832275
Hold,2019-06-23 19:00:00,140.75,3464.5984839555085,Hold,3464.598483955513,4546.188630490979
Hold,2019-06-23 20:00:00,140.15,3449.82932523172,Hold,3449.8293252317244,4526.808785529739
Hold,2019-06-23 21:00:00,138.99,3421.275618365728,Hold,3421.275618365733,4489.3410852713405
Hold,2019-06-23 22:00:00,137.99,3396.6603538260792,Hold,3396.6603538260842,4457.0413436692725
Hold,2019-06-23 23:00:00,137.5,3384.598874201651,Hold,3384.598874201656,4441.21447028426
Hold,2019-06-24 00:00:00,136.46,3358.998999080417,Hold,3358.9989990804215,4407.622739018109
Hold,2019-06-24 01:00:00,135.69,3340.0452453848875,Hold,3340.045245384892,4382.751937984517
Hold,2019-06-24 02:00:00,135.21,3328.2299184058566,Hold,3328.229918405861,4367.248062015525
Hold,2019-06-24 03:00:00,135.46,3334.3837345407687,Hold,3334.383734540773,4375.322997416042
Hold,2019-06-24 04:00:00,136.42,3358.014388498831,Hold,3358.0143884988356,4406.330749354026
Hold,2019-06-24 05:00:00,136.55,3361.2143728889855,Hold,3361.21437288899,4410.529715762295
Hold,2019-06-24 06:00:00,135.29,3330.1991395690284,Hold,3330.199139569033,4369.8320413436895
Hold,2019-06-24 07:00:00,135.8,3342.7529244842494,Hold,3342.752924484254,4386.304909560746
Hold,2019-06-24 08:00:00,136.46,3358.998999080417,Hold,3358.998999080422,4407.622739018109
Hold,2019-06-24 09:00:00,135.96,3346.691366810593,Hold,3346.691366810598,4391.472868217076
Hold,2019-06-24 10:00:00,136.1,3350.1375038461433,Hold,3350.137503846149,4395.994832041366
Hold,2019-06-24 11:00:00,135.45,3334.137581895372,Hold,3334.1375818953775,4375.000000000021
Hold,2019-06-24 12:00:00,135.6,3337.8298715763194,Hold,3337.8298715763244,4379.844961240331
Hold,2019-06-24 13:00:00,135.27,3329.706834278236,Hold,3329.706834278241,4369.18604651165
Hold,2019-06-24 14:00:00,135.67,3339.5529400940945,Hold,3339.552940094099,4382.105943152476
Hold,2019-06-24 15:00:00,135.15,3326.7530025334777,Hold,3326.7530025334822,4365.310077519402
Hold,2019-06-24 16:00:00,135.54,3336.35295570394,Hold,3336.3529557039446,4377.906976744208
Hold,2019-06-24 17:00:00,135.23,3328.722223696649,Hold,3328.7222236966536,4367.894056847566
Hold,2019-06-24 18:00:00,133.92,3296.4762271497098,Hold,3296.4762271497143,4325.581395348858
Hold,2019-06-24 19:00:00,133.79,3293.2762427595558,Hold,3293.2762427595603,4321.382428940589
Hold,2019-06-24 20:00:00,133.55,3287.3685792700408,Hold,3287.3685792700453,4313.630490956094
Hold,2019-06-24 21:00:00,134.98,3322.5684075617373,Hold,3322.5684075617414,4359.819121447051
Hold,2019-06-24 22:00:00,135.5,3335.3683451223546,Hold,3335.3683451223587,4376.614987080126
Hold,2019-06-24 23:00:00,135.77,3342.0144665480598,Hold,3342.0144665480634,4385.335917312684
Hold,2019-06-25 00:00:00,136.73,3365.645120506122,Hold,3365.6451205061257,4416.343669250668
Hold,2019-06-25 01:00:00,136.92,3370.322020768655,Hold,3370.322020768658,4422.480620155062
Hold,2019-06-25 02:00:00,136.15,3351.368267073126,Hold,3351.368267073129,4397.6098191214705
Hold,2019-06-25 03:00:00,136.01,3347.922130037575,Hold,3347.922130037578,4393.087855297181
Hold,2019-06-25 04:00:00,136.19,3352.352877654712,Hold,3352.352877654715,4398.901808785553
Hold,2019-06-25 05:00:00,136.17,3351.8605723639184,Hold,3351.8605723639216,4398.255813953511
Hold,2019-06-25 06:00:00,135.49,3335.1221924769584,Hold,3335.122192476961,4376.291989664106
Hold,2019-06-25 07:00:00,135.63,3338.5683295125086,Hold,3338.5683295125114,4380.813953488395
Hold,2019-06-25 08:00:00,136.16,3351.614419718522,Hold,3351.614419718525,4397.93281653749
Hold,2019-06-25 09:00:00,135.94,3346.1990615197997,Hold,3346.1990615198024,4390.8268733850355
Hold,2019-06-25 10:00:00,135.68,3339.7990927394912,Hold,3339.799092739494,4382.428940568498
Hold,2019-06-25 11:00:00,134.5,3310.7530805827064,Hold,3310.753080582709,4344.315245478058
Hold,2019-06-25 12:00:00,132.02,3249.7072245243785,Hold,3249.707224524381,4264.211886304932
Hold,2019-06-25 13:00:00,132.69,3266.1994517659427,Hold,3266.199451765946,4285.852713178317
Hold,2019-06-25 14:00:00,133.13,3277.0301681633878,Hold,3277.030168163391,4300.064599483227
Hold,2019-06-25 15:00:00,133.05,3275.0609470002164,Hold,3275.06094700022,4297.480620155062
Hold,2019-06-25 16:00:00,131.86,3245.768782198035,Hold,3245.7687821980385,4259.043927648601
Hold,2019-06-25 17:00:00,132.91,3271.614809964665,Hold,3271.6148099646684,4292.958656330772
Hold,2019-06-25 18:00:00,133.55,3287.3685792700408,Hold,3287.3685792700444,4313.630490956096
Hold,2019-06-25 19:00:00,132.86,3270.384046737683,Hold,3270.3840467376867,4291.343669250669
Hold,2019-06-25 20:00:00,132.5,3261.5225515034094,Hold,3261.522551503413,4279.715762273924
Hold,2019-06-25 21:00:00,133.48,3285.6455107522647,Hold,3285.645510752269,4311.3695090439505
Hold,2019-06-25 22:00:00,138.19,3401.5834067340083,Hold,3401.5834067340124,4463.501291989688
Hold,2019-06-25 23:00:00,136.33,3355.799014690263,Hold,3355.799014690267,4403.423772609844
Hold,2019-06-26 00:00:00,135.49,3335.1221924769584,Hold,3335.1221924769625,4376.291989664107
Hold,2019-06-26 01:00:00,134.69,3315.4299808452392,Hold,3315.4299808452433,4350.452196382454
Hold,2019-06-26 02:00:00,135.31,3330.6914448598213,Hold,3330.6914448598254,4370.478036175736
Hold,2019-06-26 03:00:00,136.33,3355.799014690263,Hold,3355.7990146902666,4403.4237726098445
Hold,2019-06-26 04:00:00,135.93,3345.9529088744034,Hold,3345.952908874407,4390.503875969017
Hold,2019-06-26 05:00:00,134.66,3314.69152290905,Hold,3314.6915229090537,4349.483204134392
Hold,2019-06-26 06:00:00,135.55,3336.5991083493373,Hold,3336.599108349341,4378.229974160232
Hold,2019-06-26 07:00:00,134.61,3313.460759682068,Hold,3313.460759682071,4347.868217054289
Hold,2019-06-26 08:00:00,134.37,3307.553096192552,Hold,3307.553096192555,4340.116279069793
Hold,2019-06-26 09:00:00,135.33,3331.1837501506147,Hold,3331.1837501506184,4371.124031007777
Hold,2019-06-26 10:00:00,135.62,3338.3221768671124,Hold,3338.322176867116,4380.490956072377
Hold,2019-06-26 11:00:00,137.1,3374.7527683857916,Hold,3374.7527683857948,4428.294573643436
Hold,2019-06-26 12:00:00,137.5,3384.598874201651,Hold,3384.598874201655,4441.214470284263
Hold,2019-06-26 13:00:00,137.17,3376.475836903567,Hold,3376.475836903571,4430.555555555581
Hold,2019-06-26 14:00:00,135.85,3343.983687711231,Hold,3343.983687711235,4387.919896640852
Hold,2019-06-26 15:00:00,137.33,3380.4142792299112,Hold,3380.4142792299153,4435.7235142119125
Hold,2019-06-26 16:00:00,138.02,3397.3988117622685,Hold,3397.398811762273,4458.010335917339
Hold,2019-06-26 17:00:00,136.5,3359.983609662003,Hold,3359.9836096620074,4408.914728682196
Hold,2019-06-26 18:00:00,136.52,3360.4759149527963,Hold,3360.475914952801,4409.560723514239
Hold,2019-06-26 19:00:00,136.19,3352.352877654712,Hold,3352.3528776547164,4398.901808785557
Hold,2019-06-26 20:00:00,131.74,3242.8149504532767,Hold,3242.8149504532807,4255.167958656357
Hold,2019-06-26 21:00:00,131.7,3241.8303398716903,Hold,3241.830339871694,4253.875968992274
Hold,2019-06-26 22:00:00,131.76,3243.3072557440696,Hold,3243.3072557440732,4255.8139534883985
Hold,2019-06-26 23:00:00,132.25,3255.3687353684973,Hold,3255.3687353685004,4271.640826873412
Sell,2019-06-27 00:00:00,131.73,3242.56879780788,Sinal: Venda,3242.568797807883,4254.8449612403365
Buy,2019-06-29 13:00:00,126.89,3242.56879780788,Sinal: Compra,3242.568797807883,4098.5142118863305
Hold,2019-06-29 14:00:00,128.27,3271.2811649438636,Hold,3271.2811649438668,4143.0878552971835
Hold,2019-06-29 15:00:00,128.96,3288.878296025264,Hold,3288.8782960252665,4165.37467700261
Hold,2019-06-29 16:00:00,135.55,3456.9436493969024,Hold,3456.943649396905,4378.229974160235
Hold,2019-06-29 17:00:00,134.36,3426.594974053617,Hold,3426.59497405362,4339.793281653774
Hold,2019-06-29 18:00:00,134.48,3429.6553446764688,Hold,3429.6553446764715,4343.669250646022
Hold,2019-06-29 19:00:00,133.8,3412.3132444803064,Hold,3412.313244480309,4321.705426356617
Hold,2019-06-29 20:00:00,133.68,3409.252873857454,Hold,3409.2528738574565,4317.829457364369
Hold,2019-06-29 21:00:00,133.56,3406.1925032346016,Hold,3406.192503234604,4313.953488372121
Hold,2019-06-29 22:00:00,133.86,3413.843429791733,Hold,3413.8434297917356,4323.643410852741
Hold,2019-06-29 23:00:00,133.86,3413.843429791733,Hold,3413.8434297917356,4323.643410852741
Hold,2019-06-30 00:00:00,134.31,3425.3198196274284,Hold,3425.319819627431,4338.17829457367
Hold,2019-06-30 01:00:00,133.07,3393.6959898579544,Hold,3393.6959898579576,4298.126614987106
Hold,2019-06-30 02:00:00,131.95,3365.132530711333,Hold,3365.1325307113357,4261.95090439279
Hold,2019-06-30 03:00:00,132.13,3369.723086645612,Hold,3369.7230866456152,4267.764857881163
Hold,2019-06-30 04:00:00,132.24,3372.5284263832264,Hold,3372.5284263832295,4271.317829457392
Hold,2019-06-30 05:00:00,131.72,3359.2668203508665,Hold,3359.2668203508697,4254.521963824316
Hold,2019-06-30 06:00:00,131.13,3344.2199981218428,Hold,3344.219998121846,4235.465116279096
Hold,2019-06-30 07:00:00,127.98,3263.88526927197,Hold,3263.8852692719734,4133.720930232584
Hold,2019-06-30 08:00:00,129.48,3302.139902057623,Hold,3302.1399020576264,4182.170542635684
Hold,2019-06-30 09:00:00,134.96,3441.896827167878,Hold,3441.896827167881,4359.173126615015
Hold,2019-06-30 10:00:00,131.24,3347.0253378594575,Hold,3347.0253378594603,4239.018087855324
Hold,2019-06-30 11:00:00,132.42,3377.1189823175046,Hold,3377.1189823175077,4277.131782945763
Hold,2019-06-30 12:00:00,132.61,3381.9645691370215,Hold,3381.964569137025,4283.268733850156
Hold,2019-06-30 13:00:00,129.04,3290.918543107165,Hold,3290.9185431071687,4167.958656330775
Hold,2019-06-30 14:00:00,130.48,3327.6429905813925,Hold,3327.642990581396,4214.470284237752
Hold,2019-06-30 15:00:00,133.87,3414.0984606769703,Hold,3414.098460676974,4323.9664082687605
Hold,2019-06-30 16:00:00,131.63,3356.971542383727,Hold,3356.9715423837306,4251.61498708013
Hold,2019-06-30 17:00:00,131.44,3352.125955564211,Hold,3352.1259555642146,4245.4780361757375
Hold,2019-06-30 18:00:00,130.2,3320.502125794737,Hold,3320.50212579474,4205.426356589173
Hold,2019-06-30 19:00:00,130.04,3316.421631630934,Hold,3316.421631630937,4200.258397932843
Hold,2019-06-30 20:00:00,131.27,3347.7904305151706,Hold,3347.7904305151733,4239.987080103387
Hold,2019-06-30 21:00:00,129.86,3311.8310756966566,Hold,3311.8310756966594,4194.444444444472
Hold,2019-06-30 22:00:00,122.75,3130.5041162926577,Hold,3130.50411629266,3964.7932816537723
Hold,2019-06-30 23:00:00,123.25,3143.255660554542,Hold,3143.255660554544,3980.943152454806
Hold,2019-07-01 00:00:00,125.12,3190.9464360939905,Hold,3190.946436093993,4041.343669250672
Hold,2019-07-01 01:00:00,124.64,3178.704953602581,Hold,3178.7049536025834,4025.8397932816797
Hold,2019-07-01 02:00:00,125.77,3207.52344363444,Hold,3207.5234436344417,4062.338501292016
Hold,2019-07-01 03:00:00,125.82,3208.7985980606286,Hold,3208.79859806063,4063.9534883721194
Hold,2019-07-01 04:00:00,125.7,3205.7382274377765,Hold,3205.7382274377783,4060.0775193798713
Hold,2019-07-01 05:00:00,123.31,3144.7858458659684,Hold,3144.7858458659703,3982.88113695093
Hold,2019-07-01 06:00:00,124.07,3164.168193144033,Hold,3164.168193144035,4007.4289405685013
Hold,2019-07-01 07:00:00,124.43,3173.34930501259,Hold,3173.3493050125917,4019.0568475452465
Hold,2019-07-01 08:00:00,125.46,3199.6174861920717,Hold,3199.617486192073,4052.325581395375
Hold,2019-07-01 09:00:00,124.03,3163.148069603082,Hold,3163.148069603084,4006.136950904419
Hold,2019-07-01 10:00:00,122.65,3127.953807440281,Hold,3127.9538074402826,3961.5633074935663
Hold,2019-07-01 11:00:00,123.02,3137.389950194075,Hold,3137.3899501940764,3973.5142118863305
Trailing-Stop,2019-07-01 12:00:00,120.07,3062.155839048956,Trailing stop 10.0% hit,3062.1558390489577,3878.2299741602314
Buy,2019-07-04 10:00:00,122.75,3062.155839048956,Sinal: Compra,3062.1558390489577,3964.7932816537723
Hold,2019-07-04 11:00:00,122.75,3056.034589526697,Hold,3056.0345895266987,3964.7932816537723
Hold,2019-07-04 12:00:00,122.42,3047.818773522267,Hold,3047.8187735222687,3954.1343669250896
Hold,2019-07-04 13:00:00,122.5,3049.8104864930374,Hold,3049.8104864930397,3956.7183462532544
Hold,2019-07-04 14:00:00,122.13,3040.598814003222,Hold,3040.598814003224,3944.7674418604897
Hold,2019-07-04 15:00:00,121.99,3037.113316304373,Hold,3037.113316304375,3940.2454780362004
Hold,2019-07-04 16:00:00,123.8,3082.175822268066,Hold,3082.1758222680683,3998.7080103359426
Hold,2019-07-04 17:00:00,125.0,3112.05151682963,Hold,3112.0515168296324,4037.467700258423
Hold,2019-07-04 18:00:00,124.08,3089.146817665764,Hold,3089.1468176657663,4007.751937984521
Hold,2019-07-04 19:00:00,124.63,3102.839844339814,Hold,3102.8398443398164,4025.5167958656575
Hold,2019-07-04 20:00:00,122.91,3060.0180154682384,Hold,3060.0180154682403,3969.961240310102
Hold,2019-07-04 21:00:00,122.75,3056.034589526697,Hold,3056.0345895266987,3964.793281653771
Hold,2019-07-04 22:00:00,122.92,3060.2669795895854,Hold,3060.266979589587,3970.2842377261222
Hold,2019-07-04 23:00:00,119.61,2977.8598554239366,Hold,2977.859855423938,3863.3720930232794
Hold,2019-07-05 00:00:00,119.2,2967.6523264487355,Hold,2967.652326448737,3850.129198966432
Hold,2019-07-05 01:00:00,119.62,2978.108819545283,Hold,2978.1088195452844,3863.6950904393
Hold,2019-07-05 02:00:00,118.98,2962.175115779115,Hold,2962.1751157791164,3843.0232558139774
Hold,2019-07-05 03:00:00,119.49,2974.87228596778,Hold,2974.8722859677814,3859.496124031031
Hold,2019-07-05 04:00:00,119.65,2978.855711909322,Hold,2978.8557119093234,3864.6640826873618
Hold,2019-07-05 05:00:00,119.96,2986.5735996710596,Hold,2986.573599671061,3874.677002584002
Hold,2019-07-05 06:00:00,118.7,2955.204120381417,Hold,2955.204120381418,3833.979328165398
Hold,2019-07-05 07:00:00,118.56,2951.718622682568,Hold,2951.718622682569,3829.4573643411086
Hold,2019-07-05 08:00:00,118.34,2946.2414120129474,Hold,2946.2414120129483,3822.3514211886536
Hold,2019-07-05 09:00:00,120.04,2988.5653126418306,Hold,2988.5653126418315,3877.260981912168
Hold,2019-07-05 10:00:00,120.05,2988.814276763177,Hold,2988.814276763178,3877.583979328189
Hold,2019-07-05 11:00:00,119.91,2985.328779064327,Hold,2985.3287790643276,3873.0620155038996
Hold,2019-07-05 12:00:00,119.22,2968.150254691428,Hold,2968.150254691429,3850.775193798473
Hold,2019-07-05 13:00:00,118.81,2957.942725716227,Hold,2957.942725716228,3837.5322997416256
Hold,2019-07-05 14:00:00,119.15,2966.4075058420035,Hold,2966.407505842005,3848.5142118863287
Hold,2019-07-05 15:00:00,118.38,2947.237268498333,Hold,2947.2372684983347,3823.6434108527365
Hold,2019-07-05 16:00:00,117.87,2934.540098309668,Hold,2934.5400983096692,3807.1705426356825
Hold,2019-07-05 17:00:00,118.26,2944.2496990421764,Hold,2944.2496990421782,3819.767441860489
Hold,2019-07-05 18:00:00,118.07,2939.5193807365954,Hold,2939.519380736597,3813.630490956096
Hold,2019-07-05 19:00:00,118.05,2939.0214524939024,Hold,2939.021452493904,3812.9844961240547
Hold,2019-07-05 20:00:00,118.49,2949.975873833143,Hold,2949.9758738331443,3827.196382428964
Hold,2019-07-05 21:00:00,119.31,2970.3909317835455,Hold,2970.390931783547,3853.68217054266
Hold,2019-07-05 22:00:00,118.4,2947.735196741026,Hold,2947.7351967410273,3824.289405684779
Hold,2019-07-05 23:00:00,118.35,2946.4903761342935,Hold,2946.490376134295,3822.6744186046753
Hold,2019-07-06 00:00:00,119.65,2978.855711909322,Hold,2978.855711909323,3864.664082687363
Hold,2019-07-06 01:00:00,119.75,2981.3453531227856,Hold,2981.3453531227865,3867.89405684757
Hold,2019-07-06 02:00:00,119.21,2967.9012905700815,Hold,2967.9012905700824,3850.452196382453
Hold,2019-07-06 03:00:00,119.78,2982.092245486825,Hold,2982.092245486826,3868.8630490956316
Hold,2019-07-06 04:00:00,119.25,2968.897147055467,Hold,2968.8971470554684,3851.744186046536
Hold,2019-07-06 05:00:00,119.07,2964.415792871232,Hold,2964.4157928712334,3845.9302325581634
Hold,2019-07-06 06:00:00,118.59,2952.465515046607,Hold,2952.4655150466083,3830.4263565891715
Hold,2019-07-06 07:00:00,118.31,2945.4945196489084,Hold,2945.4945196489098,3821.3824289405925
Hold,2019-07-06 08:00:00,117.92,2935.7849189164,Hold,2935.7849189164012,3808.785529715786
Hold,2019-07-06 09:00:00,118.65,2953.9592997746854,Hold,2953.9592997746868,3832.3643410852956
Hold,2019-07-06 10:00:00,118.12,2940.7642013433274,Hold,2940.7642013433288,3815.2454780362
Hold,2019-07-06 11:00:00,118.73,2955.951012745456,Hold,2955.9510127454573,3834.9483204134613
Hold,2019-07-06 12:00:00,118.54,2951.220694439875,Hold,2951.2206944398763,3828.8113695090688
Hold,2019-07-06 13:00:00,118.41,2947.984160862372,Hold,2947.9841608623738,3824.6124031007994
Hold,2019-07-06 14:00:00,120.97,3011.7189759270427,Hold,3011.718975927044,3907.2997416020917
Hold,2019-07-06 15:00:00,120.39,2997.2790568889536,Hold,2997.279056888955,3888.565891472893
Hold,2019-07-06 16:00:00,119.85,2983.834994336249,Hold,2983.8349943362505,3871.1240310077765
Hold,2019-07-06 17:00:00,119.74,2981.096389001439,Hold,2981.0963890014405,3867.5710594315487
Hold,2019-07-06 18:00:00,119.29,2969.893003540853,Hold,2969.8930035408544,3853.0361757106193
Hold,2019-07-06 19:00:00,119.24,2968.6481829341205,Hold,2968.6481829341215,3851.421188630515
Hold,2019-07-06 20:00:00,119.0,2962.673044021808,Hold,2962.673044021809,3843.66925064602
Hold,2019-07-06 21:00:00,117.9,2935.286990673707,Hold,2935.286990673708,3808.139534883746
Hold,2019-07-06 22:00:00,118.04,2938.772488372557,Hold,2938.7724883725577,3812.661498708035
Hold,2019-07-06 23:00:00,118.31,2945.4945196489084,Hold,2945.4945196489098,3821.382428940593
Hold,2019-07-07 00:00:00,118.12,2940.7642013433274,Hold,2940.7642013433288,3815.2454780362004
Hold,2019-07-07 01:00:00,118.6,2952.714479167953,Hold,2952.7144791679543,3830.749354005193
Hold,2019-07-07 02:00:00,118.26,2944.2496990421764,Hold,2944.2496990421782,3819.76744186049
Hold,2019-07-07 03:00:00,118.01,2938.0255960085174,Hold,2938.025596008519,3811.692506459973
Hold,2019-07-07 04:00:00,118.81,2957.942725716227,Hold,2957.9427257162283,3837.532299741627
Hold,2019-07-07 05:00:00,118.31,2945.4945196489084,Hold,2945.4945196489098,3821.382428940593
Hold,2019-07-07 06:00:00,118.14,2941.26212958602,Hold,2941.2621295860213,3815.8914728682416
Hold,2019-07-07 07:00:00,118.49,2949.975873833143,Hold,2949.9758738331443,3827.1963824289646
Hold,2019-07-07 08:00:00,118.2,2942.7559143140984,Hold,2942.7559143140998,3817.8294573643657
Hold,2019-07-07 09:00:00,118.08,2939.7683448579414,Hold,2939.768344857943,3813.953488372117
Hold,2019-07-07 10:00:00,118.5,2950.2248379544894,Hold,2950.224837954491,3827.519379844986
Hold,2019-07-07 11:00:00,119.21,2967.9012905700815,Hold,2967.9012905700824,3850.452196382453
Hold,2019-07-07 12:00:00,118.44,2948.731053226411,Hold,2948.731053226412,3825.581395348862
Hold,2019-07-07 13:00:00,118.6,2952.714479167953,Hold,2952.7144791679534,3830.7493540051923
Hold,2019-07-07 14:00:00,118.34,2946.2414120129474,Hold,2946.2414120129483,3822.351421188655
Hold,2019-07-07 15:00:00,117.77,2932.0504570962044,Hold,2932.0504570962053,3803.9405684754765
Hold,2019-07-07 16:00:00,117.31,2920.5981075142713,Hold,2920.598107514272,3789.082687338526
Hold,2019-07-07 17:00:00,119.46,2974.125393603741,Hold,2974.125393603742,3858.5271317829706
Hold,2019-07-07 18:00:00,118.7,2955.204120381417,Hold,2955.204120381418,3833.9793281654
Hold,2019-07-07 19:00:00,118.9,2960.1834028083445,Hold,2960.183402808345,3840.4392764858135
Hold,2019-07-07 20:00:00,118.91,2960.4323669296905,Hold,2960.4323669296914,3840.762273901834
Hold,2019-07-07 21:00:00,119.4,2972.631608875663,Hold,2972.6316088756644,3856.5891472868466
Hold,2019-07-07 22:00:00,118.65,2953.9592997746854,Hold,2953.959299774687,3832.364341085296
Hold,2019-07-07 23:00:00,119.48,2974.6233218464336,Hold,2974.6233218464354,3859.1731266150123
Hold,2019-07-08 00:00:00,119.01,2962.9220081431545,Hold,2962.9220081431563,3843.9922480620407
Hold,2019-07-08 01:00:00,119.17,2966.9054340846965,Hold,2966.9054340846983,3849.1602067183712
Hold,2019-07-08 02:00:00,118.21,2943.0048784354444,Hold,2943.004878435446,3818.152454780386
Hold,2019-07-08 03:00:00,117.96,2936.7807754017854,Hold,2936.7807754017867,3810.077519379869
Hold,2019-07-08 04:00:00,118.64,2953.7103356533385,Hold,2953.7103356533403,3832.041343669275
Hold,2019-07-08 05:00:00,118.5,2950.2248379544894,Hold,2950.2248379544917,3827.5193798449855
Hold,2019-07-08 06:00:00,118.41,2947.984160862372,Hold,2947.984160862374,3824.612403100799
Hold,2019-07-08 07:00:00,118.7,2955.204120381417,Hold,2955.2041203814188,3833.979328165399
Hold,2019-07-08 08:00:00,119.59,2977.3619271812436,Hold,2977.361927181246,3862.7260981912386
Hold,2019-07-08 09:00:00,119.97,2986.8225637924056,Hold,2986.8225637924074,3875.000000000024
Hold,2019-07-08 10:00:00,120.24,2993.5445950687576,Hold,2993.5445950687595,3883.720930232582
Hold,2019-07-08 11:00:00,120.18,2992.0508103406796,Hold,2992.0508103406814,3881.7829457364583
Hold,2019-07-08 12:00:00,119.77,2981.843281365478,Hold,2981.8432813654804,3868.5400516796103
Hold,2019-07-08 13:00:00,119.7,2980.100532516054,Hold,2980.1005325160563,3866.2790697674654
Hold,2019-07-08 14:00:00,119.9,2985.0798149429816,Hold,2985.079814942984,3872.7390180878792
Hold,2019-07-08 15:00:00,119.83,2983.3370660935566,Hold,2983.3370660935593,3870.4780361757344
Hold,2019-07-08 16:00:00,120.44,2998.523877495685,Hold,2998.523877495688,3890.180878552995
Hold,2019-07-08 17:00:00,120.38,2997.0300927676067,Hold,2997.0300927676094,3888.242894056871
Hold,2019-07-08 18:00:00,119.91,2985.328779064327,Hold,2985.32877906433,3873.0620155038996
Hold,2019-07-08 19:00:00,120.19,2992.299774462026,Hold,2992.299774462029,3882.1059431524786
Hold,2019-07-08 20:00:00,120.62,3003.00523167992,Hold,3003.0052316799233,3895.9948320413678
Hold,2019-07-08 21:00:00,120.62,3003.00523167992,Hold,3003.0052316799233,3895.9948320413678
Hold,2019-07-08 22:00:00,121.21,3017.6941148393557,Hold,3017.6941148393585,3915.0516795865865
Hold,2019-07-08 23:00:00,122.92,3060.2669795895854,Hold,3060.266979589588,3970.2842377261222
Hold,2019-07-09 00:00:00,122.07,3039.1050292751434,Hold,3039.105029275146,3942.8294573643648
Hold,2019-07-09 01:00:00,123.02,3062.7566208030485,Hold,3062.7566208030516,3973.5142118863287
Hold,2019-07-09 02:00:00,122.67,3054.042876555926,Hold,3054.042876555929,3962.2093023256057
Hold,2019-07-09 03:00:00,122.76,3056.2835536480434,Hold,3056.283553648046,3965.1162790697913
Hold,2019-07-09 04:00:00,122.82,3057.777338376121,Hold,3057.7773383761237,3967.0542635659153
Hold,2019-07-09 05:00:00,122.37,3046.573952915535,Hold,3046.5739529155376,3952.5193798449855
Hold,2019-07-09 06:00:00,122.81,3057.5283742547754,Hold,3057.5283742547776,3966.731266149895
Hold,2019-07-09 07:00:00,120.07,2989.3122050058696,Hold,2989.312205005872,3878.22997416023
Hold,2019-07-09 08:00:00,120.56,3001.5114469518417,Hold,3001.5114469518444,3894.0568475452433
Hold,2019-07-09 09:00:00,120.94,3010.9720835630037,Hold,3010.972083563006,3906.3307493540287
Hold,2019-07-09 10:00:00,119.29,2969.893003540853,Hold,2969.8930035408553,3853.036175710618
Hold,2019-07-09 11:00:00,119.41,2972.880572997009,Hold,2972.8805729970118,3856.912144702866
Hold,2019-07-09 12:00:00,120.06,2989.063240884523,Hold,2989.0632408845254,3877.9069767442097
Hold,2019-07-09 13:00:00,119.5,2975.121250089126,Hold,2975.1212500891284,3859.819121447052
Hold,2019-07-09 14:00:00,119.26,2969.146111176814,Hold,2969.1461111768162,3852.0671834625564
Hold,2019-07-09 15:00:00,119.17,2966.9054340846965,Hold,2966.9054340846988,3849.16020671837
Hold,2019-07-09 16:00:00,118.9,2960.1834028083445,Hold,2960.1834028083463,3840.439276485812
Hold,2019-07-09 17:00:00,118.79,2957.4447974735344,Hold,2957.4447974735367,3836.8863049095844
Hold,2019-07-09 18:00:00,118.94,2961.17925929373,Hold,2961.1792592937322,3841.731266149894
Hold,2019-07-09 19:00:00,118.46,2949.2289814691035,Hold,2949.2289814691057,3826.2273901809017
Hold,2019-07-09 20:00:00,118.25,2944.00073492083,Hold,2944.000734920832,3819.4444444444675
Hold,2019-07-09 21:00:00,119.22,2968.150254691428,Hold,2968.1502546914303,3850.7751937984735
Hold,2019-07-09 22:00:00,118.75,2956.4489409881485,Hold,2956.4489409881503,3835.5943152455015
Hold,2019-07-09 23:00:00,119.24,2968.6481829341205,Hold,2968.648182934123,3851.4211886305143
Hold,2019-07-10 00:00:00,119.14,2966.158541720657,Hold,2966.1585417206597,3848.191214470308
Hold,2019-07-10 01:00:00,119.8,2982.5901737295176,Hold,2982.5901737295203,3869.5090439276714
Hold,2019-07-10 02:00:00,119.69,2979.8515683947076,Hold,2979.85156839471,3865.956072351444
Sell,2019-07-10 03:00:00,119.15,2966.4075058420035,Sinal: Venda,2966.407505842006,3848.5142118863278
Buy,2019-07-18 01:00:00,89.88,2966.4075058420035,Sinal: Compra,2966.407505842006,2903.100775193815
Hold,2019-07-18 02:00:00,89.95,2962.7833251951756,Hold,2962.783325195178,2905.36175710596
Hold,2019-07-18 03:00:00,89.19,2937.750358801086,Hold,2937.7503588010877,2880.8139534883885
Hold,2019-07-18 04:00:00,92.6,3050.0693264377232,Hold,3050.0693264377255,2990.9560723514383
Hold,2019-07-18 05:00:00,91.25,3005.602872974539,Hold,3005.6028729745412,2947.3514211886472
Hold,2019-07-18 06:00:00,93.71,3086.6306326185645,Hold,3086.6306326185672,3026.808785529733
Hold,2019-07-18 07:00:00,93.05,3064.891477592119,Hold,3064.8914775921216,3005.490956072369
Hold,2019-07-18 08:00:00,91.2,3003.955967290717,Hold,3003.95596729072,2945.7364341085445
Hold,2019-07-18 09:00:00,91.68,3019.7662618554054,Hold,3019.7662618554077,2961.240310077537
Hold,2019-07-18 10:00:00,92.99,3062.9151907715327,Hold,3062.9151907715354,3003.552971576245
Hold,2019-07-18 11:00:00,93.06,3065.2208587288833,Hold,3065.220858728886,3005.81395348839
Hold,2019-07-18 12:00:00,89.87,2960.148276101061,Hold,2960.1482761010634,2902.777777777795
Hold,2019-07-18 13:00:00,89.59,2950.9256042716597,Hold,2950.9256042716625,2893.733850129216
Hold,2019-07-18 14:00:00,96.64,3183.1393056905144,Hold,3183.139305690517,3121.447028423791
Hold,2019-07-18 15:00:00,98.87,3256.591299188961,Hold,3256.5912991889636,3193.475452196401
Hold,2019-07-18 16:00:00,100.73,3317.856190627127,Hold,3317.85619062713,3253.5529715762464
Hold,2019-07-18 17:00:00,101.06,3328.72576814035,Hold,3328.7257681403526,3264.211886304929
Hold,2019-07-18 18:00:00,99.98,3293.1526053698017,Hold,3293.1526053698044,3229.3281653746963
Hold,2019-07-18 19:00:00,99.93,3291.50569968598,Hold,3291.505699685983,3227.713178294593
Hold,2019-07-18 20:00:00,99.92,3291.176318549216,Hold,3291.1763185492186,3227.390180878572
Hold,2019-07-18 21:00:00,99.32,3271.413450343355,Hold,3271.413450343358,3208.0103359173318
Hold,2019-07-18 22:00:00,101.12,3330.7020549609356,Hold,3330.7020549609383,3266.1498708010536
Hold,2019-07-18 23:00:00,101.16,3332.0195795079926,Hold,3332.019579507996,3267.441860465136
Hold,2019-07-19 00:00:00,100.42,3307.645375387432,Hold,3307.645375387435,3243.5400516796058
Hold,2019-07-19 01:00:00,98.61,3248.0273896330878,Hold,3248.0273896330905,3185.0775193798636
Hold,2019-07-19 02:00:00,99.1,3264.16706533454,Hold,3264.167065334543,3200.904392764877
Hold,2019-07-19 03:00:00,98.85,3255.9325369154317,Hold,3255.932536915435,3192.8294573643598
Hold,2019-07-19 04:00:00,98.5,3244.4041971286806,Hold,3244.404197128684,3181.524547803637
Hold,2019-07-19 05:00:00,100.0,3293.8113676433304,Hold,3293.8113676433336,3229.9741602067375
Hold,2019-07-19 06:00:00,97.26,3203.560936169903,Hold,3203.560936169906,3141.472868217073
Hold,2019-07-19 07:00:00,98.55,3246.051102812502,Hold,3246.051102812505,3183.1395348837395
Hold,2019-07-19 08:00:00,97.31,3205.207841853725,Hold,3205.2078418537276,3143.0878552971762
Hold,2019-07-19 09:00:00,97.74,3219.371230734591,Hold,3219.3712307345945,3156.976744186065
Hold,2019-07-19 10:00:00,97.45,3209.8191777684256,Hold,3209.819177768429,3147.6098191214655
Hold,2019-07-19 11:00:00,96.29,3171.610965903763,Hold,3171.6109659037666,3110.1421188630675
Hold,2019-07-19 12:00:00,97.47,3210.477940041954,Hold,3210.4779400419575,3148.2558139535067
Hold,2019-07-19 13:00:00,96.4,3175.2341584081705,Hold,3175.234158408174,3113.6950904392947
Hold,2019-07-19 14:00:00,96.46,3177.2104452287563,Hold,3177.2104452287604,3115.633074935418
Hold,2019-07-19 15:00:00,97.2,3201.5846493493173,Hold,3201.584649349321,3139.5348837209476
Hold,2019-07-19 16:00:00,95.88,3158.1063392964247,Hold,3158.1063392964284,3096.8992248062186
Hold,2019-07-19 17:00:00,96.49,3178.198588639049,Hold,3178.1985886390526,3116.6020671834794
Hold,2019-07-19 18:00:00,96.28,3171.2815847669985,Hold,3171.281584767002,3109.8191214470457
Hold,2019-07-19 19:00:00,96.22,3169.3052979464123,Hold,3169.305297946416,3107.8811369509217
Hold,2019-07-19 20:00:00,97.42,3208.831034358132,Hold,3208.831034358136,3146.640826873402
Hold,2019-07-19 21:00:00,98.49,3244.074815991916,Hold,3244.07481599192,3181.201550387614
Hold,2019-07-19 22:00:00,97.64,3216.0774193669477,Hold,3216.0774193669517,3153.746770025857
Hold,2019-07-19 23:00:00,98.23,3235.510906436043,Hold,3235.510906436047,3172.8036175710768
Hold,2019-07-20 00:00:00,97.86,3223.323804375763,Hold,3223.3238043757665,3160.852713178312
Hold,2019-07-20 01:00:00,97.75,3219.7006118713557,Hold,3219.7006118713593,3157.299741602085
Hold,2019-07-20 02:00:00,98.79,3253.9562500948464,Hold,3253.95625009485,3190.891472868235
Hold,2019-07-20 03:00:00,99.24,3268.7784012492407,Hold,3268.778401249245,3205.426356589165
Hold,2019-07-20 04:00:00,100.1,3297.1051790109736,Hold,3297.1051790109777,3233.204134366943
Hold,2019-07-20 05:00:00,99.52,3278.001073078642,Hold,3278.001073078646,3214.4702842377437
Hold,2019-07-20 06:00:00,99.62,3281.294884446286,Hold,3281.29488444629,3217.7002583979506
Hold,2019-07-20 07:00:00,99.22,3268.119638975712,Hold,3268.119638975716,3204.780361757124
Hold,2019-07-20 08:00:00,98.56,3246.3804839492664,Hold,3246.3804839492705,3183.4625322997595
Hold,2019-07-20 09:00:00,98.63,3248.6861519066165,Hold,3248.6861519066206,3185.723514211904
Hold,2019-07-20 10:00:00,98.85,3255.9325369154317,Hold,3255.932536915436,3192.8294573643584
Hold,2019-07-20 11:00:00,98.94,3258.8969671463105,Hold,3258.8969671463146,3195.736434108545
Hold,2019-07-20 12:00:00,98.68,3250.333057590439,Hold,3250.3330575904424,3187.3385012920075
Hold,2019-07-20 13:00:00,98.42,3241.7691480345657,Hold,3241.7691480345693,3178.9405684754697
Hold,2019-07-20 14:00:00,98.86,3256.261918052196,Hold,3256.2619180521997,3193.1524547803792
Hold,2019-07-20 15:00:00,100.09,3296.7757978742093,Hold,3296.7757978742134,3232.8811369509226
Hold,2019-07-20 16:00:00,104.76,3450.596788743153,Hold,3450.596788743157,3383.720930232577
Hold,2019-07-20 17:00:00,102.68,3382.0855122961716,Hold,3382.0855122961757,3316.537467700277
Hold,2019-07-20 18:00:00,103.48,3408.436003237318,Hold,3408.4360032373215,3342.377260981931
Hold,2019-07-20 19:00:00,103.4,3405.800954143204,Hold,3405.8009541432075,3339.793281653766
Hold,2019-07-20 20:00:00,103.1,3395.9195200402733,Hold,3395.9195200402764,3330.1033591731452
Hold,2019-07-20 21:00:00,103.8,3418.9761996137768,Hold,3418.97619961378,3352.713178294593
Hold,2019-07-20 22:00:00,102.74,3384.0617991167574,Hold,3384.0617991167605,3318.4754521964014
Hold,2019-07-20 23:00:00,100.25,3302.0458960624387,Hold,3302.0458960624424,3238.049095607254
Hold,2019-07-21 00:00:00,100.86,3322.138145405063,Hold,3322.138145405066,3257.7519379845153
Hold,2019-07-21 01:00:00,101.02,3327.408243593292,Hold,3327.408243593295,3262.9198966408458
Hold,2019-07-21 02:00:00,98.66,3249.6742953169096,Hold,3249.6742953169123,3186.692506459967
Hold,2019-07-21 03:00:00,98.12,3231.887713931636,Hold,3231.8877139316387,3169.2506459948504
Hold,2019-07-21 04:00:00,98.56,3246.3804839492664,Hold,3246.3804839492695,3183.4625322997604
Hold,2019-07-21 05:00:00,98.11,3231.558332794871,Hold,3231.558332794874,3168.9276485788296
Hold,2019-07-21 06:00:00,98.53,3245.3923405389733,Hold,3245.3923405389764,3182.493540051698
Hold,2019-07-21 07:00:00,98.66,3249.6742953169096,Hold,3249.674295316913,3186.6925064599664
Hold,2019-07-21 08:00:00,99.43,3275.0366428477637,Hold,3275.036642847767,3211.5633074935586
Hold,2019-07-21 09:00:00,99.86,3289.2000317286297,Hold,3289.2000317286333,3225.452196382447
Hold,2019-07-21 10:00:00,98.68,3250.333057590439,Hold,3250.333057590442,3187.3385012920075
Hold,2019-07-21 11:00:00,99.15,3265.8139710183623,Hold,3265.8139710183655,3202.5193798449786
Hold,2019-07-21 12:00:00,98.89,3257.250061462489,Hold,3257.2500614624923,3194.121447028441
Hold,2019-07-21 13:00:00,98.31,3238.145955530158,Hold,3238.1459555301617,3175.3875968992415
Hold,2019-07-21 14:00:00,97.22,3202.2434116228455,Hold,3202.2434116228487,3140.180878552988
Hold,2019-07-21 15:00:00,98.17,3233.5346196154574,Hold,3233.5346196154605,3170.8656330749523
Hold,2019-07-21 16:00:00,97.47,3210.477940041954,Hold,3210.4779400419566,3148.255813953505
Hold,2019-07-21 17:00:00,97.6,3214.75989481989,Hold,3214.7598948198934,3152.454780361774
Hold,2019-07-21 18:00:00,98.23,3235.510906436043,Hold,3235.5109064360463,3172.8036175710768
Hold,2019-07-21 19:00:00,97.8,3221.3475175551766,Hold,3221.34751755518,3158.914728682188
Hold,2019-07-21 20:00:00,98.47,3243.416053718387,Hold,3243.4160537183902,3180.555555555573
Hold,2019-07-21 21:00:00,99.12,3264.825827608069,Hold,3264.825827608072,3201.5503875969175
Hold,2019-07-21 22:00:00,99.47,3276.3541673948207,Hold,3276.3541673948234,3212.855297157641
Hold,2019-07-21 23:00:00,99.7,3283.9299335404003,Hold,3283.929933540403,3220.2842377261163
Hold,2019-07-22 00:00:00,99.65,3282.2830278565784,Hold,3282.283027856581,3218.669250646013
Hold,2019-07-22 01:00:00,99.66,3282.612408993343,Hold,3282.612408993345,3218.9922480620335
Hold,2019-07-22 02:00:00,99.75,3285.5768392242217,Hold,3285.5768392242244,3221.89922480622
Hold,2019-07-22 03:00:00,99.24,3268.7784012492407,Hold,3268.778401249244,3205.4263565891656
Hold,2019-07-22 04:00:00,98.49,3244.074815991916,Hold,3244.074815991919,3181.2015503876146
Hold,2019-07-22 05:00:00,99.24,3268.7784012492407,Hold,3268.778401249244,3205.426356589165
Hold,2019-07-22 06:00:00,99.22,3268.119638975712,Hold,3268.119638975715,3204.780361757124
Hold,2019-07-22 07:00:00,99.56,3279.3185976256996,Hold,3279.3185976257028,3215.762273901827
Hold,2019-07-22 08:00:00,98.81,3254.6150123683747,Hold,3254.615012368378,3191.5374677002765
Hold,2019-07-22 09:00:00,96.07,3164.3645808949473,Hold,3164.3645808949504,3103.0361757106116
Hold,2019-07-22 10:00:00,96.49,3178.198588639049,Hold,3178.198588639052,3116.60206718348
Hold,2019-07-22 11:00:00,96.67,3184.127449100807,Hold,3184.1274491008103,3122.416020671852
Hold,2019-07-22 12:00:00,96.68,3184.456830237572,Hold,3184.456830237575,3122.7390180878733
Hold,2019-07-22 13:00:00,95.79,3155.1419090655463,Hold,3155.1419090655495,3093.992248062033
Trailing-Stop,2019-07-22 14:00:00,91.86,3025.695122317163,Trailing stop 10.0% hit,3025.6951223171664,2967.0542635659085
Buy,2019-07-26 13:00:00,92.81,3025.695122317163,Sinal: Compra,3025.6951223171664,2997.7390180878724
Hold,2019-07-26 14:00:00,92.68,3015.4171049445745,Hold,3015.4171049445777,2993.5400516796035
Hold,2019-07-26 15:00:00,93.13,3030.0582108706103,Hold,3030.0582108706135,3008.074935400534
Hold,2019-07-26 16:00:00,93.64,3046.6514642534516,Hold,3046.651464253455,3024.547803617588
Hold,2019-07-26 17:00:00,93.49,3041.7710956114393,Hold,3041.7710956114424,3019.7028423772776
Hold,2019-07-26 18:00:00,93.88,3054.460054080671,Hold,3054.460054080674,3032.2997416020844
Hold,2019-07-26 19:00:00,93.93,3056.0868436280084,Hold,3056.086843628012,3033.914728682188
Hold,2019-07-26 20:00:00,93.92,3055.761485718541,Hold,3055.7614857185445,3033.5917312661672
Hold,2019-07-26 21:00:00,94.04,3059.665780632151,Hold,3059.665780632154,3037.4677002584153
Hold,2019-07-26 22:00:00,93.93,3056.0868436280084,Hold,3056.086843628012,3033.9147286821876
Hold,2019-07-26 23:00:00,94.06,3060.3164964510856,Hold,3060.316496451089,3038.1136950904565
Hold,2019-07-27 00:00:00,95.35,3102.28766677239,Hold,3102.287666772393,3079.780361757123
Hold,2019-07-27 01:00:00,94.72,3081.790118475939,Hold,3081.790118475942,3059.4315245478206
Hold,2019-07-27 02:00:00,94.53,3075.608318196057,Hold,3075.6083181960603,3053.294573643428
Hold,2019-07-27 03:00:00,94.04,3059.665780632151,Hold,3059.665780632154,3037.4677002584153
Hold,2019-07-27 04:00:00,94.35,3069.751875825642,Hold,3069.7518758256456,3047.480620155056
Hold,2019-07-27 05:00:00,93.77,3050.881117076529,Hold,3050.8811170765325,3028.7467700258567
Hold,2019-07-27 06:00:00,93.66,3047.302180072387,Hold,3047.3021800723905,3025.19379844963
Hold,2019-07-27 07:00:00,93.79,3051.5318328954636,Hold,3051.5318328954677,3029.392764857899
Hold,2019-07-27 08:00:00,93.43,3039.818948154635,Hold,3039.8189481546387,3017.7648578811545
Hold,2019-07-27 09:00:00,93.11,3029.4074950516756,Hold,3029.4074950516792,3007.4289405684926
Hold,2019-07-27 10:00:00,90.09,2931.1494063924974,Hold,2931.149406392501,2909.8837209302496
Hold,2019-07-27 11:00:00,89.61,2915.5322267380584,Hold,2915.532226738062,2894.3798449612573
Hold,2019-07-27 12:00:00,88.53,2880.393572515571,Hold,2880.3935725155748,2859.4961240310245
Hold,2019-07-27 13:00:00,87.8,2856.642445124445,Hold,2856.642445124449,2835.917312661515
Hold,2019-07-27 14:00:00,88.18,2869.0060456842098,Hold,2869.0060456842134,2848.1912144703015
Hold,2019-07-27 15:00:00,88.29,2872.584982688352,Hold,2872.5849826883555,2851.7441860465283
Hold,2019-07-27 16:00:00,88.5,2879.417498787169,Hold,2879.4174987871725,2858.527131782963
Hold,2019-07-27 17:00:00,88.49,2879.092140877701,Hold,2879.0921408777044,2858.2041343669416
Hold,2019-07-27 18:00:00,87.58,2849.484571116161,Hold,2849.4845711161647,2828.8113695090606
Hold,2019-07-27 19:00:00,87.89,2859.5706663096526,Hold,2859.570666309656,2838.8242894057016
Hold,2019-07-27 20:00:00,88.31,2873.2356985072865,Hold,2873.2356985072906,2852.39018087857
Hold,2019-07-27 21:00:00,89.14,2900.240404993087,Hold,2900.2404049930906,2879.198966408286
Hold,2019-07-27 22:00:00,88.5,2879.417498787169,Hold,2879.4174987871725,2858.527131782963
Hold,2019-07-27 23:00:00,88.79,2888.8528781617256,Hold,2888.8528781617297,2867.8940568475623
Hold,2019-07-28 00:00:00,88.2,2869.6567615031445,Hold,2869.6567615031486,2848.8372093023427
Hold,2019-07-28 01:00:00,88.77,2888.2021623427904,Hold,2888.202162342794,2867.2480620155206
Hold,2019-07-28 02:00:00,88.3,2872.910340597819,Hold,2872.9103405978226,2852.067183462549
Hold,2019-07-28 03:00:00,88.48,2878.7667829682337,Hold,2878.7667829682373,2857.8811369509212
Hold,2019-07-28 04:00:00,89.44,2910.0011422771113,Hold,2910.001142277115,2888.8888888889055
Hold,2019-07-28 05:00:00,89.1,2898.938973355217,Hold,2898.9389733552207,2877.906976744203
Hold,2019-07-28 06:00:00,89.9,2924.9676061126156,Hold,2924.9676061126193,2903.746770025857
Hold,2019-07-28 07:00:00,89.4,2908.699710639242,Hold,2908.6997106392455,2887.596899224823
Hold,2019-07-28 08:00:00,89.36,2907.3982790013715,Hold,2907.3982790013756,2886.3049095607403
Hold,2019-07-28 09:00:00,88.55,2881.0442883345063,Hold,2881.0442883345104,2860.1421188630657
Hold,2019-07-28 10:00:00,88.39,2875.8385617830263,Hold,2875.8385617830304,2854.9741602067347
Hold,2019-07-28 11:00:00,89.24,2903.4939840877614,Hold,2903.493984087765,2882.428940568492
Hold,2019-07-28 12:00:00,89.14,2900.240404993087,Hold,2900.24040499309,2879.1989664082857
Hold,2019-07-28 13:00:00,89.13,2899.9150470836194,Hold,2899.915047083623,2878.875968992265
Hold,2019-07-28 14:00:00,88.87,2891.4557414374653,Hold,2891.455741437469,2870.4780361757275
Hold,2019-07-28 15:00:00,89.2,2902.1925524498924,Hold,2902.1925524498965,2881.1369509044102
Hold,2019-07-28 16:00:00,89.82,2922.3647428368754,Hold,2922.3647428368795,2901.1627906976914
Hold,2019-07-28 17:00:00,90.08,2930.8240484830303,Hold,2930.8240484830344,2909.5607235142293
Hold,2019-07-28 18:00:00,89.97,2927.245111478888,Hold,2927.2451114788914,2906.007751938002
Hold,2019-07-28 19:00:00,89.71,2918.7858058327333,Hold,2918.785805832737,2897.609819121464
Hold,2019-07-28 20:00:00,89.6,2915.206868828591,Hold,2915.206868828595,2894.0568475452365
Hold,2019-07-28 21:00:00,88.6,2882.6710778818433,Hold,2882.6710778818474,2861.7571059431693
Hold,2019-07-28 22:00:00,87.88,2859.245308400185,Hold,2859.245308400189,2838.501291989681
Hold,2019-07-28 23:00:00,90.0,2928.22118520729,Hold,2928.221185207294,2906.9767441860636
Hold,2019-07-29 00:00:00,89.58,2914.556153009656,Hold,2914.5561530096597,2893.4108527131953
Hold,2019-07-29 01:00:00,90.79,2953.924460055221,Hold,2953.924460055225,2932.4935400516974
Hold,2019-07-29 02:00:00,90.7,2950.9962388700137,Hold,2950.996238870018,2929.5865633075114
Hold,2019-07-29 03:00:00,90.51,2944.814438590132,Hold,2944.814438590136,2923.4496124031184
Hold,2019-07-29 04:00:00,90.88,2956.852681240428,Hold,2956.8526812404316,2935.4005167958835
Hold,2019-07-29 05:00:00,90.16,2933.4269117587696,Hold,2933.4269117587733,2912.144702842395
Hold,2019-07-29 06:00:00,90.28,2937.3312066723797,Hold,2937.331206672383,2916.0206718346435
Hold,2019-07-29 07:00:00,90.7,2950.9962388700137,Hold,2950.996238870017,2929.586563307512
Hold,2019-07-29 08:00:00,90.08,2930.8240484830303,Hold,2930.8240484830335,2909.5607235142297
Hold,2019-07-29 09:00:00,88.87,2891.4557414374653,Hold,2891.4557414374685,2870.4780361757284
Hold,2019-07-29 10:00:00,89.39,2908.3743527297743,Hold,2908.374352729777,2887.2739018088037
Hold,2019-07-29 11:00:00,89.1,2898.938973355217,Hold,2898.93897335522,2877.9069767442043
Hold,2019-07-29 12:00:00,90.09,2931.1494063924974,Hold,2931.1494063924997,2909.8837209302515
Hold,2019-07-29 13:00:00,89.78,2921.0633111990055,Hold,2921.063311199008,2899.87080103361
Hold,2019-07-29 14:00:00,89.52,2912.604005552851,Hold,2912.6040055528533,2891.472868217072
Hold,2019-07-29 15:00:00,89.4,2908.699710639242,Hold,2908.699710639244,2887.5968992248245
Hold,2019-07-29 16:00:00,90.4,2941.2355015859894,Hold,2941.2355015859916,2919.896640826892
Hold,2019-07-29 17:00:00,90.31,2938.3072804007816,Hold,2938.307280400784,2916.989664082706
Hold,2019-07-29 18:00:00,90.51,2944.814438590132,Hold,2944.814438590134,2923.449612403119
Hold,2019-07-29 19:00:00,90.19,2934.4029854871724,Hold,2934.4029854871746,2913.1136950904574
Hold,2019-07-29 20:00:00,90.97,2959.7809024256353,Hold,2959.7809024256376,2938.3074935400696
Hold,2019-07-29 21:00:00,90.79,2953.924460055221,Hold,2953.9244600552233,2932.4935400516974
Hold,2019-07-29 22:00:00,91.24,2968.5655659812574,Hold,2968.56556598126,2947.0284237726273
Hold,2019-07-29 23:00:00,90.33,2938.9579962197167,Hold,2938.957996219719,2917.635658914746
Hold,2019-07-30 00:00:00,90.45,2942.862291133327,Hold,2942.8622911333287,2921.511627906994
Hold,2019-07-30 01:00:00,89.74,2919.7618795611356,Hold,2919.7618795611374,2898.5788113695253
Hold,2019-07-30 02:00:00,88.96,2894.3839626226722,Hold,2894.3839626226745,2873.385012919913
Hold,2019-07-30 03:00:00,89.14,2900.240404993087,Hold,2900.240404993089,2879.1989664082857
Hold,2019-07-30 04:00:00,89.21,2902.5179103593596,Hold,2902.5179103593623,2881.45994832043
Hold,2019-07-30 05:00:00,89.3,2905.446131544567,Hold,2905.4461315445697,2884.366925064616
Hold,2019-07-30 06:00:00,89.56,2913.905437190721,Hold,2913.905437190723,2892.764857881154
Hold,2019-07-30 07:00:00,89.44,2910.0011422771113,Hold,2910.0011422771136,2888.8888888889055
Hold,2019-07-30 08:00:00,89.48,2911.3025739149816,Hold,2911.3025739149834,2890.1808785529884
Hold,2019-07-30 09:00:00,89.24,2903.4939840877614,Hold,2903.4939840877632,2882.428940568492
Hold,2019-07-30 10:00:00,90.03,2929.1972589356924,Hold,2929.1972589356947,2907.9457364341256
Hold,2019-07-30 11:00:00,90.14,2932.776195939835,Hold,2932.7761959398367,2911.498708010353
Hold,2019-07-30 12:00:00,90.05,2929.8479747546276,Hold,2929.8479747546294,2908.591731266167
Hold,2019-07-30 13:00:00,90.07,2930.4986905735623,Hold,2930.498690573564,2909.2377260982084
Hold,2019-07-30 14:00:00,90.33,2938.9579962197167,Hold,2938.957996219719,2917.6356589147463
Hold,2019-07-30 15:00:00,91.71,2983.857387726229,Hold,2983.857387726231,2962.2093023255993
Hold,2019-07-30 16:00:00,91.62,2980.9291665410215,Hold,2980.9291665410237,2959.302325581414
Hold,2019-07-30 17:00:00,90.77,2953.2737442362854,Hold,2953.2737442362877,2931.8475452196562
Hold,2019-07-30 18:00:00,91.15,2965.6373447960505,Hold,2965.6373447960527,2944.121447028442
Hold,2019-07-30 19:00:00,90.65,2949.3694493226762,Hold,2949.3694493226785,2927.9715762274086
Hold,2019-07-30 20:00:00,90.08,2930.8240484830303,Hold,2930.8240484830326,2909.56072351423
Hold,2019-07-30 21:00:00,90.34,2939.2833541291843,Hold,2939.2833541291866,2917.958656330768
Hold,2019-07-30 22:00:00,90.37,2940.259427857587,Hold,2940.259427857589,2918.92764857883
Hold,2019-07-30 23:00:00,90.15,2933.1015538493025,Hold,2933.1015538493043,2911.8217054263755
Hold,2019-07-31 00:00:00,91.32,2971.1684292569967,Hold,2971.168429256999,2949.612403100794
Hold,2019-07-31 01:00:00,91.32,2971.1684292569967,Hold,2971.168429256999,2949.612403100794
Hold,2019-07-31 02:00:00,90.83,2955.225891693091,Hold,2955.225891693093,2933.7855297157807
Hold,2019-07-31 03:00:00,90.99,2960.43161824457,Hold,2960.4316182445723,2938.9534883721117
Hold,2019-07-31 04:00:00,91.57,2979.302376993684,Hold,2979.3023769936863,2957.687338501311
Hold,2019-07-31 05:00:00,92.18,2999.1492094712003,Hold,2999.149209471202,2977.3901808785727
Hold,2019-07-31 06:00:00,92.55,3011.187452121497,Hold,3011.187452121499,2989.3410852713378
Hold,2019-07-31 07:00:00,92.19,2999.4745673806674,Hold,2999.4745673806697,2977.7131782945935
Hold,2019-07-31 08:00:00,92.62,3013.464957487769,Hold,3013.4649574877712,2991.602067183482
Hold,2019-07-31 09:00:00,92.94,3023.876410590728,Hold,3023.8764105907303,3001.9379844961436
Hold,2019-07-31 10:00:00,93.27,3034.6132216031547,Hold,3034.6132216031565,3012.5968992248254
Hold,2019-07-31 11:00:00,93.25,3033.96250578422,Hold,3033.962505784222,3011.950904392784
Hold,2019-07-31 12:00:00,95.83,3117.904846426829,Hold,3117.904846426831,3095.284237726118
Hold,2019-07-31 13:00:00,96.41,3136.7756051759425,Hold,3136.7756051759447,3114.018087855317
Hold,2019-07-31 14:00:00,95.51,3107.49339332387,Hold,3107.493393323872,3084.9483204134563
Hold,2019-07-31 15:00:00,96.12,3127.340225801386,Hold,3127.340225801388,3104.6511627907175
Hold,2019-07-31 16:00:00,95.23,3098.3833718587803,Hold,3098.383371858782,3075.9043927648777
Hold,2019-07-31 17:00:00,96.57,3141.981331727422,Hold,3141.9813317274243,3119.186046511647
Hold,2019-07-31 18:00:00,98.31,3198.5936079747635,Hold,3198.5936079747657,3175.3875968992443
Hold,2019-07-31 19:00:00,97.68,3178.0960596783125,Hold,3178.0960596783148,3155.0387596899423
Hold,2019-07-31 20:00:00,98.25,3196.6414605179584,Hold,3196.6414605179607,3173.4496124031207
Hold,2019-07-31 21:00:00,99.66,3242.516925752873,Hold,3242.516925752875,3218.9922480620357
Hold,2019-07-31 22:00:00,98.73,3212.2586401723975,Hold,3212.2586401723997,3188.953488372113
Hold,2019-07-31 23:00:00,98.76,3213.2347139007998,Hold,3213.234713900802,3189.922480620175
Hold,2019-08-01 00:00:00,97.63,3176.4692701309746,Hold,3176.469270130977,3153.4237726098386
Hold,2019-08-01 01:00:00,97.23,3163.4549537522757,Hold,3163.454953752278,3140.5038759690115
Hold,2019-08-01 02:00:00,97.13,3160.201374657601,Hold,3160.201374657603,3137.2739018088046
Hold,2019-08-01 03:00:00,96.71,3146.536342459967,Hold,3146.536342459969,3123.708010335936
Hold,2019-08-01 04:00:00,96.67,3145.234910822097,Hold,3145.234910822099,3122.4160206718534
Hold,2019-08-01 05:00:00,96.19,3129.617731167658,Hold,3129.61773116766,3106.912144702861
Hold,2019-08-01 06:00:00,96.62,3143.6081212747595,Hold,3143.608121274762,3120.8010335917506
Hold,2019-08-01 07:00:00,96.99,3155.646363925056,Hold,3155.6463639250583,3132.7519379845153
Hold,2019-08-01 08:00:00,96.74,3147.512416188369,Hold,3147.512416188372,3124.6770025839983
Hold,2019-08-01 09:00:00,96.85,3151.091353192511,Hold,3151.091353192514,3128.229974160226
Hold,2019-08-01 10:00:00,96.46,3138.40239472328,Hold,3138.4023947232827,3115.6330749354197
Hold,2019-08-01 11:00:00,97.22,3163.129595842808,Hold,3163.1295958428113,3140.1808785529906
Hold,2019-08-01 12:00:00,98.03,3189.4835865096743,Hold,3189.4835865096775,3166.3436692506657
Hold,2019-08-01 13:00:00,98.09,3191.435733966479,Hold,3191.435733966482,3168.2816537467897
Hold,2019-08-01 14:00:00,97.07,3158.2492272007958,Hold,3158.249227200799,3135.335917312681
Hold,2019-08-01 15:00:00,97.46,3170.9381856700275,Hold,3170.9381856700315,3147.932816537487
Hold,2019-08-01 16:00:00,98.48,3204.12469243571,Hold,3204.1246924357138,3180.878552971596
Hold,2019-08-01 17:00:00,99.04,3222.344735365889,Hold,3222.3447353658926,3198.966408268754
Hold,2019-08-01 18:00:00,99.77,3246.095862757015,Hold,3246.0958627570185,3222.545219638263
Hold,2019-08-01 19:00:00,99.22,3228.2011777363036,Hold,3228.2011777363073,3204.780361757126
Hold,2019-08-01 20:00:00,98.57,3207.0529136209175,Hold,3207.052913620921,3183.785529715782
Hold,2019-08-01 21:00:00,98.79,3214.2107876292025,Hold,3214.2107876292057,3190.891472868237
Hold,2019-08-01 22:00:00,98.9,3217.7897246333446,Hold,3217.7897246333478,3194.444444444465
Hold,2019-08-01 23:00:00,98.64,3209.33041898719,Hold,3209.3304189871933,3186.046511627927
Hold,2019-08-02 00:00:00,97.55,3173.866406855235,Hold,3173.866406855238,3150.8397932816733
Hold,2019-08-02 01:00:00,97.67,3177.770701768845,Hold,3177.770701768848,3154.715762273922
Hold,2019-08-02 02:00:00,97.02,3156.6224376534587,Hold,3156.622437653462,3133.7209302325778
Hold,2019-08-02 03:00:00,96.29,3132.8713102623333,Hold,3132.8713102623365,3110.1421188630693
Hold,2019-08-02 04:00:00,96.67,3145.234910822097,Hold,3145.2349108220997,3122.4160206718548
Hold,2019-08-02 05:00:00,97.28,3165.081743299613,Hold,3165.081743299616,3142.118863049116
Hold,2019-08-02 06:00:00,97.76,3180.6989229540523,Hold,3180.6989229540554,3157.622739018109
Hold,2019-08-02 07:00:00,98.08,3191.1103760570113,Hold,3191.1103760570145,3167.9586563307703
Hold,2019-08-02 08:00:00,97.48,3171.588901488963,Hold,3171.588901488966,3148.57881136953
Hold,2019-08-02 09:00:00,96.84,3150.765995283044,Hold,3150.765995283047,3127.9069767442065
Hold,2019-08-02 10:00:00,97.12,3159.8760167481337,Hold,3159.876016748137,3136.950904392785
Hold,2019-08-02 11:00:00,96.88,3152.067426920914,Hold,3152.067426920917,3129.1989664082885
Hold,2019-08-02 12:00:00,97.21,3162.8042379333406,Hold,3162.8042379333438,3139.8578811369707
Hold,2019-08-02 13:00:00,97.03,3156.9477955629263,Hold,3156.9477955629295,3134.043927648599
Hold,2019-08-02 14:00:00,97.17,3161.5028062954707,Hold,3161.5028062954734,3138.565891472889
Hold,2019-08-02 15:00:00,96.37,3135.474173538073,Hold,3135.474173538076,3112.726098191235
Hold,2019-08-02 16:00:00,93.72,3049.2543275291914,Hold,3049.254327529194,3027.1317829457566
Hold,2019-08-02 17:00:00,93.94,3056.412201537476,Hold,3056.4122015374787,3034.237726098211
Hold,2019-08-02 18:00:00,93.78,3051.2064749859965,Hold,3051.206474985999,3029.0697674418807
Hold,2019-08-02 19:00:00,93.17,3031.35964250848,Hold,3031.359642508483,3009.366925064619
Hold,2019-08-02 20:00:00,93.51,3042.4218114303744,Hold,3042.421811430377,3020.348837209322
Hold,2019-08-02 21:00:00,93.62,3046.000748434517,Hold,3046.0007484345197,3023.9018087855497
Hold,2019-08-02 22:00:00,94.77,3083.4169080232764,Hold,3083.416908023279,3061.046511627927
Sell,2019-08-02 23:00:00,94.76,3083.0915501138093,Sinal: Venda,3083.091550113812,3060.723514211906
Buy,2019-08-03 10:00:00,95.06,3083.0915501138093,Sinal: Compra,3083.091550113812,3070.4134366925264
Hold,2019-08-03 11:00:00,95.01,3075.3100362348896,Hold,3075.310036234892,3068.798449612423
Hold,2019-08-03 12:00:00,95.08,3077.575815653229,Hold,3077.5758156532315,3071.0594315245676
Hold,2019-08-03 13:00:00,95.22,3082.1073744899077,Hold,3082.107374489911,3075.581395348857
Hold,2019-08-03 14:00:00,95.02,3075.6337190089375,Hold,3075.6337190089407,3069.121447028443
Hold,2019-08-03 15:00:00,94.62,3062.6864080469973,Hold,3062.6864080470004,3056.2015503876164
Hold,2019-08-03 16:00:00,95.13,3079.194229523471,Hold,3079.1942295234744,3072.674418604671
Hold,2019-08-03 17:00:00,95.32,3085.344202230393,Hold,3085.3442022303957,3078.8113695090633
Hold,2019-08-03 18:00:00,94.98,3074.338987912744,Hold,3074.3389879127467,3067.8294573643607
Hold,2019-08-03 19:00:00,94.87,3070.7784773982103,Hold,3070.778477398213,3064.2764857881334
Hold,2019-08-03 20:00:00,94.62,3062.6864080469973,Hold,3062.686408047,3056.2015503876164
Hold,2019-08-03 21:00:00,93.89,3039.0575655414564,Hold,3039.057565541459,3032.622739018107
Hold,2019-08-03 22:00:00,94.21,3049.415414311008,Hold,3049.415414311011,3042.958656330769
Hold,2019-08-03 23:00:00,94.17,3048.1206832148146,Hold,3048.1206832148177,3041.6666666666865
Hold,2019-08-04 00:00:00,94.5,3058.802214758415,Hold,3058.8022147584184,3052.3255813953683
Hold,2019-08-04 01:00:00,94.34,3053.623290373639,Hold,3053.623290373642,3047.157622739038
Hold,2019-08-04 02:00:00,93.85,3037.762834445262,Hold,3037.7628344452646,3031.3307493540246
Hold,2019-08-04 03:00:00,90.99,2945.1895610673882,Hold,2945.189561067391,2938.9534883721117
Hold,2019-08-04 04:00:00,91.19,2951.6632165483584,Hold,2951.663216548361,2945.4134366925255
Hold,2019-08-04 05:00:00,91.17,2951.0158510002616,Hold,2951.015851000264,2944.7674418604843
Hold,2019-08-04 06:00:00,91.86,2973.3499624096085,Hold,2973.3499624096107,2967.0542635659103
Sell,2019-08-04 07:00:00,91.56,2963.6394791881535,Sinal: Venda,2963.6394791881557,2957.3643410852906
Buy,2019-08-05 13:00:00,97.86,2963.6394791881535,Sinal: Compra,2963.6394791881557,3160.852713178315
Hold,2019-08-05 14:00:00,98.96,2990.961502314547,Hold,2990.9615023145493,3196.382428940589
Hold,2019-08-05 15:00:00,98.62,2980.6853613405483,Hold,2980.6853613405506,3185.4005167958862
Hold,2019-08-05 16:00:00,99.97,3021.4876857961326,Hold,3021.487685796135,3229.005167958677
Hold,2019-08-05 17:00:00,99.08,2994.5883755994882,Hold,2994.588375599491,3200.258397932837
Hold,2019-08-05 18:00:00,98.38,2973.431614770667,Hold,2973.431614770669,3177.6485788113896
Hold,2019-08-05 19:00:00,97.89,2958.6218821904918,Hold,2958.6218821904945,3161.821705426377
Hold,2019-08-05 20:00:00,97.46,2945.625586252787,Hold,2945.6255862527896,3147.9328165374873
Hold,2019-08-05 21:00:00,98.24,2969.2002626049025,Hold,2969.200262604905,3173.1266149871
Hold,2019-08-05 22:00:00,97.71,2953.18157226308,Hold,2953.181572263083,3156.0077519380043
Hold,2019-08-05 23:00:00,96.56,2918.424036615731,Hold,2918.4240366157337,3118.863049095627
Hold,2019-08-06 00:00:00,96.0,2901.4986279526734,Hold,2901.498627952676,3100.775193798469
Hold,2019-08-06 01:00:00,95.3,2880.3418671238514,Hold,2880.341867123854,3078.1653746770216
Hold,2019-08-06 02:00:00,95.47,2885.4799376108513,Hold,2885.479937610854,3083.656330749373
Hold,2019-08-06 03:00:00,95.68,2891.8269658594977,Hold,2891.8269658595004,3090.439276485807
Hold,2019-08-06 04:00:00,95.8,2895.4538391444385,Hold,2895.4538391444407,3094.3152454780547
Hold,2019-08-06 05:00:00,96.65,2921.144191579436,Hold,2921.144191579439,3121.770025839812
Hold,2019-08-06 06:00:00,98.22,2968.595783724079,Hold,2968.5957837240812,3172.4806201550577
Hold,2019-08-06 07:00:00,97.51,2947.1367834548455,Hold,2947.136783454848,3149.5478036175905
Hold,2019-08-06 08:00:00,96.9,2928.7001775897297,Hold,2928.700177589732,3129.844961240329
Hold,2019-08-06 09:00:00,97.55,2948.345741216492,Hold,2948.345741216495,3150.8397932816733
Hold,2019-08-06 10:00:00,95.0,2871.2746839115,Hold,2871.274683911502,3068.4754521964014
Hold,2019-08-06 11:00:00,95.12,2874.9015571964405,Hold,2874.9015571964433,3072.3514211886495
Hold,2019-08-06 12:00:00,94.87,2867.3455711861475,Hold,2867.34557118615,3064.276485788133
Hold,2019-08-06 13:00:00,95.46,2885.1776981704393,Hold,2885.177698170442,3083.333333333352
Hold,2019-08-06 14:00:00,94.87,2867.3455711861475,Hold,2867.34557118615,3064.276485788133
Hold,2019-08-06 15:00:00,94.18,2846.491049797737,Hold,2846.49104979774,3041.9896640827064
Hold,2019-08-06 16:00:00,95.01,2871.576923351912,Hold,2871.5769233519145,3068.7984496124222
Hold,2019-08-06 17:00:00,94.31,2850.42016252309,Hold,2850.4201625230926,3046.188630490975
Hold,2019-08-06 18:00:00,93.52,2826.5432467305623,Hold,2826.543246730565,3020.6718346253415
Hold,2019-08-06 19:00:00,92.37,2791.785711083213,Hold,2791.7857110832156,2983.5271317829643
Hold,2019-08-06 20:00:00,92.79,2804.4797675805057,Hold,2804.4797675805085,2997.093023255833
Hold,2019-08-06 21:00:00,92.35,2791.181232202389,Hold,2791.1812322023916,2982.881136950923
Hold,2019-08-06 22:00:00,92.02,2781.2073306688017,Hold,2781.207330668804,2972.222222222241
Hold,2019-08-06 23:00:00,92.99,2810.52455638874,Hold,2810.5245563887424,3003.5529715762464
Hold,2019-08-07 00:00:00,92.86,2806.595443663388,Hold,2806.59544366339,2999.354005167978
Hold,2019-08-07 01:00:00,92.71,2802.0618520572116,Hold,2802.061852057214,2994.509043927668
Hold,2019-08-07 02:00:00,93.1,2813.8491902332694,Hold,2813.8491902332717,3007.105943152474
Hold,2019-08-07 03:00:00,93.3,2819.8939790415043,Hold,2819.893979041507,3013.5658914728874
Hold,2019-08-07 04:00:00,93.34,2821.1029368031514,Hold,2821.1029368031545,3014.8578811369703
Hold,2019-08-07 05:00:00,92.72,2802.3640914976236,Hold,2802.3640914976268,2994.832041343688
Hold,2019-08-07 06:00:00,92.28,2789.065556119507,Hold,2789.0655561195103,2980.620155038778
Hold,2019-08-07 07:00:00,92.06,2782.416288430449,Hold,2782.4162884304524,2973.5142118863237
Hold,2019-08-07 08:00:00,92.2,2786.6476405962135,Hold,2786.6476405962167,2978.0361757106134
Hold,2019-08-07 09:00:00,92.39,2792.3901899640364,Hold,2792.3901899640396,2984.1731266150064
Hold,2019-08-07 10:00:00,92.08,2783.0207673112723,Hold,2783.020767311276,2974.160206718365
Hold,2019-08-07 11:00:00,92.85,2806.293204222976,Hold,2806.293204222979,2999.0310077519566
Hold,2019-08-07 12:00:00,93.09,2813.546950792858,Hold,2813.5469507928615,3006.782945736453
Hold,2019-08-07 13:00:00,93.17,2815.964866316152,Hold,2815.964866316155,3009.3669250646185
Hold,2019-08-07 14:00:00,93.27,2818.9872607202688,Hold,2818.987260720272,3012.596899224825
Hold,2019-08-07 15:00:00,91.0,2750.378907746805,Hold,2750.378907746808,2939.2764857881325
Trailing-Stop,2019-08-07 16:00:00,89.12,2693.557892949398,Trailing stop 10.0% hit,2693.5578929494013,2878.5529715762455
Buy,2019-08-11 22:00:00,90.16,2693.557892949398,Sinal: Compra,2693.5578929494013,2912.144702842396
Hold,2019-08-11 23:00:00,89.93,2681.3158853368996,Hold,2681.3158853369027,2904.715762273921
Hold,2019-08-12 00:00:00,89.11,2656.867102661749,Hold,2656.867102661752,2878.229974160225
Hold,2019-08-12 01:00:00,88.96,2652.394764367514,Hold,2652.3947643675174,2873.385012919915
Hold,2019-08-12 02:00:00,88.34,2633.9090994180106,Hold,2633.9090994180137,2853.3591731266333
Hold,2019-08-12 03:00:00,88.62,2642.2574642339155,Hold,2642.2574642339187,2862.403100775212
Hold,2019-08-12 04:00:00,88.65,2643.1519318927626,Hold,2643.151931892766,2863.372093023274
Hold,2019-08-12 05:00:00,87.33,2603.7953549034964,Hold,2603.795354903499,2820.736434108545
Hold,2019-08-12 06:00:00,87.2,2599.919328381826,Hold,2599.9193283818286,2816.537467700276
Hold,2019-08-12 07:00:00,86.97,2593.0617429973327,Hold,2593.061742997336,2809.1085271318007
Hold,2019-08-12 08:00:00,86.45,2577.5576369106525,Hold,2577.557636910655,2792.3126614987254
Hold,2019-08-12 09:00:00,86.84,2589.1857164756625,Hold,2589.1857164756657,2804.9095607235317
Hold,2019-08-12 10:00:00,87.02,2594.5525224287444,Hold,2594.5525224287476,2810.7235142119034
Hold,2019-08-12 11:00:00,86.16,2568.911116208465,Hold,2568.9111162084682,2782.9457364341256
Hold,2019-08-12 12:00:00,87.16,2598.7267048366966,Hold,2598.7267048367,2815.2454780361923
Hold,2019-08-12 13:00:00,87.4,2605.8824461074723,Hold,2605.882446107475,2822.997416020689
Hold,2019-08-12 14:00:00,86.73,2585.9060017265574,Hold,2585.90600172656,2801.356589147304
Hold,2019-08-12 15:00:00,87.01,2594.2543665424623,Hold,2594.254366542465,2810.400516795883
Hold,2019-08-12 16:00:00,85.86,2559.966439619995,Hold,2559.966439619998,2773.2558139535054
Hold,2019-08-12 17:00:00,85.78,2557.5811925297367,Hold,2557.5811925297394,2770.67183462534
Hold,2019-08-12 18:00:00,86.0,2564.140622027948,Hold,2564.140622027951,2777.7777777777947
Hold,2019-08-12 19:00:00,86.06,2565.9295573456416,Hold,2565.9295573456443,2779.7157622739187
Hold,2019-08-12 20:00:00,86.03,2565.035089686795,Hold,2565.035089686798,2778.746770025856
Hold,2019-08-12 21:00:00,85.93,2562.053530823972,Hold,2562.053530823975,2775.51679586565
Hold,2019-08-12 22:00:00,86.01,2564.4387779142303,Hold,2564.4387779142335,2778.100775193815
Hold,2019-08-12 23:00:00,85.79,2557.879348416019,Hold,2557.8793484160224,2770.99483204136
Hold,2019-08-13 00:00:00,85.29,2542.971554101903,Hold,2542.971554101907,2754.844961240327
Hold,2019-08-13 01:00:00,85.1,2537.3065922625387,Hold,2537.3065922625424,2748.7080103359335
Hold,2019-08-13 02:00:00,85.18,2539.6918393527976,Hold,2539.691839352801,2751.291989664099
Hold,2019-08-13 03:00:00,84.78,2527.7656039015046,Hold,2527.765603901508,2738.3720930232716
Hold,2019-08-13 04:00:00,84.33,2514.3485890188003,Hold,2514.3485890188035,2723.8372093023413
Hold,2019-08-13 05:00:00,85.19,2539.9899952390797,Hold,2539.9899952390824,2751.6149870801196
Hold,2019-08-13 06:00:00,84.96,2533.1324098545865,Hold,2533.1324098545897,2744.186046511644
Hold,2019-08-13 07:00:00,85.79,2557.879348416019,Hold,2557.8793484160224,2770.99483204136
Hold,2019-08-13 08:00:00,85.27,2542.375242329338,Hold,2542.3752423293413,2754.198966408285
Hold,2019-08-13 09:00:00,85.42,2546.8475806235733,Hold,2546.847580623577,2759.043927648595
Hold,2019-08-13 10:00:00,85.78,2557.5811925297367,Hold,2557.58119252974,2770.6718346253397
Hold,2019-08-13 11:00:00,86.39,2575.768701592958,Hold,2575.7687015929614,2790.374677002601
Hold,2019-08-13 12:00:00,85.76,2556.9848807571725,Hold,2556.9848807571757,2770.0258397932985
Hold,2019-08-13 13:00:00,84.85,2529.852695105481,Hold,2529.8526951054837,2740.633074935417
Hold,2019-08-13 14:00:00,84.45,2517.9264596541884,Hold,2517.926459654191,2727.7131782945903
Hold,2019-08-13 15:00:00,84.58,2521.802486175858,Hold,2521.802486175861,2731.9121447028588
Hold,2019-08-13 16:00:00,85.76,2556.9848807571725,Hold,2556.9848807571757,2770.0258397932985
Hold,2019-08-13 17:00:00,84.98,2533.728721627151,Hold,2533.728721627154,2744.832041343686
Hold,2019-08-13 18:00:00,83.83,2499.4407947046843,Hold,2499.440794704687,2707.687338501308
Hold,2019-08-13 19:00:00,84.07,2506.5965359754596,Hold,2506.5965359754623,2715.4392764858044
Hold,2019-08-13 20:00:00,84.2,2510.4725624971306,Hold,2510.4725624971334,2719.6382428940733
Hold,2019-08-13 21:00:00,83.65,2494.073988751603,Hold,2494.0739887516056,2701.8733850129365
Hold,2019-08-13 22:00:00,84.28,2512.857809587389,Hold,2512.857809587392,2722.222222222239
Hold,2019-08-13 23:00:00,84.88,2530.747162764328,Hold,2530.747162764331,2741.6020671834794
Hold,2019-08-14 00:00:00,84.23,2511.3670301559773,Hold,2511.36703015598,2720.6072351421362
Hold,2019-08-14 01:00:00,84.89,2531.0453186506106,Hold,2531.0453186506134,2741.9250645995007
Hold,2019-08-14 02:00:00,85.18,2539.6918393527976,Hold,2539.6918393528,2751.2919896641
Hold,2019-08-14 03:00:00,86.1,2567.122180890771,Hold,2567.122180890773,2781.007751938002
Hold,2019-08-14 04:00:00,85.35,2544.7604894195965,Hold,2544.760489419599,2756.7829457364514
Hold,2019-08-14 05:00:00,84.94,2532.536098082022,Hold,2532.536098082024,2743.5400516796035
Hold,2019-08-14 06:00:00,85.24,2541.4807746704914,Hold,2541.480774670494,2753.2299741602237
Hold,2019-08-14 07:00:00,84.93,2532.23794219574,Hold,2532.237942195742,2743.217054263583
Hold,2019-08-14 08:00:00,84.29,2513.1559654736716,Hold,2513.155965473674,2722.54521963826
Hold,2019-08-14 09:00:00,83.45,2488.1108710259564,Hold,2488.110871025958,2695.4134366925227
Hold,2019-08-14 10:00:00,83.63,2493.477676979038,Hold,2493.4776769790396,2701.2273901808944
Hold,2019-08-14 11:00:00,83.38,2486.02377982198,Hold,2486.0237798219814,2693.152454780378
Hold,2019-08-14 12:00:00,82.97,2473.799388484405,Hold,2473.7993884844063,2679.9095607235304
Hold,2019-08-14 13:00:00,82.67,2464.8547118959355,Hold,2464.854711895937,2670.2196382429106
Hold,2019-08-14 14:00:00,82.23,2451.7358528995132,Hold,2451.735852899514,2656.007751938001
Hold,2019-08-14 15:00:00,82.68,2465.152867782218,Hold,2465.1528677822193,2670.5426356589314
Stop-Loss,2019-08-14 16:00:00,78.53,2341.418174975055,SL 10.0% hit,2341.4181749750564,2536.4987080103515
Buy,2019-08-18 13:00:00,76.75,2341.418174975055,Sinal: Compra,2341.4181749750564,2479.005167958672
Hold,2019-08-18 14:00:00,76.05,2315.4254145575433,Hold,2315.425414557544,2456.3953488372244
Hold,2019-08-18 15:00:00,76.27,2322.123555138775,Hold,2322.123555138776,2463.501291989679
Hold,2019-08-18 16:00:00,77.3,2353.4830314963588,Hold,2353.48303149636,2496.770025839808
Hold,2019-08-18 17:00:00,77.25,2351.9607268188065,Hold,2351.9607268188074,2495.155038759705
Hold,2019-08-18 18:00:00,76.92,2341.9135159469593,Hold,2341.91351594696,2484.4961240310226
Hold,2019-08-18 19:00:00,77.03,2345.262586237575,Hold,2345.2625862375758,2488.0490956072504
Hold,2019-08-18 20:00:00,77.4,2356.5276408514646,Hold,2356.5276408514655,2500.0000000000155
Hold,2019-08-18 21:00:00,77.77,2367.7926954653535,Hold,2367.7926954653544,2511.9509043927806
Hold,2019-08-18 22:00:00,76.78,2337.6510628498118,Hold,2337.6510628498127,2479.974160206734
Hold,2019-08-18 23:00:00,76.25,2321.5146332677537,Hold,2321.514633267754,2462.8552971576382
Hold,2019-08-19 00:00:00,76.33,2323.9503207518383,Hold,2323.9503207518387,2465.439276485804
Hold,2019-08-19 01:00:00,76.44,2327.299391042454,Hold,2327.2993910424543,2468.9922480620316
Hold,2019-08-19 02:00:00,76.5,2329.126156655517,Hold,2329.126156655518,2470.9302325581557
Hold,2019-08-19 03:00:00,76.74,2336.4332191077697,Hold,2336.4332191077706,2478.6821705426514
Hold,2019-08-19 04:00:00,76.38,2325.4726254293905,Hold,2325.4726254293914,2467.0542635659076
Hold,2019-08-19 05:00:00,76.36,2324.8637035583693,Hold,2324.86370355837,2466.4082687338664
Hold,2019-08-19 06:00:00,77.09,2347.089351850638,Hold,2347.089351850639,2489.987080103376
Hold,2019-08-19 07:00:00,78.52,2390.627265628643,Hold,2390.627265628644,2536.175710594332
Hold,2019-08-19 08:00:00,77.95,2373.272992304543,Hold,2373.272992304545,2517.7648578811536
Hold,2019-08-19 09:00:00,77.22,2351.0473440122746,Hold,2351.0473440122764,2494.1860465116442
Hold,2019-08-19 10:00:00,77.85,2370.2283829494377,Hold,2370.2283829494395,2514.5348837209463
Hold,2019-08-19 11:00:00,77.7,2365.66146891678,Hold,2365.661468916782,2509.6899224806366
Hold,2019-08-19 12:00:00,77.56,2361.3990158196325,Hold,2361.399015819634,2505.1679586563473
Hold,2019-08-19 13:00:00,77.91,2372.055148562501,Hold,2372.055148562503,2516.4728682170703
Hold,2019-08-19 14:00:00,77.52,2360.1811720775904,Hold,2360.1811720775922,2503.8759689922645
Hold,2019-08-19 15:00:00,77.0,2344.3492034310434,Hold,2344.3492034310448,2487.0801033591897
Hold,2019-08-19 16:00:00,75.8,2307.81389116978,Hold,2307.8138911697815,2448.3204134367093
Hold,2019-08-19 17:00:00,76.22,2320.601250461222,Hold,2320.6012504612236,2461.886304909578
Hold,2019-08-19 18:00:00,76.54,2330.3440003975593,Hold,2330.3440003975606,2472.2222222222395
Hold,2019-08-19 19:00:00,76.23,2320.905711396733,Hold,2320.9057113967347,2462.2093023255984
Hold,2019-08-19 20:00:00,75.71,2305.0737427501854,Hold,2305.073742750187,2445.4134366925227
Hold,2019-08-19 21:00:00,76.08,2316.3387973640747,Hold,2316.3387973640765,2457.364341085288
Hold,2019-08-19 22:00:00,76.77,2337.346601914301,Hold,2337.346601914303,2479.6511627907144
Hold,2019-08-19 23:00:00,77.1,2347.393812786148,Hold,2347.3938127861497,2490.310077519396
Hold,2019-08-20 00:00:00,76.36,2324.8637035583693,Hold,2324.8637035583706,2466.408268733867
Hold,2019-08-20 01:00:00,76.59,2331.866305075112,Hold,2331.8663050751134,2473.837209302342
Hold,2019-08-20 02:00:00,76.7,2335.2153753657276,Hold,2335.2153753657294,2477.3901808785695
Hold,2019-08-20 03:00:00,75.85,2309.336195847333,Hold,2309.3361958473347,2449.935400516812
Hold,2019-08-20 04:00:00,76.67,2334.3019925591957,Hold,2334.3019925591975,2476.421188630508
Hold,2019-08-20 05:00:00,75.92,2311.467422395907,Hold,2311.467422395908,2452.1963824289573
Hold,2019-08-20 06:00:00,75.87,2309.945117718354,Hold,2309.9451177183555,2450.5813953488537
Hold,2019-08-20 07:00:00,76.28,2322.4280160742856,Hold,2322.428016074287,2463.8242894057016
Hold,2019-08-20 08:00:00,75.59,2301.4202115240596,Hold,2301.4202115240605,2441.537467700275
Hold,2019-08-20 09:00:00,75.69,2304.464820879164,Hold,2304.4648208791655,2444.767441860482
Hold,2019-08-20 10:00:00,75.24,2290.7640787811906,Hold,2290.7640787811915,2430.2325581395517
Hold,2019-08-20 11:00:00,75.58,2301.1157505885485,Hold,2301.1157505885494,2441.2144702842547
Hold,2019-08-20 12:00:00,75.0,2283.457016328938,Hold,2283.457016328939,2422.4806201550555
Hold,2019-08-20 13:00:00,74.97,2282.5436335224067,Hold,2282.5436335224076,2421.5116279069935
Hold,2019-08-20 14:00:00,73.89,2249.66185248727,Hold,2249.661852487271,2386.6279069767606
Hold,2019-08-20 15:00:00,74.67,2273.409805457091,Hold,2273.409805457092,2411.8217054263737
Hold,2019-08-20 16:00:00,74.53,2269.1473523599434,Hold,2269.1473523599443,2407.2997416020844
Hold,2019-08-20 17:00:00,74.98,2282.8480944579173,Hold,2282.848094457918,2421.8346253230147
Hold,2019-08-20 18:00:00,75.38,2295.0265318783377,Hold,2295.026531878338,2434.754521963842
Hold,2019-08-20 19:00:00,75.12,2287.1105475550644,Hold,2287.110547555065,2426.3565891473045
Hold,2019-08-20 20:00:00,75.19,2289.241774103638,Hold,2289.241774103639,2428.617571059449
Hold,2019-08-20 21:00:00,75.65,2303.2469771371225,Hold,2303.2469771371234,2443.4754521964005
Hold,2019-08-20 22:00:00,75.68,2304.1603599436544,Hold,2304.1603599436553,2444.444444444463
Hold,2019-08-20 23:00:00,75.14,2287.719469426085,Hold,2287.719469426086,2427.002583979346
Hold,2019-08-21 00:00:00,74.81,2277.6722585542384,Hold,2277.6722585542393,2416.3436692506643
Hold,2019-08-21 01:00:00,75.1,2286.501625684043,Hold,2286.501625684044,2425.7105943152637
Hold,2019-08-21 02:00:00,74.59,2270.9741179730067,Hold,2270.9741179730077,2409.23772609821
Hold,2019-08-21 03:00:00,74.18,2258.4912196170753,Hold,2258.4912196170762,2395.994832041362
Hold,2019-08-21 04:00:00,73.66,2242.6592509705274,Hold,2242.6592509705283,2379.1989664082867
Hold,2019-08-21 05:00:00,73.8,2246.9217040676754,Hold,2246.9217040676763,2383.7209302325755
Hold,2019-08-21 06:00:00,73.39,2234.438805711744,Hold,2234.438805711745,2370.478036175728
Hold,2019-08-21 07:00:00,72.04,2193.336579417823,Hold,2193.336579417824,2326.873385012937
Hold,2019-08-21 08:00:00,72.4,2204.2971730962017,Hold,2204.2971730962026,2338.5012919896812
Hold,2019-08-21 09:00:00,72.46,2206.1239387092646,Hold,2206.1239387092655,2340.439276485805
Hold,2019-08-21 10:00:00,72.0,2192.118735675781,Hold,2192.118735675782,2325.5813953488537
Hold,2019-08-21 11:00:00,72.25,2199.7302590635436,Hold,2199.7302590635445,2333.656330749371
Hold,2019-08-21 12:00:00,70.79,2155.278962479007,Hold,2155.278962479008,2286.498708010353
Trailing-Stop,2019-08-21 13:00:00,70.54,2147.6674390912444,Trailing stop 10.0% hit,2147.6674390912453,2278.4237726098363
Buy,2019-08-26 04:00:00,74.77,2147.6674390912444,Sinal: Compra,2147.6674390912453,2415.0516795865815
Hold,2019-08-26 05:00:00,74.39,2132.4810832872877,Hold,2132.4810832872886,2402.777777777796
Hold,2019-08-26 06:00:00,74.19,2126.74783665928,Hold,2126.747836659281,2396.3178294573822
Hold,2019-08-26 07:00:00,73.73,2113.5613694148637,Hold,2113.5613694148647,2381.459948320431
Hold,2019-08-26 08:00:00,73.75,2114.1346940776643,Hold,2114.1346940776657,2382.1059431524723
Hold,2019-08-26 09:00:00,73.78,2114.9946810718657,Hold,2114.9946810718666,2383.0749354005343
Hold,2019-08-26 10:00:00,73.74,2113.848031746264,Hold,2113.848031746265,2381.7829457364514
Hold,2019-08-26 11:00:00,74.1,2124.167875676677,Hold,2124.1678756766782,2393.4108527131957
Hold,2019-08-26 12:00:00,73.72,2113.274707083463,Hold,2113.2747070834644,2381.1369509044102
Hold,2019-08-26 13:00:00,73.54,2108.114785118257,Hold,2108.114785118258,2375.322997416039
Hold,2019-08-26 14:00:00,73.7,2112.701382420663,Hold,2112.701382420664,2380.490956072369
Hold,2019-08-26 15:00:00,73.59,2109.5480967752587,Hold,2109.54809677526,2376.937984496142
Hold,2019-08-26 16:00:00,74.35,2131.334433961686,Hold,2131.3344339616874,2401.4857881137127
Hold,2019-08-26 17:00:00,74.32,2130.4744469674847,Hold,2130.474446967486,2400.5167958656502
Hold,2019-08-26 18:00:00,73.82,2116.141330397467,Hold,2116.141330397468,2384.3669250646167
Hold,2019-08-26 19:00:00,73.88,2117.861304385869,Hold,2117.861304385871,2386.304909560741
Hold,2019-08-26 20:00:00,73.32,2101.808213827449,Hold,2101.8082138274503,2368.2170542635836
Hold,2019-08-26 21:00:00,73.32,2101.808213827449,Hold,2101.8082138274503,2368.2170542635836
Hold,2019-08-26 22:00:00,73.89,2118.14796671727,Hold,2118.147966717271,2386.627906976762
Hold,2019-08-26 23:00:00,73.54,2108.114785118257,Hold,2108.114785118258,2375.3229974160386
Hold,2019-08-27 00:00:00,73.24,2099.514915176246,Hold,2099.5149151762475,2365.633074935418
Hold,2019-08-27 01:00:00,73.11,2095.7883048680415,Hold,2095.7883048680424,2361.434108527149
Hold,2019-08-27 02:00:00,72.55,2079.735214309621,Hold,2079.735214309622,2343.346253229991
Hold,2019-08-27 03:00:00,72.94,2090.915045234235,Hold,2090.915045234236,2355.9431524547977
Hold,2019-08-27 04:00:00,72.86,2088.6217465830323,Hold,2088.6217465830337,2353.3591731266324
Hold,2019-08-27 05:00:00,72.98,2092.0616945598367,Hold,2092.0616945598376,2357.2351421188805
Hold,2019-08-27 06:00:00,72.92,2090.3417205714345,Hold,2090.341720571436,2355.2971576227565
Hold,2019-08-27 07:00:00,73.01,2092.9216815540376,Hold,2092.9216815540385,2358.2041343669425
Hold,2019-08-27 08:00:00,73.05,2094.0683308796392,Hold,2094.06833087964,2359.496124031025
Hold,2019-08-27 09:00:00,72.98,2092.0616945598367,Hold,2092.0616945598376,2357.2351421188805
Hold,2019-08-27 10:00:00,73.02,2093.208343885438,Hold,2093.208343885439,2358.5271317829634
Hold,2019-08-27 11:00:00,72.94,2090.915045234235,Hold,2090.915045234236,2355.943152454798
Hold,2019-08-27 12:00:00,72.89,2089.481733577233,Hold,2089.481733577234,2354.3281653746944
Hold,2019-08-27 13:00:00,73.3,2101.234889164648,Hold,2101.234889164649,2367.5710594315424
Hold,2019-08-27 14:00:00,73.09,2095.2149802052404,Hold,2095.2149802052413,2360.788113695108
Hold,2019-08-27 15:00:00,73.47,2106.1081487984543,Hold,2106.108148798455,2373.0620155038937
Hold,2019-08-27 16:00:00,72.92,2090.3417205714345,Hold,2090.3417205714354,2355.297157622757
Hold,2019-08-27 17:00:00,73.03,2093.4950062168386,Hold,2093.49500621684,2358.850129198984
Hold,2019-08-27 18:00:00,72.84,2088.0484219202317,Hold,2088.0484219202326,2352.7131782945917
Hold,2019-08-27 19:00:00,72.58,2080.5952013038223,Hold,2080.595201303823,2344.315245478054
Hold,2019-08-27 20:00:00,72.57,2080.3085389724215,Hold,2080.3085389724224,2343.9922480620326
Hold,2019-08-27 21:00:00,72.5,2078.3019026526194,Hold,2078.3019026526204,2341.731266149888
Hold,2019-08-27 22:00:00,72.31,2072.8553183560125,Hold,2072.8553183560134,2335.5943152454956
Hold,2019-08-27 23:00:00,72.9,2089.768395908634,Hold,2089.768395908635,2354.6511627907153
Hold,2019-08-28 00:00:00,72.52,2078.87522731542,Hold,2078.875227315421,2342.3772609819293
Hold,2019-08-28 01:00:00,72.34,2073.7153053502134,Hold,2073.715305350214,2336.563307493557
Hold,2019-08-28 02:00:00,72.19,2069.415370379208,Hold,2069.4153703792085,2331.718346253247
Hold,2019-08-28 03:00:00,71.87,2060.242175774397,Hold,2060.2421757743973,2321.3824289405857
Hold,2019-08-28 04:00:00,71.86,2059.955513442996,Hold,2059.9555134429966,2321.0594315245644
Hold,2019-08-28 05:00:00,72.26,2071.4220066990106,Hold,2071.422006699011,2333.9793281653915
Hold,2019-08-28 06:00:00,72.66,2082.888499955025,Hold,2082.888499955026,2346.899224806218
Hold,2019-08-28 07:00:00,72.43,2076.295266332817,Hold,2076.295266332818,2339.4702842377433
Hold,2019-08-28 08:00:00,71.86,2059.955513442996,Hold,2059.9555134429975,2321.0594315245644
Hold,2019-08-28 09:00:00,71.99,2063.6821237512004,Hold,2063.6821237512017,2325.2583979328333
Hold,2019-08-28 10:00:00,71.97,2063.1087990884002,Hold,2063.1087990884016,2324.612403100792
Hold,2019-08-28 11:00:00,71.97,2063.1087990884002,Hold,2063.1087990884016,2324.612403100792
Hold,2019-08-28 12:00:00,72.12,2067.4087340594056,Hold,2067.408734059407,2329.4573643411027
Hold,2019-08-28 13:00:00,72.1,2066.8354093966045,Hold,2066.8354093966063,2328.811369509061
Hold,2019-08-28 14:00:00,72.16,2068.555383385007,Hold,2068.5553833850086,2330.7493540051855
Hold,2019-08-28 15:00:00,72.34,2073.7153053502134,Hold,2073.7153053502147,2336.563307493558
Hold,2019-08-28 16:00:00,71.64,2053.6489421521883,Hold,2053.6489421521896,2313.9534883721108
Hold,2019-08-28 17:00:00,71.03,2036.1625399367663,Hold,2036.1625399367679,2294.25064599485
Stop-Loss,2019-08-28 18:00:00,66.84,1916.051023080015,SL 10.0% hit,1916.0510230800164,2158.9147286821876
Buy,2019-09-02 00:00:00,66.1,1916.051023080015,Sinal: Compra,1916.0510230800164,2135.0129198966574
Hold,2019-09-02 01:00:00,65.91,1906.7242870236662,Hold,1906.7242870236676,2128.875968992265
Hold,2019-09-02 02:00:00,65.93,1907.302871240636,Hold,1907.3028712406374,2129.521963824307
Hold,2019-09-02 03:00:00,65.82,1904.1206580473024,Hold,1904.1206580473038,2125.9689922480793
Hold,2019-09-02 04:00:00,65.97,1908.4600396745755,Hold,1908.4600396745768,2130.8139534883894
Hold,2019-09-02 05:00:00,65.71,1900.938444853969,Hold,1900.9384448539704,2122.4160206718516
Hold,2019-09-02 06:00:00,65.16,1885.0273788873021,Hold,1885.0273788873033,2104.651162790715
Hold,2019-09-02 07:00:00,65.25,1887.631007863666,Hold,1887.631007863667,2107.558139534901
Hold,2019-09-02 08:00:00,65.18,1885.6059631042722,Hold,1885.6059631042733,2105.2971576227565
Hold,2019-09-02 09:00:00,65.41,1892.2596815994234,Hold,1892.2596815994248,2112.7260981912314
Hold,2019-09-02 10:00:00,65.44,1893.1275579248781,Hold,1893.1275579248797,2113.6950904392934
Hold,2019-09-02 11:00:00,65.82,1904.1206580473024,Hold,1904.1206580473038,2125.968992248079
Hold,2019-09-02 12:00:00,65.54,1896.0204790097268,Hold,1896.0204790097282,2116.9250645995003
Hold,2019-09-02 13:00:00,65.65,1899.2026922030602,Hold,1899.2026922030614,2120.4780361757275
Hold,2019-09-02 14:00:00,65.81,1903.8313659388177,Hold,1903.8313659388186,2125.645994832058
Hold,2019-09-02 15:00:00,65.66,1899.491984311545,Hold,1899.4919843115458,2120.801033591748
Hold,2019-09-02 16:00:00,65.66,1899.491984311545,Hold,1899.4919843115458,2120.801033591748
Hold,2019-09-02 17:00:00,66.21,1915.4030502782116,Hold,1915.4030502782127,2138.5658914728847
Hold,2019-09-02 18:00:00,66.48,1923.213937207303,Hold,1923.213937207304,2147.286821705443
Hold,2019-09-02 19:00:00,66.5,1923.7925214242725,Hold,1923.7925214242734,2147.932816537484
Hold,2019-09-02 20:00:00,67.46,1951.5645638388182,Hold,1951.5645638388194,2178.940568475469
Hold,2019-09-02 21:00:00,67.15,1942.5965084757881,Hold,1942.5965084757893,2168.9276485788287
Hold,2019-09-02 22:00:00,66.74,1930.735532027909,Hold,1930.73553202791,2155.6847545219803
Hold,2019-09-02 23:00:00,66.92,1935.9427899806365,Hold,1935.9427899806376,2161.498708010353
Hold,2019-09-03 00:00:00,66.9,1935.3642057636669,Hold,1935.364205763668,2160.8527131783117
Hold,2019-09-03 01:00:00,66.68,1928.999779377,Hold,1928.999779377001,2153.746770025857
Hold,2019-09-03 02:00:00,66.78,1931.8927004618483,Hold,1931.8927004618492,2156.9767441860636
Hold,2019-09-03 03:00:00,66.87,1934.4963294382123,Hold,1934.4963294382133,2159.88372093025
Hold,2019-09-03 04:00:00,67.12,1941.7286321503336,Hold,1941.7286321503343,2167.958656330767
Hold,2019-09-03 05:00:00,67.05,1939.7035873909394,Hold,1939.7035873909401,2165.6976744186222
Hold,2019-09-03 06:00:00,67.15,1942.5965084757881,Hold,1942.596508475789,2168.9276485788296
Hold,2019-09-03 07:00:00,66.87,1934.4963294382123,Hold,1934.4963294382135,2159.8837209302505
Hold,2019-09-03 08:00:00,67.48,1952.1431480557883,Hold,1952.1431480557894,2179.5865633075114
Hold,2019-09-03 09:00:00,67.0,1938.257126848515,Hold,1938.2571268485162,2164.0826873385186
Hold,2019-09-03 10:00:00,67.45,1951.2752717303338,Hold,1951.275271730335,2178.617571059449
Hold,2019-09-03 11:00:00,68.62,1985.1224484230615,Hold,1985.122448423063,2216.4082687338678
Hold,2019-09-03 12:00:00,69.39,2007.397940776395,Hold,2007.3979407763964,2241.27906976746
Hold,2019-09-03 13:00:00,68.92,1993.801211677607,Hold,1993.8012116776085,2226.098191214488
Hold,2019-09-03 14:00:00,68.93,1994.0905037860919,Hold,1994.0905037860932,2226.4211886305093
Hold,2019-09-03 15:00:00,69.05,1997.56200908791,Hold,1997.562009087911,2230.297157622757
Hold,2019-09-03 16:00:00,68.82,1990.9082905927582,Hold,1990.9082905927594,2222.868217054281
Hold,2019-09-03 17:00:00,68.66,1986.2796168570005,Hold,1986.2796168570017,2217.70025839795
Hold,2019-09-03 18:00:00,68.79,1990.040414267304,Hold,1990.040414267305,2221.8992248062195
Hold,2019-09-03 19:00:00,68.96,1994.9583801115461,Hold,1994.9583801115473,2227.3901808785704
Hold,2019-09-03 20:00:00,69.32,2005.3728960170008,Hold,2005.3728960170024,2239.018087855315
Hold,2019-09-03 21:00:00,69.53,2011.4480302951831,Hold,2011.4480302951847,2245.8010335917497
Hold,2019-09-03 22:00:00,70.53,2040.3772411436685,Hold,2040.3772411436703,2278.100775193817
Hold,2019-09-03 23:00:00,69.06,1997.8513011963948,Hold,1997.8513011963967,2230.6201550387777
Hold,2019-09-04 00:00:00,68.86,1992.0654590266977,Hold,1992.0654590266995,2224.160206718364
Hold,2019-09-04 01:00:00,68.1,1970.079258781849,Hold,1970.0792587818507,2199.6124031007926
Hold,2019-09-04 02:00:00,67.9,1964.2934166121522,Hold,1964.2934166121543,2193.1524547803797
Hold,2019-09-04 03:00:00,68.14,1971.2364272157884,Hold,1971.2364272157904,2200.904392764876
Hold,2019-09-04 04:00:00,68.06,1968.9220903479097,Hold,1968.9220903479118,2198.3204134367106
Hold,2019-09-04 05:00:00,67.95,1965.7398771545763,Hold,1965.7398771545782,2194.767441860483
Hold,2019-09-04 06:00:00,67.63,1956.4825296830606,Hold,1956.4825296830625,2184.431524547821
Hold,2019-09-04 07:00:00,67.96,1966.0291692630608,Hold,1966.0291692630626,2195.0904392765033
Hold,2019-09-04 08:00:00,67.15,1942.5965084757881,Hold,1942.5965084757902,2168.927648578829
Hold,2019-09-04 09:00:00,67.17,1943.1750926927577,Hold,1943.1750926927598,2169.5736434108703
Hold,2019-09-04 10:00:00,67.48,1952.1431480557883,Hold,1952.1431480557903,2179.586563307511
Hold,2019-09-04 11:00:00,67.51,1953.0110243812428,Hold,1953.0110243812449,2180.555555555573
Hold,2019-09-04 12:00:00,67.12,1941.7286321503336,Hold,1941.7286321503357,2167.9586563307666
Hold,2019-09-04 13:00:00,66.92,1935.9427899806365,Hold,1935.9427899806385,2161.498708010353
Hold,2019-09-04 14:00:00,66.88,1934.7856215466968,Hold,1934.785621546699,2160.20671834627
Hold,2019-09-04 15:00:00,66.99,1937.9678347400302,Hold,1937.9678347400325,2163.7596899224977
Hold,2019-09-04 16:00:00,67.45,1951.2752717303338,Hold,1951.275271730336,2178.617571059449
Hold,2019-09-04 17:00:00,67.84,1962.557663961243,Hold,1962.5576639612455,2191.2144702842556
Hold,2019-09-04 18:00:00,67.61,1955.9039454660913,Hold,1955.9039454660938,2183.78552971578
Hold,2019-09-04 19:00:00,67.99,1966.8970455885155,Hold,1966.897045588518,2196.0594315245653
Hold,2019-09-04 20:00:00,67.29,1946.6465979945763,Hold,1946.6465979945785,2173.4496124031184
Hold,2019-09-04 21:00:00,67.43,1950.696687513364,Hold,1950.6966875133664,2177.971576227408
Hold,2019-09-04 22:00:00,66.93,1936.2320820891214,Hold,1936.2320820891239,2161.8217054263746
Hold,2019-09-04 23:00:00,67.01,1938.5464189570002,Hold,1938.546418957003,2164.40568475454
Hold,2019-09-05 00:00:00,66.84,1933.6284531127576,Hold,1933.6284531127603,2158.914728682188
Hold,2019-09-05 01:00:00,66.85,1933.9177452212423,Hold,1933.917745221245,2159.237726098209
Hold,2019-09-05 02:00:00,66.88,1934.7856215466968,Hold,1934.7856215466995,2160.206718346271
Hold,2019-09-05 03:00:00,66.95,1936.810666306091,Hold,1936.8106663060935,2162.467700258416
Hold,2019-09-05 04:00:00,67.09,1940.860755824879,Hold,1940.8607558248818,2166.989664082705
Hold,2019-09-05 05:00:00,67.03,1939.1250031739698,Hold,1939.1250031739726,2165.051679586581
Hold,2019-09-05 06:00:00,66.83,1933.3391610042727,Hold,1933.3391610042756,2158.5917312661672
Hold,2019-09-05 07:00:00,66.86,1934.2070373297272,Hold,1934.20703732973,2159.560723514229
Hold,2019-09-05 08:00:00,67.09,1940.860755824879,Hold,1940.8607558248818,2166.989664082705
Hold,2019-09-05 09:00:00,66.77,1931.6034083533636,Hold,1931.6034083533661,2156.653746770043
Hold,2019-09-05 10:00:00,65.8,1903.5420738303326,Hold,1903.542073830335,2125.322997416038
Hold,2019-09-05 11:00:00,65.37,1891.1025131654842,Hold,1891.1025131654867,2111.434108527149
Hold,2019-09-05 12:00:00,65.34,1890.23463684003,Hold,1890.2346368400324,2110.465116279087
Hold,2019-09-05 13:00:00,65.47,1893.9954342503327,Hold,1893.9954342503354,2114.6640826873554
Hold,2019-09-05 14:00:00,64.99,1880.1094130430597,Hold,1880.1094130430622,2099.160206718363
Hold,2019-09-05 15:00:00,65.05,1881.8451656939687,Hold,1881.8451656939712,2101.098191214487
Hold,2019-09-05 16:00:00,64.75,1873.1664024394233,Hold,1873.1664024394258,2091.4082687338673
Hold,2019-09-05 17:00:00,64.65,1870.2734813545749,Hold,1870.2734813545774,2088.178294573661
Hold,2019-09-05 18:00:00,64.66,1870.5627734630596,Hold,1870.562773463062,2088.5012919896812
Hold,2019-09-05 19:00:00,64.46,1864.7769312933624,Hold,1864.776931293365,2082.0413436692675
Hold,2019-09-05 20:00:00,64.54,1867.0912681612415,Hold,1867.091268161244,2084.625322997433
Hold,2019-09-05 21:00:00,65.24,1887.341715755181,Hold,1887.3417157551833,2107.23514211888
Hold,2019-09-05 22:00:00,65.46,1893.7061421418477,Hold,1893.70614214185,2114.3410852713346
Hold,2019-09-05 23:00:00,65.23,1887.0524236466963,Hold,1887.0524236466983,2106.912144702859
Hold,2019-09-06 00:00:00,65.14,1884.4487946703327,Hold,1884.4487946703348,2104.005167958673
Hold,2019-09-06 01:00:00,65.14,1884.4487946703327,Hold,1884.4487946703348,2104.005167958673
Hold,2019-09-06 02:00:00,66.18,1914.5351739527575,Hold,1914.5351739527596,2137.596899224823
Hold,2019-09-06 03:00:00,66.03,1910.1957923254845,Hold,1910.1957923254865,2132.751937984513
Hold,2019-09-06 04:00:00,66.53,1924.660397749727,Hold,1924.660397749729,2148.9018087855466
Hold,2019-09-06 05:00:00,66.73,1930.4462399194242,Hold,1930.4462399194265,2155.3617571059604
Hold,2019-09-06 06:00:00,66.69,1929.2890714854848,Hold,1929.2890714854868,2154.0697674418775
Hold,2019-09-06 07:00:00,66.79,1932.1819925703335,Hold,1932.1819925703358,2157.2997416020844
Hold,2019-09-06 08:00:00,66.76,1931.314116244879,Hold,1931.3141162448815,2156.330749354022
Hold,2019-09-06 09:00:00,67.21,1944.332261126697,Hold,1944.3322611266992,2170.865633074952
Hold,2019-09-06 10:00:00,67.3,1946.9358901030607,Hold,1946.9358901030632,2173.772609819138
Hold,2019-09-06 11:00:00,67.36,1948.6716427539698,Hold,1948.6716427539723,2175.710594315262
Hold,2019-09-06 12:00:00,67.02,1938.835711065485,Hold,1938.8357110654874,2164.728682170559
Hold,2019-09-06 13:00:00,67.03,1939.1250031739698,Hold,1939.1250031739723,2165.0516795865797
Hold,2019-09-06 14:00:00,66.81,1932.760576787303,Hold,1932.7605767873058,2157.9457364341247
Hold,2019-09-06 15:00:00,66.78,1931.8927004618483,Hold,1931.8927004618508,2156.976744186062
Hold,2019-09-06 16:00:00,67.17,1943.1750926927577,Hold,1943.1750926927602,2169.573643410869
Hold,2019-09-06 17:00:00,65.46,1893.7061421418477,Hold,1893.7061421418503,2114.341085271333
Hold,2019-09-06 18:00:00,65.35,1890.5239289485141,Hold,1890.5239289485166,2110.7881136951055
Hold,2019-09-06 19:00:00,65.23,1887.0524236466963,Hold,1887.0524236466988,2106.912144702858
Hold,2019-09-06 20:00:00,65.14,1884.4487946703327,Hold,1884.4487946703352,2104.005167958672
Hold,2019-09-06 21:00:00,65.42,1892.5489737079083,Hold,1892.5489737079108,2113.049095607251
Hold,2019-09-06 22:00:00,65.05,1881.8451656939687,Hold,1881.8451656939712,2101.0981912144857
Hold,2019-09-06 23:00:00,64.87,1876.6379077412416,Hold,1876.6379077412441,2095.2842377261145
Hold,2019-09-07 00:00:00,64.89,1877.2164919582112,Hold,1877.2164919582137,2095.9302325581557
Hold,2019-09-07 01:00:00,64.99,1880.1094130430597,Hold,1880.109413043062,2099.1602067183617
Hold,2019-09-07 02:00:00,64.87,1876.6379077412416,Hold,1876.637907741244,2095.2842377261145
Hold,2019-09-07 03:00:00,64.67,1870.8520655715445,Hold,1870.8520655715465,2088.8242894057007
Hold,2019-09-07 04:00:00,64.87,1876.6379077412416,Hold,1876.6379077412437,2095.284237726114
Hold,2019-09-07 05:00:00,64.94,1878.6629525006356,Hold,1878.6629525006379,2097.545219638258
Hold,2019-09-07 06:00:00,64.77,1873.7449866563927,Hold,1873.744986656395,2092.0542635659067
Hold,2019-09-07 07:00:00,64.92,1878.0843682836658,Hold,1878.0843682836678,2096.899224806217
Hold,2019-09-07 08:00:00,65.08,1882.7130420194235,Hold,1882.7130420194253,2102.0671834625477
Hold,2019-09-07 09:00:00,65.04,1881.555873585484,Hold,1881.555873585486,2100.7751937984654
Hold,2019-09-07 10:00:00,65.23,1887.0524236466963,Hold,1887.0524236466983,2106.912144702858
Hold,2019-09-07 11:00:00,67.01,1938.5464189570002,Hold,1938.5464189570023,2164.4056847545385
Hold,2019-09-07 12:00:00,66.61,1926.974734617606,Hold,1926.974734617608,2151.4857881137114
Hold,2019-09-07 13:00:00,66.7,1929.5783635939697,Hold,1929.5783635939715,2154.3927648578974
Hold,2019-09-07 14:00:00,68.49,1981.361651012758,Hold,1981.3616510127604,2212.209302325598
Hold,2019-09-07 15:00:00,68.98,1995.5369643285164,Hold,1995.5369643285187,2228.036175710611
Hold,2019-09-07 16:00:00,69.9,2022.1518383091227,Hold,2022.1518383091247,2257.7519379845135
Hold,2019-09-07 17:00:00,69.56,2012.3159066206376,Hold,2012.31590662064,2246.7700258398104
Hold,2019-09-07 18:00:00,69.32,2005.3728960170008,Hold,2005.372896017003,2239.0180878553138
Hold,2019-09-07 19:00:00,69.3,2004.7943118000314,Hold,2004.7943118000337,2238.3720930232726
Hold,2019-09-07 20:00:00,69.36,2006.5300644509405,Hold,2006.530064450943,2240.3100775193966
Hold,2019-09-07 21:00:00,69.29,2004.5050196915467,Hold,2004.5050196915493,2238.049095607252
Hold,2019-09-07 22:00:00,68.64,1985.7010326400311,Hold,1985.7010326400336,2217.0542635659085
Hold,2019-09-07 23:00:00,68.77,1989.4618300503341,Hold,1989.4618300503369,2221.2532299741765
Hold,2019-09-08 00:00:00,69.45,2009.1336934273043,Hold,2009.133693427307,2243.2170542635827
Hold,2019-09-08 01:00:00,68.91,1993.511919569122,Hold,1993.511919569125,2225.7751937984663
Hold,2019-09-08 02:00:00,68.98,1995.5369643285164,Hold,1995.5369643285192,2228.0361757106107
Hold,2019-09-08 03:00:00,71.03,2054.8418465679106,Hold,2054.8418465679138,2294.250645994849
Hold,2019-09-08 04:00:00,70.62,2042.980870120032,Hold,2042.9808701200352,2281.0077519380015
Hold,2019-09-08 05:00:00,70.75,2046.741667530335,Hold,2046.741667530338,2285.20671834627
Hold,2019-09-08 06:00:00,70.81,2048.4774201812443,Hold,2048.4774201812475,2287.144702842394
Hold,2019-09-08 07:00:00,70.52,2040.0879490351833,Hold,2040.0879490351863,2277.7777777777947
Hold,2019-09-08 08:00:00,70.22,2031.4091857806377,Hold,2031.4091857806407,2268.0878552971744
Hold,2019-09-08 09:00:00,70.28,2033.1449384315472,Hold,2033.1449384315504,2270.0258397932985
Hold,2019-09-08 10:00:00,70.32,2034.3021068654862,Hold,2034.3021068654891,2271.317829457381
Hold,2019-09-08 11:00:00,69.35,2006.2407723424556,Hold,2006.2407723424585,2239.9870801033753
Hold,2019-09-08 12:00:00,69.1,1999.0084696303343,Hold,1999.0084696303372,2231.912144702858
Hold,2019-09-08 13:00:00,68.91,1993.511919569122,Hold,1993.511919569125,2225.7751937984654
Hold,2019-09-08 14:00:00,70.75,2046.741667530335,Hold,2046.7416675303375,2285.2067183462696
Hold,2019-09-08 15:00:00,70.62,2042.980870120032,Hold,2042.9808701200348,2281.007751938001
Hold,2019-09-08 16:00:00,70.15,2029.3841410212442,Hold,2029.384141021247,2265.826873385029
Hold,2019-09-08 17:00:00,69.55,2012.0266145121527,Hold,2012.0266145121554,2246.4470284237887
Hold,2019-09-08 18:00:00,69.78,2018.6803330073044,Hold,2018.6803330073074,2253.875968992264
Hold,2019-09-08 19:00:00,69.3,2004.7943118000314,Hold,2004.7943118000346,2238.372093023271
Hold,2019-09-08 20:00:00,69.53,2011.4480302951831,Hold,2011.4480302951865,2245.801033591747
Hold,2019-09-08 21:00:00,70.04,2026.2019278279106,Hold,2026.201927827914,2262.2739018088014
Hold,2019-09-08 22:00:00,70.44,2037.7736121673045,Hold,2037.773612167308,2275.1937984496285
Hold,2019-09-08 23:00:00,70.36,2035.4592752994258,Hold,2035.4592752994295,2272.6098191214633
Hold,2019-09-09 00:00:00,70.17,2029.9627252382136,Hold,2029.9627252382172,2266.4728682170703
Hold,2019-09-09 01:00:00,70.19,2030.5413094551832,Hold,2030.5413094551868,2267.1188630491115
Hold,2019-09-09 02:00:00,69.27,2003.9264354745767,Hold,2003.9264354745803,2237.4031007752096
Hold,2019-09-09 03:00:00,68.87,1992.3547511351828,Hold,1992.3547511351865,2224.483204134383
Hold,2019-09-09 04:00:00,68.93,1994.0905037860919,Hold,1994.0905037860955,2226.4211886305075
Hold,2019-09-09 05:00:00,68.96,1994.9583801115461,Hold,1994.9583801115498,2227.390180878569
Hold,2019-09-09 06:00:00,68.49,1981.361651012758,Hold,1981.3616510127617,2212.2093023255975
Hold,2019-09-09 07:00:00,68.57,1983.675987880637,Hold,1983.6759878806406,2214.793281653763
Hold,2019-09-09 08:00:00,68.91,1993.511919569122,Hold,1993.511919569126,2225.7751937984663
Hold,2019-09-09 09:00:00,69.95,2023.598298851547,Hold,2023.5982988515514,2259.3669250646167
Hold,2019-09-09 10:00:00,70.53,2040.3772411436685,Hold,2040.377241143673,2278.100775193816
Hold,2019-09-09 11:00:00,70.47,2038.6414884927592,Hold,2038.6414884927638,2276.162790697692
Hold,2019-09-09 12:00:00,70.13,2028.8055568042741,Hold,2028.805556804279,2265.180878552989
Hold,2019-09-09 13:00:00,70.06,2026.7805120448804,Hold,2026.7805120448852,2262.9198966408444
Hold,2019-09-09 14:00:00,69.7,2016.3659961394255,Hold,2016.36599613943,2251.2919896641
Hold,2019-09-09 15:00:00,69.54,2011.737322403668,Hold,2011.7373224036728,2246.1240310077696
Hold,2019-09-09 16:00:00,69.24,2003.0585591491222,Hold,2003.0585591491267,2236.434108527149
Hold,2019-09-09 17:00:00,69.9,2022.1518383091227,Hold,2022.1518383091275,2257.751937984514
Hold,2019-09-09 18:00:00,69.07,1998.1405933048795,Hold,1998.140593304884,2230.9431524547977
Hold,2019-09-09 19:00:00,69.66,2015.208827705486,Hold,2015.2088277054906,2250.0000000000173
Hold,2019-09-09 20:00:00,69.26,2003.637143366092,Hold,2003.6371433660966,2237.0801033591906
Hold,2019-09-09 21:00:00,69.26,2003.637143366092,Hold,2003.6371433660966,2237.0801033591906
Hold,2019-09-09 22:00:00,70.21,2031.119893672153,Hold,2031.119893672158,2267.764857881154
Hold,2019-09-09 23:00:00,69.89,2021.8625462006378,Hold,2021.8625462006426,2257.4289405684926
Hold,2019-09-10 00:00:00,70.55,2040.9558253606378,Hold,2040.9558253606428,2278.746770025857
Hold,2019-09-10 01:00:00,71.92,2080.588844223063,Hold,2080.5888442230685,2322.99741602069
Hold,2019-09-10 02:00:00,71.71,2074.5137099448807,Hold,2074.513709944886,2316.2144702842556
Hold,2019-09-10 03:00:00,71.88,2079.4316757891233,Hold,2079.431675789129,2321.705426356607
Hold,2019-09-10 04:00:00,71.76,2075.9601704873053,Hold,2075.9601704873107,2317.8294573643593
Hold,2019-09-10 05:00:00,71.7,2074.2244178363962,Hold,2074.2244178364017,2315.8914728682353
Hold,2019-09-10 06:00:00,71.92,2080.588844223063,Hold,2080.5888442230685,2322.9974160206903
Hold,2019-09-10 07:00:00,71.77,2076.24946259579,Hold,2076.2494625957956,2318.15245478038
Hold,2019-09-10 08:00:00,71.49,2068.149283558214,Hold,2068.1492835582194,2309.108527131801
Hold,2019-09-10 09:00:00,70.73,2046.1630833133654,Hold,2046.1630833133709,2284.56072351423
Hold,2019-09-10 10:00:00,70.62,2042.980870120032,Hold,2042.9808701200375,2281.007751938003
Hold,2019-09-10 11:00:00,71.08,2056.288307110335,Hold,2056.2883071103406,2295.8656330749536
Hold,2019-09-10 12:00:00,71.05,2055.4204307848804,Hold,2055.420430784886,2294.896640826892
Hold,2019-09-10 13:00:00,70.71,2045.5844990963956,Hold,2045.584499096401,2283.914728682189
Hold,2019-09-10 14:00:00,70.29,2033.4342305400319,Hold,2033.434230540037,2270.348837209321
Hold,2019-09-10 15:00:00,70.28,2033.1449384315472,Hold,2033.1449384315522,2270.0258397933007
Hold,2019-09-10 16:00:00,71.68,2073.6458336194264,Hold,2073.645833619432,2315.245478036195
Hold,2019-09-10 17:00:00,71.86,2078.8530915721535,Hold,2078.853091572159,2321.0594315245667
Hold,2019-09-10 18:00:00,71.1,2056.866891327305,Hold,2056.8668913273104,2296.5116279069953
Hold,2019-09-10 19:00:00,70.58,2041.8237016860926,Hold,2041.823701686098,2279.7157622739205
Hold,2019-09-10 20:00:00,70.96,2052.8168018085166,Hold,2052.816801808522,2291.989664082706
Hold,2019-09-10 21:00:00,70.53,2040.3772411436685,Hold,2040.3772411436737,2278.100775193817
Hold,2019-09-10 22:00:00,70.46,2038.3521963842743,Hold,2038.3521963842798,2275.839793281672
Hold,2019-09-10 23:00:00,70.85,2049.6345886151835,Hold,2049.6345886151894,2288.4366925064783
Hold,2019-09-11 00:00:00,70.96,2052.8168018085166,Hold,2052.816801808522,2291.989664082706
Hold,2019-09-11 01:00:00,70.63,2043.2701622285167,Hold,2043.2701622285224,2281.3307493540233
Hold,2019-09-11 02:00:00,70.58,2041.8237016860926,Hold,2041.823701686098,2279.7157622739205
Hold,2019-09-11 03:00:00,70.57,2041.5344095776074,Hold,2041.5344095776127,2279.3927648578992
Hold,2019-09-11 04:00:00,70.61,2042.691578011547,Hold,2042.6915780115519,2280.684754521982
Hold,2019-09-11 05:00:00,70.38,2036.0378595163954,Hold,2036.0378595164002,2273.2558139535067
Hold,2019-09-11 06:00:00,70.54,2040.6665332521534,Hold,2040.666533252158,2278.4237726098377
Hold,2019-09-11 07:00:00,70.93,2051.9489254830623,Hold,2051.948925483067,2291.020671834644
Hold,2019-09-11 08:00:00,70.46,2038.3521963842743,Hold,2038.3521963842788,2275.839793281672
Hold,2019-09-11 09:00:00,70.27,2032.855646323062,Hold,2032.8556463230666,2269.702842377279
Hold,2019-09-11 10:00:00,71.09,2056.57759921882,Hold,2056.5775992188246,2296.188630490975
Hold,2019-09-11 11:00:00,70.85,2049.6345886151835,Hold,2049.634588615188,2288.4366925064783
Hold,2019-09-11 12:00:00,71.05,2055.4204307848804,Hold,2055.420430784885,2294.8966408268916
Hold,2019-09-11 13:00:00,70.36,2035.4592752994258,Hold,2035.4592752994304,2272.609819121465
Hold,2019-09-11 14:00:00,69.8,2019.258917224274,Hold,2019.2589172242785,2254.521963824307
Hold,2019-09-11 15:00:00,68.99,1995.8262564370007,Hold,1995.826256437005,2228.3591731266324
Hold,2019-09-11 16:00:00,68.95,1994.6690880030617,Hold,1994.6690880030662,2227.06718346255
Hold,2019-09-11 17:00:00,68.71,1987.7260773994249,Hold,1987.7260773994294,2219.3152454780534
Hold,2019-09-11 18:00:00,68.81,1990.6189984842736,Hold,1990.6189984842783,2222.5452196382607
Hold,2019-09-11 19:00:00,68.74,1988.5939537248794,Hold,1988.5939537248842,2220.2842377261154
Hold,2019-09-11 20:00:00,68.7,1987.4367852909404,Hold,1987.4367852909452,2218.992248062033
Hold,2019-09-11 21:00:00,69.41,2007.9765249933646,Hold,2007.9765249933694,2241.925064599501
Hold,2019-09-11 22:00:00,69.67,2015.498119813971,Hold,2015.498119813976,2250.322997416039
Hold,2019-09-11 23:00:00,69.8,2019.258917224274,Hold,2019.2589172242795,2254.5219638243075
Hold,2019-09-12 00:00:00,69.42,2008.2658171018497,Hold,2008.2658171018552,2242.248062015522
Hold,2019-09-12 01:00:00,69.06,1997.8513011963948,Hold,1997.8513011964003,2230.6201550387777
Hold,2019-09-12 02:00:00,69.18,2001.3228064982134,Hold,2001.3228064982188,2234.4961240310263
Hold,2019-09-12 03:00:00,69.42,2008.2658171018497,Hold,2008.2658171018552,2242.2480620155225
Hold,2019-09-12 04:00:00,69.22,2002.4799749321526,Hold,2002.4799749321583,2235.788113695109
Hold,2019-09-12 05:00:00,69.12,1999.587053847304,Hold,1999.5870538473098,2232.5581395349027
Hold,2019-09-12 06:00:00,68.66,1986.2796168570005,Hold,1986.279616857006,2217.7002583979515
Hold,2019-09-12 07:00:00,68.49,1981.361651012758,Hold,1981.3616510127636,2212.2093023256
Hold,2019-09-12 08:00:00,68.87,1992.3547511351828,Hold,1992.3547511351885,2224.4832041343866
Hold,2019-09-12 09:00:00,68.66,1986.2796168570005,Hold,1986.2796168570062,2217.700258397952
Hold,2019-09-12 10:00:00,69.06,1997.8513011963948,Hold,1997.8513011964005,2230.620155038779
Hold,2019-09-12 11:00:00,69.04,1997.2727169794255,Hold,1997.2727169794312,2229.974160206738
Hold,2019-09-12 12:00:00,69.24,2003.0585591491222,Hold,2003.0585591491276,2236.4341085271512
Hold,2019-09-12 13:00:00,69.76,2018.1017487903348,Hold,2018.1017487903405,2253.229974160227
Hold,2019-09-12 14:00:00,69.6,2013.4730750545768,Hold,2013.4730750545823,2248.0620155038955
Hold,2019-09-12 15:00:00,69.38,2007.10864866791,Hold,2007.1086486679155,2240.9560723514405
Hold,2019-09-12 16:00:00,69.09,1998.7191775218496,Hold,1998.719177521855,2231.5891472868416
Hold,2019-09-12 17:00:00,68.91,1993.511919569122,Hold,1993.5119195691275,2225.775193798469
Hold,2019-09-12 18:00:00,68.98,1995.5369643285164,Hold,1995.536964328522,2228.0361757106134
Hold,2019-09-12 19:00:00,68.77,1989.4618300503341,Hold,1989.4618300503396,2221.2532299741792
Hold,2019-09-12 20:00:00,68.8,1990.3297063757886,Hold,1990.329706375794,2222.2222222222413
Hold,2019-09-12 21:00:00,69.13,1999.8763459557888,Hold,1999.8763459557942,2232.881136950924
Hold,2019-09-12 22:00:00,68.94,1994.3797958945765,Hold,1994.379795894582,2226.744186046531
Hold,2019-09-12 23:00:00,69.15,2000.4549301727588,Hold,2000.454930172764,2233.527131782966
Hold,2019-09-13 00:00:00,69.03,1996.9834248709406,Hold,1996.983424870946,2229.651162790718
Hold,2019-09-13 01:00:00,68.84,1991.4868748097283,Hold,1991.4868748097335,2223.514211886325
Hold,2019-09-13 02:00:00,69.18,2001.3228064982134,Hold,2001.3228064982184,2234.4961240310286
Hold,2019-09-13 03:00:00,69.1,1999.0084696303343,Hold,1999.0084696303395,2231.912144702863
Hold,2019-09-13 04:00:00,69.12,1999.587053847304,Hold,1999.5870538473093,2232.5581395349045
Hold,2019-09-13 05:00:00,69.06,1997.8513011963948,Hold,1997.8513011964,2230.6201550387805
Hold,2019-09-13 06:00:00,68.84,1991.4868748097283,Hold,1991.4868748097335,2223.5142118863255
Hold,2019-09-13 07:00:00,68.61,1984.8331563145764,Hold,1984.8331563145816,2216.08527131785
Hold,2019-09-13 08:00:00,68.83,1991.1975827012434,Hold,1991.1975827012486,2223.191214470305
Hold,2019-09-13 09:00:00,68.61,1984.8331563145764,Hold,1984.8331563145819,2216.08527131785
Hold,2019-09-13 10:00:00,68.64,1985.7010326400311,Hold,1985.7010326400366,2217.0542635659117
Hold,2019-09-13 11:00:00,68.98,1995.5369643285164,Hold,1995.536964328522,2228.0361757106148
Hold,2019-09-13 12:00:00,68.93,1994.0905037860919,Hold,1994.0905037860973,2226.4211886305116
Hold,2019-09-13 13:00:00,68.72,1988.01536950791,Hold,1988.0153695079155,2219.638242894077
Hold,2019-09-13 14:00:00,68.49,1981.361651012758,Hold,1981.3616510127636,2212.2093023256016
Hold,2019-09-13 15:00:00,68.56,1983.3866957721523,Hold,1983.386695772158,2214.4702842377465
Hold,2019-09-13 16:00:00,68.54,1982.8081115551827,Hold,1982.8081115551884,2213.8242894057053
Hold,2019-09-13 17:00:00,67.75,1959.9540349848792,Hold,1959.9540349848846,2188.307493540072
Hold,2019-09-13 18:00:00,67.68,1957.9289902254854,Hold,1957.928990225491,2186.0465116279274
Hold,2019-09-13 19:00:00,67.69,1958.21828233397,Hold,1958.2182823339751,2186.369509043948
Hold,2019-09-13 20:00:00,68.02,1967.76492191397,Hold,1967.7649219139755,2197.0284237726305
Hold,2019-09-13 21:00:00,68.26,1974.7079325176069,Hold,1974.7079325176126,2204.7803617571267
Hold,2019-09-13 22:00:00,67.99,1966.8970455885155,Hold,1966.897045588521,2196.0594315245685
Hold,2019-09-13 23:00:00,68.93,1994.0905037860919,Hold,1994.0905037860973,2226.421188630513
Hold,2019-09-14 00:00:00,68.54,1982.8081115551827,Hold,1982.8081115551881,2213.824289405706
Hold,2019-09-14 01:00:00,68.65,1985.9903247485163,Hold,1985.9903247485215,2217.377260981934
Hold,2019-09-14 02:00:00,68.46,1980.4937746873036,Hold,1980.493774687309,2211.2403100775405
Hold,2019-09-14 03:00:00,68.63,1985.4117405315462,Hold,1985.4117405315517,2216.7312661498922
Hold,2019-09-14 04:00:00,68.63,1985.4117405315462,Hold,1985.4117405315517,2216.7312661498922
Hold,2019-09-14 05:00:00,68.66,1986.2796168570005,Hold,1986.2796168570057,2217.7002583979543
Hold,2019-09-14 06:00:00,68.49,1981.361651012758,Hold,1981.3616510127633,2212.209302325603
Hold,2019-09-14 07:00:00,68.67,1986.5689089654857,Hold,1986.568908965491,2218.0232558139755
Hold,2019-09-14 08:00:00,68.55,1983.0974036636674,Hold,1983.0974036636728,2214.147286821727
Hold,2019-09-14 09:00:00,68.5,1981.6509431212432,Hold,1981.6509431212485,2212.5322997416233
Hold,2019-09-14 10:00:00,68.46,1980.4937746873036,Hold,1980.493774687309,2211.2403100775405
Hold,2019-09-14 11:00:00,68.48,1981.0723589042734,Hold,1981.0723589042786,2211.886304909582
Hold,2019-09-14 12:00:00,68.36,1977.6008536024551,Hold,1977.6008536024603,2208.010335917334
Hold,2019-09-14 13:00:00,69.74,2017.5231645733647,Hold,2017.5231645733702,2252.5839793281875
Hold,2019-09-14 14:00:00,70.18,2030.2520173466987,Hold,2030.252017346704,2266.795865633098
Hold,2019-09-14 15:00:00,70.27,2032.855646323062,Hold,2032.855646323067,2269.702842377283
Hold,2019-09-14 16:00:00,70.58,2041.8237016860926,Hold,2041.8237016860976,2279.7157622739237
Hold,2019-09-14 17:00:00,71.03,2054.8418465679106,Hold,2054.841846567916,2294.2506459948545
Hold,2019-09-14 18:00:00,70.63,2043.2701622285167,Hold,2043.270162228522,2281.3307493540274
Hold,2019-09-14 19:00:00,70.75,2046.741667530335,Hold,2046.7416675303398,2285.206718346276
Hold,2019-09-14 20:00:00,71.04,2055.131138676396,Hold,2055.131138676401,2294.573643410876
Hold,2019-09-14 21:00:00,70.69,2045.0059148794257,Hold,2045.0059148794305,2283.268733850152
Hold,2019-09-14 22:00:00,70.54,2040.6665332521534,Hold,2040.6665332521584,2278.4237726098418
Hold,2019-09-14 23:00:00,70.5,2039.5093648182137,Hold,2039.5093648182185,2277.131782945759
Hold,2019-09-15 00:00:00,71.03,2054.8418465679106,Hold,2054.8418465679156,2294.2506459948554
Hold,2019-09-15 01:00:00,70.84,2049.345296506699,Hold,2049.345296506704,2288.1136950904624
Hold,2019-09-15 02:00:00,70.6,2042.4022859030622,Hold,2042.402285903067,2280.361757105966
Hold,2019-09-15 03:00:00,69.96,2023.8875909600315,Hold,2023.8875909600363,2259.689922480643
Hold,2019-09-15 04:00:00,70.18,2030.2520173466987,Hold,2030.2520173467035,2266.795865633098
Hold,2019-09-15 05:00:00,70.31,2034.0128147570017,Hold,2034.0128147570065,2270.9948320413664
Hold,2019-09-15 06:00:00,70.52,2040.0879490351833,Hold,2040.0879490351883,2277.7777777778
Hold,2019-09-15 07:00:00,70.3,2033.7235226485166,Hold,2033.723522648522,2270.6718346253456
Hold,2019-09-15 08:00:00,70.24,2031.9877699976073,Hold,2031.9877699976128,2268.7338501292215
Hold,2019-09-15 09:00:00,70.09,2027.6483883703347,Hold,2027.64838837034,2263.8888888889114
Hold,2019-09-15 10:00:00,70.54,2040.6665332521534,Hold,2040.6665332521588,2278.4237726098418
Hold,2019-09-15 11:00:00,70.35,2035.1699831909407,Hold,2035.1699831909461,2272.286821705449
Hold,2019-09-15 12:00:00,70.5,2039.5093648182137,Hold,2039.5093648182194,2277.131782945759
Hold,2019-09-15 13:00:00,70.02,2025.6233436109408,Hold,2025.6233436109462,2261.627906976767
Hold,2019-09-15 14:00:00,70.02,2025.6233436109408,Hold,2025.6233436109462,2261.627906976767
Hold,2019-09-15 15:00:00,70.24,2031.9877699976073,Hold,2031.9877699976128,2268.733850129222
Hold,2019-09-15 16:00:00,69.82,2019.8375014412436,Hold,2019.8375014412488,2255.1679586563537
Hold,2019-09-15 17:00:00,69.77,2018.3910408988193,Hold,2018.3910408988245,2253.55297157625
Hold,2019-09-15 18:00:00,69.72,2016.9445803563951,Hold,2016.9445803564004,2251.937984496147
Hold,2019-09-15 19:00:00,69.99,2024.755467285486,Hold,2024.755467285491,2260.6589147287045
Hold,2019-09-15 20:00:00,70.12,2028.5162646957895,Hold,2028.5162646957945,2264.857881136974
Hold,2019-09-15 21:00:00,70.05,2026.4912199363953,Hold,2026.4912199364003,2262.5968992248286
Hold,2019-09-15 22:00:00,70.21,2031.119893672153,Hold,2031.119893672158,2267.764857881159
Hold,2019-09-15 23:00:00,70.04,2026.2019278279106,Hold,2026.2019278279158,2262.273901808808
Hold,2019-09-16 00:00:00,71.38,2064.967070364881,Hold,2064.967070364886,2305.555555555578
Hold,2019-09-16 01:00:00,71.68,2073.6458336194264,Hold,2073.6458336194314,2315.2454780361986
Hold,2019-09-16 02:00:00,71.55,2069.885036209123,Hold,2069.885036209128,2311.0465116279297
Hold,2019-09-16 03:00:00,71.16,2058.6026439782136,Hold,2058.6026439782186,2298.449612403123
Hold,2019-09-16 04:00:00,71.44,2066.70282301579,Hold,2066.7028230157944,2307.4935400517015
Hold,2019-09-16 05:00:00,71.56,2070.174328317608,Hold,2070.1743283176124,2311.36950904395
Hold,2019-09-16 06:00:00,71.37,2064.6777782563963,Hold,2064.677778256401,2305.2325581395576
Hold,2019-09-16 07:00:00,71.26,2061.4955650630627,Hold,2061.4955650630673,2301.67958656333
Hold,2019-09-16 08:00:00,70.83,2049.0560043982136,Hold,2049.056004398218,2287.7906976744407
Hold,2019-09-16 09:00:00,70.74,2046.45237542185,Hold,2046.4523754218544,2284.883720930254
Hold,2019-09-16 10:00:00,70.8,2048.1881280727594,Hold,2048.1881280727634,2286.8217054263782
Hold,2019-09-16 11:00:00,70.74,2046.45237542185,Hold,2046.4523754218544,2284.883720930254
Hold,2019-09-16 12:00:00,69.81,2019.548209332759,Hold,2019.548209332763,2254.844961240332
Hold,2019-09-16 13:00:00,69.8,2019.258917224274,Hold,2019.258917224278,2254.5219638243116
Hold,2019-09-16 14:00:00,70.01,2025.334051502456,Hold,2025.3340515024604,2261.304909560746
Hold,2019-09-16 15:00:00,69.97,2024.1768830685164,Hold,2024.1768830685207,2260.0129198966633
Hold,2019-09-16 16:00:00,70.47,2038.6414884927592,Hold,2038.6414884927638,2276.1627906976973
Hold,2019-09-16 17:00:00,70.8,2048.1881280727594,Hold,2048.188128072764,2286.8217054263796
Sell,2019-09-16 18:00:00,70.61,2042.691578011547,Sinal: Venda,2042.6915780115519,2280.684754521987
Buy,2019-09-17 22:00:00,75.32,2042.691578011547,Sinal: Compra,2042.6915780115519,2432.816537467725
Hold,2019-09-17 23:00:00,74.04,2003.963806531963,Hold,2003.9638065319675,2391.472868217079
Hold,2019-09-18 00:00:00,75.07,2031.8417471144576,Hold,2031.8417471144624,2424.741602067208
Hold,2019-09-18 01:00:00,74.97,2029.1351509414,Hold,2029.1351509414048,2421.5116279070016
Hold,2019-09-18 02:00:00,75.45,2042.1268125720774,Hold,2042.1268125720821,2437.0155038759945
Hold,2019-09-18 03:00:00,75.16,2034.2776836702096,Hold,2034.2776836702146,2427.6485788113946
Hold,2019-09-18 04:00:00,76.01,2057.283751141201,Hold,2057.283751141206,2455.103359173152
Hold,2019-09-18 05:00:00,75.99,2056.742431906589,Hold,2056.742431906594,2454.4573643411104
Hold,2019-09-18 06:00:00,75.53,2044.2920895105235,Hold,2044.2920895105283,2439.5994832041592
Hold,2019-09-18 07:00:00,76.38,2067.2981569815142,Hold,2067.2981569815192,2467.0542635659167
Hold,2019-09-18 08:00:00,75.51,2043.7507702759121,Hold,2043.7507702759174,2438.953488372118
Hold,2019-09-18 09:00:00,75.52,2044.0214298932176,Hold,2044.0214298932226,2439.276485788138
Hold,2019-09-18 10:00:00,75.85,2052.953197264308,Hold,2052.9531972643135,2449.93540051682
Hold,2019-09-18 11:00:00,75.27,2037.254939460573,Hold,2037.254939460578,2431.201550387621
Hold,2019-09-18 12:00:00,75.36,2039.6908760163253,Hold,2039.6908760163303,2434.108527131807
Hold,2019-09-18 13:00:00,76.13,2060.5316665488695,Hold,2060.5316665488745,2458.979328165399
Hold,2019-09-18 14:00:00,77.1,2086.78564942753,Hold,2086.785649427535,2490.3100775194043
Hold,2019-09-18 15:00:00,77.48,2097.07071488515,Hold,2097.070714885155,2502.5839793281907
Hold,2019-09-18 16:00:00,79.97,2164.464959594288,Hold,2164.464959594293,2583.0103359173386
Hold,2019-09-18 17:00:00,79.45,2150.390659494388,Hold,2150.390659494393,2566.2144702842634
Hold,2019-09-18 18:00:00,78.51,2124.9486554676446,Hold,2124.948655467649,2535.8527131783203
Hold,2019-09-18 19:00:00,78.71,2130.36184781376,Hold,2130.3618478137646,2542.312661498733
Hold,2019-09-18 20:00:00,78.26,2118.1821650350003,Hold,2118.182165035005,2527.777777777803
Hold,2019-09-18 21:00:00,78.42,2122.5127189118925,Hold,2122.512718911897,2532.945736434134
Hold,2019-09-18 22:00:00,78.73,2130.9031670483714,Hold,2130.903167048376,2542.9586563307753
Hold,2019-09-18 23:00:00,77.81,2106.00248225624,Hold,2106.0024822562445,2513.242894056873
Hold,2019-09-19 00:00:00,76.85,2080.019158994886,Hold,2080.0191589948904,2482.235142118888
Hold,2019-09-19 01:00:00,75.53,2044.2920895105235,Hold,2044.2920895105278,2439.5994832041592
Hold,2019-09-19 02:00:00,75.71,2049.163962622027,Hold,2049.1639626220317,2445.4134366925314
Hold,2019-09-19 03:00:00,73.4,1986.6415910243934,Hold,1986.6415910243975,2370.8010335917556
Hold,2019-09-19 04:00:00,73.33,1984.7469737032527,Hold,1984.7469737032568,2368.5400516796108
Hold,2019-09-19 05:00:00,73.96,2001.7985295935164,Hold,2001.7985295935205,2388.8888888889132
Sell,2019-09-19 06:00:00,73.98,2002.3398488281284,Sinal: Venda,2002.3398488281327,2389.5348837209553
Buy,2019-09-19 21:00:00,75.84,2002.3398488281284,Sinal: Compra,2002.3398488281327,2449.6124031008007
Hold,2019-09-19 22:00:00,76.37,2012.3023442139825,Hold,2012.3023442139868,2466.731266149897
Hold,2019-09-19 23:00:00,76.56,2017.3087268956722,Hold,2017.3087268956765,2472.8682170542893
Hold,2019-09-20 00:00:00,75.57,1991.222838185814,Hold,1991.222838185818,2440.891472868242
Hold,2019-09-20 01:00:00,75.6,1992.0133196618704,Hold,1992.0133196618744,2441.860465116304
Hold,2019-09-20 02:00:00,75.35,1985.425974028068,Hold,1985.4259740280722,2433.7855297157876
Hold,2019-09-20 03:00:00,75.19,1981.2100728224343,Hold,1981.2100728224386,2428.6175710594566
Hold,2019-09-20 04:00:00,74.97,1975.4132086646882,Hold,1975.4132086646928,2421.5116279070016
Hold,2019-09-20 05:00:00,74.64,1966.717912428069,Hold,1966.7179124280735,2410.85271317832
Hold,2019-09-20 06:00:00,75.38,1986.2164555041243,Hold,1986.216455504129,2434.7545219638496
Hold,2019-09-20 07:00:00,75.43,1987.5339246308852,Hold,1987.53392463089,2436.3695090439537
Hold,2019-09-20 08:00:00,75.45,1988.060912281589,Hold,1988.060912281594,2437.015503875995
Hold,2019-09-20 09:00:00,75.42,1987.2704308055327,Hold,1987.2704308055377,2436.0465116279324
Hold,2019-09-20 10:00:00,75.45,1988.060912281589,Hold,1988.060912281594,2437.015503875995
Hold,2019-09-20 11:00:00,75.64,1993.0672949632788,Hold,1993.0672949632838,2443.1524547803874
Hold,2019-09-20 12:00:00,76.0,2002.5530726759546,Hold,2002.5530726759598,2454.7803617571317
Hold,2019-09-20 13:00:00,76.07,2004.397529453419,Hold,2004.397529453424,2457.0413436692766
Hold,2019-09-20 14:00:00,75.08,1978.3116407435614,Hold,1978.3116407435666,2425.06459948323
Hold,2019-09-20 15:00:00,75.29,1983.8450110759554,Hold,1983.8450110759607,2431.8475452196644
Hold,2019-09-20 16:00:00,74.22,1955.651171763281,Hold,1955.6511717632861,2397.286821705452
Hold,2019-09-20 17:00:00,74.12,1953.01623350976,Hold,1953.0162335097652,2394.0568475452455
Hold,2019-09-20 18:00:00,74.29,1957.4956285407457,Hold,1957.4956285407507,2399.547803617597
Hold,2019-09-20 19:00:00,74.39,1960.1305667942665,Hold,1960.130566794272,2402.7777777778033
Hold,2019-09-20 20:00:00,74.37,1959.6035791435625,Hold,1959.6035791435677,2402.131782945762
Hold,2019-09-20 21:00:00,74.27,1956.9686408900413,Hold,1956.9686408900466,2398.9018087855547
Hold,2019-09-20 22:00:00,74.19,1954.8606902872245,Hold,1954.8606902872298,2396.3178294573895
Hold,2019-09-20 23:00:00,75.05,1977.521159267505,Hold,1977.5211592675105,2424.095607235168
Hold,2019-09-21 00:00:00,74.86,1972.5147765858153,Hold,1972.5147765858205,2417.9586563307753
Hold,2019-09-21 01:00:00,75.03,1976.994171616801,Hold,1976.9941716168062,2423.4496124031266
Hold,2019-09-21 02:00:00,74.76,1969.8798383322944,Hold,1969.8798383322996,2414.7286821705684
Hold,2019-09-21 03:00:00,74.6,1965.6639371266604,Hold,1965.6639371266658,2409.5607235142375
Hold,2019-09-21 04:00:00,74.35,1959.076591492858,Hold,1959.0765914928634,2401.4857881137204
Hold,2019-09-21 05:00:00,74.7,1968.2988753801817,Hold,1968.2988753801874,2412.7906976744443
Hold,2019-09-21 06:00:00,74.53,1963.8194803491958,Hold,1963.8194803492015,2407.2997416020926
Hold,2019-09-21 07:00:00,74.56,1964.6099618252522,Hold,1964.6099618252579,2408.268733850155
Hold,2019-09-21 08:00:00,74.18,1954.5971964618725,Hold,1954.5971964618782,2395.9948320413696
Hold,2019-09-21 09:00:00,73.6,1939.3145545914506,Hold,1939.3145545914563,2377.26098191217
Hold,2019-09-21 10:00:00,73.44,1935.098653385817,Hold,1935.0986533858227,2372.093023255839
Hold,2019-09-21 11:00:00,73.58,1938.7875669407465,Hold,1938.7875669407524,2376.6149870801287
Hold,2019-09-21 12:00:00,73.2,1928.7748015773668,Hold,1928.7748015773727,2364.341085271343
Hold,2019-09-21 13:00:00,73.52,1937.2066039886338,Hold,1937.2066039886397,2374.6770025840046
Hold,2019-09-21 14:00:00,73.49,1936.4161225125774,Hold,1936.4161225125836,2373.708010335943
Hold,2019-09-21 15:00:00,73.93,1948.00985082807,Hold,1948.0098508280762,2387.9198966408526
Hold,2019-09-21 16:00:00,73.39,1933.7811842590565,Hold,1933.7811842590625,2370.478036175736
Hold,2019-09-21 17:00:00,72.73,1916.390591785818,Hold,1916.390591785824,2349.1602067183717
Hold,2019-09-21 18:00:00,72.92,1921.3969744675078,Hold,1921.3969744675137,2355.297157622764
Hold,2019-09-21 19:00:00,73.04,1924.5589003717332,Hold,1924.5589003717394,2359.1731266150123
Hold,2019-09-21 20:00:00,72.85,1919.552517690043,Hold,1919.5525176900492,2353.0361757106193
Hold,2019-09-21 21:00:00,72.89,1920.6064929914514,Hold,1920.6064929914578,2354.328165374702
Hold,2019-09-21 22:00:00,73.11,1926.403357149198,Hold,1926.4033571492043,2361.434108527157
Hold,2019-09-21 23:00:00,73.22,1929.301789228071,Hold,1929.301789228077,2364.9870801033844
Hold,2019-09-22 00:00:00,72.65,1914.2826411830013,Hold,1914.2826411830074,2346.5762273902064
Hold,2019-09-22 01:00:00,71.62,1887.1427771717351,Hold,1887.142777171741,2313.307493540077
Hold,2019-09-22 02:00:00,71.81,1892.1491598534249,Hold,1892.149159853431,2319.4444444444694
Hold,2019-09-22 03:00:00,71.31,1878.97446858582,Hold,1878.9744685858261,2303.294573643436
Hold,2019-09-22 04:00:00,71.61,1886.8792833463829,Hold,1886.8792833463888,2312.984496124056
Hold,2019-09-22 05:00:00,72.1,1899.7904807886355,Hold,1899.7904807886412,2328.811369509069
Hold,2019-09-22 06:00:00,72.04,1898.2095178365234,Hold,1898.2095178365294,2326.8733850129456
Hold,2019-09-22 07:00:00,72.39,1907.4318017238468,Hold,1907.4318017238527,2338.178294573669
Hold,2019-09-22 08:00:00,72.25,1903.7428881689173,Hold,1903.7428881689232,2333.65633074938
Hold,2019-09-22 09:00:00,72.5,1910.3302338027197,Hold,1910.3302338027256,2341.7312661498972
Hold,2019-09-22 10:00:00,72.25,1903.7428881689173,Hold,1903.7428881689232,2333.6563307493802
Hold,2019-09-22 11:00:00,72.09,1899.526986963284,Hold,1899.5269869632898,2328.4883720930497
Hold,2019-09-22 12:00:00,72.46,1909.276258501311,Hold,1909.276258501317,2340.4392764858144
Hold,2019-09-22 13:00:00,72.29,1904.796863470326,Hold,1904.7968634703318,2334.948320413463
Hold,2019-09-22 14:00:00,72.4,1907.6952955491988,Hold,1907.6952955492047,2338.5012919896903
Hold,2019-09-22 15:00:00,72.21,1902.6889128675086,Hold,1902.6889128675145,2332.364341085297
Hold,2019-09-22 16:00:00,72.02,1897.682530185819,Hold,1897.6825301858248,2326.2273901809044
Hold,2019-09-22 17:00:00,71.72,1889.777715425256,Hold,1889.777715425262,2316.537467700284
Hold,2019-09-22 18:00:00,71.57,1885.8253080449742,Hold,1885.8253080449801,2311.6925064599736
Hold,2019-09-22 19:00:00,71.72,1889.777715425256,Hold,1889.7777154252617,2316.537467700284
Hold,2019-09-22 20:00:00,72.02,1897.682530185819,Hold,1897.6825301858246,2326.2273901809044
Hold,2019-09-22 21:00:00,72.41,1907.9587893745509,Hold,1907.9587893745565,2338.8242894057107
Hold,2019-09-22 22:00:00,72.32,1905.5873449463818,Hold,1905.5873449463877,2335.9173126615246
Hold,2019-09-22 23:00:00,72.23,1903.2159005182132,Hold,1903.215900518219,2333.0103359173386
Hold,2019-09-23 00:00:00,71.91,1894.7840981069457,Hold,1894.7840981069514,2322.6744186046767
Hold,2019-09-23 01:00:00,71.74,1890.30470307596,Hold,1890.3047030759658,2317.1834625323254
Hold,2019-09-23 02:00:00,71.82,1892.412653678777,Hold,1892.4126536787824,2319.7674418604906
Hold,2019-09-23 03:00:00,72.02,1897.682530185819,Hold,1897.6825301858246,2326.2273901809044
Hold,2019-09-23 04:00:00,72.45,1909.0127646759593,Hold,1909.0127646759652,2340.1162790697936
Hold,2019-09-23 05:00:00,72.29,1904.796863470326,Hold,1904.7968634703318,2334.9483204134626
Hold,2019-09-23 06:00:00,73.27,1930.6192583548313,Hold,1930.6192583548373,2366.6020671834885
Hold,2019-09-23 07:00:00,73.27,1930.6192583548313,Hold,1930.6192583548373,2366.6020671834885
Hold,2019-09-23 08:00:00,73.78,1944.0574434477883,Hold,1944.057443447794,2383.074935400543
Hold,2019-09-23 09:00:00,73.37,1933.2541966083525,Hold,1933.2541966083581,2369.8320413436954
Hold,2019-09-23 10:00:00,73.14,1927.193838625254,Hold,1927.1938386252598,2362.4031007752196
Hold,2019-09-23 11:00:00,73.17,1927.9843201013105,Hold,1927.9843201013164,2363.372093023282
Hold,2019-09-23 12:00:00,72.84,1919.2890238646912,Hold,1919.2890238646971,2352.7131782946
Hold,2019-09-23 13:00:00,72.78,1917.7080609125785,Hold,1917.7080609125842,2350.775193798476
Hold,2019-09-23 14:00:00,72.62,1913.492159706945,Hold,1913.4921597069508,2345.607235142145
Hold,2019-09-23 15:00:00,72.8,1918.2350485632826,Hold,1918.2350485632885,2351.421188630517
Hold,2019-09-23 16:00:00,72.22,1902.952406692861,Hold,1902.9524066928666,2332.687338501318
Hold,2019-09-23 17:00:00,72.0,1897.1555425351148,Hold,1897.1555425351205,2325.581395348863
Hold,2019-09-23 18:00:00,72.25,1903.7428881689173,Hold,1903.742888168923,2333.6563307493802
Hold,2019-09-23 19:00:00,71.89,1894.2571104562417,Hold,1894.2571104562473,2322.028423772636
Trailing-Stop,2019-09-23 20:00:00,68.61,1807.831135740753,Trailing stop 10.0% hit,1807.8311357407586,2216.0852713178547
Buy,2019-09-30 21:00:00,55.52,1807.831135740753,Sinal: Compra,1807.8311357407586,1793.2816537467904
Hold,2019-09-30 22:00:00,55.5,1803.5673471212642,Hold,1803.56734712127,1792.635658914749
Hold,2019-09-30 23:00:00,55.99,1819.4907345102629,Hold,1819.4907345102686,1808.4625322997622
Hold,2019-10-01 00:00:00,55.45,1801.9425116734074,Hold,1801.942511673413,1791.0206718346458
Hold,2019-10-01 01:00:00,56.49,1835.7390889888327,Hold,1835.7390889888388,1824.612403100796
Hold,2019-10-01 02:00:00,57.09,1855.237114363117,Hold,1855.237114363123,1843.9922480620367
Hold,2019-10-01 03:00:00,56.57,1838.338825705404,Hold,1838.33882570541,1827.1963824289617
Hold,2019-10-01 04:00:00,56.72,1843.213332048975,Hold,1843.213332048981,1832.041343669272
Hold,2019-10-01 05:00:00,56.65,1840.9385624219751,Hold,1840.9385624219815,1829.7803617571271
Hold,2019-10-01 06:00:00,56.62,1839.9636611532608,Hold,1839.9636611532671,1828.8113695090651
Hold,2019-10-01 07:00:00,56.71,1842.8883649594036,Hold,1842.88836495941,1831.7183462532514
Hold,2019-10-01 08:00:00,56.64,1840.6135953324037,Hold,1840.61359533241,1829.4573643411068
Hold,2019-10-01 09:00:00,55.97,1818.84080033112,Hold,1818.840800331126,1807.8165374677212
Hold,2019-10-01 10:00:00,55.7,1810.0666889126924,Hold,1810.0666889126983,1799.0956072351632
Hold,2019-10-01 11:00:00,56.01,1820.1406686894056,Hold,1820.1406686894118,1809.1085271318038
Hold,2019-10-01 12:00:00,55.44,1801.6175445838358,Hold,1801.6175445838417,1790.6976744186254
Hold,2019-10-01 13:00:00,55.52,1804.217281300407,Hold,1804.2172813004127,1793.281653746791
Hold,2019-10-01 14:00:00,55.23,1794.7932357028365,Hold,1794.7932357028421,1783.9147286821913
Hold,2019-10-01 15:00:00,55.63,1807.7919192856925,Hold,1807.7919192856984,1796.8346253230186
Hold,2019-10-01 16:00:00,56.3,1829.564714286976,Hold,1829.5647142869818,1818.4754521964035
Hold,2019-10-01 17:00:00,55.59,1806.492050927407,Hold,1806.492050927413,1795.5426356589358
Hold,2019-10-01 18:00:00,55.36,1799.0178078672648,Hold,1799.0178078672707,1788.11369509046
Hold,2019-10-01 19:00:00,55.36,1799.0178078672648,Hold,1799.0178078672707,1788.11369509046
Hold,2019-10-01 20:00:00,55.85,1814.9411952562634,Hold,1814.9411952562696,1803.9405684754731
Hold,2019-10-01 21:00:00,55.68,1809.4167547335494,Hold,1809.4167547335553,1798.4496124031218
Hold,2019-10-01 22:00:00,55.95,1818.1908661519772,Hold,1818.1908661519833,1807.1705426356798
Hold,2019-10-01 23:00:00,55.63,1807.7919192856925,Hold,1807.7919192856987,1796.8346253230184
Hold,2019-10-02 00:00:00,55.93,1817.5409319728344,Hold,1817.5409319728406,1806.5245478036384
Hold,2019-10-02 01:00:00,55.85,1814.9411952562634,Hold,1814.9411952562696,1803.9405684754731
Hold,2019-10-02 02:00:00,55.95,1818.1908661519772,Hold,1818.1908661519833,1807.1705426356798
Hold,2019-10-02 03:00:00,55.9,1816.5660307041203,Hold,1816.5660307041262,1805.5555555555763
Hold,2019-10-02 04:00:00,55.66,1808.7668205544066,Hold,1808.7668205544126,1797.8036175710802
Hold,2019-10-02 05:00:00,55.56,1805.5171496586927,Hold,1805.5171496586986,1794.5736434108737
Hold,2019-10-02 06:00:00,56.22,1826.964977570405,Hold,1826.964977570411,1815.8914728682382
Hold,2019-10-02 07:00:00,56.16,1825.0151750329765,Hold,1825.0151750329826,1813.953488372114
Hold,2019-10-02 08:00:00,56.49,1835.7390889888327,Hold,1835.7390889888388,1824.6124031007967
Hold,2019-10-02 09:00:00,56.27,1828.589813018262,Hold,1828.5898130182682,1817.506459948342
Hold,2019-10-02 10:00:00,56.32,1830.214648466119,Hold,1830.214648466125,1819.1214470284451
Hold,2019-10-02 11:00:00,56.26,1828.2648459286906,Hold,1828.2648459286968,1817.183462532321
Hold,2019-10-02 12:00:00,55.46,1802.2674787629787,Hold,1802.2674787629846,1791.3436692506673
Hold,2019-10-02 13:00:00,55.58,1806.1670838378354,Hold,1806.1670838378411,1795.2196382429152
Hold,2019-10-02 14:00:00,55.63,1807.7919192856925,Hold,1807.7919192856982,1796.8346253230186
Hold,2019-10-02 15:00:00,55.57,1805.842116748264,Hold,1805.8421167482697,1794.8966408268943
Hold,2019-10-02 16:00:00,55.52,1804.217281300407,Hold,1804.2172813004127,1793.281653746791
Hold,2019-10-02 17:00:00,55.6,1806.8170180169782,Hold,1806.8170180169839,1795.8656330749563
Hold,2019-10-02 18:00:00,55.56,1805.5171496586927,Hold,1805.5171496586984,1794.5736434108737
Hold,2019-10-02 19:00:00,55.66,1808.7668205544066,Hold,1808.7668205544126,1797.8036175710802
Hold,2019-10-02 20:00:00,55.49,1803.2423800316928,Hold,1803.2423800316985,1792.3126614987289
Hold,2019-10-02 21:00:00,55.7,1810.0666889126924,Hold,1810.0666889126983,1799.0956072351632
Hold,2019-10-02 22:00:00,55.91,1816.8909977936914,Hold,1816.8909977936971,1805.8785529715972
Hold,2019-10-02 23:00:00,56.23,1827.2899446599763,Hold,1827.2899446599822,1816.2144702842586
Hold,2019-10-03 00:00:00,56.12,1823.715306674691,Hold,1823.7153066746966,1812.661498708031
Hold,2019-10-03 01:00:00,56.08,1822.4154383164052,Hold,1822.415438316411,1811.3695090439485
Hold,2019-10-03 02:00:00,56.24,1827.614911749548,Hold,1827.6149117495534,1816.5374677002794
Hold,2019-10-03 03:00:00,55.97,1818.84080033112,Hold,1818.8408003311254,1807.816537467721
Hold,2019-10-03 04:00:00,56.01,1820.1406686894056,Hold,1820.140668689411,1809.1085271318036
Hold,2019-10-03 05:00:00,55.76,1812.0164914501204,Hold,1812.0164914501258,1801.0335917312868
Hold,2019-10-03 06:00:00,55.47,1802.59244585255,Hold,1802.5924458525556,1791.6666666666872
Hold,2019-10-03 07:00:00,55.72,1810.7166230918351,Hold,1810.7166230918408,1799.7416020672044
Hold,2019-10-03 08:00:00,55.84,1814.6162281666918,Hold,1814.6162281666975,1803.6175710594525
Hold,2019-10-03 09:00:00,55.68,1809.4167547335494,Hold,1809.416754733555,1798.4496124031216
Hold,2019-10-03 10:00:00,55.43,1801.2925774942644,Hold,1801.29257749427,1790.3746770026048
Hold,2019-10-03 11:00:00,55.53,1804.5422483899786,Hold,1804.5422483899845,1793.6046511628115
Hold,2019-10-03 12:00:00,55.5,1803.5673471212642,Hold,1803.5673471212701,1792.6356589147495
Hold,2019-10-03 13:00:00,55.58,1806.1670838378354,Hold,1806.1670838378411,1795.219638242915
Hold,2019-10-03 14:00:00,54.83,1781.7945521199806,Hold,1781.7945521199863,1770.9948320413641
Hold,2019-10-03 15:00:00,54.56,1773.0204407015528,Hold,1773.0204407015583,1762.2739018088062
Hold,2019-10-03 16:00:00,56.12,1823.715306674691,Hold,1823.7153066746966,1812.6614987080313
Hold,2019-10-03 17:00:00,55.93,1817.5409319728344,Hold,1817.54093197284,1806.5245478036386
Hold,2019-10-03 18:00:00,55.87,1815.591129435406,Hold,1815.5911294354116,1804.5865633075143
Hold,2019-10-03 19:00:00,55.86,1815.2661623458346,Hold,1815.2661623458405,1804.2635658914937
Hold,2019-10-03 20:00:00,55.98,1819.1657674206915,Hold,1819.1657674206974,1808.1395348837418
Hold,2019-10-03 21:00:00,56.47,1835.08915480969,Hold,1835.0891548096959,1823.966408268755
Hold,2019-10-03 22:00:00,56.59,1838.9887598845469,Hold,1838.9887598845528,1827.842377261003
Hold,2019-10-03 23:00:00,56.44,1834.1142535409758,Hold,1834.1142535409815,1822.9974160206928
Hold,2019-10-04 00:00:00,55.6,1806.8170180169782,Hold,1806.8170180169839,1795.8656330749561
Hold,2019-10-04 01:00:00,55.74,1811.366557270978,Hold,1811.3665572709835,1800.3875968992454
Hold,2019-10-04 02:00:00,55.63,1807.7919192856925,Hold,1807.7919192856982,1796.8346253230181
Hold,2019-10-04 03:00:00,55.78,1812.6664256292634,Hold,1812.6664256292688,1801.679586563328
Hold,2019-10-04 04:00:00,55.57,1805.842116748264,Hold,1805.8421167482695,1794.8966408268939
Hold,2019-10-04 05:00:00,55.95,1818.1908661519772,Hold,1818.1908661519826,1807.1705426356793
Hold,2019-10-04 06:00:00,55.96,1818.5158332415488,Hold,1818.515833241554,1807.4935400517002
Hold,2019-10-04 07:00:00,56.73,1843.538299138546,Hold,1843.5382991385513,1832.3643410852922
Hold,2019-10-04 08:00:00,56.15,1824.690207943405,Hold,1824.6902079434103,1813.630490956093
Hold,2019-10-04 09:00:00,56.8,1845.813068765546,Hold,1845.8130687655512,1834.6253229974368
Hold,2019-10-04 10:00:00,56.72,1843.213332048975,Hold,1843.2133320489802,1832.0413436692713
Hold,2019-10-04 11:00:00,57.05,1853.937246004831,Hold,1853.937246004836,1842.7002583979538
Hold,2019-10-04 12:00:00,56.8,1845.813068765546,Hold,1845.813068765551,1834.6253229974368
Hold,2019-10-04 13:00:00,57.12,1856.2120156318308,Hold,1856.2120156318358,1844.9612403100984
Hold,2019-10-04 14:00:00,57.02,1852.962344736117,Hold,1852.962344736122,1841.731266149892
Hold,2019-10-04 15:00:00,56.94,1850.3626080195456,Hold,1850.3626080195506,1839.1472868217263
Hold,2019-10-04 16:00:00,57.33,1863.0363245128303,Hold,1863.036324512835,1851.7441860465326
Hold,2019-10-04 17:00:00,56.99,1851.9874434674027,Hold,1851.9874434674075,1840.76227390183
Hold,2019-10-04 18:00:00,57.03,1853.2873118256882,Hold,1853.2873118256932,1842.0542635659128
Hold,2019-10-04 19:00:00,57.1,1855.562081452688,Hold,1855.5620814526933,1844.3152454780575
Hold,2019-10-04 20:00:00,56.8,1845.813068765546,Hold,1845.8130687655512,1834.6253229974373
Hold,2019-10-04 21:00:00,56.94,1850.3626080195456,Hold,1850.362608019551,1839.1472868217265
Hold,2019-10-04 22:00:00,56.91,1849.3877067508315,Hold,1849.387706750837,1838.1782945736645
Hold,2019-10-04 23:00:00,56.3,1829.564714286976,Hold,1829.5647142869814,1818.4754521964032
Hold,2019-10-05 00:00:00,56.33,1830.5396155556903,Hold,1830.5396155556957,1819.4444444444655
Hold,2019-10-05 01:00:00,56.26,1828.2648459286906,Hold,1828.2648459286959,1817.1834625323208
Hold,2019-10-05 02:00:00,56.55,1837.6888915262612,Hold,1837.6888915262664,1826.5503875969205
Hold,2019-10-05 03:00:00,56.53,1837.0389573471184,Hold,1837.0389573471234,1825.9043927648793
Hold,2019-10-05 04:00:00,56.38,1832.1644510035474,Hold,1832.1644510035524,1821.0594315245692
Hold,2019-10-05 05:00:00,56.19,1825.9900763016906,Hold,1825.9900763016956,1814.9224806201762
Hold,2019-10-05 06:00:00,56.53,1837.0389573471184,Hold,1837.0389573471234,1825.9043927648795
Hold,2019-10-05 07:00:00,56.3,1829.564714286976,Hold,1829.564714286981,1818.475452196404
Hold,2019-10-05 08:00:00,56.06,1821.7655041372625,Hold,1821.7655041372673,1810.7235142119077
Hold,2019-10-05 09:00:00,56.03,1820.7906028685484,Hold,1820.7906028685532,1809.7545219638457
Hold,2019-10-05 10:00:00,56.03,1820.7906028685484,Hold,1820.7906028685532,1809.7545219638457
Hold,2019-10-05 11:00:00,56.05,1821.4405370476911,Hold,1821.4405370476961,1810.4005167958871
Hold,2019-10-05 12:00:00,55.85,1814.9411952562634,Hold,1814.9411952562684,1803.9405684754738
Hold,2019-10-05 13:00:00,56.31,1829.8896813765477,Hold,1829.8896813765525,1818.798449612425
Hold,2019-10-05 14:00:00,56.1,1823.0653724955482,Hold,1823.065372495553,1812.0155038759908
Hold,2019-10-05 15:00:00,56.94,1850.3626080195456,Hold,1850.3626080195506,1839.1472868217277
Hold,2019-10-05 16:00:00,56.52,1836.7139902575473,Hold,1836.7139902575523,1825.5813953488594
Hold,2019-10-05 17:00:00,56.25,1827.9398788391193,Hold,1827.939878839124,1816.860465116301
Hold,2019-10-05 18:00:00,56.37,1831.839483913976,Hold,1831.839483913981,1820.736434108549
Hold,2019-10-05 19:00:00,56.43,1833.7892864514042,Hold,1833.7892864514095,1822.674418604673
Hold,2019-10-05 20:00:00,56.44,1834.1142535409758,Hold,1834.1142535409806,1822.9974160206937
Hold,2019-10-05 21:00:00,56.68,1841.9134636906892,Hold,1841.9134636906942,1830.7493540051898
Hold,2019-10-05 22:00:00,56.63,1840.2886282428326,Hold,1840.2886282428374,1829.1343669250866
Hold,2019-10-05 23:00:00,56.69,1842.2384307802606,Hold,1842.2384307802654,1831.0723514212107
Hold,2019-10-06 00:00:00,56.6,1839.3137269741183,Hold,1839.3137269741228,1828.1653746770246
Hold,2019-10-06 01:00:00,56.26,1828.2648459286906,Hold,1828.2648459286952,1817.1834625323213
Hold,2019-10-06 02:00:00,56.17,1825.340142122548,Hold,1825.3401421225526,1814.2764857881355
Hold,2019-10-06 03:00:00,55.93,1817.5409319728344,Hold,1817.5409319728387,1806.524547803639
Hold,2019-10-06 04:00:00,56.22,1826.964977570405,Hold,1826.9649775704095,1815.8914728682387
Hold,2019-10-06 05:00:00,56.18,1825.6651092121194,Hold,1825.665109212124,1814.599483204156
Hold,2019-10-06 06:00:00,55.59,1806.492050927407,Hold,1806.4920509274116,1795.5426356589364
Hold,2019-10-06 07:00:00,55.52,1804.217281300407,Hold,1804.2172813004115,1793.2816537467916
Hold,2019-10-06 08:00:00,55.13,1791.5435648071225,Hold,1791.543564807127,1780.6847545219853
Hold,2019-10-06 09:00:00,55.56,1805.5171496586927,Hold,1805.5171496586972,1794.5736434108744
Hold,2019-10-06 10:00:00,55.54,1804.8672154795497,Hold,1804.8672154795543,1793.927648578833
Hold,2019-10-06 11:00:00,55.98,1819.1657674206915,Hold,1819.165767420696,1808.1395348837425
Hold,2019-10-06 12:00:00,55.85,1814.9411952562634,Hold,1814.941195256268,1803.9405684754738
Hold,2019-10-06 13:00:00,55.25,1795.4431698819792,Hold,1795.4431698819837,1784.5607235142334
Hold,2019-10-06 14:00:00,55.48,1802.9174129421215,Hold,1802.9174129421262,1791.9896640827087
Hold,2019-10-06 15:00:00,55.78,1812.6664256292634,Hold,1812.666425629268,1801.6795865633292
Hold,2019-10-06 16:00:00,55.26,1795.7681369715506,Hold,1795.7681369715551,1784.883720930254
Hold,2019-10-06 17:00:00,54.83,1781.7945521199806,Hold,1781.794552119985,1770.9948320413648
Hold,2019-10-06 18:00:00,53.95,1753.1974482376975,Hold,1753.1974482377018,1742.5710594315456
Hold,2019-10-06 19:00:00,54.27,1763.5963951039823,Hold,1763.5963951039867,1752.9069767442074
Hold,2019-10-06 20:00:00,54.37,1766.846065999696,Hold,1766.8460659997002,1756.136950904414
Hold,2019-10-06 21:00:00,54.82,1781.469585030409,Hold,1781.4695850304129,1770.6718346253444
Hold,2019-10-06 22:00:00,54.4,1767.8209672684104,Hold,1767.8209672684145,1757.1059431524761
Hold,2019-10-06 23:00:00,54.41,1768.1459343579816,Hold,1768.1459343579854,1757.428940568497
Hold,2019-10-07 00:00:00,53.84,1749.6228102524121,Hold,1749.622810252416,1739.0180878553185
Hold,2019-10-07 01:00:00,54.03,1755.7971849542687,Hold,1755.7971849542726,1745.1550387597115
Hold,2019-10-07 02:00:00,54.04,1756.12215204384,Hold,1756.122152043844,1745.478036175732
Hold,2019-10-07 03:00:00,54.78,1780.1697166721235,Hold,1780.1697166721276,1769.379844961262
Hold,2019-10-07 04:00:00,54.52,1771.7205723432671,Hold,1771.7205723432712,1760.9819121447244
Hold,2019-10-07 05:00:00,54.67,1776.5950786868382,Hold,1776.5950786868423,1765.8268733850348
Hold,2019-10-07 06:00:00,54.55,1772.6954736119812,Hold,1772.6954736119853,1761.9509043927865
Hold,2019-10-07 07:00:00,54.82,1781.469585030409,Hold,1781.469585030413,1770.6718346253447
Hold,2019-10-07 08:00:00,54.98,1786.6690584635512,Hold,1786.6690584635553,1775.8397932816754
Hold,2019-10-07 09:00:00,55.52,1804.217281300407,Hold,1804.2172813004113,1793.2816537467922
Hold,2019-10-07 10:00:00,55.83,1814.2912610771205,Hold,1814.291261077125,1803.2945736434326
Hold,2019-10-07 11:00:00,55.81,1813.6413268979777,Hold,1813.6413268979823,1802.6485788113914
Hold,2019-10-07 12:00:00,56.36,1831.5145168244046,Hold,1831.5145168244092,1820.4134366925284
Hold,2019-10-07 13:00:00,56.74,1843.863266228118,Hold,1843.8632662281227,1832.6873385013141
Hold,2019-10-07 14:00:00,56.53,1837.0389573471184,Hold,1837.0389573471232,1825.90439276488
Hold,2019-10-07 15:00:00,56.88,1848.4128054821174,Hold,1848.4128054821222,1837.2093023256036
Hold,2019-10-07 16:00:00,58.24,1892.6083296638276,Hold,1892.6083296638321,1881.1369509044155
Hold,2019-10-07 17:00:00,58.39,1897.4828360073986,Hold,1897.4828360074032,1885.9819121447258
Hold,2019-10-07 18:00:00,57.98,1884.1591853349712,Hold,1884.1591853349757,1872.7390180878783
Hold,2019-10-07 19:00:00,57.77,1877.334876453972,Hold,1877.3348764539767,1865.9560723514442
Hold,2019-10-07 20:00:00,57.36,1864.0112257815445,Hold,1864.011225781549,1852.7131782945962
Hold,2019-10-07 21:00:00,57.18,1858.1618181692593,Hold,1858.161818169264,1846.899224806224
Hold,2019-10-07 22:00:00,57.61,1872.1354030208295,Hold,1872.1354030208342,1860.788113695113
Hold,2019-10-07 23:00:00,57.46,1867.2608966772584,Hold,1867.2608966772632,1855.9431524548029
Hold,2019-10-08 00:00:00,57.61,1872.1354030208295,Hold,1872.1354030208345,1860.7881136951132
Hold,2019-10-08 01:00:00,58.29,1894.2331651116845,Hold,1894.2331651116895,1882.7519379845191
Hold,2019-10-08 02:00:00,57.97,1883.8342182453996,Hold,1883.8342182454046,1872.4160206718577
Hold,2019-10-08 03:00:00,57.82,1878.959711901829,Hold,1878.9597119018342,1867.5710594315476
Hold,2019-10-08 04:00:00,57.54,1869.8606333938296,Hold,1869.8606333938349,1858.5271317829686
Hold,2019-10-08 05:00:00,57.71,1875.3850739165434,Hold,1875.3850739165484,1864.01808785532
Hold,2019-10-08 06:00:00,57.65,1873.435271379115,Hold,1873.43527137912,1862.0801033591956
Hold,2019-10-08 07:00:00,57.37,1864.3361928711158,Hold,1864.3361928711208,1853.0361757106166
Hold,2019-10-08 08:00:00,57.31,1862.3863903336876,Hold,1862.3863903336926,1851.0981912144925
Hold,2019-10-08 09:00:00,57.3,1862.061423244116,Hold,1862.061423244121,1850.7751937984717
Hold,2019-10-08 10:00:00,57.27,1861.0865219754019,Hold,1861.0865219754069,1849.80620155041
Hold,2019-10-08 11:00:00,57.24,1860.1116207066877,Hold,1860.1116207066927,1848.837209302348
Hold,2019-10-08 12:00:00,57.51,1868.8857321251153,Hold,1868.8857321251203,1857.5581395349059
Hold,2019-10-08 13:00:00,57.29,1861.7364561545446,Hold,1861.7364561545496,1850.452196382451
Hold,2019-10-08 14:00:00,56.96,1851.0125421986886,Hold,1851.0125421986936,1839.7932816537689
Hold,2019-10-08 15:00:00,56.89,1848.7377725716888,Hold,1848.7377725716938,1837.532299741624
Hold,2019-10-08 16:00:00,56.82,1846.463002944689,Hold,1846.463002944694,1835.2713178294794
Hold,2019-10-08 17:00:00,56.93,1850.0376409299743,Hold,1850.0376409299795,1838.8242894057068
Hold,2019-10-08 18:00:00,57.05,1853.937246004831,Hold,1853.9372460048362,1842.7002583979547
Hold,2019-10-08 19:00:00,56.92,1849.7126738404029,Hold,1849.7126738404081,1838.5012919896863
Hold,2019-10-08 20:00:00,56.59,1838.9887598845469,Hold,1838.988759884552,1827.842377261004
Hold,2019-10-08 21:00:00,56.77,1844.838167496832,Hold,1844.8381674968373,1833.6563307493761
Hold,2019-10-08 22:00:00,56.97,1851.3375092882598,Hold,1851.337509288265,1840.1162790697895
Hold,2019-10-08 23:00:00,56.94,1850.3626080195456,Hold,1850.3626080195509,1839.1472868217277
Hold,2019-10-09 00:00:00,57.01,1852.6373776465455,Hold,1852.6373776465507,1841.4082687338723
Hold,2019-10-09 01:00:00,56.86,1847.7628713029744,Hold,1847.7628713029796,1836.5633074935624
Hold,2019-10-09 02:00:00,57.08,1854.912147273545,Hold,1854.9121472735503,1843.669250646017
Hold,2019-10-09 03:00:00,56.73,1843.538299138546,Hold,1843.5382991385513,1832.3643410852935
Hold,2019-10-09 04:00:00,56.71,1842.8883649594036,Hold,1842.888364959409,1831.7183462532523
Hold,2019-10-09 05:00:00,57.03,1853.2873118256882,Hold,1853.287311825694,1842.0542635659137
Hold,2019-10-09 06:00:00,57.1,1855.562081452688,Hold,1855.5620814526937,1844.3152454780586
Hold,2019-10-09 07:00:00,57.33,1863.0363245128303,Hold,1863.0363245128362,1851.744186046534
Hold,2019-10-09 08:00:00,57.69,1874.7351397374007,Hold,1874.7351397374068,1863.3720930232785
Hold,2019-10-09 09:00:00,57.55,1870.185600483401,Hold,1870.1856004834071,1858.850129198989
Hold,2019-10-09 10:00:00,58.01,1885.1340866036853,Hold,1885.134086603692,1873.7080103359403
Hold,2019-10-09 11:00:00,57.85,1879.9346131705431,Hold,1879.9346131705497,1868.5400516796096
Hold,2019-10-09 12:00:00,57.55,1870.185600483401,Hold,1870.1856004834074,1858.8501291989892
Hold,2019-10-09 13:00:00,58.33,1895.5330334699702,Hold,1895.533033469977,1884.043927648602
Hold,2019-10-09 14:00:00,59.21,1924.1301373522533,Hold,1924.1301373522604,1912.467700258422
Hold,2019-10-09 15:00:00,58.81,1911.1314537693972,Hold,1911.1314537694043,1899.5478036175948
Hold,2019-10-09 16:00:00,59.23,1924.780071531396,Hold,1924.7800715314029,1913.1136950904631
Hold,2019-10-09 17:00:00,59.35,1928.679676606253,Hold,1928.67967660626,1916.9896640827112
Hold,2019-10-09 18:00:00,59.6,1936.803853845538,Hold,1936.8038538455453,1925.064599483228
Hold,2019-10-09 19:00:00,59.15,1922.1803348148248,Hold,1922.1803348148321,1910.5297157622977
Hold,2019-10-09 20:00:00,59.0,1917.305828471254,Hold,1917.3058284712613,1905.6847545219875
Hold,2019-10-09 21:00:00,58.9,1914.0561575755398,Hold,1914.056157575547,1902.4547803617809
Hold,2019-10-09 22:00:00,59.06,1919.2556310086825,Hold,1919.2556310086898,1907.622739018112
Hold,2019-10-09 23:00:00,59.12,1921.2054335461105,Hold,1921.205433546118,1909.5607235142359
Hold,2019-10-10 00:00:00,58.96,1916.0059601129683,Hold,1916.0059601129756,1904.3927648579051
Hold,2019-10-10 01:00:00,58.83,1911.78138794854,Hold,1911.7813879485473,1900.1937984496362
Hold,2019-10-10 02:00:00,58.85,1912.431322127683,Hold,1912.43132212769,1900.8397932816777
Hold,2019-10-10 03:00:00,58.95,1915.6809930233971,Hold,1915.6809930234042,1904.0697674418846
Hold,2019-10-10 04:00:00,59.03,1918.2807297399681,Hold,1918.2807297399752,1906.65374677005
Hold,2019-10-10 05:00:00,58.76,1909.5066183215404,Hold,1909.5066183215472,1897.9328165374916
Hold,2019-10-10 06:00:00,58.81,1911.1314537693972,Hold,1911.1314537694043,1899.547803617595
Hold,2019-10-10 07:00:00,58.97,1916.3309272025397,Hold,1916.3309272025467,1904.7157622739255
Hold,2019-10-10 08:00:00,58.4,1897.8078030969698,Hold,1897.8078030969768,1886.3049095607469
Hold,2019-10-10 09:00:00,57.92,1882.2093827975427,Hold,1882.20938279755,1870.8010335917547
Hold,2019-10-10 10:00:00,57.68,1874.4101726478293,Hold,1874.4101726478364,1863.0490956072583
Hold,2019-10-10 11:00:00,57.87,1880.5845473496859,Hold,1880.584547349693,1869.186046511651
Hold,2019-10-10 12:00:00,57.55,1870.185600483401,Hold,1870.185600483408,1858.8501291989892
Hold,2019-10-10 13:00:00,57.74,1876.3599751852578,Hold,1876.3599751852648,1864.9870801033824
Hold,2019-10-10 14:00:00,57.67,1874.085205558258,Hold,1874.085205558265,1862.7260981912375
Hold,2019-10-10 15:00:00,57.82,1878.959711901829,Hold,1878.959711901836,1867.5710594315476
Hold,2019-10-10 16:00:00,57.56,1870.5105675729726,Hold,1870.5105675729797,1859.17312661501
Hold,2019-10-10 17:00:00,57.35,1863.686258691973,Hold,1863.68625869198,1852.3901808785756
Hold,2019-10-10 18:00:00,57.66,1873.7602384686863,Hold,1873.7602384686934,1862.4031007752164
Hold,2019-10-10 19:00:00,57.82,1878.959711901829,Hold,1878.9597119018358,1867.5710594315474
Hold,2019-10-10 20:00:00,57.62,1872.4603701104006,Hold,1872.4603701104074,1861.1111111111336
Hold,2019-10-10 21:00:00,57.53,1869.5356663042583,Hold,1869.535666304265,1858.2041343669475
Hold,2019-10-10 22:00:00,57.47,1867.5858637668298,Hold,1867.5858637668366,1856.2661498708233
Hold,2019-10-10 23:00:00,57.47,1867.5858637668298,Hold,1867.5858637668366,1856.2661498708233
Hold,2019-10-11 00:00:00,57.03,1853.2873118256882,Hold,1853.287311825695,1842.0542635659135
Hold,2019-10-11 01:00:00,57.14,1856.8619498109738,Hold,1856.8619498109806,1845.6072351421408
Hold,2019-10-11 02:00:00,57.17,1857.8368510796881,Hold,1857.8368510796947,1846.5762273902028
Hold,2019-10-11 03:00:00,57.59,1871.4854688416867,Hold,1871.4854688416933,1860.1421188630716
Hold,2019-10-11 04:00:00,58.15,1889.683625857685,Hold,1889.6836258576916,1878.2299741602296
Hold,2019-10-11 05:00:00,56.44,1834.1142535409758,Hold,1834.1142535409824,1822.997416020694
Hold,2019-10-11 06:00:00,56.57,1838.338825705404,Hold,1838.3388257054107,1827.1963824289628
Hold,2019-10-11 07:00:00,56.18,1825.6651092121194,Hold,1825.665109212126,1814.5994832041565
Hold,2019-10-11 08:00:00,56.15,1824.690207943405,Hold,1824.6902079434117,1813.6304909560945
Hold,2019-10-11 09:00:00,56.14,1824.3652408538337,Hold,1824.3652408538405,1813.307493540074
Hold,2019-10-11 10:00:00,56.25,1827.9398788391193,Hold,1827.9398788391259,1816.8604651163014
Hold,2019-10-11 11:00:00,56.0,1819.8157015998343,Hold,1819.8157015998408,1808.7855297157844
Hold,2019-10-11 12:00:00,56.18,1825.6651092121194,Hold,1825.6651092121258,1814.5994832041563
Hold,2019-10-11 13:00:00,56.27,1828.589813018262,Hold,1828.5898130182686,1817.5064599483426
Hold,2019-10-11 14:00:00,55.99,1819.4907345102629,Hold,1819.4907345102695,1808.4625322997636
Hold,2019-10-11 15:00:00,56.14,1824.3652408538337,Hold,1824.3652408538408,1813.3074935400737
Hold,2019-10-11 16:00:00,56.31,1829.8896813765477,Hold,1829.8896813765546,1818.7984496124254
Hold,2019-10-11 17:00:00,56.13,1824.0402737642626,Hold,1824.0402737642696,1812.9844961240533
Hold,2019-10-11 18:00:00,55.92,1817.215964883263,Hold,1817.2159648832699,1806.2015503876191
Hold,2019-10-11 19:00:00,55.91,1816.8909977936914,Hold,1816.8909977936983,1805.8785529715983
Hold,2019-10-11 20:00:00,55.7,1810.0666889126924,Hold,1810.066688912699,1799.0956072351644
Hold,2019-10-11 21:00:00,55.51,1803.8923142108356,Hold,1803.8923142108422,1792.9586563307716
Hold,2019-10-11 22:00:00,55.61,1807.1419851065498,Hold,1807.1419851065561,1796.1886304909785
Hold,2019-10-11 23:00:00,55.85,1814.9411952562634,Hold,1814.9411952562698,1803.9405684754745
Hold,2019-10-12 00:00:00,55.89,1816.2410636145487,Hold,1816.241063614555,1805.232558139557
Hold,2019-10-12 01:00:00,56.18,1825.6651092121194,Hold,1825.6651092121256,1814.5994832041565
Hold,2019-10-12 02:00:00,56.09,1822.740405405977,Hold,1822.7404054059832,1811.6925064599704
Hold,2019-10-12 03:00:00,56.06,1821.7655041372625,Hold,1821.7655041372686,1810.7235142119084
Hold,2019-10-12 04:00:00,56.0,1819.8157015998343,Hold,1819.8157015998404,1808.7855297157844
Hold,2019-10-12 05:00:00,56.23,1827.2899446599763,Hold,1827.2899446599827,1816.21447028426
Hold,2019-10-12 06:00:00,56.31,1829.8896813765477,Hold,1829.889681376554,1818.7984496124257
Hold,2019-10-12 07:00:00,56.23,1827.2899446599763,Hold,1827.2899446599827,1816.2144702842602
Hold,2019-10-12 08:00:00,56.05,1821.4405370476911,Hold,1821.4405370476973,1810.4005167958878
Hold,2019-10-12 09:00:00,55.95,1818.1908661519772,Hold,1818.1908661519835,1807.1705426356814
Hold,2019-10-12 10:00:00,55.85,1814.9411952562634,Hold,1814.9411952562698,1803.9405684754745
Hold,2019-10-12 11:00:00,55.94,1817.8658990624058,Hold,1817.8658990624122,1806.8475452196603
Hold,2019-10-12 12:00:00,56.06,1821.7655041372625,Hold,1821.7655041372689,1810.7235142119084
Hold,2019-10-12 13:00:00,55.92,1817.215964883263,Hold,1817.2159648832694,1806.201550387619
Hold,2019-10-12 14:00:00,56.32,1830.214648466119,Hold,1830.2146484661253,1819.121447028446
Hold,2019-10-12 15:00:00,56.1,1823.0653724955482,Hold,1823.0653724955546,1812.015503875991
Hold,2019-10-12 16:00:00,55.9,1816.5660307041203,Hold,1816.5660307041267,1805.5555555555773
Hold,2019-10-12 17:00:00,55.74,1811.366557270978,Hold,1811.3665572709845,1800.3875968992465
Hold,2019-10-12 18:00:00,55.62,1807.466952196121,Hold,1807.4669521961273,1796.5116279069985
Hold,2019-10-12 19:00:00,55.78,1812.6664256292634,Hold,1812.6664256292697,1801.6795865633292
Hold,2019-10-12 20:00:00,55.88,1815.9160965249775,Hold,1815.9160965249841,1804.9095607235358
Hold,2019-10-12 21:00:00,55.84,1814.6162281666918,Hold,1814.6162281666984,1803.6175710594532
Hold,2019-10-12 22:00:00,55.8,1813.316359808406,Hold,1813.3163598084127,1802.3255813953701
Hold,2019-10-12 23:00:00,55.7,1810.0666889126924,Hold,1810.066688912699,1799.095607235164
Hold,2019-10-13 00:00:00,56.07,1822.090471226834,Hold,1822.090471226841,1811.0465116279288
Hold,2019-10-13 01:00:00,56.33,1830.5396155556903,Hold,1830.5396155556973,1819.4444444444662
Hold,2019-10-13 02:00:00,56.21,1826.6400104808336,Hold,1826.6400104808406,1815.5684754522183
Hold,2019-10-13 03:00:00,56.26,1828.2648459286906,Hold,1828.2648459286977,1817.1834625323218
Hold,2019-10-13 04:00:00,56.11,1823.3903395851196,Hold,1823.3903395851266,1812.3385012920116
Hold,2019-10-13 05:00:00,56.08,1822.4154383164052,Hold,1822.415438316412,1811.3695090439496
Hold,2019-10-13 06:00:00,56.02,1820.465635778977,Hold,1820.4656357789838,1809.4315245478256
Hold,2019-10-13 07:00:00,56.13,1824.0402737642626,Hold,1824.0402737642696,1812.9844961240528
Hold,2019-10-13 08:00:00,56.25,1827.9398788391193,Hold,1827.939878839126,1816.8604651163007
Hold,2019-10-13 09:00:00,56.18,1825.6651092121194,Hold,1825.6651092121263,1814.5994832041558
Hold,2019-10-13 10:00:00,56.25,1827.9398788391193,Hold,1827.939878839126,1816.8604651163007
Hold,2019-10-13 11:00:00,56.4,1832.81438518269,Hold,1832.814385182697,1821.7054263566108
Hold,2019-10-13 12:00:00,57.18,1858.1618181692593,Hold,1858.161818169266,1846.8992248062234
Hold,2019-10-13 13:00:00,57.29,1861.7364561545446,Hold,1861.7364561545514,1850.452196382451
Hold,2019-10-13 14:00:00,57.1,1855.562081452688,Hold,1855.5620814526949,1844.3152454780582
Hold,2019-10-13 15:00:00,57.3,1862.061423244116,Hold,1862.0614232441228,1850.7751937984717
Hold,2019-10-13 16:00:00,57.24,1860.1116207066877,Hold,1860.1116207066946,1848.8372093023477
Hold,2019-10-13 17:00:00,57.16,1857.5118839901163,Hold,1857.5118839901231,1846.253229974182
Hold,2019-10-13 18:00:00,57.19,1858.4867852588304,Hold,1858.4867852588372,1847.2222222222442
Hold,2019-10-13 19:00:00,57.21,1859.1367194379734,Hold,1859.13671943798,1847.8682170542857
Hold,2019-10-13 20:00:00,56.18,1825.6651092121194,Hold,1825.6651092121258,1814.599483204156
Hold,2019-10-13 21:00:00,56.34,1830.8645826452619,Hold,1830.8645826452685,1819.7674418604872
Hold,2019-10-13 22:00:00,56.64,1840.6135953324037,Hold,1840.6135953324106,1829.4573643411077
Hold,2019-10-13 23:00:00,56.46,1834.7641877201186,Hold,1834.7641877201254,1823.6434108527353
Hold,2019-10-14 00:00:00,56.3,1829.564714286976,Hold,1829.5647142869827,1818.4754521964044
Hold,2019-10-14 01:00:00,56.75,1844.188233317689,Hold,1844.1882333176957,1833.010335917335
Hold,2019-10-14 02:00:00,56.73,1843.538299138546,Hold,1843.538299138553,1832.3643410852935
Hold,2019-10-14 03:00:00,56.58,1838.6637927949753,Hold,1838.6637927949823,1827.5193798449834
Hold,2019-10-14 04:00:00,56.5,1836.0640560784043,Hold,1836.064056078411,1824.9354005168182
Hold,2019-10-14 05:00:00,56.78,1845.1631345864034,Hold,1845.1631345864103,1833.979328165397
Hold,2019-10-14 06:00:00,56.9,1849.0627396612601,Hold,1849.0627396612672,1837.855297157645
Hold,2019-10-14 07:00:00,56.78,1845.1631345864034,Hold,1845.1631345864103,1833.979328165397
Hold,2019-10-14 08:00:00,56.88,1848.4128054821174,Hold,1848.412805482124,1837.2093023256039
Hold,2019-10-14 09:00:00,56.94,1850.3626080195456,Hold,1850.3626080195522,1839.147286821728
Hold,2019-10-14 10:00:00,56.98,1851.6624763778314,Hold,1851.662476377838,1840.4392764858103
Hold,2019-10-14 11:00:00,56.72,1843.213332048975,Hold,1843.2133320489813,1832.041343669273
Hold,2019-10-14 12:00:00,56.65,1840.9385624219751,Hold,1840.9385624219817,1829.780361757128
Hold,2019-10-14 13:00:00,56.8,1845.813068765546,Hold,1845.8130687655523,1834.6253229974384
Hold,2019-10-14 14:00:00,56.46,1834.7641877201186,Hold,1834.764187720125,1823.6434108527355
Hold,2019-10-14 15:00:00,56.29,1829.2397471974048,Hold,1829.2397471974111,1818.152454780384
Hold,2019-10-14 16:00:00,56.64,1840.6135953324037,Hold,1840.6135953324101,1829.4573643411077
Hold,2019-10-14 17:00:00,56.63,1840.2886282428326,Hold,1840.2886282428387,1829.134366925087
Hold,2019-10-14 18:00:00,56.88,1848.4128054821174,Hold,1848.4128054821235,1837.2093023256043
Hold,2019-10-14 19:00:00,56.79,1845.4881016759748,Hold,1845.488101675981,1834.3023255814182
Hold,2019-10-14 20:00:00,56.64,1840.6135953324037,Hold,1840.61359533241,1829.4573643411081
Hold,2019-10-14 21:00:00,56.47,1835.08915480969,Hold,1835.0891548096959,1823.9664082687566
Hold,2019-10-14 22:00:00,56.65,1840.9385624219751,Hold,1840.938562421981,1829.7803617571285
Hold,2019-10-14 23:00:00,56.83,1846.7879700342603,Hold,1846.787970034266,1835.5943152455006
Hold,2019-10-15 00:00:00,56.96,1851.0125421986886,Hold,1851.0125421986945,1839.7932816537696
Hold,2019-10-15 01:00:00,56.82,1846.463002944689,Hold,1846.4630029446946,1835.2713178294803
Hold,2019-10-15 02:00:00,56.95,1850.687575109117,Hold,1850.6875751091227,1839.470284237749
Hold,2019-10-15 03:00:00,56.62,1839.9636611532608,Hold,1839.9636611532667,1828.8113695090667
Hold,2019-10-15 04:00:00,56.5,1836.0640560784043,Hold,1836.06405607841,1824.9354005168186
Hold,2019-10-15 05:00:00,56.51,1836.3890231679754,Hold,1836.3890231679811,1825.258397932839
Hold,2019-10-15 06:00:00,56.26,1828.2648459286906,Hold,1828.2648459286963,1817.1834625323222
Hold,2019-10-15 07:00:00,55.83,1814.2912610771205,Hold,1814.291261077126,1803.294573643433
Hold,2019-10-15 08:00:00,54.86,1782.7694533886947,Hold,1782.7694533887002,1771.9638242894275
Hold,2019-10-15 09:00:00,55.06,1789.2687951801227,Hold,1789.268795180128,1778.4237726098413
Hold,2019-10-15 10:00:00,55.55,1805.1921825691213,Hold,1805.1921825691265,1794.2506459948545
Hold,2019-10-15 11:00:00,55.52,1804.217281300407,Hold,1804.2172813004122,1793.2816537467927
Hold,2019-10-15 12:00:00,55.53,1804.5422483899786,Hold,1804.5422483899838,1793.6046511628135
Hold,2019-10-15 13:00:00,55.7,1810.0666889126924,Hold,1810.0666889126976,1799.0956072351648
Hold,2019-10-15 14:00:00,55.12,1791.2185977175511,Hold,1791.2185977175561,1780.3617571059656
Hold,2019-10-15 15:00:00,55.43,1801.2925774942644,Hold,1801.2925774942694,1790.3746770026066
Hold,2019-10-15 16:00:00,54.6,1774.3203090598383,Hold,1774.320309059843,1763.5658914728904
Hold,2019-10-15 17:00:00,54.47,1770.09573689541,Hold,1770.0957368954148,1759.3669250646217
Hold,2019-10-15 18:00:00,54.53,1772.0455394328387,Hold,1772.0455394328437,1761.304909560746
Hold,2019-10-15 19:00:00,54.44,1769.120835626696,Hold,1769.120835626701,1758.3979328165597
Hold,2019-10-15 20:00:00,54.37,1766.846065999696,Hold,1766.846065999701,1756.136950904415
Hold,2019-10-15 21:00:00,54.47,1770.09573689541,Hold,1770.095736895415,1759.3669250646217
Hold,2019-10-15 22:00:00,54.34,1765.8711647309822,Hold,1765.8711647309872,1755.1679586563532
Hold,2019-10-15 23:00:00,54.58,1773.6703748806956,Hold,1773.6703748807008,1762.9198966408492
Hold,2019-10-16 00:00:00,54.92,1784.7192559261232,Hold,1784.7192559261284,1773.9018087855522
Hold,2019-10-16 01:00:00,55.05,1788.9438280905513,Hold,1788.9438280905565,1778.100775193821
Hold,2019-10-16 02:00:00,54.76,1779.5197824929805,Hold,1779.5197824929858,1768.7338501292213
Hold,2019-10-16 03:00:00,54.88,1783.4193875678377,Hold,1783.4193875678427,1772.6098191214696
Hold,2019-10-16 04:00:00,54.78,1780.1697166721235,Hold,1780.1697166721287,1769.3798449612627
Hold,2019-10-16 05:00:00,55.08,1789.9187293592654,Hold,1789.9187293592706,1779.069767441883
Hold,2019-10-16 06:00:00,54.98,1786.6690584635512,Hold,1786.6690584635564,1775.839793281676
Hold,2019-10-16 07:00:00,54.79,1780.494683761695,Hold,1780.4946837617001,1769.7028423772833
Hold,2019-10-16 08:00:00,54.87,1783.0944204782659,Hold,1783.094420478271,1772.2868217054486
Hold,2019-10-16 09:00:00,54.84,1782.119519209552,Hold,1782.1195192095572,1771.3178294573868
Hold,2019-10-16 10:00:00,54.58,1773.6703748806956,Hold,1773.6703748807008,1762.919896640849
Hold,2019-10-16 11:00:00,53.84,1749.6228102524121,Hold,1749.6228102524171,1739.0180878553192
Trailing-Stop,2019-10-16 12:00:00,52.51,1706.402187339416,Trailing stop 10.0% hit,1706.4021873394208,1696.0594315245692
Buy,2019-10-21 16:00:00,54.28,1706.402187339416,Sinal: Compra,1706.4021873394208,1753.229974160229
Hold,2019-10-21 17:00:00,54.39,1706.4422503807484,Hold,1706.4422503807534,1756.7829457364562
Hold,2019-10-21 18:00:00,54.19,1700.1674121737958,Hold,1700.1674121738008,1750.3229974160429
Hold,2019-10-21 19:00:00,54.42,1707.3834761117914,Hold,1707.3834761117964,1757.7519379845185
Hold,2019-10-21 20:00:00,54.55,1711.4621209463105,Hold,1711.4621209463157,1761.9509043927872
Hold,2019-10-21 21:00:00,54.86,1721.188120167087,Hold,1721.188120167092,1771.963824289428
Hold,2019-10-21 22:00:00,54.64,1714.285798139439,Hold,1714.285798139444,1764.8578811369732
Hold,2019-10-21 23:00:00,54.57,1712.0896047670058,Hold,1712.089604767011,1762.5968992248283
Hold,2019-10-22 00:00:00,54.59,1712.717088587701,Hold,1712.7170885877063,1763.24289405687
Hold,2019-10-22 01:00:00,54.43,1707.697218022139,Hold,1707.6972180221442,1758.074935400539
Hold,2019-10-22 02:00:00,54.73,1717.1094753325676,Hold,1717.1094753325729,1767.764857881159
Hold,2019-10-22 03:00:00,54.93,1723.3843135395202,Hold,1723.3843135395257,1774.2248062015728
Hold,2019-10-22 04:00:00,54.85,1720.8743782567394,Hold,1720.8743782567449,1771.6408268734074
Hold,2019-10-22 05:00:00,54.81,1719.6194106153487,Hold,1719.6194106153541,1770.3488372093248
Hold,2019-10-22 06:00:00,54.73,1717.1094753325676,Hold,1717.109475332573,1767.764857881159
Hold,2019-10-22 07:00:00,54.65,1714.5995400497866,Hold,1714.599540049792,1765.1808785529936
Hold,2019-10-22 08:00:00,54.9,1722.4430878084775,Hold,1722.4430878084831,1773.2558139535106
Hold,2019-10-22 09:00:00,54.75,1717.7369591532631,Hold,1717.7369591532688,1768.4108527132005
Hold,2019-10-22 10:00:00,54.29,1703.3048312772721,Hold,1703.3048312772776,1753.5529715762493
Hold,2019-10-22 11:00:00,54.59,1712.717088587701,Hold,1712.7170885877065,1763.2428940568695
Hold,2019-10-22 12:00:00,54.33,1704.5597989186626,Hold,1704.559798918668,1754.844961240332
Hold,2019-10-22 13:00:00,54.37,1705.8147665600532,Hold,1705.8147665600586,1756.1369509044148
Hold,2019-10-22 14:00:00,54.18,1699.8536702634483,Hold,1699.8536702634538,1750.0000000000218
Hold,2019-10-22 15:00:00,54.54,1711.1483790359628,Hold,1711.148379035968,1761.627906976766
Hold,2019-10-22 16:00:00,54.49,1709.579669484225,Hold,1709.5796694842302,1760.0129198966629
Hold,2019-10-22 17:00:00,54.49,1709.579669484225,Hold,1709.5796694842302,1760.0129198966629
Hold,2019-10-22 18:00:00,54.35,1705.1872827393581,Hold,1705.1872827393636,1755.4909560723736
Hold,2019-10-22 19:00:00,54.21,1700.7948959944913,Hold,1700.7948959944968,1750.968992248084
Hold,2019-10-22 20:00:00,54.02,1694.8337996978864,Hold,1694.8337996978917,1744.8320413436911
Hold,2019-10-22 21:00:00,53.9,1691.0688967737146,Hold,1691.0688967737196,1740.9560723514428
Hold,2019-10-22 22:00:00,53.4,1675.3818012563333,Hold,1675.3818012563383,1724.8062015504088
Hold,2019-10-22 23:00:00,53.39,1675.0680593459858,Hold,1675.068059345991,1724.4832041343882
Hold,2019-10-23 00:00:00,53.32,1672.871865973552,Hold,1672.8718659735573,1722.2222222222435
Hold,2019-10-23 01:00:00,53.3,1672.2443821528568,Hold,1672.244382152862,1721.576227390202
Hold,2019-10-23 02:00:00,53.37,1674.4405755252903,Hold,1674.4405755252956,1723.8372093023468
Hold,2019-10-23 03:00:00,52.36,1642.7526425801798,Hold,1642.7526425801848,1691.2144702842586
Hold,2019-10-23 04:00:00,52.4,1644.0076102215705,Hold,1644.0076102215755,1692.506459948341
Hold,2019-10-23 05:00:00,52.37,1643.0663844905273,Hold,1643.0663844905323,1691.537467700279
Hold,2019-10-23 06:00:00,52.48,1646.5175455043513,Hold,1646.5175455043563,1695.0904392765065
Hold,2019-10-23 07:00:00,52.3,1640.870191118094,Hold,1640.870191118099,1689.2764857881343
Hold,2019-10-23 08:00:00,52.44,1645.2625778629608,Hold,1645.2625778629656,1693.7984496124238
Hold,2019-10-23 09:00:00,52.52,1647.772513145742,Hold,1647.772513145747,1696.3824289405893
Hold,2019-10-23 10:00:00,52.58,1649.6549646078279,Hold,1649.6549646078327,1698.3204134367134
Hold,2019-10-23 11:00:00,52.21,1638.0465139249654,Hold,1638.0465139249702,1686.3695090439485
Trailing-Stop,2019-10-23 12:00:00,49.14,1541.727747448244,Trailing stop 10.0% hit,1541.7277474482485,1587.2093023256011
Buy,2019-10-26 04:00:00,58.7,1541.727747448244,Sinal: Compra,1541.7277474482485,1895.9948320413673
Hold,2019-10-26 05:00:00,58.61,1536.2867514829468,Hold,1536.2867514829513,1893.087855297181
Hold,2019-10-26 06:00:00,58.78,1540.7427956350043,Hold,1540.7427956350089,1898.5788113695326
Hold,2019-10-26 07:00:00,58.37,1529.9958656212182,Hold,1529.9958656212227,1885.3359173126846
Hold,2019-10-26 08:00:00,57.14,1497.7550755798597,Hold,1497.7550755798643,1845.6072351421415
Hold,2019-10-26 09:00:00,56.08,1469.9703296905586,Hold,1469.9703296905634,1811.3695090439498
Hold,2019-10-26 10:00:00,56.69,1485.9596645891186,Hold,1485.9596645891231,1831.0723514212111
Hold,2019-10-26 11:00:00,56.43,1479.144538238913,Hold,1479.1445382389174,1822.6744186046735
Hold,2019-10-26 12:00:00,56.66,1485.1733038564023,Hold,1485.1733038564068,1830.1033591731489
Hold,2019-10-26 13:00:00,55.58,1456.8643174786243,Hold,1456.8643174786287,1795.219638242916
Hold,2019-10-26 14:00:00,55.65,1458.6991591882952,Hold,1458.6991591882993,1797.4806201550607
Hold,2019-10-26 15:00:00,55.85,1463.941564073069,Hold,1463.9415640730733,1803.940568475474
Hold,2019-10-26 16:00:00,55.76,1461.5824818749206,Hold,1461.582481874925,1801.033591731288
Hold,2019-10-26 17:00:00,55.45,1453.4567543035214,Hold,1453.4567543035257,1791.0206718346474
Hold,2019-10-26 18:00:00,55.04,1442.709824289735,Hold,1442.7098242897393,1777.7777777777994
Hold,2019-10-26 19:00:00,55.24,1447.952229174509,Hold,1447.9522291745136,1784.237726098213
Hold,2019-10-26 20:00:00,55.89,1464.9900450500236,Hold,1464.9900450500281,1805.2325581395567
Hold,2019-10-26 21:00:00,56.34,1476.7854560407648,Hold,1476.7854560407695,1819.7674418604872
Hold,2019-10-26 22:00:00,56.19,1472.8536523771843,Hold,1472.853652377189,1814.9224806201769
Hold,2019-10-26 23:00:00,56.71,1486.483905077596,Hold,1486.4839050776009,1831.718346253252
Hold,2019-10-27 00:00:00,56.27,1474.950614331094,Hold,1474.9506143310987,1817.5064599483424
Hold,2019-10-27 01:00:00,56.02,1468.3976082251268,Hold,1468.3976082251313,1809.4315245478253
Hold,2019-10-27 02:00:00,56.13,1471.2809309117522,Hold,1471.2809309117567,1812.9844961240526
Hold,2019-10-27 03:00:00,56.09,1470.2324499347974,Hold,1470.232449934802,1811.69250645997
Hold,2019-10-27 04:00:00,56.53,1481.7657406812996,Hold,1481.7657406813041,1825.9043927648797
Hold,2019-10-27 05:00:00,57.02,1494.6096326489956,Hold,1494.609632649,1841.7312661498927
Hold,2019-10-27 06:00:00,56.65,1484.9111836121638,Hold,1484.9111836121685,1829.7803617571276
Hold,2019-10-27 07:00:00,56.47,1480.1930192158675,Hold,1480.193019215872,1823.9664082687555
Hold,2019-10-27 08:00:00,56.95,1492.7747909393245,Hold,1492.7747909393293,1839.470284237748
Hold,2019-10-27 09:00:00,56.7,1486.2217848333576,Hold,1486.2217848333623,1831.395348837231
Hold,2019-10-27 10:00:00,57.52,1507.7156448609298,Hold,1507.7156448609346,1857.8811369509262
Hold,2019-10-27 11:00:00,56.71,1486.483905077596,Hold,1486.4839050776006,1831.7183462532516
Hold,2019-10-27 12:00:00,56.83,1489.6293480084603,Hold,1489.6293480084648,1835.5943152454997
Hold,2019-10-27 13:00:00,57.66,1511.385328280271,Hold,1511.3853282802759,1862.4031007752155
Hold,2019-10-27 14:00:00,59.79,1567.2169403031119,Hold,1567.2169403031166,1931.2015503876194
Hold,2019-10-27 15:00:00,60.02,1573.2457059206017,Hold,1573.2457059206065,1938.630490956095
Hold,2019-10-27 16:00:00,62.12,1628.2909572107258,Hold,1628.2909572107305,2006.4599483204368
Hold,2019-10-27 17:00:00,61.5,1612.0395020679273,Hold,1612.0395020679318,1986.434108527155
Hold,2019-10-27 18:00:00,61.43,1610.2046603582564,Hold,1610.204660358261,1984.1731266150105
Hold,2019-10-27 19:00:00,60.86,1595.2638064366513,Hold,1595.2638064366558,1965.7622739018318
Hold,2019-10-27 20:00:00,60.47,1585.0411169113424,Hold,1585.0411169113468,1953.1653746770255
Hold,2019-10-27 21:00:00,59.51,1559.8775734644285,Hold,1559.8775734644328,1922.1576227390406
Hold,2019-10-27 22:00:00,59.93,1570.8866237224534,Hold,1570.8866237224577,1935.723514211909
Hold,2019-10-27 23:00:00,59.78,1566.9548200588729,Hold,1566.9548200588772,1930.878552971599
Hold,2019-10-28 00:00:00,62.12,1628.2909572107258,Hold,1628.2909572107303,2006.4599483204372
Hold,2019-10-28 01:00:00,61.28,1606.2728566946762,Hold,1606.2728566946807,1979.3281653747008
Hold,2019-10-28 02:00:00,61.54,1613.0879830448819,Hold,1613.0879830448866,1987.7260981912382
Hold,2019-10-28 03:00:00,59.81,1567.7411807915892,Hold,1567.7411807915937,1931.8475452196612
Hold,2019-10-28 04:00:00,59.3,1554.373048335416,Hold,1554.3730483354204,1915.3746770026069
Hold,2019-10-28 05:00:00,59.15,1550.4412446718356,Hold,1550.44124467184,1910.5297157622967
Hold,2019-10-28 06:00:00,58.76,1540.218555146527,Hold,1540.2185551465316,1897.9328165374905
Hold,2019-10-28 07:00:00,58.46,1532.3549478193663,Hold,1532.3549478193709,1888.2428940568702
Hold,2019-10-28 08:00:00,58.42,1531.3064668424115,Hold,1531.3064668424158,1886.9509043927876
Hold,2019-10-28 09:00:00,59.2,1551.7518458930292,Hold,1551.7518458930335,1912.1447028424004
Hold,2019-10-28 10:00:00,59.66,1563.8093771280087,Hold,1563.809377128013,1927.0025839793514
Hold,2019-10-28 11:00:00,59.52,1560.1396937086674,Hold,1560.1396937086718,1922.480620155062
Hold,2019-10-28 12:00:00,58.23,1526.3261822018765,Hold,1526.3261822018808,1880.8139534883949
Hold,2019-10-28 13:00:00,58.28,1527.6367834230698,Hold,1527.6367834230741,1882.4289405684985
Hold,2019-10-28 14:00:00,57.88,1517.1519736535226,Hold,1517.151973653527,1869.5090439276717
Hold,2019-10-28 15:00:00,58.64,1537.0731122156628,Hold,1537.0731122156672,1894.0568475452426
Hold,2019-10-28 16:00:00,57.87,1516.889853409284,Hold,1516.889853409288,1869.1860465116504
Hold,2019-10-28 17:00:00,58.08,1522.3943785382962,Hold,1522.3943785383003,1875.9689922480845
Hold,2019-10-28 18:00:00,58.12,1523.4428595152508,Hold,1523.442859515255,1877.2609819121672
Hold,2019-10-28 19:00:00,58.39,1530.5201061096955,Hold,1530.5201061096996,1885.9819121447251
Hold,2019-10-28 20:00:00,58.44,1531.8307073308888,Hold,1531.830707330893,1887.5968992248283
Hold,2019-10-28 21:00:00,58.81,1541.5291563677204,Hold,1541.5291563677247,1899.5478036175937
Hold,2019-10-28 22:00:00,58.64,1537.0731122156628,Hold,1537.0731122156672,1894.0568475452421
Hold,2019-10-28 23:00:00,57.7,1512.4338092572261,Hold,1512.4338092572305,1863.6950904392988
Hold,2019-10-29 00:00:00,58.16,1524.4913404922056,Hold,1524.4913404922097,1878.5529715762498
Hold,2019-10-29 01:00:00,58.74,1539.6943146580495,Hold,1539.6943146580536,1897.286821705449
Hold,2019-10-29 02:00:00,58.66,1537.59735270414,Hold,1537.597352704144,1894.7028423772836
Hold,2019-10-29 03:00:00,58.96,1545.4609600313008,Hold,1545.460960031305,1904.392764857904
Hold,2019-10-29 04:00:00,59.96,1571.6729844551696,Hold,1571.6729844551737,1936.6925064599716
Hold,2019-10-29 05:00:00,59.44,1558.0427317547576,Hold,1558.042731754762,1919.8966408268964
Hold,2019-10-29 06:00:00,59.62,1562.7608961510539,Hold,1562.7608961510582,1925.7105943152685
Hold,2019-10-29 07:00:00,60.03,1573.5078261648403,Hold,1573.5078261648448,1938.9534883721162
Hold,2019-10-29 08:00:00,59.8,1567.4790605473504,Hold,1567.479060547355,1931.5245478036406
Hold,2019-10-29 09:00:00,59.6,1562.2366556625766,Hold,1562.2366556625814,1925.0645994832273
Hold,2019-10-29 10:00:00,60.16,1576.915389339943,Hold,1576.9153893399475,1943.152454780385
Hold,2019-10-29 11:00:00,60.12,1575.8669083629884,Hold,1575.8669083629927,1941.8604651163023
Hold,2019-10-29 12:00:00,59.66,1563.8093771280087,Hold,1563.809377128013,1927.0025839793511
Hold,2019-10-29 13:00:00,59.24,1552.800326869984,Hold,1552.8003268699883,1913.436692506483
Hold,2019-10-29 14:00:00,59.46,1558.566972243235,Hold,1558.5669722432397,1920.5426356589378
Hold,2019-10-29 15:00:00,59.2,1551.7518458930292,Hold,1551.7518458930335,1912.1447028424004
Hold,2019-10-29 16:00:00,59.32,1554.8972888238934,Hold,1554.897288823898,1916.0206718346485
Hold,2019-10-29 17:00:00,59.14,1550.1791244275971,Hold,1550.1791244276017,1910.2067183462764
Hold,2019-10-29 18:00:00,59.22,1552.2760863815065,Hold,1552.2760863815113,1912.7906976744416
Hold,2019-10-29 19:00:00,58.53,1534.1897895290372,Hold,1534.189789529042,1890.503875969015
Hold,2019-10-29 20:00:00,59.85,1568.789661768544,Hold,1568.7896617685485,1933.139534883744
Hold,2019-10-29 21:00:00,59.54,1560.6639341971445,Hold,1560.663934197149,1923.126614987103
Hold,2019-10-29 22:00:00,60.05,1574.0320666533175,Hold,1574.0320666533223,1939.5994832041577
Hold,2019-10-29 23:00:00,59.75,1566.1684593261568,Hold,1566.1684593261616,1929.9095607235374
Hold,2019-10-30 00:00:00,59.5,1559.61545322019,Hold,1559.6154532201947,1921.8346253230206
Hold,2019-10-30 01:00:00,60.9,1596.3122874136059,Hold,1596.3122874136109,1967.054263565915
Hold,2019-10-30 02:00:00,60.24,1579.0123512938528,Hold,1579.0123512938576,1945.7364341085508
Hold,2019-10-30 03:00:00,59.66,1563.8093771280087,Hold,1563.8093771280135,1927.0025839793514
Hold,2019-10-30 04:00:00,59.1,1549.1306434506423,Hold,1549.1306434506469,1908.914728682194
Hold,2019-10-30 05:00:00,59.15,1550.4412446718356,Hold,1550.44124467184,1910.5297157622972
Hold,2019-10-30 06:00:00,59.16,1550.7033649160742,Hold,1550.7033649160787,1910.8527131783178
Hold,2019-10-30 07:00:00,58.75,1539.956434902288,Hold,1539.9564349022926,1897.60981912147
Hold,2019-10-30 08:00:00,59.09,1548.8685232064038,Hold,1548.868523206408,1908.5917312661734
Hold,2019-10-30 09:00:00,59.34,1555.4215293123707,Hold,1555.421529312375,1916.6666666666902
Hold,2019-10-30 10:00:00,58.06,1521.870138049819,Hold,1521.8701380498233,1875.3229974160436
Hold,2019-10-30 11:00:00,58.18,1525.0155809806831,Hold,1525.0155809806877,1879.1989664082917
Hold,2019-10-30 12:00:00,57.99,1520.035296340148,Hold,1520.0352963401524,1873.062015503899
Hold,2019-10-30 13:00:00,57.42,1505.0944424185427,Hold,1505.094442418547,1854.6511627907203
Hold,2019-10-30 14:00:00,57.52,1507.7156448609298,Hold,1507.7156448609342,1857.8811369509272
Hold,2019-10-30 15:00:00,57.9,1517.676214142,Hold,1517.6762141420045,1870.1550387597129
Hold,2019-10-30 16:00:00,57.25,1500.6383982664852,Hold,1500.6383982664895,1849.160206718369
Hold,2019-10-30 17:00:00,57.65,1511.1232080360326,Hold,1511.1232080360369,1862.0801033591958
Hold,2019-10-30 18:00:00,58.01,1520.5595368286254,Hold,1520.5595368286295,1873.7080103359401
Hold,2019-10-30 19:00:00,58.11,1523.1807392710123,Hold,1523.1807392710166,1876.937984496147
Hold,2019-10-30 20:00:00,58.04,1521.3458975613414,Hold,1521.3458975613457,1874.6770025840021
Hold,2019-10-30 21:00:00,57.75,1513.7444104784195,Hold,1513.7444104784236,1865.3100775194025
Hold,2019-10-30 22:00:00,58.1,1522.9186190267735,Hold,1522.9186190267778,1876.6149870801264
Hold,2019-10-30 23:00:00,57.89,1517.4140938977612,Hold,1517.4140938977655,1869.8320413436923
Hold,2019-10-31 00:00:00,58.32,1528.6852644000248,Hold,1528.6852644000294,1883.7209302325814
Hold,2019-10-31 01:00:00,57.49,1506.9292841282138,Hold,1506.9292841282183,1856.9121447028656
Hold,2019-10-31 02:00:00,57.91,1517.9383343862385,Hold,1517.938334386243,1870.4780361757337
Hold,2019-10-31 03:00:00,58.13,1523.7049797594896,Hold,1523.7049797594939,1877.5839793281887
Hold,2019-10-31 04:00:00,58.09,1522.656498782535,Hold,1522.6564987825393,1876.291989664106
Hold,2019-10-31 05:00:00,58.49,1533.1413085520826,Hold,1533.1413085520871,1889.2118863049327
Hold,2019-10-31 06:00:00,58.42,1531.3064668424115,Hold,1531.3064668424158,1886.950904392788
Hold,2019-10-31 07:00:00,58.09,1522.656498782535,Hold,1522.6564987825393,1876.291989664106
Hold,2019-10-31 08:00:00,58.28,1527.6367834230698,Hold,1527.6367834230741,1882.4289405684985
Hold,2019-10-31 09:00:00,57.36,1503.5217209531106,Hold,1503.521720953115,1852.7131782945964
Hold,2019-10-31 10:00:00,57.76,1514.0065307226582,Hold,1514.0065307226625,1865.6330749354238
Hold,2019-10-31 11:00:00,58.07,1522.1322582940575,Hold,1522.1322582940618,1875.6459948320648
Hold,2019-10-31 12:00:00,58.97,1545.7230802755394,Hold,1545.7230802755437,1904.715762273926
Hold,2019-10-31 13:00:00,59.15,1550.4412446718356,Hold,1550.44124467184,1910.5297157622983
Hold,2019-10-31 14:00:00,58.88,1543.3639980773912,Hold,1543.3639980773958,1901.8087855297401
Hold,2019-10-31 15:00:00,58.6,1536.0246312387078,Hold,1536.0246312387123,1892.764857881161
Hold,2019-10-31 16:00:00,58.51,1533.6655490405597,Hold,1533.6655490405642,1889.857881136975
Hold,2019-10-31 17:00:00,58.66,1537.59735270414,Hold,1537.5973527041444,1894.702842377285
Hold,2019-10-31 18:00:00,58.62,1536.5488717271853,Hold,1536.54887172719,1893.4108527132023
Hold,2019-10-31 19:00:00,58.57,1535.2382705059917,Hold,1535.2382705059965,1891.795865633099
Hold,2019-10-31 20:00:00,58.38,1530.257985865457,Hold,1530.2579858654617,1885.6589147287061
Hold,2019-10-31 21:00:00,58.09,1522.656498782535,Hold,1522.6564987825398,1876.2919896641065
Hold,2019-10-31 22:00:00,58.1,1522.9186190267735,Hold,1522.9186190267783,1876.614987080127
Hold,2019-10-31 23:00:00,58.29,1527.8989036673086,Hold,1527.898903667313,1882.7519379845198
Hold,2019-11-01 00:00:00,58.12,1523.4428595152508,Hold,1523.4428595152553,1877.2609819121683
Hold,2019-11-01 01:00:00,57.84,1516.1034926765678,Hold,1516.1034926765724,1868.21705426359
Hold,2019-11-01 02:00:00,57.98,1519.773176095909,Hold,1519.7731760959136,1872.7390180878795
Hold,2019-11-01 03:00:00,57.63,1510.5989675475553,Hold,1510.5989675475598,1861.4341085271558
Hold,2019-11-01 04:00:00,57.83,1515.8413724323289,Hold,1515.8413724323334,1867.8940568475693
Hold,2019-11-01 05:00:00,57.73,1513.2201699899422,Hold,1513.2201699899467,1864.6640826873625
Hold,2019-11-01 06:00:00,58.17,1524.7534607364446,Hold,1524.753460736449,1878.875968992272
Hold,2019-11-01 07:00:00,57.77,1514.268650966897,Hold,1514.2686509669015,1865.956072351445
Hold,2019-11-01 08:00:00,58.23,1526.3261822018765,Hold,1526.326182201881,1880.813953488396
Hold,2019-11-01 09:00:00,57.85,1516.3656129208064,Hold,1516.365612920811,1868.5400516796105
Hold,2019-11-01 10:00:00,58.18,1525.0155809806831,Hold,1525.015580980688,1879.1989664082926
Hold,2019-11-01 11:00:00,58.22,1526.0640619576377,Hold,1526.0640619576425,1880.4909560723752
Hold,2019-11-01 12:00:00,58.23,1526.3261822018765,Hold,1526.3261822018812,1880.813953488396
Hold,2019-11-01 13:00:00,57.64,1510.861087791794,Hold,1510.8610877917988,1861.7571059431764
Hold,2019-11-01 14:00:00,57.83,1515.8413724323289,Hold,1515.8413724323336,1867.8940568475691
Hold,2019-11-01 15:00:00,57.18,1498.8035565568143,Hold,1498.803556556819,1846.8992248062252
Hold,2019-11-01 16:00:00,57.66,1511.385328280271,Hold,1511.385328280276,1862.4031007752176
Hold,2019-11-01 17:00:00,57.59,1509.5504865706007,Hold,1509.5504865706057,1860.142118863073
Hold,2019-11-01 18:00:00,57.7,1512.4338092572261,Hold,1512.4338092572314,1863.6950904393004
Hold,2019-11-01 19:00:00,57.65,1511.1232080360326,Hold,1511.1232080360378,1862.0801033591968
Hold,2019-11-01 20:00:00,58.11,1523.1807392710123,Hold,1523.1807392710173,1876.9379844961477
Hold,2019-11-01 21:00:00,58.38,1530.257985865457,Hold,1530.2579858654622,1885.6589147287063
Hold,2019-11-01 22:00:00,58.06,1521.870138049819,Hold,1521.8701380498242,1875.3229974160445
Hold,2019-11-01 23:00:00,58.23,1526.3261822018765,Hold,1526.3261822018817,1880.8139534883958
Hold,2019-11-02 00:00:00,58.24,1526.5883024461152,Hold,1526.5883024461205,1881.1369509044166
Hold,2019-11-02 01:00:00,58.11,1523.1807392710123,Hold,1523.1807392710175,1876.9379844961477
Hold,2019-11-02 02:00:00,58.28,1527.6367834230698,Hold,1527.636783423075,1882.4289405684995
Hold,2019-11-02 03:00:00,58.12,1523.4428595152508,Hold,1523.442859515256,1877.2609819121685
Hold,2019-11-02 04:00:00,57.94,1518.7246951189545,Hold,1518.7246951189597,1871.4470284237964
Hold,2019-11-02 05:00:00,58.06,1521.870138049819,Hold,1521.8701380498244,1875.3229974160447
Hold,2019-11-02 06:00:00,58.05,1521.6080178055802,Hold,1521.6080178055856,1875.0000000000239
Hold,2019-11-02 07:00:00,58.17,1524.7534607364446,Hold,1524.7534607364498,1878.875968992272
Hold,2019-11-02 08:00:00,57.81,1515.3171319438518,Hold,1515.3171319438572,1867.2480620155277
Hold,2019-11-02 09:00:00,57.95,1518.9868153631933,Hold,1518.9868153631987,1871.7700258398174
Hold,2019-11-02 10:00:00,58.09,1522.656498782535,Hold,1522.6564987825404,1876.291989664107
Hold,2019-11-02 11:00:00,58.25,1526.8504226903538,Hold,1526.850422690359,1881.4599483204377
Hold,2019-11-02 12:00:00,58.45,1532.0928275751276,Hold,1532.0928275751328,1887.9198966408512
Hold,2019-11-02 13:00:00,58.57,1535.2382705059917,Hold,1535.238270505997,1891.795865633099
Hold,2019-11-02 14:00:00,58.38,1530.257985865457,Hold,1530.2579858654622,1885.6589147287061
Hold,2019-11-02 15:00:00,58.47,1532.617068063605,Hold,1532.6170680636103,1888.565891472892
Hold,2019-11-02 16:00:00,58.91,1544.1503588101073,Hold,1544.1503588101125,1902.7777777778017
Hold,2019-11-02 17:00:00,58.8,1541.2670361234816,Hold,1541.2670361234868,1899.2248062015744
Hold,2019-11-02 18:00:00,58.77,1540.4806753907658,Hold,1540.480675390771,1898.2558139535124
Hold,2019-11-02 19:00:00,58.61,1536.2867514829468,Hold,1536.286751482952,1893.0878552971815
Hold,2019-11-02 20:00:00,58.18,1525.0155809806831,Hold,1525.0155809806881,1879.1989664082923
Hold,2019-11-02 21:00:00,57.95,1518.9868153631933,Hold,1518.9868153631983,1871.770025839817
Hold,2019-11-02 22:00:00,58.18,1525.0155809806831,Hold,1525.0155809806881,1879.198966408292
Hold,2019-11-02 23:00:00,58.25,1526.8504226903538,Hold,1526.850422690359,1881.4599483204368
Hold,2019-11-03 00:00:00,58.24,1526.5883024461152,Hold,1526.5883024461205,1881.1369509044162
Hold,2019-11-03 01:00:00,58.21,1525.8019417133992,Hold,1525.8019417134046,1880.167958656354
Hold,2019-11-03 02:00:00,58.51,1533.6655490405597,Hold,1533.665549040565,1889.8578811369741
Hold,2019-11-03 03:00:00,58.32,1528.6852644000248,Hold,1528.68526440003,1883.7209302325814
Hold,2019-11-03 04:00:00,58.09,1522.656498782535,Hold,1522.6564987825402,1876.291989664106
Hold,2019-11-03 05:00:00,58.06,1521.870138049819,Hold,1521.8701380498242,1875.3229974160442
Hold,2019-11-03 06:00:00,58.0,1520.2974165843866,Hold,1520.2974165843916,1873.3850129199202
Hold,2019-11-03 07:00:00,57.88,1517.1519736535226,Hold,1517.1519736535276,1869.509043927672
Hold,2019-11-03 08:00:00,57.7,1512.4338092572261,Hold,1512.4338092572311,1863.6950904392997
Hold,2019-11-03 09:00:00,57.7,1512.4338092572261,Hold,1512.4338092572311,1863.6950904392997
Hold,2019-11-03 10:00:00,57.51,1507.4535246166909,Hold,1507.4535246166959,1857.5581395349068
Hold,2019-11-03 11:00:00,57.58,1509.288366326362,Hold,1509.288366326367,1859.8191214470514
Hold,2019-11-03 12:00:00,57.62,1510.3368473033165,Hold,1510.3368473033215,1861.111111111134
Hold,2019-11-03 13:00:00,57.55,1508.5020055936457,Hold,1508.5020055936507,1858.8501291989894
Hold,2019-11-03 14:00:00,57.54,1508.239885349407,Hold,1508.239885349412,1858.5271317829688
Hold,2019-11-03 15:00:00,57.87,1516.889853409284,Hold,1516.889853409289,1869.186046511651
Hold,2019-11-03 16:00:00,57.79,1514.7928914553743,Hold,1514.7928914553795,1866.6020671834858
Hold,2019-11-03 17:00:00,57.7,1512.4338092572261,Hold,1512.4338092572314,1863.6950904392997
Hold,2019-11-03 18:00:00,57.74,1513.482290234181,Hold,1513.4822902341862,1864.9870801033826
Hold,2019-11-03 19:00:00,57.63,1510.5989675475553,Hold,1510.5989675475607,1861.4341085271553
Hold,2019-11-03 20:00:00,57.89,1517.4140938977612,Hold,1517.4140938977664,1869.832041343693
Hold,2019-11-03 21:00:00,57.96,1519.248935607432,Hold,1519.2489356074373,1872.0930232558376
Hold,2019-11-03 22:00:00,58.6,1536.0246312387078,Hold,1536.024631238713,1892.7648578811607
Hold,2019-11-03 23:00:00,58.29,1527.8989036673086,Hold,1527.8989036673138,1882.7519379845196
Hold,2019-11-04 00:00:00,58.17,1524.7534607364446,Hold,1524.7534607364498,1878.8759689922715
Hold,2019-11-04 01:00:00,58.41,1531.0443465981728,Hold,1531.0443465981782,1886.6279069767675
Hold,2019-11-04 02:00:00,58.24,1526.5883024461152,Hold,1526.5883024461207,1881.1369509044162
Hold,2019-11-04 03:00:00,58.16,1524.4913404922056,Hold,1524.4913404922108,1878.5529715762505
Hold,2019-11-04 04:00:00,57.96,1519.248935607432,Hold,1519.2489356074373,1872.0930232558374
Hold,2019-11-04 05:00:00,58.09,1522.656498782535,Hold,1522.65649878254,1876.2919896641063
Hold,2019-11-04 06:00:00,58.53,1534.1897895290372,Hold,1534.1897895290422,1890.503875969016
Hold,2019-11-04 07:00:00,58.81,1541.5291563677204,Hold,1541.5291563677256,1899.547803617595
Hold,2019-11-04 08:00:00,58.64,1537.0731122156628,Hold,1537.073112215668,1894.0568475452435
Hold,2019-11-04 09:00:00,58.95,1545.198839787062,Hold,1545.1988397870675,1904.0697674418846
Hold,2019-11-04 10:00:00,60.21,1578.2259905611365,Hold,1578.225990561142,1944.7674418604895
Hold,2019-11-04 11:00:00,60.66,1590.0214015518773,Hold,1590.021401551883,1959.3023255814196
Hold,2019-11-04 12:00:00,60.26,1579.53659178233,Hold,1579.5365917823356,1946.382428940593
Hold,2019-11-04 13:00:00,60.29,1580.3229525150462,Hold,1580.3229525150518,1947.351421188655
Hold,2019-11-04 14:00:00,61.44,1610.4667806024952,Hold,1610.466780602501,1984.4961240310324
Hold,2019-11-04 15:00:00,61.63,1615.4470652430302,Hold,1615.4470652430361,1990.6330749354254
Hold,2019-11-04 16:00:00,61.45,1610.728900846734,Hold,1610.7289008467399,1984.8191214470532
Hold,2019-11-04 17:00:00,61.96,1624.0970333029068,Hold,1624.0970333029125,2001.2919896641076
Hold,2019-11-04 18:00:00,61.27,1606.0107364504374,Hold,1606.0107364504431,1979.005167958681
Hold,2019-11-04 19:00:00,61.47,1611.2531413352112,Hold,1611.2531413352167,1985.4651162790947
Hold,2019-11-04 20:00:00,61.71,1617.5440271969396,Hold,1617.5440271969453,1993.2170542635909
Hold,2019-11-04 21:00:00,61.5,1612.0395020679273,Hold,1612.0395020679327,1986.4341085271565
Hold,2019-11-04 22:00:00,61.24,1605.2243757177214,Hold,1605.2243757177268,1978.036175710619
Hold,2019-11-04 23:00:00,61.29,1606.534976938915,Hold,1606.5349769389206,1979.6511627907223
Hold,2019-11-05 00:00:00,61.74,1618.330387929656,Hold,1618.3303879296616,1994.1860465116529
Hold,2019-11-05 01:00:00,62.28,1632.4848811185448,Hold,1632.4848811185504,2011.6279069767695
Hold,2019-11-05 02:00:00,62.58,1640.3484884457055,Hold,1640.3484884457114,2021.3178294573897
Hold,2019-11-05 03:00:00,61.99,1624.8833940356228,Hold,1624.8833940356287,2002.2609819121699
Hold,2019-11-05 04:00:00,61.84,1620.9515903720426,Hold,1620.9515903720485,1997.4160206718598
Hold,2019-11-05 05:00:00,61.96,1624.0970333029068,Hold,1624.0970333029127,2001.291989664108
Hold,2019-11-05 06:00:00,61.28,1606.2728566946762,Hold,1606.2728566946823,1979.3281653747022
Hold,2019-11-05 07:00:00,61.51,1612.3016223121658,Hold,1612.3016223121717,1986.7571059431775
Hold,2019-11-05 08:00:00,62.14,1628.8151976992033,Hold,1628.8151976992094,2007.1059431524798
Hold,2019-11-05 09:00:00,62.42,1636.1545645378865,Hold,1636.1545645378926,2016.1498708010588
Hold,2019-11-05 10:00:00,62.32,1633.5333620954998,Hold,1633.533362095506,2012.919896640852
Hold,2019-11-05 11:00:00,62.62,1641.3969694226603,Hold,1641.3969694226662,2022.6098191214721
Hold,2019-11-05 12:00:00,62.76,1645.066652842002,Hold,1645.0666528420077,2027.1317829457614
Hold,2019-11-05 13:00:00,62.29,1632.7470013627835,Hold,1632.7470013627894,2011.9509043927897
Hold,2019-11-05 14:00:00,62.83,1646.9014945516726,Hold,1646.9014945516788,2029.392764857906
Hold,2019-11-05 15:00:00,63.31,1659.4832662751296,Hold,1659.4832662751357,2044.8966408268982
Hold,2019-11-05 16:00:00,63.45,1663.1529496944713,Hold,1663.1529496944772,2049.4186046511877
Hold,2019-11-05 17:00:00,63.52,1664.9877914041422,Hold,1664.9877914041483,2051.6795865633326
Hold,2019-11-05 18:00:00,63.49,1664.201430671426,Hold,1664.201430671432,2050.710594315271
Hold,2019-11-05 19:00:00,63.24,1657.648424565459,Hold,1657.6484245654653,2042.635658914754
Hold,2019-11-05 20:00:00,63.38,1661.3181079848007,Hold,1661.318107984807,2047.1576227390433
Hold,2019-11-05 21:00:00,63.13,1654.7651018788333,Hold,1654.7651018788397,2039.0826873385265
Hold,2019-11-05 22:00:00,63.03,1652.1438994364464,Hold,1652.1438994364528,2035.8527131783196
Hold,2019-11-05 23:00:00,63.12,1654.5029816345946,Hold,1654.502981634601,2038.7596899225055
Hold,2019-11-06 00:00:00,62.71,1643.7560516208084,Hold,1643.7560516208148,2025.516795865658
Hold,2019-11-06 01:00:00,62.74,1644.5424123535245,Hold,1644.5424123535308,2026.4857881137202
Hold,2019-11-06 02:00:00,62.74,1644.5424123535245,Hold,1644.5424123535308,2026.4857881137202
Hold,2019-11-06 03:00:00,62.73,1644.2802921092857,Hold,1644.280292109292,2026.1627906976992
Hold,2019-11-06 04:00:00,63.32,1659.7453865193684,Hold,1659.7453865193747,2045.2196382429188
Hold,2019-11-06 05:00:00,63.58,1666.5605128695743,Hold,1666.5605128695809,2053.617571059456
Hold,2019-11-06 06:00:00,63.58,1666.5605128695743,Hold,1666.5605128695809,2053.617571059456
Hold,2019-11-06 07:00:00,63.43,1662.6287092059938,Hold,1662.6287092060004,2048.772609819146
Hold,2019-11-06 08:00:00,63.48,1663.9393104271874,Hold,1663.939310427194,2050.387596899249
Hold,2019-11-06 09:00:00,63.39,1661.5802282290392,Hold,1661.580228229046,2047.480620155063
Hold,2019-11-06 10:00:00,63.02,1651.8817791922077,Hold,1651.8817791922143,2035.5297157622983
Hold,2019-11-06 11:00:00,63.32,1659.7453865193684,Hold,1659.745386519375,2045.2196382429183
Hold,2019-11-06 12:00:00,63.0,1651.3575387037304,Hold,1651.357538703737,2034.8837209302567
Hold,2019-11-06 13:00:00,62.77,1645.3287730862407,Hold,1645.328773086247,2027.454780361781
Hold,2019-11-06 14:00:00,62.89,1648.4742160171047,Hold,1648.4742160171113,2031.3307493540292
Hold,2019-11-06 15:00:00,63.33,1660.0075067636071,Hold,1660.007506763614,2045.542635658939
Hold,2019-11-06 16:00:00,63.03,1652.1438994364464,Hold,1652.1438994364532,2035.852713178319
Hold,2019-11-06 17:00:00,62.97,1650.5711779710143,Hold,1650.5711779710214,2033.914728682195
Hold,2019-11-06 18:00:00,63.08,1653.45450065764,Hold,1653.454500657647,2037.467700258422
Hold,2019-11-06 19:00:00,63.01,1651.619658947969,Hold,1651.6196589479762,2035.2067183462773
Hold,2019-11-06 20:00:00,63.21,1656.862063832743,Hold,1656.8620638327502,2041.6666666666908
Hold,2019-11-06 21:00:00,63.48,1663.9393104271874,Hold,1663.9393104271946,2050.387596899249
Hold,2019-11-06 22:00:00,63.55,1665.774152136858,Hold,1665.7741521368655,2052.6485788113937
Hold,2019-11-06 23:00:00,64.11,1680.4528858142248,Hold,1680.4528858142323,2070.7364341085513
Hold,2019-11-07 00:00:00,63.87,1674.161999952496,Hold,1674.1619999525035,2062.984496124055
Hold,2019-11-07 01:00:00,63.56,1666.036272381097,Hold,1666.0362723811045,2052.9715762274145
Hold,2019-11-07 02:00:00,62.86,1647.6878552843887,Hold,1647.6878552843962,2030.361757105967
Hold,2019-11-07 03:00:00,62.98,1650.8332982152529,Hold,1650.8332982152604,2034.237726098215
Hold,2019-11-07 04:00:00,62.81,1646.3772540631953,Hold,1646.3772540632026,2028.746770025864
Hold,2019-11-07 05:00:00,62.93,1649.5226969940595,Hold,1649.5226969940668,2032.622739018112
Hold,2019-11-07 06:00:00,62.78,1645.5908933304793,Hold,1645.5908933304866,2027.7777777778017
Hold,2019-11-07 07:00:00,62.75,1644.8045325977632,Hold,1644.8045325977705,2026.8087855297395
Hold,2019-11-07 08:00:00,62.64,1641.9212099111378,Hold,1641.921209911145,2023.255813953512
Hold,2019-11-07 09:00:00,61.39,1609.1561793813016,Hold,1609.1561793813087,1982.8811369509274
Hold,2019-11-07 10:00:00,61.7,1617.281906952701,Hold,1617.2819069527084,1992.8940568475682
Hold,2019-11-07 11:00:00,61.47,1611.2531413352112,Hold,1611.2531413352187,1985.4651162790924
Hold,2019-11-07 12:00:00,61.53,1612.8258628006433,Hold,1612.8258628006506,1987.4031007752164
Hold,2019-11-07 13:00:00,61.69,1617.019786708462,Hold,1617.0197867084694,1992.571059431547
Hold,2019-11-07 14:00:00,61.91,1622.7864320817134,Hold,1622.786432081721,1999.677002584002
Sell,2019-11-07 15:00:00,60.89,1596.0501671693673,Sinal: Venda,1596.0501671693748,1966.7312661498931
Buy,2019-11-10 09:00:00,62.96,1596.0501671693673,Sinal: Compra,1596.0501671693748,2033.5917312661734
Hold,2019-11-10 10:00:00,63.31,1601.7145053567624,Hold,1601.7145053567697,2044.8966408268968
Hold,2019-11-10 11:00:00,62.71,1586.5347754055056,Hold,1586.5347754055128,2025.5167958656566
Hold,2019-11-10 12:00:00,62.94,1592.3536718868206,Hold,1592.3536718868277,2032.9457364341322
Hold,2019-11-10 13:00:00,62.61,1584.0048204136294,Hold,1584.0048204136363,2022.2868217054502
Hold,2019-11-10 14:00:00,62.75,1587.546757402256,Hold,1587.5467574022628,2026.8087855297395
Hold,2019-11-10 15:00:00,62.91,1591.5946853892578,Hold,1591.5946853892647,2031.9767441860704
Hold,2019-11-10 16:00:00,64.48,1631.3149787617128,Hold,1631.3149787617199,2082.687338501317
Hold,2019-11-10 17:00:00,64.24,1625.24308678121,Hold,1625.243086781217,2074.93540051682
Hold,2019-11-10 18:00:00,64.25,1625.4960822803976,Hold,1625.4960822804048,2075.2583979328406
Hold,2019-11-10 19:00:00,64.12,1622.2071407909586,Hold,1622.2071407909657,2071.059431524572
Hold,2019-11-10 20:00:00,63.99,1618.9181993015197,Hold,1618.918199301527,2066.8604651163027
Hold,2019-11-10 21:00:00,63.9,1616.6412398088312,Hold,1616.6412398088382,2063.9534883721167
Hold,2019-11-10 22:00:00,64.03,1619.93018129827,Hold,1619.9301812982771,2068.1524547803856
Hold,2019-11-10 23:00:00,63.65,1610.3163523291407,Hold,1610.3163523291478,2055.8785529716
Hold,2019-11-11 00:00:00,64.09,1621.4481542933959,Hold,1621.4481542934031,2070.0904392765096
Hold,2019-11-11 01:00:00,64.25,1625.4960822803976,Hold,1625.4960822804048,2075.25839793284
Hold,2019-11-11 02:00:00,64.28,1626.2550687779606,Hold,1626.2550687779678,2076.2273901809026
Hold,2019-11-11 03:00:00,63.08,1595.895608875447,Hold,1595.8956088754542,2037.4677002584215
Hold,2019-11-11 04:00:00,62.58,1583.2458339160664,Hold,1583.2458339160735,2021.3178294573875
Hold,2019-11-11 05:00:00,62.79,1588.5587393990063,Hold,1588.5587393990136,2028.1007751938218
Hold,2019-11-11 06:00:00,61.94,1567.0541219680597,Hold,1567.0541219680667,2000.6459948320644
Hold,2019-11-11 07:00:00,61.89,1565.7891444721215,Hold,1565.7891444721286,1999.0310077519612
Hold,2019-11-11 08:00:00,61.72,1561.488220985932,Hold,1561.488220985939,1993.5400516796096
Hold,2019-11-11 09:00:00,61.06,1544.7905180395499,Hold,1544.790518039557,1972.2222222222451
Hold,2019-11-11 10:00:00,61.72,1561.488220985932,Hold,1561.4882209859393,1993.5400516796099
Hold,2019-11-11 11:00:00,61.73,1561.7412164851196,Hold,1561.7412164851269,1993.8630490956305
Hold,2019-11-11 12:00:00,61.67,1560.2232434899943,Hold,1560.2232434900013,1991.9250645995066
Hold,2019-11-11 13:00:00,61.81,1563.7651804786206,Hold,1563.7651804786276,1996.4470284237962
Hold,2019-11-11 14:00:00,62.06,1570.090067958311,Hold,1570.0900679583183,2004.5219638243127
Hold,2019-11-11 15:00:00,62.13,1571.8610364526241,Hold,1571.8610364526312,2006.7829457364573
Hold,2019-11-11 16:00:00,62.09,1570.8490544558738,Hold,1570.8490544558808,2005.4909560723745
Hold,2019-11-11 17:00:00,62.04,1569.5840769599358,Hold,1569.5840769599429,2003.875968992271
Hold,2019-11-11 18:00:00,62.27,1575.4029734412509,Hold,1575.4029734412577,2011.304909560747
Hold,2019-11-11 19:00:00,62.39,1578.438919431502,Hold,1578.438919431509,2015.1808785529952
Hold,2019-11-11 20:00:00,62.24,1574.643986943688,Hold,1574.643986943695,2010.3359173126848
Hold,2019-11-11 21:00:00,62.52,1581.7278609209409,Hold,1581.7278609209477,2019.3798449612639
Hold,2019-11-11 22:00:00,61.93,1566.8011264688719,Hold,1566.8011264688787,2000.3229974160438
Hold,2019-11-11 23:00:00,61.84,1564.5241669761836,Hold,1564.5241669761901,1997.416020671858
Hold,2019-11-12 00:00:00,61.92,1566.5481309696843,Hold,1566.5481309696906,2000.0000000000232
Hold,2019-11-12 01:00:00,61.76,1562.5002029826826,Hold,1562.500202982689,1994.8320413436923
Hold,2019-11-12 02:00:00,61.99,1568.3190994639976,Hold,1568.3190994640038,2002.260981912168
Hold,2019-11-12 03:00:00,61.83,1564.2711714769957,Hold,1564.2711714770019,1997.0930232558374
Hold,2019-11-12 04:00:00,61.78,1563.0061939810578,Hold,1563.006193981064,1995.478036175734
Hold,2019-11-12 05:00:00,61.84,1564.5241669761836,Hold,1564.5241669761897,1997.4160206718582
Hold,2019-11-12 06:00:00,61.88,1565.536148972934,Hold,1565.5361489729403,1998.7080103359408
Hold,2019-11-12 07:00:00,61.74,1561.9942119843074,Hold,1561.9942119843138,1994.1860465116513
Hold,2019-11-12 08:00:00,61.34,1551.874392016803,Hold,1551.8743920168095,1981.2661498708244
Hold,2019-11-12 09:00:00,61.39,1553.139369512741,Hold,1553.1393695127474,1982.8811369509276
Hold,2019-11-12 10:00:00,61.2,1548.3324550281766,Hold,1548.3324550281827,1976.7441860465349
Hold,2019-11-12 11:00:00,61.33,1551.6213965176153,Hold,1551.6213965176214,1980.9431524548036
Hold,2019-11-12 12:00:00,61.03,1544.031531541987,Hold,1544.031531541993,1971.2532299741833
Hold,2019-11-12 13:00:00,60.25,1524.2978826053534,Hold,1524.2978826053593,1946.0594315245708
Hold,2019-11-12 14:00:00,60.56,1532.1407430801694,Hold,1532.1407430801755,1956.0723514212116
Hold,2019-11-12 15:00:00,60.97,1542.5135585468613,Hold,1542.5135585468674,1969.315245478059
Hold,2019-11-12 16:00:00,61.17,1547.5734685306136,Hold,1547.5734685306197,1975.7751937984726
Hold,2019-11-12 17:00:00,61.31,1551.11540551924,Hold,1551.1154055192462,1980.2971576227624
Hold,2019-11-12 18:00:00,61.29,1550.609414520865,Hold,1550.6094145208708,1979.651162790721
Hold,2019-11-12 19:00:00,61.42,1553.8983560103038,Hold,1553.89835601031,1983.8501291989896
Hold,2019-11-12 20:00:00,61.73,1561.7412164851196,Hold,1561.7412164851257,1993.8630490956302
Sell,2019-11-12 21:00:00,61.34,1551.874392016803,Sinal: Venda,1551.8743920168092,1981.266149870824
Buy,2019-11-18 03:00:00,58.9,1551.874392016803,Sinal: Compra,1551.8743920168092,1902.454780361779
Hold,2019-11-18 04:00:00,58.77,1545.353852401492,Hold,1545.3538524014982,1898.2558139535104
Hold,2019-11-18 05:00:00,58.95,1550.0869423016497,Hold,1550.086942301656,1904.0697674418825
Hold,2019-11-18 06:00:00,58.69,1543.2502568903108,Hold,1543.2502568903171,1895.671834625345
Hold,2019-11-18 07:00:00,58.86,1547.720397351571,Hold,1547.7203973515773,1901.1627906976967
Hold,2019-11-18 08:00:00,58.99,1551.1387400572405,Hold,1551.1387400572467,1905.3617571059656
Hold,2019-11-18 09:00:00,58.89,1548.5092456682637,Hold,1548.5092456682698,1902.1317829457587
Hold,2019-11-18 10:00:00,58.49,1537.9912681123578,Hold,1537.991268112364,1889.2118863049318
Hold,2019-11-18 11:00:00,58.38,1535.0988242844837,Hold,1535.0988242844899,1885.6589147287043
Hold,2019-11-18 12:00:00,57.95,1523.7919984118848,Hold,1523.7919984118907,1871.7700258398154
Hold,2019-11-18 13:00:00,58.34,1534.047026528893,Hold,1534.047026528899,1884.3669250646217
Hold,2019-11-18 14:00:00,58.13,1528.5250883120425,Hold,1528.5250883120484,1877.5839793281875
Hold,2019-11-18 15:00:00,57.46,1510.9074759059,Hold,1510.9074759059058,1855.943152454802
Hold,2019-11-18 16:00:00,57.22,1504.5966893723562,Hold,1504.596689372362,1848.1912144703056
Hold,2019-11-18 17:00:00,56.89,1495.9193578887337,Hold,1495.9193578887396,1837.5322997416233
Hold,2019-11-18 18:00:00,55.83,1468.0467173655827,Hold,1468.0467173655884,1803.2945736434317
Hold,2019-11-18 19:00:00,55.99,1472.253908387945,Hold,1472.2539083879506,1808.4625322997626
Hold,2019-11-18 20:00:00,56.11,1475.409301654717,Hold,1475.4093016547226,1812.3385012920105
Hold,2019-11-18 21:00:00,56.27,1479.6164926770793,Hold,1479.6164926770853,1817.5064599483414
Hold,2019-11-18 22:00:00,56.15,1476.4610994103075,Hold,1476.4610994103134,1813.6304909560931
Hold,2019-11-18 23:00:00,55.81,1467.5208184877874,Hold,1467.5208184877933,1802.6485788113905
Hold,2019-11-19 00:00:00,55.89,1469.6244139989685,Hold,1469.6244139989744,1805.2325581395557
Hold,2019-11-19 01:00:00,56.08,1474.620453338024,Hold,1474.6204533380298,1811.3695090439485
Hold,2019-11-19 02:00:00,55.89,1469.6244139989685,Hold,1469.6244139989744,1805.2325581395557
Hold,2019-11-19 03:00:00,55.78,1466.7319701710946,Hold,1466.7319701711006,1801.6795865633285
Hold,2019-11-19 04:00:00,55.91,1470.150312876764,Hold,1470.1503128767702,1805.8785529715967
Hold,2019-11-19 05:00:00,56.02,1473.0427567046384,Hold,1473.0427567046445,1809.4315245478244
Hold,2019-11-19 06:00:00,56.02,1473.0427567046384,Hold,1473.0427567046445,1809.4315245478244
Hold,2019-11-19 07:00:00,55.78,1466.7319701710946,Hold,1466.7319701711008,1801.6795865633283
Hold,2019-11-19 08:00:00,56.18,1477.2499477270005,Hold,1477.2499477270064,1814.5994832041551
Hold,2019-11-19 09:00:00,55.96,1471.4650600712523,Hold,1471.4650600712582,1807.4935400517002
Hold,2019-11-19 10:00:00,55.74,1465.680172415504,Hold,1465.68017241551,1800.3875968992454
Hold,2019-11-19 11:00:00,55.21,1451.7438521539286,Hold,1451.7438521539345,1783.2687338501496
Hold,2019-11-19 12:00:00,54.55,1434.3891891866836,Hold,1434.3891891866892,1761.950904392785
Hold,2019-11-19 13:00:00,54.46,1432.0226442366045,Hold,1432.0226442366104,1759.0439276485993
Hold,2019-11-19 14:00:00,55.14,1449.9032060816448,Hold,1449.903206081651,1781.007751938005
Hold,2019-11-19 15:00:00,55.12,1449.3773072038496,Hold,1449.377307203856,1780.3617571059635
Hold,2019-11-19 16:00:00,54.86,1442.5406217925106,Hold,1442.5406217925167,1771.963824289426
Hold,2019-11-19 17:00:00,54.95,1444.9071667425897,Hold,1444.9071667425958,1774.870801033612
Hold,2019-11-19 18:00:00,54.64,1436.7557341367624,Hold,1436.7557341367688,1764.8578811369712
Hold,2019-11-19 19:00:00,54.8,1440.9629251591246,Hold,1440.962925159131,1770.0258397933014
Hold,2019-11-19 20:00:00,54.72,1438.8593296479435,Hold,1438.8593296479496,1767.4418604651362
Hold,2019-11-19 21:00:00,54.81,1441.2258745980225,Hold,1441.2258745980287,1770.3488372093223
Hold,2019-11-19 22:00:00,55.1,1448.8514083260545,Hold,1448.8514083260607,1779.715762273922
Hold,2019-11-19 23:00:00,55.13,1449.6402566427473,Hold,1449.6402566427535,1780.684754521984
Hold,2019-11-20 00:00:00,55.28,1453.5844982262122,Hold,1453.5844982262183,1785.529715762294
Hold,2019-11-20 01:00:00,55.89,1469.6244139989685,Hold,1469.6244139989747,1805.2325581395553
Hold,2019-11-20 02:00:00,55.74,1465.680172415504,Hold,1465.6801724155102,1800.3875968992452
Hold,2019-11-20 03:00:00,55.64,1463.0506780265275,Hold,1463.0506780265337,1797.1576227390385
Hold,2019-11-20 04:00:00,55.34,1455.162194859598,Hold,1455.1621948596041,1787.4677002584183
Hold,2019-11-20 05:00:00,55.36,1455.688093737393,Hold,1455.688093737399,1788.1136950904597
Hold,2019-11-20 06:00:00,55.69,1464.3654252210156,Hold,1464.3654252210215,1798.772609819142
Hold,2019-11-20 07:00:00,55.55,1460.6841330764487,Hold,1460.6841330764544,1794.2506459948524
Hold,2019-11-20 08:00:00,55.21,1451.7438521539286,Hold,1451.7438521539343,1783.2687338501496
Hold,2019-11-20 09:00:00,55.01,1446.4848633759755,Hold,1446.484863375981,1776.808785529736
Hold,2019-11-20 10:00:00,54.79,1440.699975720227,Hold,1440.6999757202325,1769.702842377281
Hold,2019-11-20 11:00:00,55.07,1448.0625600093613,Hold,1448.0625600093667,1778.74677002586
Hold,2019-11-20 12:00:00,54.99,1445.9589644981802,Hold,1445.9589644981859,1776.1627906976948
Hold,2019-11-20 13:00:00,55.02,1446.7478128148732,Hold,1446.7478128148787,1777.1317829457569
Hold,2019-11-20 14:00:00,55.5,1459.3693858819604,Hold,1459.3693858819659,1792.6356589147492
Hold,2019-11-20 15:00:00,55.19,1451.2179532761331,Hold,1451.2179532761386,1782.6227390181082
Hold,2019-11-20 16:00:00,54.95,1444.9071667425897,Hold,1444.9071667425953,1774.8708010336122
Hold,2019-11-20 17:00:00,55.35,1455.4251442984955,Hold,1455.4251442985012,1787.7906976744393
Hold,2019-11-20 18:00:00,54.96,1445.1701161814872,Hold,1445.1701161814926,1775.1937984496328
Hold,2019-11-20 19:00:00,54.84,1442.0147229147155,Hold,1442.014722914721,1771.3178294573847
Hold,2019-11-20 20:00:00,55.17,1450.6920543983379,Hold,1450.6920543983435,1781.976744186067
Hold,2019-11-20 21:00:00,55.13,1449.6402566427473,Hold,1449.6402566427528,1780.6847545219844
Hold,2019-11-20 22:00:00,54.98,1445.6960150592822,Hold,1445.6960150592877,1775.839793281674
Hold,2019-11-20 23:00:00,54.98,1445.6960150592822,Hold,1445.6960150592877,1775.839793281674
Hold,2019-11-21 00:00:00,55.03,1447.0107622537707,Hold,1447.0107622537762,1777.4547803617777
Hold,2019-11-21 01:00:00,55.27,1453.3215487873144,Hold,1453.32154878732,1785.2067183462739
Hold,2019-11-21 02:00:00,55.07,1448.0625600093613,Hold,1448.0625600093667,1778.7467700258603
Hold,2019-11-21 03:00:00,55.04,1447.2737116926685,Hold,1447.2737116926742,1777.7777777777983
Hold,2019-11-21 04:00:00,55.01,1446.4848633759755,Hold,1446.484863375981,1776.8087855297363
Hold,2019-11-21 05:00:00,55.03,1447.0107622537707,Hold,1447.0107622537762,1777.4547803617775
Hold,2019-11-21 06:00:00,54.17,1424.3971105085727,Hold,1424.3971105085782,1749.6770025839996
Hold,2019-11-21 07:00:00,54.05,1421.2417172418009,Hold,1421.2417172418063,1745.8010335917513
Stop-Loss,2019-11-21 08:00:00,52.5,1380.4845542126652,SL 10.0% hit,1380.4845542126707,1695.7364341085465
Buy,2019-11-27 23:00:00,47.7,1380.4845542126652,Sinal: Compra,1380.4845542126707,1540.6976744186222
Hold,2019-11-28 00:00:00,47.95,1384.9457463308736,Hold,1384.9457463308793,1548.7726098191392
Hold,2019-11-28 01:00:00,47.65,1376.280809440378,Hold,1376.2808094403836,1539.0826873385188
Hold,2019-11-28 02:00:00,47.79,1380.3244466559427,Hold,1380.3244466559483,1543.6046511628083
Hold,2019-11-28 03:00:00,47.65,1376.280809440378,Hold,1376.2808094403838,1539.0826873385188
Hold,2019-11-28 04:00:00,47.65,1376.280809440378,Hold,1376.2808094403838,1539.0826873385188
Hold,2019-11-28 05:00:00,47.29,1365.8828851717833,Hold,1365.8828851717888,1527.4547803617745
Hold,2019-11-28 06:00:00,47.82,1381.1909403449922,Hold,1381.1909403449977,1544.57364341087
Hold,2019-11-28 07:00:00,47.79,1380.3244466559427,Hold,1380.3244466559481,1543.604651162808
Hold,2019-11-28 08:00:00,47.78,1380.0356154262595,Hold,1380.035615426265,1543.2816537467875
Hold,2019-11-28 09:00:00,47.6,1374.8366532919622,Hold,1374.8366532919679,1537.467700258415
Hold,2019-11-28 10:00:00,47.23,1364.1498977936842,Hold,1364.14989779369,1525.5167958656502
Hold,2019-11-28 11:00:00,47.36,1367.9047037795658,Hold,1367.9047037795715,1529.715762273919
Hold,2019-11-28 12:00:00,46.84,1352.88547983604,Hold,1352.8854798360458,1512.9198966408442
Hold,2019-11-28 13:00:00,46.91,1354.9072984438224,Hold,1354.9072984438283,1515.1808785529886
Hold,2019-11-28 14:00:00,47.03,1358.3732732000208,Hold,1358.3732732000267,1519.056847545237
Hold,2019-11-28 15:00:00,47.55,1373.3924971435463,Hold,1373.392497143552,1535.8527131783117
Hold,2019-11-28 16:00:00,47.67,1376.8584718997447,Hold,1376.8584718997506,1539.72868217056
Hold,2019-11-28 17:00:00,47.58,1374.2589908325956,Hold,1374.2589908326015,1536.8217054263737
Hold,2019-11-28 18:00:00,47.58,1374.2589908325956,Hold,1374.2589908326015,1536.8217054263737
Hold,2019-11-28 19:00:00,47.58,1374.2589908325956,Hold,1374.2589908326015,1536.8217054263737
Hold,2019-11-28 20:00:00,47.34,1367.3270413201994,Hold,1367.3270413202051,1529.0697674418775
Hold,2019-11-28 21:00:00,47.17,1362.416910415585,Hold,1362.4169104155908,1523.5788113695262
Hold,2019-11-28 22:00:00,46.76,1350.5748299985746,Hold,1350.5748299985803,1510.3359173126785
Hold,2019-11-28 23:00:00,46.79,1351.4413236876242,Hold,1351.4413236876296,1511.3049095607407
Hold,2019-11-29 00:00:00,47.13,1361.2615854968524,Hold,1361.2615854968578,1522.2868217054438
Hold,2019-11-29 01:00:00,47.1,1360.3950918078028,Hold,1360.3950918078083,1521.3178294573818
Hold,2019-11-29 02:00:00,47.14,1361.5504167265356,Hold,1361.550416726541,1522.6098191214644
Hold,2019-11-29 03:00:00,47.51,1372.2371722248135,Hold,1372.2371722248192,1534.5607235142293
Hold,2019-11-29 04:00:00,47.35,1367.6158725498826,Hold,1367.615872549888,1529.3927648578986
Hold,2019-11-29 05:00:00,47.0,1357.506779510971,Hold,1357.5067795109765,1518.087855297175
Hold,2019-11-29 06:00:00,47.31,1366.46054763115,Hold,1366.4605476311554,1528.100775193816
Hold,2019-11-29 07:00:00,47.42,1369.6376911576647,Hold,1369.63769115767,1531.6537467700434
Hold,2019-11-29 08:00:00,47.26,1365.0163914827338,Hold,1365.0163914827392,1526.4857881137127
Hold,2019-11-29 09:00:00,48.23,1393.0330207620027,Hold,1393.0330207620082,1557.816537467718
Hold,2019-11-29 10:00:00,48.25,1393.6106832213693,Hold,1393.6106832213748,1558.4625322997595
Hold,2019-11-29 11:00:00,48.17,1391.3000333839038,Hold,1391.3000333839093,1555.8785529715942
Hold,2019-11-29 12:00:00,48.56,1402.5644513415482,Hold,1402.5644513415539,1568.4754521964005
Hold,2019-11-29 13:00:00,48.69,1406.3192573274293,Hold,1406.3192573274348,1572.6744186046692
Hold,2019-11-29 14:00:00,48.71,1406.8969197867957,Hold,1406.8969197868012,1573.3204134367104
Hold,2019-11-29 15:00:00,49.0,1415.273025447608,Hold,1415.2730254476135,1582.6873385013103
Hold,2019-11-29 16:00:00,48.5,1400.8314639634489,Hold,1400.8314639634543,1566.5374677002765
Hold,2019-11-29 17:00:00,48.73,1407.474582246162,Hold,1407.4745822461673,1573.9664082687518
Hold,2019-11-29 18:00:00,48.59,1403.4309450305975,Hold,1403.4309450306027,1569.4444444444625
Hold,2019-11-29 19:00:00,48.79,1409.2075696242612,Hold,1409.2075696242666,1575.904392764876
Hold,2019-11-29 20:00:00,49.09,1417.8725065147569,Hold,1417.872506514762,1585.5943152454965
Hold,2019-11-29 21:00:00,48.4,1397.943151666617,Hold,1397.9431516666223,1563.3074935400698
Hold,2019-11-29 22:00:00,48.61,1404.0086074899639,Hold,1404.008607489969,1570.090439276504
Hold,2019-11-29 23:00:00,48.54,1401.9867888821816,Hold,1401.9867888821868,1567.8294573643593
Hold,2019-11-30 00:00:00,48.6,1403.719776260281,Hold,1403.719776260286,1569.7674418604834
Hold,2019-11-30 01:00:00,48.49,1400.5426327337657,Hold,1400.5426327337707,1566.214470284256
Hold,2019-11-30 02:00:00,48.35,1396.498995518201,Hold,1396.498995518206,1561.6925064599668
Hold,2019-11-30 03:00:00,48.33,1395.9213330588345,Hold,1395.9213330588395,1561.0465116279254
Hold,2019-11-30 04:00:00,48.26,1393.8995144510523,Hold,1393.8995144510573,1558.7855297157805
Hold,2019-11-30 05:00:00,48.42,1398.5208141259834,Hold,1398.5208141259886,1563.9534883721117
Hold,2019-11-30 06:00:00,48.34,1396.210164288518,Hold,1396.2101642885232,1561.3695090439462
Hold,2019-11-30 07:00:00,48.59,1403.4309450305975,Hold,1403.4309450306025,1569.444444444463
Hold,2019-11-30 08:00:00,48.36,1396.7878267478843,Hold,1396.7878267478895,1562.0155038759876
Hold,2019-11-30 09:00:00,48.15,1390.7223709245372,Hold,1390.7223709245425,1555.2325581395535
Hold,2019-11-30 10:00:00,48.12,1389.8558772354877,Hold,1389.8558772354927,1554.2635658914915
Hold,2019-11-30 11:00:00,47.89,1383.2127589527745,Hold,1383.2127589527795,1546.8346253230159
Hold,2019-11-30 12:00:00,48.13,1390.144708465171,Hold,1390.144708465176,1554.5865633075123
Hold,2019-11-30 13:00:00,47.93,1384.3680838715072,Hold,1384.3680838715122,1548.1266149870987
Hold,2019-11-30 14:00:00,47.52,1372.5260034544967,Hold,1372.5260034545017,1534.8837209302512
Hold,2019-11-30 15:00:00,47.61,1375.1254845216454,Hold,1375.1254845216506,1537.790697674437
Hold,2019-11-30 16:00:00,47.79,1380.3244466559427,Hold,1380.324446655948,1543.6046511628094
Hold,2019-11-30 17:00:00,47.2,1363.2834041046349,Hold,1363.2834041046399,1524.5478036175896
Hold,2019-11-30 18:00:00,46.97,1356.6402858219215,Hold,1356.6402858219265,1517.118863049114
Hold,2019-11-30 19:00:00,46.76,1350.5748299985746,Hold,1350.5748299985796,1510.3359173126798
Hold,2019-11-30 20:00:00,47.3,1366.1717164014665,Hold,1366.1717164014715,1527.777777777796
Hold,2019-11-30 21:00:00,47.33,1367.038210090516,Hold,1367.0382100905213,1528.7467700258583
Hold,2019-11-30 22:00:00,47.3,1366.1717164014665,Hold,1366.1717164014717,1527.7777777777962
Hold,2019-11-30 23:00:00,47.21,1363.5722353343178,Hold,1363.572235334323,1524.8708010336104
Hold,2019-12-01 00:00:00,46.81,1352.0189861469905,Hold,1352.0189861469958,1511.9509043927835
Hold,2019-12-01 01:00:00,46.22,1334.9779435956825,Hold,1334.9779435956877,1492.8940568475634
Hold,2019-12-01 02:00:00,45.78,1322.2693694896225,Hold,1322.2693694896277,1478.682170542654
Hold,2019-12-01 03:00:00,45.96,1327.4683316239198,Hold,1327.468331623925,1484.496124031026
Hold,2019-12-01 04:00:00,46.54,1344.2205429455446,Hold,1344.22054294555,1503.229974160225
Hold,2019-12-01 05:00:00,46.36,1339.021580811247,Hold,1339.0215808112525,1497.416020671853
Hold,2019-12-01 06:00:00,46.18,1333.8226186769498,Hold,1333.8226186769552,1491.6020671834806
Hold,2019-12-01 07:00:00,46.07,1330.6454751504348,Hold,1330.6454751504402,1488.049095607253
Hold,2019-12-01 08:00:00,46.18,1333.8226186769498,Hold,1333.822618676955,1491.6020671834804
Hold,2019-12-01 09:00:00,46.52,1343.6428804861782,Hold,1343.6428804861832,1502.5839793281834
Hold,2019-12-01 10:00:00,46.54,1344.2205429455446,Hold,1344.2205429455496,1503.2299741602249
Hold,2019-12-01 11:00:00,46.48,1342.4875555674453,Hold,1342.4875555674503,1501.2919896641006
Hold,2019-12-01 12:00:00,46.53,1343.9317117158612,Hold,1343.931711715866,1502.906976744204
Hold,2019-12-01 13:00:00,48.08,1388.700552316755,Hold,1388.7005523167602,1552.9715762274086
Hold,2019-12-01 14:00:00,47.74,1378.8802905075268,Hold,1378.880290507532,1541.9896640827058
Hold,2019-12-01 15:00:00,47.19,1362.9945728749515,Hold,1362.9945728749565,1524.2248062015685
Hold,2019-12-01 16:00:00,47.4,1369.0600286982983,Hold,1369.0600286983033,1531.0077519380027
Hold,2019-12-01 17:00:00,47.29,1365.8828851717833,Hold,1365.8828851717883,1527.4547803617754
Hold,2019-12-01 18:00:00,47.2,1363.2834041046349,Hold,1363.2834041046399,1524.5478036175894
Hold,2019-12-01 19:00:00,47.33,1367.038210090516,Hold,1367.0382100905213,1528.746770025858
Hold,2019-12-01 20:00:00,47.47,1371.0818473060808,Hold,1371.0818473060863,1533.2687338501476
Hold,2019-12-01 21:00:00,47.67,1376.8584718997447,Hold,1376.8584718997502,1539.7286821705613
Hold,2019-12-01 22:00:00,47.78,1380.0356154262595,Hold,1380.035615426265,1543.2816537467886
Hold,2019-12-01 23:00:00,47.45,1370.5041848467145,Hold,1370.50418484672,1532.6227390181064
Hold,2019-12-02 00:00:00,47.27,1365.3052227124172,Hold,1365.3052227124224,1526.8087855297342
Hold,2019-12-02 01:00:00,47.36,1367.9047037795658,Hold,1367.9047037795713,1529.7157622739203
Hold,2019-12-02 02:00:00,47.41,1369.3488599279815,Hold,1369.3488599279867,1531.3307493540235
Hold,2019-12-02 03:00:00,47.15,1361.8392479562187,Hold,1361.839247956224,1522.9328165374861
Hold,2019-12-02 04:00:00,47.24,1364.4387290233676,Hold,1364.438729023373,1525.839793281672
Hold,2019-12-02 05:00:00,45.96,1327.4683316239198,Hold,1327.468331623925,1484.4961240310254
Hold,2019-12-02 06:00:00,45.88,1325.1576817864543,Hold,1325.1576817864598,1481.9121447028604
Hold,2019-12-02 07:00:00,45.93,1326.6018379348702,Hold,1326.6018379348754,1483.5271317829636
Hold,2019-12-02 08:00:00,45.72,1320.5363821115232,Hold,1320.5363821115284,1476.7441860465292
Hold,2019-12-02 09:00:00,46.16,1333.2449562175832,Hold,1333.2449562175884,1490.956072351439
Hold,2019-12-02 10:00:00,45.91,1326.0241754755036,Hold,1326.0241754755089,1482.8811369509222
Hold,2019-12-02 11:00:00,45.96,1327.4683316239198,Hold,1327.468331623925,1484.4961240310254
Hold,2019-12-02 12:00:00,46.03,1329.490150231702,Hold,1329.490150231707,1486.7571059431702
Hold,2019-12-02 13:00:00,45.96,1327.4683316239198,Hold,1327.4683316239248,1484.4961240310256
Hold,2019-12-02 14:00:00,45.67,1319.0922259631075,Hold,1319.0922259631127,1475.1291989664262
Hold,2019-12-02 15:00:00,45.74,1321.1140445708897,Hold,1321.114044570895,1477.3901808785708
Hold,2019-12-02 16:00:00,45.49,1313.8932638288102,Hold,1313.8932638288152,1469.3152454780538
Hold,2019-12-02 17:00:00,45.26,1307.2501455460967,Hold,1307.2501455461017,1461.886304909578
Hold,2019-12-02 18:00:00,45.03,1300.6070272633835,Hold,1300.6070272633888,1454.4573643411024
Hold,2019-12-02 19:00:00,45.14,1303.7841707898986,Hold,1303.7841707899038,1458.01033591733
Hold,2019-12-02 20:00:00,45.24,1306.6724830867304,Hold,1306.6724830867356,1461.2403100775366
Hold,2019-12-02 21:00:00,45.46,1313.0267701397606,Hold,1313.0267701397659,1468.3462532299914
Hold,2019-12-02 22:00:00,45.75,1321.402875800573,Hold,1321.4028758005782,1477.713178294591
Hold,2019-12-02 23:00:00,45.45,1312.7379389100774,Hold,1312.737938910083,1468.0232558139708
Hold,2019-12-03 00:00:00,45.83,1323.7135256380382,Hold,1323.7135256380434,1480.2971576227565
Hold,2019-12-03 01:00:00,45.77,1321.9805382599395,Hold,1321.9805382599448,1478.3591731266326
Hold,2019-12-03 02:00:00,45.8,1322.8470319489886,Hold,1322.847031948994,1479.3281653746947
Hold,2019-12-03 03:00:00,45.79,1322.5582007193057,Hold,1322.5582007193111,1479.005167958674
Hold,2019-12-03 04:00:00,45.53,1315.048588747543,Hold,1315.0485887475484,1470.6072351421367
Hold,2019-12-03 05:00:00,45.31,1308.6943016945127,Hold,1308.6943016945181,1463.5012919896817
Hold,2019-12-03 06:00:00,45.69,1319.6698884224738,Hold,1319.6698884224793,1475.7751937984674
Hold,2019-12-03 07:00:00,45.39,1311.0049515319781,Hold,1311.0049515319838,1466.0852713178472
Hold,2019-12-03 08:00:00,45.67,1319.0922259631075,Hold,1319.0922259631132,1475.1291989664262
Hold,2019-12-03 09:00:00,44.94,1298.0075461962347,Hold,1298.0075461962401,1451.5503875969166
Hold,2019-12-03 10:00:00,44.74,1292.2309216025712,Hold,1292.2309216025767,1445.0904392765033
Hold,2019-12-03 11:00:00,44.59,1287.8984531573233,Hold,1287.8984531573285,1440.2454780361934
Hold,2019-12-03 12:00:00,44.89,1296.563390047819,Hold,1296.5633900478242,1449.9354005168134
Hold,2019-12-03 13:00:00,45.08,1302.0511834117995,Hold,1302.0511834118045,1456.0723514212061
Hold,2019-12-03 14:00:00,45.72,1320.5363821115232,Hold,1320.5363821115284,1476.7441860465296
Hold,2019-12-03 15:00:00,45.77,1321.9805382599395,Hold,1321.9805382599448,1478.3591731266333
Hold,2019-12-03 16:00:00,45.66,1318.803394733424,Hold,1318.8033947334293,1474.8062015504056
Hold,2019-12-03 17:00:00,45.71,1320.2475508818402,Hold,1320.2475508818454,1476.4211886305093
Hold,2019-12-03 18:00:00,45.77,1321.9805382599395,Hold,1321.9805382599448,1478.3591731266333
Hold,2019-12-03 19:00:00,45.57,1316.2039136662756,Hold,1316.2039136662809,1471.8992248062198
Hold,2019-12-03 20:00:00,45.22,1306.094820627364,Hold,1306.094820627369,1460.594315245496
Hold,2019-12-03 21:00:00,45.1,1302.6288458711658,Hold,1302.6288458711708,1456.718346253248
Hold,2019-12-03 22:00:00,44.96,1298.5852086556013,Hold,1298.5852086556063,1452.1963824289585
Hold,2019-12-03 23:00:00,44.75,1292.5197528322542,Hold,1292.5197528322592,1445.413436692524
Trailing-Stop,2019-12-04 00:00:00,44.15,1275.1898790512632,Trailing stop 10.0% hit,1275.1898790512682,1426.0335917312837
Buy,2019-12-23 06:00:00,41.71,1275.1898790512632,Sinal: Compra,1275.1898790512682,1347.222222222239
Hold,2019-12-23 07:00:00,41.76,1274.1663568068025,Hold,1274.1663568068072,1348.8372093023424
Hold,2019-12-23 08:00:00,41.88,1277.8277543838337,Hold,1277.8277543838385,1352.7131782945908
Hold,2019-12-23 09:00:00,42.06,1283.3198507493803,Hold,1283.3198507493853,1358.5271317829631
Hold,2019-12-23 10:00:00,41.97,1280.573802566607,Hold,1280.573802566612,1355.6201550387768
Hold,2019-12-23 11:00:00,42.12,1285.1505495378956,Hold,1285.1505495379006,1360.465116279087
Hold,2019-12-23 12:00:00,42.21,1287.8965977206692,Hold,1287.896597720674,1363.3720930232728
Hold,2019-12-23 13:00:00,42.03,1282.4045013551226,Hold,1282.4045013551274,1357.5581395349009
Hold,2019-12-23 14:00:00,42.19,1287.2863647911636,Hold,1287.2863647911684,1362.7260981912316
Hold,2019-12-23 15:00:00,42.32,1291.2528788329473,Hold,1291.252878832952,1366.9250645995005
Hold,2019-12-23 16:00:00,41.54,1267.4537945822456,Hold,1267.45379458225,1341.731266149888
Hold,2019-12-23 17:00:00,41.07,1253.113320738874,Hold,1253.1133207388787,1326.5503875969162
Hold,2019-12-23 18:00:00,41.24,1258.3003006396682,Hold,1258.300300639673,1332.0413436692677
Hold,2019-12-23 19:00:00,41.28,1259.5207664986785,Hold,1259.5207664986833,1333.3333333333505
Hold,2019-12-23 20:00:00,41.23,1257.9951841749155,Hold,1257.9951841749205,1331.718346253247
Hold,2019-12-23 21:00:00,40.9,1247.92634083808,Hold,1247.9263408380848,1321.0594315245648
Hold,2019-12-23 22:00:00,40.58,1238.1626139659973,Hold,1238.162613966002,1310.723514211903
Hold,2019-12-23 23:00:00,40.56,1237.5523810364923,Hold,1237.552381036497,1310.0775193798618
Hold,2019-12-24 00:00:00,40.45,1234.196099924214,Hold,1234.1960999242185,1306.5245478036345
Hold,2019-12-24 01:00:00,40.65,1240.2984292192655,Hold,1240.29842921927,1312.984496124048
Hold,2019-12-24 02:00:00,40.52,1236.331915177482,Hold,1236.3319151774865,1308.7855297157794
Hold,2019-12-24 03:00:00,40.52,1236.331915177482,Hold,1236.3319151774865,1308.7855297157794
Hold,2019-12-24 04:00:00,40.6,1238.7728468955024,Hold,1238.772846895507,1311.3695090439448
Hold,2019-12-24 05:00:00,40.66,1240.603545684018,Hold,1240.6035456840225,1313.307493540069
Hold,2019-12-24 06:00:00,40.72,1242.4342444725335,Hold,1242.434244472538,1315.2454780361932
Hold,2019-12-24 07:00:00,40.5,1235.7216822479768,Hold,1235.7216822479813,1308.1395348837382
Hold,2019-12-24 08:00:00,40.9,1247.92634083808,Hold,1247.9263408380848,1321.0594315245648
Hold,2019-12-24 09:00:00,40.89,1247.6212243733275,Hold,1247.6212243733323,1320.7364341085442
Hold,2019-12-24 10:00:00,40.96,1249.7570396265955,Hold,1249.7570396266003,1322.9974160206891
Hold,2019-12-24 11:00:00,40.97,1250.0621560913482,Hold,1250.0621560913528,1323.3204134367097
Hold,2019-12-24 12:00:00,40.84,1246.0956420495647,Hold,1246.0956420495693,1319.1214470284413
Hold,2019-12-24 13:00:00,40.87,1247.0109914438224,Hold,1247.0109914438267,1320.090439276503
Hold,2019-12-24 14:00:00,40.69,1241.5188950782758,Hold,1241.5188950782801,1314.2764857881307
Hold,2019-12-24 15:00:00,40.16,1225.3477224463886,Hold,1225.3477224463927,1297.1576227390347
Hold,2019-12-24 16:00:00,40.29,1229.3142364881724,Hold,1229.3142364881767,1301.3565891473036
Hold,2019-12-24 17:00:00,39.92,1218.0249272923268,Hold,1218.0249272923309,1289.4056847545387
Hold,2019-12-24 18:00:00,39.9,1217.4146943628214,Hold,1217.4146943628257,1288.7596899224973
Hold,2019-12-24 19:00:00,40.46,1234.5012163889664,Hold,1234.5012163889708,1306.8475452196553
Hold,2019-12-24 20:00:00,40.54,1236.942148106987,Hold,1236.942148106991,1309.4315245478208
Hold,2019-12-24 21:00:00,40.65,1240.2984292192655,Hold,1240.2984292192696,1312.9844961240483
Hold,2019-12-24 22:00:00,40.51,1236.0267987127293,Hold,1236.0267987127334,1308.4625322997588
Hold,2019-12-24 23:00:00,40.34,1230.8398188119354,Hold,1230.8398188119395,1302.9715762274075
Hold,2019-12-25 00:00:00,40.05,1221.99144133411,Hold,1221.9914413341141,1293.6046511628076
Hold,2019-12-25 01:00:00,40.0,1220.4658590103472,Hold,1220.4658590103513,1291.9896640827044
Hold,2019-12-25 02:00:00,39.98,1219.855626080842,Hold,1219.8556260808464,1291.343669250663
Hold,2019-12-25 03:00:00,40.04,1221.6863248693576,Hold,1221.686324869362,1293.281653746787
Hold,2019-12-25 04:00:00,40.08,1222.906790728368,Hold,1222.9067907283725,1294.5736434108699
Hold,2019-12-25 05:00:00,40.02,1221.0760919398524,Hold,1221.076091939857,1292.635658914746
Hold,2019-12-25 06:00:00,39.94,1218.6351602218317,Hold,1218.6351602218363,1290.0516795865806
Hold,2019-12-25 07:00:00,40.23,1227.4835376996566,Hold,1227.4835376996612,1299.4186046511804
Hold,2019-12-25 08:00:00,40.23,1227.4835376996566,Hold,1227.4835376996612,1299.4186046511804
Hold,2019-12-25 09:00:00,39.97,1219.5505096160896,Hold,1219.5505096160941,1291.0206718346428
Hold,2019-12-25 10:00:00,39.88,1216.8044614333164,Hold,1216.804461433321,1288.1136950904568
Hold,2019-12-25 11:00:00,39.81,1214.6686461800482,Hold,1214.6686461800527,1285.8527131783121
Hold,2019-12-25 12:00:00,40.16,1225.3477224463886,Hold,1225.3477224463932,1297.1576227390358
Hold,2019-12-25 13:00:00,39.81,1214.6686461800482,Hold,1214.6686461800527,1285.8527131783123
Hold,2019-12-25 14:00:00,39.92,1218.0249272923268,Hold,1218.0249272923313,1289.4056847545398
Hold,2019-12-25 15:00:00,39.95,1218.9402766865844,Hold,1218.940276686589,1290.374677002602
Hold,2019-12-25 16:00:00,40.02,1221.0760919398524,Hold,1221.0760919398567,1292.635658914747
Hold,2019-12-25 17:00:00,39.91,1217.719810827574,Hold,1217.7198108275784,1289.0826873385192
Hold,2019-12-25 18:00:00,39.92,1218.0249272923268,Hold,1218.0249272923309,1289.4056847545398
Hold,2019-12-25 19:00:00,40.11,1223.8221401226258,Hold,1223.82214012263,1295.5426356589326
Hold,2019-12-25 20:00:00,40.14,1224.7374895168834,Hold,1224.7374895168875,1296.5116279069948
Hold,2019-12-25 21:00:00,40.12,1224.1272565873783,Hold,1224.1272565873821,1295.8656330749534
Hold,2019-12-25 22:00:00,40.28,1229.0091200234199,Hold,1229.009120023424,1301.0335917312846
Hold,2019-12-25 23:00:00,40.08,1222.906790728368,Hold,1222.906790728372,1294.573643410871
Hold,2019-12-26 00:00:00,39.89,1217.109577898069,Hold,1217.109577898073,1288.436692506478
Hold,2019-12-26 01:00:00,39.91,1217.719810827574,Hold,1217.7198108275782,1289.0826873385192
Hold,2019-12-26 02:00:00,39.88,1216.8044614333164,Hold,1216.8044614333205,1288.1136950904574
Hold,2019-12-26 03:00:00,39.65,1209.7867827440066,Hold,1209.7867827440105,1280.6847545219816
Hold,2019-12-26 04:00:00,39.73,1212.2277144620275,Hold,1212.2277144620314,1283.2687338501469
Hold,2019-12-26 05:00:00,39.85,1215.8891120390585,Hold,1215.8891120390624,1287.1447028423952
Hold,2019-12-26 06:00:00,40.0,1220.4658590103472,Hold,1220.465859010351,1291.989664082705
Hold,2019-12-26 07:00:00,40.0,1220.4658590103472,Hold,1220.465859010351,1291.989664082705
Hold,2019-12-26 08:00:00,40.02,1221.0760919398524,Hold,1221.0760919398563,1292.6356589147467
Hold,2019-12-26 09:00:00,39.87,1216.4993449685637,Hold,1216.4993449685676,1287.7906976744364
Hold,2019-12-26 10:00:00,39.82,1214.9737626448007,Hold,1214.9737626448045,1286.1757105943332
Hold,2019-12-26 11:00:00,39.78,1213.7532967857903,Hold,1213.7532967857942,1284.8837209302505
Hold,2019-12-26 12:00:00,39.87,1216.4993449685637,Hold,1216.4993449685676,1287.7906976744366
Hold,2019-12-26 13:00:00,39.8,1214.3635297152955,Hold,1214.3635297152994,1285.5297157622917
Hold,2019-12-26 14:00:00,39.98,1219.855626080842,Hold,1219.8556260808457,1291.3436692506639
Hold,2019-12-26 15:00:00,39.93,1218.3300437570792,Hold,1218.3300437570829,1289.7286821705604
Hold,2019-12-26 16:00:00,40.62,1239.3830798250076,Hold,1239.3830798250115,1312.0155038759872
Hold,2019-12-26 17:00:00,40.87,1247.0109914438224,Hold,1247.010991443826,1320.090439276504
Hold,2019-12-26 18:00:00,40.98,1250.3672725561007,Hold,1250.3672725561044,1323.6434108527312
Hold,2019-12-26 19:00:00,41.06,1252.8082042741216,Hold,1252.808204274125,1326.2273901808967
Hold,2019-12-26 20:00:00,40.7,1241.8240115430285,Hold,1241.824011543032,1314.5994832041524
Hold,2019-12-26 21:00:00,40.11,1223.8221401226258,Hold,1223.822140122629,1295.5426356589323
Hold,2019-12-26 22:00:00,40.06,1222.296557798863,Hold,1222.2965577988662,1293.9276485788291
Hold,2019-12-26 23:00:00,40.01,1220.7709754750997,Hold,1220.7709754751031,1292.3126614987257
Hold,2019-12-27 00:00:00,40.04,1221.6863248693576,Hold,1221.686324869361,1293.2816537467877
Hold,2019-12-27 01:00:00,40.04,1221.6863248693576,Hold,1221.686324869361,1293.2816537467877
Hold,2019-12-27 02:00:00,40.25,1228.0937706291618,Hold,1228.0937706291652,1300.0645994832219
Hold,2019-12-27 03:00:00,40.35,1231.1449352766879,Hold,1231.1449352766915,1303.2945736434287
Hold,2019-12-27 04:00:00,40.04,1221.6863248693576,Hold,1221.6863248693612,1293.2816537467877
Hold,2019-12-27 05:00:00,40.06,1222.296557798863,Hold,1222.2965577988666,1293.9276485788291
Hold,2019-12-27 06:00:00,40.09,1223.2119071931209,Hold,1223.2119071931245,1294.8966408268911
Hold,2019-12-27 07:00:00,40.65,1240.2984292192655,Hold,1240.2984292192689,1312.984496124049
Hold,2019-12-27 08:00:00,40.38,1232.0602846709457,Hold,1232.0602846709492,1304.2635658914908
Hold,2019-12-27 09:00:00,40.29,1229.3142364881724,Hold,1229.3142364881758,1301.3565891473045
Hold,2019-12-27 10:00:00,40.37,1231.7551682061928,Hold,1231.7551682061962,1303.9405684754697
Hold,2019-12-27 11:00:00,40.03,1221.381208404605,Hold,1221.3812084046085,1292.9586563307666
Hold,2019-12-27 12:00:00,40.29,1229.3142364881724,Hold,1229.3142364881758,1301.356589147304
Hold,2019-12-27 13:00:00,40.21,1226.8733047701517,Hold,1226.873304770155,1298.7726098191386
Hold,2019-12-27 14:00:00,40.43,1233.5858669947083,Hold,1233.5858669947118,1305.8785529715933
Hold,2019-12-27 15:00:00,40.99,1250.6723890208534,Hold,1250.6723890208568,1323.9664082687511
Liquidate_Final_Fold,2019-12-27 15:00:00,40.99,1250.6723890208534,Fim do período de teste,1250.6723890208568,1323.9664082687511
Buy,2020-01-03 22:00:00,41.74,1250.6723890208534,Sinal: Compra,1250.6723890208568,1348.1912144703022
Hold,2020-01-03 23:00:00,42.23,1262.8250123207697,Hold,1262.825012320773,1364.018087855315
Hold,2020-01-04 00:00:00,42.07,1258.040451535278,Hold,1258.0404515352814,1358.8501291989842
Hold,2020-01-04 01:00:00,41.96,1254.7510659952522,Hold,1254.7510659952559,1355.297157622757
Hold,2020-01-04 02:00:00,42.17,1261.0308020262103,Hold,1261.030802026214,1362.0801033591908
Hold,2020-01-04 03:00:00,42.19,1261.6288721243966,Hold,1261.6288721244002,1362.726098191232
Hold,2020-01-04 04:00:00,42.14,1260.1336968789306,Hold,1260.1336968789342,1361.1111111111288
Hold,2020-01-04 05:00:00,42.08,1258.3394865843711,Hold,1258.339486584375,1359.173126615005
Hold,2020-01-04 06:00:00,42.11,1259.2365917316508,Hold,1259.2365917316547,1360.1421188630668
Hold,2020-01-04 07:00:00,42.49,1270.5999235971942,Hold,1270.599923597198,1372.4160206718527
Hold,2020-01-04 08:00:00,42.43,1268.8057133026346,Hold,1268.8057133026384,1370.4780361757287
Hold,2020-01-04 09:00:00,42.85,1281.365185364551,Hold,1281.3651853645551,1384.0439276485972
Hold,2020-01-04 10:00:00,42.55,1272.3941338917537,Hold,1272.3941338917577,1374.3540051679768
Hold,2020-01-04 11:00:00,42.51,1271.1979936953805,Hold,1271.1979936953846,1373.0620155038941
Hold,2020-01-04 12:00:00,42.0,1255.9472061916251,Hold,1255.947206191629,1356.5891472868398
Hold,2020-01-04 13:00:00,41.99,1255.648171142532,Hold,1255.6481711425358,1356.2661498708192
Hold,2020-01-04 14:00:00,42.12,1259.535626780744,Hold,1259.5356267807479,1360.4651162790874
Hold,2020-01-04 15:00:00,42.28,1264.320187566236,Hold,1264.3201875662398,1365.6330749354183
Hold,2020-01-04 16:00:00,42.25,1263.4230824189563,Hold,1263.4230824189601,1364.6640826873563
Hold,2020-01-04 17:00:00,42.51,1271.1979936953805,Hold,1271.1979936953846,1373.062015503894
Hold,2020-01-04 18:00:00,42.22,1262.5259772716763,Hold,1262.5259772716804,1363.6950904392943
Hold,2020-01-04 19:00:00,42.62,1274.487379235406,Hold,1274.4873792354101,1376.6149870801214
Hold,2020-01-04 20:00:00,42.77,1278.972904971805,Hold,1278.972904971809,1381.4599483204315
Hold,2020-01-04 21:00:00,42.62,1274.487379235406,Hold,1274.48737923541,1376.6149870801212
Hold,2020-01-04 22:00:00,42.66,1275.6835194317791,Hold,1275.683519431783,1377.9069767442038
Hold,2020-01-04 23:00:00,42.78,1279.2719400208982,Hold,1279.271940020902,1381.7829457364521
Hold,2020-01-05 00:00:00,42.9,1282.860360610017,Hold,1282.860360610021,1385.6589147287
Hold,2020-01-05 01:00:00,43.06,1287.644921395509,Hold,1287.644921395513,1390.826873385031
Hold,2020-01-05 02:00:00,43.06,1287.644921395509,Hold,1287.644921395513,1390.826873385031
Hold,2020-01-05 03:00:00,43.09,1288.5420265427888,Hold,1288.5420265427927,1391.795865633093
Hold,2020-01-05 04:00:00,42.99,1285.5516760518565,Hold,1285.5516760518603,1388.5658914728863
Hold,2020-01-05 05:00:00,42.96,1284.6545709045768,Hold,1284.6545709045806,1387.596899224824
Hold,2020-01-05 06:00:00,42.95,1284.3555358554834,Hold,1284.3555358554875,1387.2739018088034
Hold,2020-01-05 07:00:00,43.09,1288.5420265427888,Hold,1288.5420265427929,1391.795865633093
Hold,2020-01-05 08:00:00,42.77,1278.972904971805,Hold,1278.9729049718092,1381.459948320431
Hold,2020-01-05 09:00:00,42.79,1279.5709750699914,Hold,1279.5709750699957,1382.1059431524723
Hold,2020-01-05 10:00:00,42.76,1278.6738699227117,Hold,1278.673869922716,1381.13695090441
Hold,2020-01-05 11:00:00,42.96,1284.6545709045768,Hold,1284.654570904581,1387.5968992248236
Hold,2020-01-05 12:00:00,43.13,1289.7381667391617,Hold,1289.7381667391658,1393.087855297175
Hold,2020-01-05 13:00:00,43.02,1286.4487811991362,Hold,1286.4487811991403,1389.5348837209478
Hold,2020-01-05 14:00:00,43.19,1291.532377033721,Hold,1291.5323770337252,1395.0258397932992
Hold,2020-01-05 15:00:00,44.01,1316.053251059367,Hold,1316.0532510593714,1421.5116279069946
Hold,2020-01-05 16:00:00,43.93,1313.6609706666213,Hold,1313.6609706666256,1418.9276485788293
Hold,2020-01-05 17:00:00,44.02,1316.3522861084605,Hold,1316.3522861084646,1421.8346253230156
Hold,2020-01-05 18:00:00,43.93,1313.6609706666213,Hold,1313.6609706666254,1418.9276485788293
Hold,2020-01-05 19:00:00,43.98,1315.1561459120874,Hold,1315.1561459120912,1420.5426356589328
Hold,2020-01-05 20:00:00,43.91,1313.0629005684348,Hold,1313.0629005684386,1418.2816537467882
Hold,2020-01-05 21:00:00,43.25,1293.3265873282805,Hold,1293.3265873282844,1396.9638242894239
Hold,2020-01-05 22:00:00,43.31,1295.1207976228402,Hold,1295.120797622844,1398.901808785548
Hold,2020-01-05 23:00:00,43.3,1294.8217625737468,Hold,1294.8217625737507,1398.5788113695273
Hold,2020-01-06 00:00:00,43.51,1301.101498604705,Hold,1301.101498604709,1405.3617571059615
Hold,2020-01-06 01:00:00,44.05,1317.24939125574,Hold,1317.2493912557438,1422.8036175710781
Hold,2020-01-06 02:00:00,44.43,1328.6127231212836,Hold,1328.6127231212877,1435.077519379864
Hold,2020-01-06 03:00:00,44.37,1326.818512826724,Hold,1326.8185128267278,1433.1395348837398
Hold,2020-01-06 04:00:00,44.42,1328.3136880721904,Hold,1328.3136880721945,1434.7545219638432
Hold,2020-01-06 05:00:00,44.4,1327.7156179740039,Hold,1327.715617974008,1434.1085271318018
Hold,2020-01-06 06:00:00,44.45,1329.2107932194701,Hold,1329.2107932194742,1435.7235142119052
Hold,2020-01-06 07:00:00,44.35,1326.2204427285376,Hold,1326.2204427285417,1432.4935400516983
Hold,2020-01-06 08:00:00,45.14,1349.8442116069039,Hold,1349.844211606908,1458.0103359173315
Hold,2020-01-06 09:00:00,44.94,1343.863510625039,Hold,1343.863510625043,1451.550387596918
Hold,2020-01-06 10:00:00,45.21,1351.9374569505565,Hold,1351.9374569505608,1460.2713178294764
Hold,2020-01-06 11:00:00,44.84,1340.8731601341067,Hold,1340.8731601341108,1448.3204134367115
Hold,2020-01-06 12:00:00,45.07,1347.750966263251,Hold,1347.750966263255,1455.7493540051871
Hold,2020-01-06 13:00:00,44.48,1330.1078983667496,Hold,1330.1078983667535,1436.6925064599673
Hold,2020-01-06 14:00:00,44.63,1334.5934241031484,Hold,1334.5934241031523,1441.5374677002774
Hold,2020-01-06 15:00:00,44.08,1318.1464964030197,Hold,1318.1464964030233,1423.7726098191401
Hold,2020-01-06 16:00:00,44.39,1327.4165829249105,Hold,1327.4165829249143,1433.7855297157814
Hold,2020-01-06 17:00:00,45.12,1349.246141508717,Hold,1349.2461415087207,1457.3643410852906
Hold,2020-01-06 18:00:00,44.9,1342.667370428666,Hold,1342.6673704286695,1450.2583979328358
Hold,2020-01-06 19:00:00,44.9,1342.667370428666,Hold,1342.6673704286695,1450.2583979328358
Hold,2020-01-06 20:00:00,45.19,1351.33938685237,Hold,1351.3393868523735,1459.6253229974354
Hold,2020-01-06 21:00:00,45.08,1348.0500013123442,Hold,1348.050001312348,1456.072351421208
Hold,2020-01-06 22:00:00,45.63,1364.4969290124727,Hold,1364.4969290124766,1473.8372093023454
Hold,2020-01-06 23:00:00,45.8,1369.5805248470579,Hold,1369.5805248470615,1479.3281653746965
Hold,2020-01-07 00:00:00,45.39,1357.320087834235,Hold,1357.3200878342386,1466.085271317849
Hold,2020-01-07 01:00:00,45.49,1360.3104383251673,Hold,1360.3104383251707,1469.3152454780559
Hold,2020-01-07 02:00:00,45.32,1355.2268424905822,Hold,1355.2268424905856,1463.8242894057043
Hold,2020-01-07 03:00:00,45.22,1352.2364919996496,Hold,1352.236491999653,1460.5943152454975
Hold,2020-01-07 04:00:00,44.88,1342.0693003304796,Hold,1342.069300330483,1449.6124031007944
Hold,2020-01-07 05:00:00,45.2,1351.6384219014633,Hold,1351.6384219014667,1459.948320413456
Hold,2020-01-07 06:00:00,45.21,1351.9374569505565,Hold,1351.93745695056,1460.2713178294769
Hold,2020-01-07 07:00:00,45.51,1360.9085084233536,Hold,1360.9085084233573,1469.9612403100969
Hold,2020-01-07 08:00:00,45.44,1358.815263079701,Hold,1358.8152630797047,1467.700258397952
Hold,2020-01-07 09:00:00,45.13,1349.5451765578107,Hold,1349.545176557814,1457.6873385013112
Hold,2020-01-07 10:00:00,45.46,1359.4133331778876,Hold,1359.4133331778912,1468.3462532299934
Hold,2020-01-07 11:00:00,45.46,1359.4133331778876,Hold,1359.4133331778912,1468.3462532299934
Hold,2020-01-07 12:00:00,45.01,1345.9567559686914,Hold,1345.956755968695,1453.8113695090628
Hold,2020-01-07 13:00:00,44.91,1342.966405477759,Hold,1342.9664054777627,1450.581395348856
Hold,2020-01-07 14:00:00,44.95,1344.1625456741322,Hold,1344.1625456741358,1451.8733850129388
Hold,2020-01-07 15:00:00,44.94,1343.863510625039,Hold,1343.8635106250424,1451.550387596918
Hold,2020-01-07 16:00:00,45.54,1361.8056135706336,Hold,1361.8056135706372,1470.9302325581587
Hold,2020-01-07 17:00:00,46.19,1381.2428917616944,Hold,1381.2428917616978,1491.9250645995023
Hold,2020-01-07 18:00:00,46.27,1383.6351721544406,Hold,1383.6351721544443,1494.5090439276678
Hold,2020-01-07 19:00:00,46.33,1385.4293824489998,Hold,1385.4293824490035,1496.4470284237918
Hold,2020-01-07 20:00:00,46.61,1393.8023638236107,Hold,1393.802363823614,1505.4909560723709
Hold,2020-01-07 21:00:00,46.16,1380.3457866144147,Hold,1380.345786614418,1490.9560723514403
Hold,2020-01-07 22:00:00,46.18,1380.9438567126012,Hold,1380.9438567126049,1491.6020671834817
Hold,2020-01-07 23:00:00,46.3,1384.5322773017201,Hold,1384.5322773017238,1495.4780361757298
Hold,2020-01-08 00:00:00,48.37,1446.4325324640215,Hold,1446.4325324640251,1562.3385012920096
Hold,2020-01-08 01:00:00,47.67,1425.5000790274946,Hold,1425.5000790274983,1539.7286821705625
Hold,2020-01-08 02:00:00,47.54,1421.6126233892824,Hold,1421.612623389286,1535.5297157622936
Hold,2020-01-08 03:00:00,47.66,1425.2010439784012,Hold,1425.2010439784049,1539.4056847545417
Hold,2020-01-08 04:00:00,47.93,1433.274990303919,Hold,1433.2749903039226,1548.1266149871
Hold,2020-01-08 05:00:00,47.89,1432.0788501075458,Hold,1432.0788501075494,1546.8346253230172
Hold,2020-01-08 06:00:00,47.83,1430.2846398129864,Hold,1430.28463981299,1544.896640826893
Hold,2020-01-08 07:00:00,47.58,1422.8087635856552,Hold,1422.8087635856589,1536.821705426376
Hold,2020-01-08 08:00:00,47.57,1422.509728536562,Hold,1422.5097285365655,1536.4987080103554
Hold,2020-01-08 09:00:00,47.51,1420.7155182420026,Hold,1420.715518242006,1534.560723514231
Hold,2020-01-08 10:00:00,47.73,1427.294289322054,Hold,1427.2942893220575,1541.6666666666858
Hold,2020-01-08 11:00:00,47.68,1425.7991140765878,Hold,1425.7991140765914,1540.0516795865826
Hold,2020-01-08 12:00:00,47.56,1422.210693487469,Hold,1422.2106934874726,1536.1757105943345
Hold,2020-01-08 13:00:00,47.64,1424.602973880215,Hold,1424.6029738802183,1538.7596899225
Hold,2020-01-08 14:00:00,47.01,1405.7637657873404,Hold,1405.7637657873438,1518.4108527131975
Hold,2020-01-08 15:00:00,46.77,1398.5869246091027,Hold,1398.5869246091063,1510.6589147287016
Hold,2020-01-08 16:00:00,44.94,1343.863510625039,Hold,1343.8635106250424,1451.5503875969175
Hold,2020-01-08 17:00:00,45.19,1351.33938685237,Hold,1351.3393868523733,1459.6253229974345
Hold,2020-01-08 18:00:00,45.03,1346.5548260668781,Hold,1346.5548260668816,1454.4573643411038
Hold,2020-01-08 19:00:00,44.58,1333.098248857682,Hold,1333.0982488576856,1439.9224806201735
Hold,2020-01-08 20:00:00,44.85,1341.1721951831998,Hold,1341.1721951832035,1448.6434108527317
Hold,2020-01-08 21:00:00,45.05,1347.1528961650645,Hold,1347.1528961650681,1455.103359173145
Hold,2020-01-08 22:00:00,45.51,1360.9085084233536,Hold,1360.9085084233573,1469.9612403100962
Sell,2020-01-08 23:00:00,45.35,1356.123947637862,Sinal: Venda,1356.1239476378657,1464.7932816537655
Buy,2020-01-10 17:00:00,47.66,1356.123947637862,Sinal: Compra,1356.1239476378657,1539.4056847545412
Hold,2020-01-10 18:00:00,48.09,1365.6238744570212,Hold,1365.6238744570248,1553.2945736434306
Hold,2020-01-10 19:00:00,49.0,1391.4653742647959,Hold,1391.4653742647995,1582.6873385013118
Hold,2020-01-10 20:00:00,48.7,1382.9461985039911,Hold,1382.9461985039948,1572.9974160206916
Hold,2020-01-10 21:00:00,48.69,1382.6622259786309,Hold,1382.6622259786345,1572.6744186046708
Hold,2020-01-10 22:00:00,48.62,1380.6744183011097,Hold,1380.6744183011133,1570.4134366925261
Hold,2020-01-10 23:00:00,49.06,1393.1692094169568,Hold,1393.1692094169603,1584.6253229974363
Hold,2020-01-11 00:00:00,48.87,1387.7737314351136,Hold,1387.773731435117,1578.4883720930434
Hold,2020-01-11 01:00:00,49.4,1402.8242752792023,Hold,1402.824275279206,1595.6072351421392
Hold,2020-01-11 02:00:00,49.4,1402.8242752792023,Hold,1402.824275279206,1595.6072351421392
Hold,2020-01-11 03:00:00,48.94,1389.7615391126349,Hold,1389.7615391126385,1580.749354005188
Hold,2020-01-11 04:00:00,48.61,1380.3904457757494,Hold,1380.390445775753,1570.0904392765058
Hold,2020-01-11 05:00:00,48.48,1376.6988029460674,Hold,1376.698802946071,1565.8914728682369
Hold,2020-01-11 06:00:00,49.1,1394.3050995183976,Hold,1394.305099518401,1585.9173126615192
Hold,2020-01-11 07:00:00,48.91,1388.9096215365541,Hold,1388.9096215365576,1579.7803617571262
Hold,2020-01-11 08:00:00,48.71,1383.2301710293514,Hold,1383.2301710293546,1573.320413436713
Hold,2020-01-11 09:00:00,49.34,1401.1204401270415,Hold,1401.1204401270447,1593.6692506460158
Hold,2020-01-11 10:00:00,48.47,1376.4148304207074,Hold,1376.4148304207104,1565.5684754522167
Hold,2020-01-11 11:00:00,48.19,1368.4635997106225,Hold,1368.4635997106257,1556.524547803638
Hold,2020-01-11 12:00:00,48.47,1376.4148304207074,Hold,1376.4148304207104,1565.5684754522167
Hold,2020-01-11 13:00:00,49.55,1407.0838631596048,Hold,1407.083863159608,1600.4521963824498
Hold,2020-01-11 14:00:00,48.99,1391.1814017394358,Hold,1391.1814017394388,1582.3643410852922
Hold,2020-01-11 15:00:00,50.49,1433.7772805434602,Hold,1433.7772805434631,1630.8139534883937
Hold,2020-01-11 16:00:00,51.47,1461.606588028756,Hold,1461.6065880287592,1662.4677002584199
Hold,2020-01-11 17:00:00,51.09,1450.8156320650698,Hold,1450.8156320650728,1650.1937984496342
Hold,2020-01-11 18:00:00,51.34,1457.9149451990738,Hold,1457.914945199077,1658.268733850151
Hold,2020-01-11 19:00:00,51.24,1455.0752199454723,Hold,1455.0752199454753,1655.038759689944
Hold,2020-01-11 20:00:00,50.91,1445.7041266085869,Hold,1445.7041266085896,1644.3798449612616
Hold,2020-01-11 21:00:00,50.32,1428.9497476123372,Hold,1428.9497476123402,1625.322997416042
Hold,2020-01-11 22:00:00,50.19,1425.2581047826552,Hold,1425.258104782658,1621.124031007773
Hold,2020-01-11 23:00:00,49.3,1399.9845500256006,Hold,1399.9845500256033,1592.377260981933
Hold,2020-01-12 00:00:00,49.82,1414.7511213443292,Hold,1414.751121344332,1609.1731266150082
Hold,2020-01-12 01:00:00,50.27,1427.5298849855367,Hold,1427.5298849855394,1623.7080103359388
Hold,2020-01-12 02:00:00,51.11,1451.3835771157903,Hold,1451.3835771157933,1650.8397932816752
Hold,2020-01-12 03:00:00,50.8,1442.580428829625,Hold,1442.5804288296279,1640.826873385034
Hold,2020-01-12 04:00:00,50.55,1435.481115695621,Hold,1435.4811156956237,1632.7519379845173
Hold,2020-01-12 05:00:00,50.69,1439.4567310506634,Hold,1439.4567310506663,1637.2739018088064
Hold,2020-01-12 06:00:00,50.77,1441.7285112535446,Hold,1441.7285112535474,1639.8578811369719
Hold,2020-01-12 07:00:00,51.0,1448.2598793368284,Hold,1448.259879336831,1647.2868217054472
Hold,2020-01-12 08:00:00,50.86,1444.284263981786,Hold,1444.2842639817886,1642.7648578811577
Hold,2020-01-12 09:00:00,50.46,1432.9253629673797,Hold,1432.9253629673822,1629.8449612403308
Hold,2020-01-12 10:00:00,50.41,1431.5055003405787,Hold,1431.5055003405812,1628.2299741602271
Hold,2020-01-12 11:00:00,50.17,1424.690159731935,Hold,1424.6901597319375,1620.4780361757312
Hold,2020-01-12 12:00:00,50.13,1423.5542696304942,Hold,1423.5542696304965,1619.1860465116486
Hold,2020-01-12 13:00:00,50.97,1447.4079617607479,Hold,1447.4079617607504,1646.3178294573852
Hold,2020-01-12 14:00:00,50.56,1435.7650882209812,Hold,1435.7650882209837,1633.0749354005377
Hold,2020-01-12 15:00:00,50.8,1442.580428829625,Hold,1442.5804288296272,1640.8268733850334
Hold,2020-01-12 16:00:00,50.3,1428.381802561617,Hold,1428.381802561619,1624.6770025839999
Hold,2020-01-12 17:00:00,50.63,1437.7528958985026,Hold,1437.7528958985047,1635.3359173126823
Hold,2020-01-12 18:00:00,50.05,1421.2824894276127,Hold,1421.2824894276148,1616.6020671834829
Hold,2020-01-12 19:00:00,50.14,1423.8382421558545,Hold,1423.8382421558565,1619.5090439276692
Hold,2020-01-12 20:00:00,50.46,1432.9253629673797,Hold,1432.9253629673817,1629.8449612403308
Hold,2020-01-12 21:00:00,50.12,1423.270297105134,Hold,1423.2702971051358,1618.8630490956277
Hold,2020-01-12 22:00:00,50.97,1447.4079617607479,Hold,1447.40796176075,1646.317829457385
Hold,2020-01-12 23:00:00,51.43,1460.4706979273153,Hold,1460.4706979273171,1661.1757105943361
Hold,2020-01-13 00:00:00,50.55,1435.481115695621,Hold,1435.481115695623,1632.7519379845166
Hold,2020-01-13 01:00:00,50.95,1446.8400167100276,Hold,1446.8400167100297,1645.6718346253438
Hold,2020-01-13 02:00:00,49.94,1418.1587916486512,Hold,1418.1587916486533,1613.0490956072554
Hold,2020-01-13 03:00:00,49.73,1412.1953686160878,Hold,1412.1953686160898,1606.2661498708212
Hold,2020-01-13 04:00:00,50.1,1422.7023520544137,Hold,1422.702352054416,1618.2170542635863
Hold,2020-01-13 05:00:00,49.78,1413.6152312428885,Hold,1413.6152312428908,1607.8811369509244
Hold,2020-01-13 06:00:00,49.59,1408.2197532610455,Hold,1408.2197532610476,1601.7441860465317
Hold,2020-01-13 07:00:00,49.89,1416.7389290218503,Hold,1416.7389290218523,1611.434108527152
Hold,2020-01-13 08:00:00,50.16,1424.4061872065747,Hold,1424.4061872065768,1620.1550387597101
Hold,2020-01-13 09:00:00,50.04,1420.9985169022527,Hold,1420.9985169022548,1616.279069767462
Hold,2020-01-13 10:00:00,50.5,1434.0612530688202,Hold,1434.0612530688225,1631.1369509044132
Hold,2020-01-13 11:00:00,50.05,1421.2824894276127,Hold,1421.2824894276148,1616.6020671834826
Hold,2020-01-13 12:00:00,50.04,1420.9985169022527,Hold,1420.9985169022548,1616.279069767462
Hold,2020-01-13 13:00:00,49.31,1400.268522550961,Hold,1400.268522550963,1592.700258397953
Hold,2020-01-13 14:00:00,49.34,1401.1204401270415,Hold,1401.1204401270436,1593.669250646015
Hold,2020-01-13 15:00:00,49.34,1401.1204401270415,Hold,1401.1204401270436,1593.669250646015
Hold,2020-01-13 16:00:00,49.75,1412.763313666808,Hold,1412.7633136668103,1606.9121447028624
Hold,2020-01-13 17:00:00,49.32,1400.552495076321,Hold,1400.5524950763233,1593.0232558139735
Hold,2020-01-13 18:00:00,49.57,1407.651808210325,Hold,1407.6518082103273,1601.0981912144903
Hold,2020-01-13 19:00:00,49.71,1411.6274235653675,Hold,1411.6274235653698,1605.6201550387798
Hold,2020-01-13 20:00:00,49.89,1416.7389290218503,Hold,1416.7389290218525,1611.4341085271521
Hold,2020-01-13 21:00:00,49.89,1416.7389290218503,Hold,1416.7389290218525,1611.4341085271521
Hold,2020-01-13 22:00:00,49.61,1408.7876983117658,Hold,1408.7876983117683,1602.3901808785731
Hold,2020-01-13 23:00:00,49.6,1408.5037257864055,Hold,1408.5037257864078,1602.0671834625525
Hold,2020-01-14 00:00:00,50.81,1442.8644013549854,Hold,1442.864401354988,1641.1498708010542
Hold,2020-01-14 01:00:00,52.87,1501.3627415791786,Hold,1501.3627415791814,1707.6873385013137
Hold,2020-01-14 02:00:00,53.05,1506.4742470356616,Hold,1506.4742470356643,1713.5012919896858
Hold,2020-01-14 03:00:00,53.73,1525.7843787601525,Hold,1525.7843787601553,1735.4651162790915
Hold,2020-01-14 04:00:00,53.61,1522.3767084558308,Hold,1522.3767084558335,1731.5891472868434
Hold,2020-01-14 05:00:00,53.25,1512.1536975428648,Hold,1512.1536975428676,1719.9612403100991
Hold,2020-01-14 06:00:00,53.52,1519.8209557275893,Hold,1519.820955727592,1728.6821705426576
Hold,2020-01-14 07:00:00,53.43,1517.2652029993478,Hold,1517.2652029993508,1725.7751937984713
Hold,2020-01-14 08:00:00,53.87,1529.759994115195,Hold,1529.759994115198,1739.9870801033812
Hold,2020-01-14 09:00:00,53.69,1524.648488658712,Hold,1524.648488658715,1734.173126615009
Hold,2020-01-14 10:00:00,53.91,1530.8958842166355,Hold,1530.8958842166385,1741.2790697674639
Hold,2020-01-14 11:00:00,54.33,1542.8227302817625,Hold,1542.8227302817654,1754.8449612403326
Hold,2020-01-14 12:00:00,53.9,1530.6119116912755,Hold,1530.6119116912785,1740.9560723514435
Hold,2020-01-14 13:00:00,55.82,1585.1346365604265,Hold,1585.1346365604295,1802.9715762274132
Hold,2020-01-14 14:00:00,56.91,1616.0876418246844,Hold,1616.0876418246871,1838.1782945736668
Hold,2020-01-14 15:00:00,56.84,1614.0998341471632,Hold,1614.099834147166,1835.9173126615224
Hold,2020-01-14 16:00:00,56.89,1615.519696773964,Hold,1615.5196967739666,1837.5322997416256
Take-Profit,2020-01-14 17:00:00,58.26,1654.4239327483062,TP 20.0% hit,1654.423932748309,1881.7829457364583
Buy,2020-01-14 21:00:00,57.47,1654.4239327483062,Sinal: Compra,1654.423932748309,1856.2661498708248
Hold,2020-01-14 22:00:00,58.12,1669.791280468207,Hold,1669.79128046821,1877.2609819121687
Hold,2020-01-14 23:00:00,58.39,1677.5483975660463,Hold,1677.5483975660493,1885.981912144727
Hold,2020-01-15 00:00:00,59.49,1709.1514672239098,Hold,1709.1514672239125,1921.5116279070014
Hold,2020-01-15 01:00:00,59.15,1699.3832456932973,Hold,1699.3832456933003,1910.5297157622986
Hold,2020-01-15 02:00:00,59.53,1710.300669756923,Hold,1710.3006697569258,1922.8036175710843
Hold,2020-01-15 03:00:00,58.1,1669.2166792017006,Hold,1669.216679201703,1876.6149870801275
Hold,2020-01-15 04:00:00,55.93,1606.8724417857334,Hold,1606.8724417857359,1806.5245478036409
Hold,2020-01-15 05:00:00,56.47,1622.3866759814118,Hold,1622.3866759814143,1823.9664082687575
Hold,2020-01-15 06:00:00,57.76,1659.448457671088,Hold,1659.4484576710906,1865.6330749354247
Hold,2020-01-15 07:00:00,56.91,1635.0279038445572,Hold,1635.0279038445597,1838.178294573667
Hold,2020-01-15 08:00:00,57.36,1647.9564323409559,Hold,1647.9564323409584,1852.7131782945974
Hold,2020-01-15 09:00:00,58.74,1687.603919729912,Hold,1687.6039197299144,1897.2868217054506
Hold,2020-01-15 10:00:00,59.02,1695.6483374610045,Hold,1695.6483374610073,1906.3307493540294
Sell,2020-01-15 11:00:00,57.76,1659.448457671088,Sinal: Venda,1659.4484576710906,1865.633074935424
Buy,2020-01-15 16:00:00,57.5,1659.448457671088,Sinal: Compra,1659.4484576710906,1857.2351421188866
Hold,2020-01-15 17:00:00,57.73,1662.7557450850202,Hold,1662.755745085023,1864.6640826873622
Hold,2020-01-15 18:00:00,57.04,1642.8821704425698,Hold,1642.8821704425725,1842.3772609819355
Hold,2020-01-15 19:00:00,57.47,1655.267151741488,Hold,1655.267151741491,1856.2661498708248
Hold,2020-01-15 20:00:00,58.17,1675.4287492048438,Hold,1675.4287492048468,1878.8759689922722
Hold,2020-01-15 21:00:00,58.29,1678.8850230557046,Hold,1678.8850230557075,1882.7519379845203
Hold,2020-01-15 22:00:00,59.07,1701.350803086301,Hold,1701.3508030863038,1907.9457364341333
Hold,2020-01-15 23:00:00,58.16,1675.1407263839385,Hold,1675.1407263839412,1878.5529715762514
Hold,2020-01-16 00:00:00,57.28,1649.7947181442917,Hold,1649.7947181442944,1850.129198966432
Hold,2020-01-16 01:00:00,55.56,1600.2547929486184,Hold,1600.2547929486211,1794.5736434108758
Hold,2020-01-16 02:00:00,55.36,1594.4943365305166,Hold,1594.4943365305194,1788.1136950904624
Hold,2020-01-16 03:00:00,55.49,1598.2386332022827,Hold,1598.2386332022854,1792.3126614987311
Hold,2020-01-16 04:00:00,55.83,1608.0314091130554,Hold,1608.0314091130579,1803.2945736434338
Hold,2020-01-16 05:00:00,56.62,1630.7852119645565,Hold,1630.785211964559,1828.8113695090672
Hold,2020-01-16 06:00:00,56.38,1623.8726642628349,Hold,1623.8726642628371,1821.059431524571
Hold,2020-01-16 07:00:00,55.85,1608.6074547548656,Hold,1608.6074547548678,1803.9405684754752
Hold,2020-01-16 08:00:00,55.96,1611.7757057848214,Hold,1611.775705784824,1807.4935400517024
Hold,2020-01-16 09:00:00,55.93,1610.9116373221061,Hold,1610.9116373221086,1806.5245478036404
Hold,2020-01-16 10:00:00,56.13,1616.6720937402079,Hold,1616.6720937402104,1812.9844961240542
Hold,2020-01-16 11:00:00,56.59,1629.9211435018415,Hold,1629.921143501844,1827.8423772610051
Hold,2020-01-16 12:00:00,56.71,1633.3774173527022,Hold,1633.3774173527047,1831.718346253253
Hold,2020-01-16 13:00:00,56.35,1623.0085958001196,Hold,1623.008595800122,1820.0904392765085
Hold,2020-01-16 14:00:00,56.62,1630.7852119645565,Hold,1630.7852119645593,1828.8113695090667
Hold,2020-01-16 15:00:00,56.78,1635.3935770990379,Hold,1635.3935770990404,1833.9793281653979
Hold,2020-01-16 16:00:00,56.54,1628.481029397316,Hold,1628.4810293973185,1826.2273901809015
Hold,2020-01-16 17:00:00,57.91,1667.9401558613115,Hold,1667.9401558613138,1870.478036175734
Hold,2020-01-16 18:00:00,57.75,1663.3317907268304,Hold,1663.3317907268327,1865.3100775194032
Hold,2020-01-16 19:00:00,57.66,1660.7395853386845,Hold,1660.7395853386868,1862.403100775217
Hold,2020-01-16 20:00:00,58.03,1671.3964297121727,Hold,1671.396429712175,1874.3540051679822
Hold,2020-01-16 21:00:00,57.72,1662.467722264115,Hold,1662.4677222641176,1864.3410852713412
Hold,2020-01-16 22:00:00,57.73,1662.7557450850202,Hold,1662.7557450850225,1864.6640826873618
Hold,2020-01-16 23:00:00,57.56,1657.859357129634,Hold,1657.8593571296362,1859.1731266150105
Hold,2020-01-17 00:00:00,57.19,1647.202512756146,Hold,1647.2025127561485,1847.2222222222451
Hold,2020-01-17 01:00:00,57.75,1663.3317907268304,Hold,1663.331790726833,1865.3100775194032
Hold,2020-01-17 02:00:00,58.17,1675.4287492048438,Hold,1675.4287492048466,1878.8759689922715
Hold,2020-01-17 03:00:00,58.27,1678.3089774138946,Hold,1678.308977413897,1882.1059431524786
Hold,2020-01-17 04:00:00,58.76,1692.4220956382435,Hold,1692.422095638246,1897.9328165374916
Hold,2020-01-17 05:00:00,60.3,1736.7776100576255,Hold,1736.7776100576282,1947.6744186046756
Hold,2020-01-17 06:00:00,58.85,1695.0143010263894,Hold,1695.014301026392,1900.8397932816777
Hold,2020-01-17 07:00:00,60.0,1728.1369254304732,Hold,1728.136925430476,1937.9844961240553
Hold,2020-01-17 08:00:00,59.92,1725.8327428632326,Hold,1725.8327428632354,1935.40051679589
Hold,2020-01-17 09:00:00,60.08,1730.4411079977137,Hold,1730.4411079977165,1940.568475452221
Hold,2020-01-17 10:00:00,59.79,1722.0884461914666,Hold,1722.0884461914693,1931.2015503876214
Hold,2020-01-17 11:00:00,59.6,1716.6160125942702,Hold,1716.616012594273,1925.0645994832287
Hold,2020-01-17 12:00:00,58.88,1695.8783694891047,Hold,1695.8783694891074,1901.8087855297401
Hold,2020-01-17 13:00:00,59.29,1707.6873051462126,Hold,1707.6873051462153,1915.0516795865879
Hold,2020-01-17 14:00:00,58.32,1679.7490915184198,Hold,1679.7490915184226,1883.7209302325825
Hold,2020-01-17 15:00:00,59.86,1724.104605937802,Hold,1724.1046059378048,1933.4625322997665
Hold,2020-01-17 16:00:00,61.15,1761.2595498345572,Hold,1761.25954983456,1975.1291989664337
Hold,2020-01-17 17:00:00,61.65,1775.6606908798112,Hold,1775.660690879814,1991.2790697674675
Hold,2020-01-17 18:00:00,62.49,1799.8546078358381,Hold,1799.854607835841,2018.4108527132043
Hold,2020-01-17 19:00:00,61.26,1764.427800864513,Hold,1764.427800864516,1978.682170542661
Hold,2020-01-17 20:00:00,60.77,1750.3146826401644,Hold,1750.3146826401671,1962.855297157648
Hold,2020-01-17 21:00:00,61.29,1765.2918693272284,Hold,1765.291869327231,1979.651162790723
Hold,2020-01-17 22:00:00,62.09,1788.3336949996346,Hold,1788.3336949996376,2005.4909560723772
Hold,2020-01-17 23:00:00,61.02,1757.5152531627914,Hold,1757.5152531627941,1970.9302325581648
Hold,2020-01-18 00:00:00,62.08,1788.0456721787298,Hold,1788.0456721787325,2005.1679586563562
Hold,2020-01-18 01:00:00,61.5,1771.340348566235,Hold,1771.3403485662377,1986.4341085271572
Hold,2020-01-18 02:00:00,61.39,1768.1720975362791,Hold,1768.1720975362819,1982.8811369509297
Hold,2020-01-18 03:00:00,61.34,1766.7319834317539,Hold,1766.7319834317566,1981.2661498708264
Hold,2020-01-18 04:00:00,59.6,1716.6160125942702,Hold,1716.616012594273,1925.0645994832287
Hold,2020-01-18 05:00:00,59.29,1707.6873051462126,Hold,1707.687305146215,1915.0516795865876
Hold,2020-01-18 06:00:00,59.89,1724.9686744005173,Hold,1724.96867440052,1934.4315245478285
Hold,2020-01-18 07:00:00,59.36,1709.7034648925483,Hold,1709.703464892551,1917.3126614987325
Hold,2020-01-18 08:00:00,59.65,1718.0561266987954,Hold,1718.0561266987984,1926.6795865633321
Hold,2020-01-18 09:00:00,59.8,1722.3764690123717,Hold,1722.3764690123746,1931.5245478036425
Hold,2020-01-18 10:00:00,59.95,1726.696811325948,Hold,1726.6968113259506,1936.369509043953
Hold,2020-01-18 11:00:00,59.74,1720.6483320869413,Hold,1720.6483320869438,1929.5865633075189
Hold,2020-01-18 12:00:00,60.57,1744.5542262220627,Hold,1744.5542262220654,1956.395348837235
Hold,2020-01-18 13:00:00,61.01,1757.227230341886,Hold,1757.227230341889,1970.6072351421446
Hold,2020-01-18 14:00:00,61.13,1760.6835041927473,Hold,1760.6835041927504,1974.4832041343927
Sell,2020-01-18 15:00:00,59.41,1711.1435789970735,Sinal: Venda,1711.1435789970765,1918.9276485788362
Buy,2020-01-18 19:00:00,59.68,1711.1435789970735,Sinal: Compra,1711.1435789970765,1927.6485788113948
Hold,2020-01-18 20:00:00,59.84,1712.3013488351587,Hold,1712.301348835162,1932.8165374677258
Hold,2020-01-18 21:00:00,60.09,1719.455014229691,Hold,1719.4550142296944,1940.8914728682428
Hold,2020-01-18 22:00:00,60.1,1719.741160845472,Hold,1719.7411608454754,1941.2144702842631
Hold,2020-01-18 23:00:00,59.32,1697.4217248145324,Hold,1697.4217248145355,1916.0206718346503
Hold,2020-01-19 00:00:00,60.24,1723.74721346641,Hold,1723.747213466413,1945.7364341085529
Hold,2020-01-19 01:00:00,60.83,1740.629863797505,Hold,1740.6298637975083,1964.7932816537725
Hold,2020-01-19 02:00:00,61.03,1746.3527961131308,Hold,1746.3527961131338,1971.253229974186
Hold,2020-01-19 03:00:00,61.07,1747.4973825762556,Hold,1747.4973825762586,1972.545219638269
Hold,2020-01-19 04:00:00,61.1,1748.3558224235996,Hold,1748.3558224236024,1973.514211886331
Hold,2020-01-19 05:00:00,61.18,1750.64499534985,Hold,1750.6449953498527,1976.0981912144964
Hold,2020-01-19 06:00:00,60.95,1744.0636231868805,Hold,1744.0636231868832,1968.669250646021
Hold,2020-01-19 07:00:00,61.13,1749.2142622709434,Hold,1749.2142622709462,1974.4832041343932
Hold,2020-01-19 08:00:00,61.08,1747.783529192037,Hold,1747.7835291920396,1972.8682170542897
Hold,2020-01-19 09:00:00,60.61,1734.334638250317,Hold,1734.3346382503198,1957.687338501318
Hold,2020-01-19 10:00:00,60.47,1730.3285856293792,Hold,1730.3285856293817,1953.1653746770285
Hold,2020-01-19 11:00:00,57.4,1642.4815745845274,Hold,1642.4815745845299,1854.005167958681
Hold,2020-01-19 12:00:00,56.25,1609.5747137696806,Hold,1609.574713769683,1816.8604651163034
Hold,2020-01-19 13:00:00,56.27,1610.147007001243,Hold,1610.1470070012454,1817.506459948345
Hold,2020-01-19 14:00:00,56.45,1615.2976460853063,Hold,1615.2976460853085,1823.3204134367174
Hold,2020-01-19 15:00:00,56.66,1621.3067250167128,Hold,1621.306725016715,1830.1033591731514
Hold,2020-01-19 16:00:00,56.72,1623.0236047114006,Hold,1623.0236047114029,1832.0413436692756
Hold,2020-01-19 17:00:00,56.4,1613.8669130063995,Hold,1613.8669130064018,1821.7054263566142
Hold,2020-01-19 18:00:00,56.21,1608.4301273065555,Hold,1608.430127306558,1815.5684754522215
Hold,2020-01-19 19:00:00,56.56,1618.4452588589002,Hold,1618.4452588589027,1826.8733850129452
Hold,2020-01-19 20:00:00,56.43,1614.7253528537435,Hold,1614.725352853746,1822.6744186046762
Hold,2020-01-19 21:00:00,56.96,1629.8911234901511,Hold,1629.8911234901536,1839.793281653772
Hold,2020-01-19 22:00:00,57.35,1641.0508415056208,Hold,1641.0508415056236,1852.3901808785786
Sell,2020-01-19 23:00:00,57.6,1648.204506900153,Sinal: Venda,1648.2045069001558,1860.4651162790956
Buy,2020-01-26 20:00:00,55.89,1648.204506900153,Sinal: Compra,1648.2045069001558,1805.2325581395598
Hold,2020-01-26 21:00:00,56.07,1650.207362020299,Hold,1650.2073620203016,1811.046511627932
Hold,2020-01-26 22:00:00,55.85,1643.7324981065399,Hold,1643.7324981065426,1803.9405684754772
Hold,2020-01-26 23:00:00,56.24,1655.210665953658,Hold,1655.210665953661,1816.5374677002837
Hold,2020-01-27 00:00:00,56.73,1669.6319537615757,Hold,1669.6319537615786,1832.3643410852967
Hold,2020-01-27 01:00:00,56.66,1667.571769789016,Hold,1667.5717697890188,1830.1033591731518
Hold,2020-01-27 02:00:00,56.4,1659.9196578909373,Hold,1659.9196578909402,1821.7054263566145
Hold,2020-01-27 03:00:00,56.43,1660.8025938791773,Hold,1660.8025938791804,1822.6744186046767
Hold,2020-01-27 04:00:00,56.5,1662.8627778517368,Hold,1662.8627778517402,1824.9354005168216
Hold,2020-01-27 05:00:00,56.65,1667.277457792936,Hold,1667.2774577929395,1829.7803617571315
Hold,2020-01-27 06:00:00,56.7,1668.749017773336,Hold,1668.7490177733393,1831.3953488372351
Hold,2020-01-27 07:00:00,56.65,1667.277457792936,Hold,1667.2774577929395,1829.7803617571317
Hold,2020-01-27 08:00:00,56.09,1650.795986012459,Hold,1650.7959860124624,1811.692506459974
Hold,2020-01-27 09:00:00,56.49,1662.5684658556568,Hold,1662.5684658556602,1824.612403100801
Hold,2020-01-27 10:00:00,56.11,1651.3846100046185,Hold,1651.384610004622,1812.3385012920153
Hold,2020-01-27 11:00:00,57.97,1706.1266412754899,Hold,1706.1266412754937,1872.416020671861
Hold,2020-01-27 12:00:00,58.47,1720.8422410794876,Hold,1720.8422410794917,1888.5658914728947
Hold,2020-01-27 13:00:00,58.38,1718.1934331147681,Hold,1718.1934331147722,1885.6589147287086
Hold,2020-01-27 14:00:00,58.9,1733.4976569109256,Hold,1733.4976569109297,1902.4547803617838
Hold,2020-01-27 15:00:00,59.09,1739.089584836445,Hold,1739.0895848364491,1908.5917312661768
Hold,2020-01-27 16:00:00,59.08,1738.7952728403648,Hold,1738.795272840369,1908.268733850156
Hold,2020-01-27 17:00:00,58.73,1728.4943529775662,Hold,1728.4943529775705,1896.9638242894325
Hold,2020-01-27 18:00:00,59.46,1749.979128691403,Hold,1749.9791286914074,1920.542635658942
Hold,2020-01-27 19:00:00,59.06,1738.206648848205,Hold,1738.2066488482094,1907.6227390181148
Hold,2020-01-27 20:00:00,59.16,1741.1497688090044,Hold,1741.1497688090085,1910.8527131783217
Hold,2020-01-27 21:00:00,59.12,1739.9725208246846,Hold,1739.9725208246887,1909.560723514239
Hold,2020-01-27 22:00:00,58.66,1726.4341690050067,Hold,1726.4341690050107,1894.702842377288
Hold,2020-01-27 23:00:00,58.55,1723.1967370481273,Hold,1723.1967370481314,1891.1498708010608
Hold,2020-01-28 00:00:00,60.04,1767.0492244640402,Hold,1767.0492244640443,1939.2764857881416
Hold,2020-01-28 01:00:00,61.31,1804.4268479661946,Hold,1804.426847966199,1980.2971576227674
Hold,2020-01-28 02:00:00,61.1,1798.2462960485154,Hold,1798.2462960485198,1973.5142118863334
Hold,2020-01-28 03:00:00,60.79,1789.122624170037,Hold,1789.1226241700413,1963.5012919896924
Hold,2020-01-28 04:00:00,59.96,1764.6947284954008,Hold,1764.6947284954051,1936.6925064599764
Hold,2020-01-28 05:00:00,59.89,1762.634544522841,Hold,1762.6345445228453,1934.4315245478315
Hold,2020-01-28 06:00:00,59.65,1755.571056616922,Hold,1755.5710566169264,1926.679586563335
Hold,2020-01-28 07:00:00,60.05,1767.3435364601203,Hold,1767.3435364601248,1939.599483204162
Hold,2020-01-28 08:00:00,59.75,1758.5141765777216,Hold,1758.5141765777262,1929.9095607235417
Hold,2020-01-28 09:00:00,59.35,1746.7416967345237,Hold,1746.7416967345282,1916.9896640827146
Hold,2020-01-28 10:00:00,59.91,1763.2231685150007,Hold,1763.2231685150052,1935.0775193798727
Hold,2020-01-28 11:00:00,60.08,1768.22647244836,Hold,1768.2264724483646,1940.5684754522242
Hold,2020-01-28 12:00:00,59.38,1747.6246327227634,Hold,1747.6246327227677,1917.958656330777
Hold,2020-01-28 13:00:00,59.64,1755.2767446208422,Hold,1755.2767446208468,1926.3565891473145
Hold,2020-01-28 14:00:00,59.04,1737.618024856045,Hold,1737.6180248560495,1906.9767441860736
Hold,2020-01-28 15:00:00,58.88,1732.909032918766,Hold,1732.9090329187704,1901.8087855297429
Hold,2020-01-28 16:00:00,58.23,1713.7787531735687,Hold,1713.778753173573,1880.8139534883987
Hold,2020-01-28 17:00:00,58.03,1707.8925132519698,Hold,1707.8925132519742,1874.3540051679854
Hold,2020-01-28 18:00:00,58.13,1710.8356332127694,Hold,1710.8356332127737,1877.583979328192
Hold,2020-01-28 19:00:00,58.33,1716.7218731343683,Hold,1716.7218731343726,1884.0439276486054
Hold,2020-01-28 20:00:00,58.82,1731.1431609422862,Hold,1731.1431609422905,1899.8708010336188
Hold,2020-01-28 21:00:00,59.14,1740.5611448168445,Hold,1740.5611448168488,1910.2067183462805
Hold,2020-01-28 22:00:00,59.35,1746.7416967345237,Hold,1746.7416967345282,1916.9896640827146
Hold,2020-01-28 23:00:00,60.52,1781.1762002758783,Hold,1781.176200275883,1954.780361757134
Hold,2020-01-29 00:00:00,60.77,1788.534000177877,Hold,1788.534000177882,1962.855297157651
Hold,2020-01-29 01:00:00,61.52,1810.6073998838735,Hold,1810.6073998838785,1987.0801033592015
Hold,2020-01-29 02:00:00,60.98,1794.714552095556,Hold,1794.714552095561,1969.638242894085
Hold,2020-01-29 03:00:00,61.15,1799.717856028915,Hold,1799.71785602892,1975.1291989664364
Hold,2020-01-29 04:00:00,60.63,1784.4136322327577,Hold,1784.4136322327627,1958.3333333333612
Hold,2020-01-29 05:00:00,61.34,1805.3097839544344,Hold,1805.3097839544394,1981.2661498708292
Hold,2020-01-29 06:00:00,61.58,1812.373271860353,Hold,1812.373271860358,1989.0180878553256
Hold,2020-01-29 07:00:00,61.47,1809.1358399034737,Hold,1809.1358399034787,1985.465116279098
Hold,2020-01-29 08:00:00,61.63,1813.844831840753,Hold,1813.844831840758,1990.6330749354292
Hold,2020-01-29 09:00:00,60.84,1790.5941841504366,Hold,1790.5941841504416,1965.116279069796
Hold,2020-01-29 10:00:00,61.37,1806.192719942674,Hold,1806.192719942679,1982.2351421188916
Hold,2020-01-29 11:00:00,60.52,1781.1762002758783,Hold,1781.176200275883,1954.7803617571344
Hold,2020-01-29 12:00:00,60.31,1774.995648358199,Hold,1774.9956483582039,1947.9974160207
Hold,2020-01-29 13:00:00,60.54,1781.764824268038,Hold,1781.7648242680427,1955.4263565891756
Hold,2020-01-29 14:00:00,60.55,1782.0591362641178,Hold,1782.0591362641228,1955.7493540051962
Hold,2020-01-29 15:00:00,59.63,1754.9824326247622,Hold,1754.982432624767,1926.0335917312943
Hold,2020-01-29 16:00:00,60.46,1779.4103282993983,Hold,1779.4103282994029,1952.8423772610104
Hold,2020-01-29 17:00:00,60.23,1772.6411523895595,Hold,1772.641152389564,1945.4134366925346
Hold,2020-01-29 18:00:00,60.46,1779.4103282993983,Hold,1779.4103282994026,1952.8423772610104
Hold,2020-01-29 19:00:00,60.67,1785.5908802170773,Hold,1785.5908802170813,1959.6253229974448
Hold,2020-01-29 20:00:00,60.61,1783.8250082405978,Hold,1783.825008240602,1957.6873385013207
Hold,2020-01-29 21:00:00,60.25,1773.2297763817194,Hold,1773.2297763817235,1946.0594315245762
Hold,2020-01-29 22:00:00,60.2,1771.7582164013197,Hold,1771.7582164013238,1944.4444444444728
Hold,2020-01-29 23:00:00,59.8,1759.9857365581213,Hold,1759.9857365581256,1931.5245478036459
Hold,2020-01-30 00:00:00,58.96,1735.2635288874055,Hold,1735.2635288874096,1904.392764857909
Hold,2020-01-30 01:00:00,59.46,1749.979128691403,Hold,1749.9791286914074,1920.542635658943
Hold,2020-01-30 02:00:00,58.96,1735.2635288874055,Hold,1735.2635288874096,1904.3927648579092
Hold,2020-01-30 03:00:00,59.33,1746.1530727423637,Hold,1746.1530727423678,1916.343669250674
Hold,2020-01-30 04:00:00,59.84,1761.1629845424413,Hold,1761.1629845424454,1932.8165374677287
Hold,2020-01-30 05:00:00,59.59,1753.8051846404426,Hold,1753.8051846404464,1924.7416020672117
Hold,2020-01-30 06:00:00,59.6,1754.0994966365224,Hold,1754.0994966365265,1925.0645994832323
Hold,2020-01-30 07:00:00,61.95,1823.2628157153117,Hold,1823.2628157153156,2000.9689922480916
Hold,2020-01-30 08:00:00,61.78,1818.2595117819524,Hold,1818.2595117819562,1995.4780361757398
Hold,2020-01-30 09:00:00,61.69,1815.6107038172327,Hold,1815.6107038172368,1992.5710594315537
Hold,2020-01-30 10:00:00,61.35,1805.6040959505142,Hold,1805.6040959505183,1981.5891472868507
Hold,2020-01-30 11:00:00,61.89,1821.4969437388318,Hold,1821.496943738836,1999.031007751967
Hold,2020-01-30 12:00:00,63.45,1867.4096151273045,Hold,1867.409615127309,2049.4186046511927
Hold,2020-01-30 13:00:00,64.32,1893.01475878626,Hold,1893.0147587862646,2077.5193798449914
Hold,2020-01-30 14:00:00,64.09,1886.2455828764216,Hold,1886.245582876426,2070.0904392765165
Hold,2020-01-30 15:00:00,65.87,1938.6331181786534,Hold,1938.6331181786577,2127.5839793281966
Take-Profit,2020-01-30 16:00:00,67.91,1998.6727653789635,TP 20.0% hit,1998.672765378968,2193.4754521964146
Buy,2020-01-31 01:00:00,68.14,1998.6727653789635,Sinal: Compra,1998.672765378968,2200.9043927648904
Hold,2020-01-31 02:00:00,67.69,1981.5044681491709,Hold,1981.5044681491752,2186.36950904396
Hold,2020-01-31 03:00:00,68.65,2009.6067622756775,Hold,2009.6067622756818,2217.377260981945
Hold,2020-01-31 04:00:00,67.83,1985.6027193759533,Hold,1985.6027193759576,2190.8914728682494
Hold,2020-01-31 05:00:00,66.76,1954.2803707141184,Hold,1954.2803707141227,2156.330749354037
Hold,2020-01-31 06:00:00,67.45,1974.4788946175447,Hold,1974.478894617549,2178.617571059464
Hold,2020-01-31 07:00:00,67.16,1965.9896599334957,Hold,1965.9896599335,2169.2506459948636
Hold,2020-01-31 08:00:00,68.1,1993.506489599033,Hold,1993.5064895990376,2199.612403100807
Hold,2020-01-31 09:00:00,68.65,2009.6067622756775,Hold,2009.6067622756823,2217.377260981945
Hold,2020-01-31 10:00:00,68.3,1999.3611342087218,Hold,1999.3611342087265,2206.072351421221
Hold,2020-01-31 11:00:00,68.1,1993.506489599033,Hold,1993.5064895990376,2199.612403100807
Hold,2020-01-31 12:00:00,66.98,1960.720479784776,Hold,1960.7204797847805,2163.4366925064915
Hold,2020-01-31 13:00:00,67.06,1963.0623376286514,Hold,1963.062337628656,2166.0206718346567
Hold,2020-01-31 14:00:00,66.9,1958.3786219409008,Hold,1958.3786219409053,2160.852713178326
Hold,2020-01-31 15:00:00,68.1,1993.506489599033,Hold,1993.5064895990379,2199.612403100807
Hold,2020-01-31 16:00:00,67.5,1975.9425557699667,Hold,1975.9425557699715,2180.2325581395667
Hold,2020-01-31 17:00:00,66.95,1959.8422830933225,Hold,1959.8422830933273,2162.4677002584294
Hold,2020-01-31 18:00:00,67.57,1977.9916813833574,Hold,1977.9916813833624,2182.4935400517115
Hold,2020-01-31 19:00:00,66.95,1959.8422830933225,Hold,1959.8422830933275,2162.46770025843
Hold,2020-01-31 20:00:00,67.64,1980.040806996749,Hold,1980.040806996754,2184.7545219638564
Hold,2020-01-31 21:00:00,68.02,1991.1646317551574,Hold,1991.1646317551626,2197.028423772642
Hold,2020-01-31 22:00:00,68.47,2004.3375821269574,Hold,2004.3375821269626,2211.563307493572
Hold,2020-01-31 23:00:00,68.0,1990.579167294189,Hold,1990.5791672941941,2196.3824289406007
Hold,2020-02-01 00:00:00,68.46,2004.044849896473,Hold,2004.0448498964781,2211.2403100775514
Hold,2020-02-01 01:00:00,72.01,2107.9647917184493,Hold,2107.9647917184548,2325.904392764892
Hold,2020-02-01 02:00:00,71.7,2098.8900925734315,Hold,2098.890092573437,2315.8914728682507
Hold,2020-02-01 03:00:00,72.74,2129.334244543813,Hold,2129.334244543818,2349.483204134401
Hold,2020-02-01 04:00:00,71.44,2091.2790545808357,Hold,2091.2790545808407,2307.493540051714
Hold,2020-02-01 05:00:00,71.19,2083.960748818725,Hold,2083.96074881873,2299.4186046511963
Hold,2020-02-01 06:00:00,71.78,2101.231950417307,Hold,2101.2319504173124,2318.4754521964164
Hold,2020-02-01 07:00:00,72.11,2110.8921140232933,Hold,2110.8921140232987,2329.134366925099
Hold,2020-02-01 08:00:00,71.21,2084.546213279694,Hold,2084.546213279699,2300.064599483238
Hold,2020-02-01 09:00:00,71.16,2083.082552127272,Hold,2083.082552127277,2298.449612403135
Hold,2020-02-01 10:00:00,71.07,2080.4479620529114,Hold,2080.4479620529164,2295.5426356589483
Hold,2020-02-01 11:00:00,69.7,2040.3436464765437,Hold,2040.3436464765482,2251.2919896641156
Hold,2020-02-01 12:00:00,69.58,2036.83085971073,Hold,2036.8308597107348,2247.416020671867
Hold,2020-02-01 13:00:00,70.51,2064.054957145783,Hold,2064.054957145788,2277.45478036179
Hold,2020-02-01 14:00:00,70.11,2052.3456679264054,Hold,2052.3456679264104,2264.5348837209635
Hold,2020-02-01 15:00:00,69.5,2034.4890018668546,Hold,2034.4890018668598,2244.832041343702
Hold,2020-02-01 16:00:00,71.08,2080.7406942833964,Hold,2080.7406942834014,2295.8656330749686
Hold,2020-02-01 17:00:00,70.8,2072.5441918298316,Hold,2072.5441918298366,2286.8217054263896
Hold,2020-02-01 18:00:00,71.13,2082.204355435818,Hold,2082.2043554358233,2297.480620155072
Hold,2020-02-01 19:00:00,71.12,2081.911623205334,Hold,2081.9116232053393,2297.1576227390515
Hold,2020-02-01 20:00:00,71.1,2081.326158744365,Hold,2081.3261587443703,2296.51162790701
Hold,2020-02-01 21:00:00,70.53,2064.640421606752,Hold,2064.640421606757,2278.1007751938314
Hold,2020-02-01 22:00:00,70.54,2064.9331538372367,Hold,2064.9331538372417,2278.4237726098527
Hold,2020-02-01 23:00:00,70.72,2070.2023339859566,Hold,2070.2023339859616,2284.2377260982244
Hold,2020-02-02 00:00:00,69.39,2031.2689473315259,Hold,2031.2689473315309,2241.2790697674745
Hold,2020-02-02 01:00:00,69.93,2047.076487777686,Hold,2047.0764877776908,2258.7209302325914
Hold,2020-02-02 02:00:00,68.58,2007.557636662286,Hold,2007.5576366622906,2215.1162790698
Hold,2020-02-02 03:00:00,68.62,2008.7285655842243,Hold,2008.7285655842288,2216.4082687338832
Hold,2020-02-02 04:00:00,69.26,2027.4634283352284,Hold,2027.4634283352332,2237.080103359206
Hold,2020-02-02 05:00:00,69.36,2030.3907506400726,Hold,2030.3907506400774,2240.3100775194125
Hold,2020-02-02 06:00:00,70.59,2066.396814989659,Hold,2066.3968149896637,2280.038759689956
Hold,2020-02-02 07:00:00,70.84,2073.71512075177,Hold,2073.715120751775,2288.113695090473
Hold,2020-02-02 08:00:00,70.73,2070.495066216441,Hold,2070.495066216446,2284.560723514245
Hold,2020-02-02 09:00:00,70.64,2067.8604761420806,Hold,2067.860476142085,2281.653746770059
Hold,2020-02-02 10:00:00,71.32,2087.7662678150223,Hold,2087.766267815027,2303.6175710594653
Hold,2020-02-02 11:00:00,71.74,2100.061021495369,Hold,2100.0610214953736,2317.183462532333
Hold,2020-02-02 12:00:00,72.42,2119.966813168311,Hold,2119.9668131683156,2339.1472868217393
Hold,2020-02-02 13:00:00,72.01,2107.9647917184493,Hold,2107.964791718454,2325.904392764892
Hold,2020-02-02 14:00:00,72.54,2123.4795999341245,Hold,2123.479599934129,2343.023255813988
Hold,2020-02-02 15:00:00,71.83,2102.695611569729,Hold,2102.6956115697335,2320.0904392765196
Hold,2020-02-02 16:00:00,71.62,2096.548234729556,Hold,2096.548234729561,2313.3074935400855
Hold,2020-02-02 17:00:00,71.58,2095.377305807618,Hold,2095.3773058076226,2312.0155038760026
Hold,2020-02-02 18:00:00,71.76,2100.6464859563384,Hold,2100.6464859563434,2317.829457364375
Hold,2020-02-02 19:00:00,71.46,2091.8645190418047,Hold,2091.8645190418097,2308.1395348837545
Hold,2020-02-02 20:00:00,71.74,2100.061021495369,Hold,2100.061021495374,2317.183462532333
Hold,2020-02-02 21:00:00,71.92,2105.330201644089,Hold,2105.330201644094,2322.9974160207057
Hold,2020-02-02 22:00:00,70.8,2072.5441918298316,Hold,2072.5441918298366,2286.82170542639
Hold,2020-02-02 23:00:00,69.93,2047.076487777686,Hold,2047.0764877776908,2258.720930232592
Hold,2020-02-03 00:00:00,71.52,2093.6209124247116,Hold,2093.620912424716,2310.0775193798786
Hold,2020-02-03 01:00:00,71.61,2096.255502499071,Hold,2096.255502499076,2312.984496124065
Hold,2020-02-03 02:00:00,70.93,2076.3497108261295,Hold,2076.3497108261345,2291.0206718346594
Hold,2020-02-03 03:00:00,71.16,2083.082552127272,Hold,2083.082552127277,2298.449612403135
Hold,2020-02-03 04:00:00,71.08,2080.7406942833964,Hold,2080.7406942834014,2295.8656330749695
Hold,2020-02-03 05:00:00,70.97,2077.5206397480674,Hold,2077.5206397480724,2292.312661498742
Hold,2020-02-03 06:00:00,70.85,2074.007852982254,Hold,2074.007852982259,2288.4366925064933
Hold,2020-02-03 07:00:00,70.75,2071.0805306774096,Hold,2071.0805306774146,2285.206718346287
Hold,2020-02-03 08:00:00,70.84,2073.71512075177,Hold,2073.7151207517754,2288.1136950904734
Hold,2020-02-03 09:00:00,70.17,2054.1020613093124,Hold,2054.1020613093174,2266.472868217088
Hold,2020-02-03 10:00:00,69.66,2039.1727175546057,Hold,2039.1727175546107,2250.0000000000327
Hold,2020-02-03 11:00:00,70.19,2054.687525770281,Hold,2054.6875257702854,2267.1188630491292
Hold,2020-02-03 12:00:00,70.15,2053.5165968483434,Hold,2053.516596848348,2265.826873385047
Hold,2020-02-03 13:00:00,69.76,2042.1000398594504,Hold,2042.100039859455,2253.22997416024
Hold,2020-02-03 14:00:00,69.92,2046.7837555472013,Hold,2046.7837555472056,2258.3979328165706
Hold,2020-02-03 15:00:00,68.73,2011.948620119553,Hold,2011.9486201195573,2219.96124031011
Hold,2020-02-03 16:00:00,68.93,2017.8032647292418,Hold,2017.8032647292464,2226.421188630524
Hold,2020-02-03 17:00:00,69.29,2028.3416250266816,Hold,2028.3416250266862,2238.0490956072686
Hold,2020-02-03 18:00:00,69.28,2028.048892796197,Hold,2028.0488927962015,2237.7260981912477
Hold,2020-02-03 19:00:00,69.6,2037.416324171699,Hold,2037.4163241717035,2248.062015503909
Hold,2020-02-03 20:00:00,69.91,2046.4910233167168,Hold,2046.491023316721,2258.07493540055
Hold,2020-02-03 21:00:00,69.6,2037.416324171699,Hold,2037.416324171703,2248.0620155039087
Hold,2020-02-03 22:00:00,69.55,2035.9526630192768,Hold,2035.9526630192809,2246.4470284238055
Hold,2020-02-03 23:00:00,69.65,2038.8799853241214,Hold,2038.879985324125,2249.6770025840124
Hold,2020-02-04 00:00:00,70.12,2052.63840015689,Hold,2052.6384001568936,2264.8578811369844
Hold,2020-02-04 01:00:00,69.6,2037.416324171699,Hold,2037.4163241717022,2248.0620155039087
Hold,2020-02-04 02:00:00,69.91,2046.4910233167168,Hold,2046.4910233167197,2258.0749354005497
Hold,2020-02-04 03:00:00,68.71,2011.3631556585838,Hold,2011.3631556585867,2219.315245478068
Hold,2020-02-04 04:00:00,68.57,2007.2649044318016,Hold,2007.2649044318043,2214.793281653778
Hold,2020-02-04 05:00:00,68.85,2015.461406885366,Hold,2015.4614068853687,2223.837209302357
Hold,2020-02-04 06:00:00,68.65,2009.6067622756775,Hold,2009.6067622756802,2217.377260981944
Hold,2020-02-04 07:00:00,68.58,2007.557636662286,Hold,2007.5576366622886,2215.116279069799
Hold,2020-02-04 08:00:00,67.89,1987.35911275886,Hold,1987.3591127588622,2192.8294573643725
Hold,2020-02-04 09:00:00,67.01,1961.5986764762295,Hold,1961.598676476232,2164.405684754553
Hold,2020-02-04 10:00:00,67.08,1963.6478020896202,Hold,1963.647802089623,2166.6666666666974
Hold,2020-02-04 11:00:00,67.46,1974.771626848029,Hold,1974.7716268480317,2178.940568475483
Hold,2020-02-04 12:00:00,67.03,1962.1841409371982,Hold,1962.184140937201,2165.051679586594
Hold,2020-02-04 13:00:00,67.34,1971.2588400822158,Hold,1971.2588400822187,2175.0645994832353
Hold,2020-02-04 14:00:00,68.01,1990.8718995246734,Hold,1990.871899524676,2196.7054263566206
Hold,2020-02-04 15:00:00,68.25,1997.8974730562998,Hold,1997.8974730563027,2204.4573643411168
Hold,2020-02-04 16:00:00,68.08,1992.9210251380641,Hold,1992.921025138067,2198.9664082687655
Hold,2020-02-04 17:00:00,67.97,1989.7009706027354,Hold,1989.7009706027384,2195.4134366925377
Hold,2020-02-04 18:00:00,67.79,1984.4317904540158,Hold,1984.4317904540187,2189.599483204166
Hold,2020-02-04 19:00:00,67.35,1971.5515723127,Hold,1971.5515723127028,2175.387596899256
Hold,2020-02-04 20:00:00,67.62,1979.4553425357801,Hold,1979.455342535783,2184.1085271318143
Hold,2020-02-04 21:00:00,67.76,1983.5535937625625,Hold,1983.5535937625652,2188.630490956104
Hold,2020-02-04 22:00:00,67.98,1989.99370283322,Hold,1989.9937028332226,2195.736434108559
Hold,2020-02-04 23:00:00,68.07,1992.6282929075796,Hold,1992.6282929075824,2198.6434108527446
Hold,2020-02-05 00:00:00,68.4,2002.2884565135666,Hold,2002.2884565135691,2209.302325581428
Hold,2020-02-05 01:00:00,67.67,1980.9190036882023,Hold,1980.9190036882048,2185.7235142119184
Hold,2020-02-05 02:00:00,68.19,1996.141079673393,Hold,1996.1410796733958,2202.519379844993
Hold,2020-02-05 03:00:00,68.34,2000.53206313066,Hold,2000.5320631306627,2207.3643410853037
Hold,2020-02-05 04:00:00,68.78,2013.412281271975,Hold,2013.4122812719775,2221.5762273902137
Hold,2020-02-05 05:00:00,69.31,2028.9270894876504,Hold,2028.9270894876531,2238.6950904393093
Hold,2020-02-05 06:00:00,69.29,2028.3416250266816,Hold,2028.3416250266844,2238.049095607268
Hold,2020-02-05 07:00:00,69.31,2028.9270894876504,Hold,2028.9270894876527,2238.6950904393093
Hold,2020-02-05 08:00:00,69.48,2033.903537405886,Hold,2033.9035374058883,2244.1860465116606
Hold,2020-02-05 09:00:00,69.89,2045.9055588557478,Hold,2045.90555885575,2257.4289405685086
Hold,2020-02-05 10:00:00,70.92,2076.056978595645,Hold,2076.0569785956477,2290.697674418638
Hold,2020-02-05 11:00:00,71.76,2100.6464859563384,Hold,2100.6464859563407,2317.829457364375
Hold,2020-02-05 12:00:00,71.49,2092.7427157332577,Hold,2092.74271573326,2309.1085271318166
Hold,2020-02-05 13:00:00,71.35,2088.6444645064757,Hold,2088.644464506478,2304.5865633075273
Hold,2020-02-05 14:00:00,71.49,2092.7427157332577,Hold,2092.74271573326,2309.1085271318166
Hold,2020-02-05 15:00:00,71.95,2106.2083983355424,Hold,2106.2083983355446,2323.966408268768
Hold,2020-02-05 16:00:00,72.92,2134.6034246925333,Hold,2134.6034246925356,2355.2971576227737
Hold,2020-02-05 17:00:00,72.57,2124.3577966255775,Hold,2124.3577966255793,2343.99224806205
Hold,2020-02-05 18:00:00,72.1,2110.599381792809,Hold,2110.5993817928106,2328.811369509078
Hold,2020-02-05 19:00:00,71.69,2098.5973603429466,Hold,2098.597360342949,2315.5684754522304
Hold,2020-02-05 20:00:00,72.46,2121.1377420902486,Hold,2121.1377420902504,2340.4392764858226
Hold,2020-02-05 21:00:00,73.18,2142.2144626851286,Hold,2142.214462685131,2363.695090439312
Hold,2020-02-05 22:00:00,72.62,2125.821457778,Hold,2125.821457778002,2345.607235142154
Hold,2020-02-05 23:00:00,72.59,2124.9432610865465,Hold,2124.9432610865483,2344.638242894092
Hold,2020-02-06 00:00:00,71.3,2087.1808033540538,Hold,2087.1808033540556,2302.9715762274245
Hold,2020-02-06 01:00:00,71.91,2105.0374694136044,Hold,2105.0374694136062,2322.674418604686
Hold,2020-02-06 02:00:00,71.63,2096.8409669600405,Hold,2096.840966960042,2313.6304909561068
Hold,2020-02-06 03:00:00,74.22,2172.65861465551,Hold,2172.658614655512,2397.286821705462
Hold,2020-02-06 04:00:00,73.47,2150.7036973691775,Hold,2150.7036973691793,2373.0620155039114
Hold,2020-02-06 05:00:00,73.52,2152.167358521599,Hold,2152.167358521601,2374.677002584015
Hold,2020-02-06 06:00:00,73.25,2144.2635882985196,Hold,2144.2635882985214,2365.956072351457
Hold,2020-02-06 07:00:00,73.12,2140.458069302222,Hold,2140.458069302224,2361.7571059431884
Hold,2020-02-06 08:00:00,73.43,2149.5327684472395,Hold,2149.532768447242,2371.7700258398295
Hold,2020-02-06 09:00:00,73.31,2146.019981681426,Hold,2146.019981681428,2367.894056847581
Hold,2020-02-06 10:00:00,73.83,2161.242057666617,Hold,2161.2420576666186,2384.689922480656
Hold,2020-02-06 11:00:00,74.6,2183.782439413919,Hold,2183.7824394139207,2409.560723514248
Hold,2020-02-06 12:00:00,74.67,2185.83156502731,Hold,2185.831565027312,2411.821705426393
Hold,2020-02-06 13:00:00,72.56,2124.0650643950935,Hold,2124.0650643950953,2343.66925064603
Hold,2020-02-06 14:00:00,73.87,2162.4129865885548,Hold,2162.4129865885566,2385.9819121447385
Hold,2020-02-06 15:00:00,73.72,2158.0220031312883,Hold,2158.0220031312897,2381.1369509044284
Hold,2020-02-06 16:00:00,73.33,2146.605446142395,Hold,2146.6054461423964,2368.5400516796217
Hold,2020-02-06 17:00:00,73.24,2143.970856068035,Hold,2143.9708560680365,2365.6330749354356
Hold,2020-02-06 18:00:00,73.23,2143.678123837551,Hold,2143.678123837552,2365.3100775194152
Hold,2020-02-06 19:00:00,73.11,2140.1653370717377,Hold,2140.1653370717386,2361.434108527167
Hold,2020-02-06 20:00:00,73.35,2147.190910603364,Hold,2147.190910603365,2369.186046511663
Hold,2020-02-06 21:00:00,73.31,2146.019981681426,Hold,2146.0199816814265,2367.8940568475805
Hold,2020-02-06 22:00:00,72.89,2133.72522800108,Hold,2133.7252280010803,2354.328165374712
Hold,2020-02-06 23:00:00,73.6,2154.509216365475,Hold,2154.5092163654754,2377.2609819121803
Hold,2020-02-07 00:00:00,74.1,2169.1458278896966,Hold,2169.145827889697,2393.410852713214
Hold,2020-02-07 01:00:00,74.56,2182.611510491981,Hold,2182.6115104919813,2408.268733850165
Hold,2020-02-07 02:00:00,74.8,2189.6370840236073,Hold,2189.6370840236077,2416.0206718346612
Hold,2020-02-07 03:00:00,73.85,2161.827522127586,Hold,2161.8275221275862,2385.335917312697
Hold,2020-02-07 04:00:00,73.6,2154.509216365475,Hold,2154.5092163654754,2377.2609819121803
Hold,2020-02-07 05:00:00,73.56,2153.338287443537,Hold,2153.338287443537,2375.968992248098
Hold,2020-02-07 06:00:00,73.77,2159.48566428371,Hold,2159.4856642837103,2382.7519379845317
Hold,2020-02-07 07:00:00,74.0,2166.218505584852,Hold,2166.2185055848527,2390.1808785530075
Hold,2020-02-07 08:00:00,73.57,2153.6310196740214,Hold,2153.6310196740224,2376.2919896641183
Hold,2020-02-07 09:00:00,73.81,2160.6565932056483,Hold,2160.656593205649,2384.043927648615
Hold,2020-02-07 10:00:00,74.26,2173.829543577448,Hold,2173.8295435774494,2398.5788113695453
Hold,2020-02-07 11:00:00,73.91,2163.5839155104927,Hold,2163.583915510494,2387.2739018088214
Hold,2020-02-07 12:00:00,73.11,2140.1653370717377,Hold,2140.165337071739,2361.434108527167
Hold,2020-02-07 13:00:00,73.49,2151.289161830146,Hold,2151.289161830148,2373.7080103359526
Hold,2020-02-07 14:00:00,73.83,2161.242057666617,Hold,2161.242057666618,2384.6899224806557
Sell,2020-02-07 15:00:00,73.41,2148.9473039862705,Sinal: Venda,2148.947303986272,2371.1240310077874
Buy,2020-02-09 10:00:00,77.3,2148.9473039862705,Sinal: Compra,2148.947303986272,2496.7700258398304
Hold,2020-02-09 11:00:00,77.07,2138.2703182426144,Hold,2138.2703182426158,2489.341085271355
Hold,2020-02-09 12:00:00,77.03,2137.160537358617,Hold,2137.1605373586185,2488.0490956072726
Hold,2020-02-09 13:00:00,76.37,2118.849152772655,Hold,2118.849152772657,2466.731266149908
Hold,2020-02-09 14:00:00,76.08,2110.803241363671,Hold,2110.803241363673,2457.3643410853088
Hold,2020-02-09 15:00:00,76.04,2109.693460479674,Hold,2109.6934604796757,2456.0723514212264
Hold,2020-02-09 16:00:00,76.81,2131.05674249663,Hold,2131.0567424966316,2480.943152454818
Hold,2020-02-09 17:00:00,76.66,2126.895064181638,Hold,2126.89506418164,2476.0981912145076
Hold,2020-02-09 18:00:00,76.55,2123.8431667506447,Hold,2123.8431667506466,2472.5452196382803
Hold,2020-02-09 19:00:00,76.33,2117.739371888657,Hold,2117.7393718886588,2465.4392764858253
Hold,2020-02-09 20:00:00,75.93,2106.64156304868,Hold,2106.6415630486817,2452.5193798449986
Hold,2020-02-09 21:00:00,76.15,2112.7453579106673,Hold,2112.745357910669,2459.625322997453
Hold,2020-02-09 22:00:00,76.98,2135.77331125362,Hold,2135.7733112536216,2486.434108527169
Hold,2020-02-09 23:00:00,77.0,2136.328201695619,Hold,2136.3282016956205,2487.08010335921
Hold,2020-02-10 00:00:00,77.22,2142.431996557606,Hold,2142.4319965576074,2494.186046511665
Hold,2020-02-10 01:00:00,76.35,2118.2942623306553,Hold,2118.2942623306562,2466.085271317866
Hold,2020-02-10 02:00:00,76.46,2121.3461597616497,Hold,2121.346159761651,2469.6382428940933
Hold,2020-02-10 03:00:00,75.72,2100.8152134076913,Hold,2100.8152134076927,2445.7364341085636
Hold,2020-02-10 04:00:00,75.29,2088.8850689047167,Hold,2088.885068904718,2431.8475452196744
Hold,2020-02-10 05:00:00,74.48,2066.412006003762,Hold,2066.412006003764,2405.6847545219994
Hold,2020-02-10 06:00:00,74.86,2076.9549244017408,Hold,2076.9549244017426,2417.958656330785
Hold,2020-02-10 07:00:00,75.1,2083.613609705727,Hold,2083.613609705729,2425.710594315281
Hold,2020-02-10 08:00:00,73.66,2043.6614978818088,Hold,2043.6614978818106,2379.198966408304
Hold,2020-02-10 09:00:00,73.24,2032.0087985998327,Hold,2032.0087985998346,2365.6330749354356
Hold,2020-02-10 10:00:00,73.26,2032.5636890418318,Hold,2032.5636890418334,2366.2790697674773
Hold,2020-02-10 11:00:00,73.24,2032.0087985998327,Hold,2032.0087985998346,2365.6330749354356
Hold,2020-02-10 12:00:00,73.92,2050.8750736277943,Hold,2050.875073627796,2387.5968992248413
Hold,2020-02-10 13:00:00,73.48,2038.6674839038192,Hold,2038.6674839038212,2373.385012919932
Hold,2020-02-10 14:00:00,74.41,2064.4698894567664,Hold,2064.4698894567687,2403.4237726098545
Hold,2020-02-10 15:00:00,74.36,2063.082663351769,Hold,2063.0826633517713,2401.808785529751
Hold,2020-02-10 16:00:00,73.95,2051.7074092907924,Hold,2051.7074092907947,2388.5658914729033
Hold,2020-02-10 17:00:00,74.04,2054.2044162797874,Hold,2054.2044162797897,2391.4728682170894
Hold,2020-02-10 18:00:00,73.83,2048.3780666387993,Hold,2048.3780666388016,2384.6899224806552
Hold,2020-02-10 19:00:00,73.5,2039.222374345818,Hold,2039.2223743458203,2374.031007751973
Hold,2020-02-10 20:00:00,73.93,2051.152518848794,Hold,2051.152518848796,2387.919896640862
Hold,2020-02-10 21:00:00,73.8,2047.5457309758008,Hold,2047.545730975803,2383.720930232593
Hold,2020-02-10 22:00:00,73.81,2047.8231761968002,Hold,2047.8231761968023,2384.043927648614
Hold,2020-02-10 23:00:00,74.02,2053.6495258377886,Hold,2053.649525837791,2390.826873385048
Hold,2020-02-11 00:00:00,73.2,2030.8990177158353,Hold,2030.8990177158375,2364.341085271353
Hold,2020-02-11 01:00:00,73.36,2035.3381412518258,Hold,2035.338141251828,2369.509043927684
Hold,2020-02-11 02:00:00,72.89,2022.2982158648526,Hold,2022.2982158648547,2354.328165374712
Hold,2020-02-11 03:00:00,72.95,2023.9628871908492,Hold,2023.962887190851,2356.266149870836
Hold,2020-02-11 04:00:00,73.18,2030.3441272738364,Hold,2030.344127273838,2363.6950904393125
Hold,2020-02-11 05:00:00,73.36,2035.3381412518258,Hold,2035.3381412518274,2369.5090439276846
Hold,2020-02-11 06:00:00,73.38,2035.8930316938247,Hold,2035.893031693826,2370.155038759726
Hold,2020-02-11 07:00:00,72.94,2023.6854419698498,Hold,2023.6854419698514,2355.9431524548163
Hold,2020-02-11 08:00:00,74.1,2055.8690876057835,Hold,2055.8690876057854,2393.4108527132144
Hold,2020-02-11 09:00:00,74.0,2053.0946353957893,Hold,2053.0946353957906,2390.180878553008
Hold,2020-02-11 10:00:00,74.1,2055.8690876057835,Hold,2055.869087605785,2393.4108527132144
Hold,2020-02-11 11:00:00,74.5,2066.9668964457614,Hold,2066.966896445763,2406.3307493540415
Hold,2020-02-11 12:00:00,74.14,2056.9788684897817,Hold,2056.978868489783,2394.702842377297
Hold,2020-02-11 13:00:00,74.22,2059.198430257777,Hold,2059.1984302577785,2397.286821705463
Hold,2020-02-11 14:00:00,74.03,2053.926971058788,Hold,2053.9269710587896,2391.1498708010704
Hold,2020-02-11 15:00:00,76.18,2113.577693573666,Hold,2113.5776935736676,2460.594315245516
Hold,2020-02-11 16:00:00,76.14,2112.4679126896676,Hold,2112.4679126896694,2459.3023255814333
Hold,2020-02-11 17:00:00,76.89,2133.2763042646247,Hold,2133.2763042646266,2483.5271317829843
Hold,2020-02-11 18:00:00,76.53,2123.2882763086454,Hold,2123.2882763086473,2471.89922480624
Hold,2020-02-11 19:00:00,76.68,2127.449954623637,Hold,2127.4499546236393,2476.7441860465506
Hold,2020-02-11 20:00:00,76.62,2125.7852832976405,Hold,2125.7852832976428,2474.8062015504265
Hold,2020-02-11 21:00:00,76.43,2120.5138240986516,Hold,2120.513824098654,2468.669250646034
Hold,2020-02-11 22:00:00,76.7,2128.0048450656363,Hold,2128.0048450656386,2477.390180878592
Hold,2020-02-11 23:00:00,76.46,2121.3461597616497,Hold,2121.346159761652,2469.6382428940956
Hold,2020-02-12 00:00:00,78.03,2164.9050594585606,Hold,2164.9050594585624,2520.348837209342
Hold,2020-02-12 01:00:00,77.73,2156.581702828578,Hold,2156.5817028285796,2510.658914728722
Hold,2020-02-12 02:00:00,77.82,2159.0787098175724,Hold,2159.0787098175747,2513.565891472908
Hold,2020-02-12 03:00:00,77.98,2163.517833353563,Hold,2163.5178333535655,2518.7338501292393
Hold,2020-02-12 04:00:00,78.33,2173.2284160885433,Hold,2173.2284160885456,2530.0387596899623
Hold,2020-02-12 05:00:00,78.87,2188.2104580225127,Hold,2188.210458022515,2547.480620155079
Hold,2020-02-12 06:00:00,79.02,2192.372136337504,Hold,2192.372136337506,2552.3255813953892
Hold,2020-02-12 07:00:00,79.25,2198.753376420491,Hold,2198.7533764204936,2559.7545219638655
Hold,2020-02-12 08:00:00,78.49,2177.6675396245337,Hold,2177.6675396245364,2535.2067183462937
Hold,2020-02-12 09:00:00,78.11,2167.1246212265555,Hold,2167.1246212265582,2522.932816537508
Hold,2020-02-12 10:00:00,79.02,2192.372136337504,Hold,2192.3721363375066,2552.3255813953897
Hold,2020-02-12 11:00:00,79.09,2194.3142528844996,Hold,2194.3142528845024,2554.586563307535
Hold,2020-02-12 12:00:00,79.41,2203.1924999564817,Hold,2203.1924999564844,2564.922480620197
Hold,2020-02-12 13:00:00,79.53,2206.521842608475,Hold,2206.5218426084775,2568.798449612445
Hold,2020-02-12 14:00:00,79.38,2202.360164293483,Hold,2202.360164293486,2563.953488372135
Hold,2020-02-12 15:00:00,78.7,2183.493889265522,Hold,2183.4938892655246,2541.9896640827287
Hold,2020-02-12 16:00:00,79.46,2204.5797260614786,Hold,2204.5797260614813,2566.5374677003
Hold,2020-02-12 17:00:00,79.75,2212.6256374704626,Hold,2212.6256374704653,2575.9043927649
Hold,2020-02-12 18:00:00,82.15,2279.212490510326,Hold,2279.212490510329,2653.423772609862
Hold,2020-02-12 19:00:00,81.85,2270.889133880343,Hold,2270.889133880346,2643.733850129242
Hold,2020-02-12 20:00:00,81.8,2269.501907775346,Hold,2269.501907775349,2642.1188630491383
Hold,2020-02-12 21:00:00,81.14,2251.190523189383,Hold,2251.1905231893857,2620.801033591774
Hold,2020-02-12 22:00:00,81.41,2258.6815441563676,Hold,2258.681544156371,2629.521963824332
Hold,2020-02-12 23:00:00,81.17,2252.0228588523814,Hold,2252.0228588523846,2621.770025839836
Hold,2020-02-13 00:00:00,82.46,2287.8132923613084,Hold,2287.813292361312,2663.436692506503
Hold,2020-02-13 01:00:00,82.35,2284.761394930314,Hold,2284.7613949303177,2659.883720930275
Hold,2020-02-13 02:00:00,83.55,2318.054821450246,Hold,2318.0548214502496,2698.643410852757
Hold,2020-02-13 03:00:00,82.81,2297.5238750962885,Hold,2297.5238750962917,2674.7416020672267
Hold,2020-02-13 04:00:00,82.92,2300.575772527282,Hold,2300.5757725272856,2678.2945736434544
Hold,2020-02-13 05:00:00,83.22,2308.8991291572647,Hold,2308.8991291572684,2687.984496124074
Hold,2020-02-13 06:00:00,83.38,2313.3382526932555,Hold,2313.338252693259,2693.152454780405
Hold,2020-02-13 07:00:00,80.94,2245.6416187693944,Hold,2245.641618769398,2614.34108527136
Hold,2020-02-13 08:00:00,79.59,2208.186513934472,Hold,2208.1865139344754,2570.736434108569
Hold,2020-02-13 09:00:00,78.86,2187.933012801513,Hold,2187.9330128015163,2547.1576227390597
Hold,2020-02-13 10:00:00,79.31,2200.4180477464874,Hold,2200.4180477464906,2561.6925064599905
Hold,2020-02-13 11:00:00,79.25,2198.753376420491,Hold,2198.753376420494,2559.7545219638664
Hold,2020-02-13 12:00:00,80.58,2235.653590813415,Hold,2235.6535908134188,2602.7131782946167
Hold,2020-02-13 13:00:00,80.48,2232.879138603421,Hold,2232.8791386034245,2599.4832041344102
Sell,2020-02-13 14:00:00,80.52,2233.9889194874186,Sinal: Venda,2233.988919487422,2600.7751937984926
Buy,2020-02-13 22:00:00,79.88,2233.9889194874186,Sinal: Compra,2233.988919487422,2580.1033591731693
Hold,2020-02-13 23:00:00,80.55,2248.223482693911,Hold,2248.223482693915,2601.744186046555
Hold,2020-02-14 00:00:00,80.68,2251.851900481003,Hold,2251.851900481007,2605.943152454824
Hold,2020-02-14 01:00:00,80.43,2244.8741739673656,Hold,2244.874173967369,2597.868217054307
Hold,2020-02-14 02:00:00,81.43,2272.7850800219144,Hold,2272.785080021918,2630.1679586563746
Hold,2020-02-14 03:00:00,81.25,2267.7611169320953,Hold,2267.761116932099,2624.354005168002
Hold,2020-02-14 04:00:00,80.72,2252.9683367231846,Hold,2252.9683367231883,2607.2351421189055
Hold,2020-02-14 05:00:00,80.2,2238.4546655748195,Hold,2238.4546655748227,2590.4392764858308
Hold,2020-02-14 06:00:00,80.33,2242.0830833619107,Hold,2242.083083361914,2594.638242894099
Hold,2020-02-14 07:00:00,79.66,2223.3827763053628,Hold,2223.3827763053664,2572.997416020714
Hold,2020-02-14 08:00:00,80.51,2247.1070464517297,Hold,2247.1070464517334,2600.4521963824714
Hold,2020-02-14 09:00:00,81.64,2278.6463702933697,Hold,2278.6463702933734,2636.950904392808
Hold,2020-02-14 10:00:00,81.93,2286.7405330491893,Hold,2286.740533049193,2646.3178294574077
Hold,2020-02-14 11:00:00,81.94,2287.0196421097344,Hold,2287.0196421097376,2646.6408268734285
Hold,2020-02-14 12:00:00,81.76,2281.9956790199158,Hold,2281.995679019919,2640.826873385057
Hold,2020-02-14 13:00:00,81.47,2273.9015162640962,Hold,2273.9015162641,2631.459948320457
Hold,2020-02-14 14:00:00,81.42,2272.505970961369,Hold,2272.5059709613724,2629.8449612403533
Hold,2020-02-14 15:00:00,81.37,2271.1104256586414,Hold,2271.110425658645,2628.22997416025
Hold,2020-02-14 16:00:00,81.84,2284.2285515042795,Hold,2284.228551504283,2643.410852713222
Hold,2020-02-14 17:00:00,81.8,2283.112115262097,Hold,2283.1121152621013,2642.1188630491392
Hold,2020-02-14 18:00:00,82.66,2307.1154944690097,Hold,2307.115494469014,2669.8966408269175
Hold,2020-02-14 19:00:00,82.57,2304.6035129241,Hold,2304.6035129241036,2666.989664082731
Hold,2020-02-14 20:00:00,82.39,2299.5795498342814,Hold,2299.5795498342854,2661.175710594359
Hold,2020-02-14 21:00:00,82.82,2311.581239437737,Hold,2311.5812394377413,2675.064599483248
Hold,2020-02-14 22:00:00,83.48,2330.00243743374,Hold,2330.0024374337436,2696.382428940613
Hold,2020-02-14 23:00:00,83.14,2320.5127293751925,Hold,2320.5127293751966,2685.40051679591
Hold,2020-02-15 00:00:00,82.94,2314.930548164283,Hold,2314.9305481642873,2678.9405684754965
Hold,2020-02-15 01:00:00,81.29,2268.8775531742776,Hold,2268.8775531742817,2625.6459948320853
Hold,2020-02-15 02:00:00,80.37,2243.1995196040925,Hold,2243.1995196040966,2595.9302325581825
Hold,2020-02-15 03:00:00,81.49,2274.459734385187,Hold,2274.459734385191,2632.1059431524986
Hold,2020-02-15 04:00:00,80.74,2253.526554844276,Hold,2253.52655484428,2607.8811369509476
Hold,2020-02-15 05:00:00,80.19,2238.1755565142735,Hold,2238.1755565142776,2590.116279069811
Hold,2020-02-15 06:00:00,80.62,2250.17724611773,Hold,2250.1772461177343,2604.0051679587
Hold,2020-02-15 07:00:00,79.89,2229.8022846979093,Hold,2229.802284697913,2580.4263565891906
Hold,2020-02-15 08:00:00,80.08,2235.1053568482735,Hold,2235.1053568482776,2586.563307493584
Hold,2020-02-15 09:00:00,81.72,2280.8792427777335,Hold,2280.8792427777375,2639.534883720975
Hold,2020-02-15 10:00:00,81.23,2267.2028988110046,Hold,2267.2028988110087,2623.708010335962
Hold,2020-02-15 11:00:00,80.85,2256.596754510276,Hold,2256.59675451028,2611.4341085271762
Hold,2020-02-15 12:00:00,81.12,2264.132699145004,Hold,2264.1326991450087,2620.1550387597345
Hold,2020-02-15 13:00:00,81.09,2263.295371963368,Hold,2263.2953719633724,2619.1860465116724
Hold,2020-02-15 14:00:00,81.42,2272.505970961369,Hold,2272.5059709613734,2629.8449612403547
Hold,2020-02-15 15:00:00,78.93,2203.0078148855423,Hold,2203.0078148855464,2549.4186046512064
Hold,2020-02-15 16:00:00,77.08,2151.3726386846265,Hold,2151.3726386846306,2489.664082687381
Hold,2020-02-15 17:00:00,75.46,2106.156970876257,Hold,2106.1569708762613,2437.338501292031
Hold,2020-02-15 18:00:00,76.68,2140.2082762628074,Hold,2140.2082762628115,2476.744186046554
Hold,2020-02-15 19:00:00,76.37,2131.555895385897,Hold,2131.5558953859013,2466.731266149913
Hold,2020-02-15 20:00:00,76.71,2141.0456034444433,Hold,2141.045603444448,2477.713178294616
Hold,2020-02-15 21:00:00,77.16,2153.6055111689907,Hold,2153.6055111689952,2492.248062015546
Hold,2020-02-15 22:00:00,76.97,2148.3024390186265,Hold,2148.302439018631,2486.111111111153
Hold,2020-02-15 23:00:00,76.7,2140.766494383898,Hold,2140.766494383902,2477.3901808785954
Hold,2020-02-16 00:00:00,78.25,2184.028398768449,Hold,2184.0283987684534,2527.4547803618007
Hold,2020-02-16 01:00:00,78.05,2178.446217557539,Hold,2178.4462175575436,2520.9948320413873
Hold,2020-02-16 02:00:00,80.59,2249.3399189360935,Hold,2249.339918936098,2603.0361757106393
Hold,2020-02-16 03:00:00,79.58,2221.1499038209986,Hold,2221.149903821003,2570.413436692551
Hold,2020-02-16 04:00:00,79.89,2229.8022846979093,Hold,2229.802284697914,2580.426356589192
Sell,2020-02-16 05:00:00,78.57,2192.959888705904,Sinal: Venda,2192.959888705909,2537.7906976744625
Buy,2020-02-19 01:00:00,76.47,2192.959888705904,Sinal: Compra,2192.959888705909,2469.9612403101205
Hold,2020-02-19 02:00:00,77.74,2224.9236409729665,Hold,2224.923640972971,2510.9819121447463
Hold,2020-02-19 03:00:00,77.65,2222.3478353685477,Hold,2222.3478353685523,2508.07493540056
Hold,2020-02-19 04:00:00,77.18,2208.896406101024,Hold,2208.8964061010283,2492.8940568475887
Hold,2020-02-19 05:00:00,77.42,2215.765221046142,Hold,2215.765221046146,2500.645994832085
Hold,2020-02-19 06:00:00,76.15,2179.4177419615567,Hold,2179.4177419615608,2459.625322997459
Hold,2020-02-19 07:00:00,76.58,2191.7243687382274,Hold,2191.724368738231,2473.5142118863478
Hold,2020-02-19 08:00:00,77.69,2223.4926378594,Hold,2223.4926378594037,2509.366925064643
Hold,2020-02-19 09:00:00,77.05,2205.175798005751,Hold,2205.1757980057546,2488.6950904393198
Hold,2020-02-19 10:00:00,77.23,2210.32740921459,Hold,2210.327409214594,2494.5090439276923
Hold,2020-02-19 11:00:00,77.28,2211.758412328156,Hold,2211.75841232816,2496.124031007796
Hold,2020-02-19 17:00:00,77.35,2213.761816687149,Hold,2213.761816687153,2498.3850129199404
Hold,2020-02-19 18:00:00,77.51,2218.341026650561,Hold,2218.3410266505653,2503.552971576272
Hold,2020-02-19 19:00:00,76.46,2188.289961265668,Hold,2188.289961265672,2469.6382428941
Hold,2020-02-19 20:00:00,76.33,2184.5693531703955,Hold,2184.5693531703996,2465.4392764858317
Hold,2020-02-19 21:00:00,70.88,2028.5900137916628,Hold,2028.5900137916667,2289.405684754562
Hold,2020-02-19 22:00:00,72.51,2075.2407152939263,Hold,2075.240715293931,2342.0542635659326
Hold,2020-02-19 23:00:00,70.61,2020.8625969784046,Hold,2020.862596978409,2280.684754522004
Hold,2020-02-20 00:00:00,71.92,2058.3548785538433,Hold,2058.354878553848,2322.997416020713
Hold,2020-02-20 01:00:00,71.49,2046.0482517771723,Hold,2046.0482517771768,2309.108527131824
Hold,2020-02-20 02:00:00,71.29,2040.324239322907,Hold,2040.3242393229114,2302.6485788114105
Hold,2020-02-20 03:00:00,71.03,2032.883023132362,Hold,2032.8830231323661,2294.2506459948727
Hold,2020-02-20 04:00:00,71.08,2034.3140262459283,Hold,2034.3140262459326,2295.865633074976
Hold,2020-02-20 05:00:00,70.34,2013.1351801651465,Hold,2013.1351801651508,2271.963824289446
Hold,2020-02-20 06:00:00,71.1,2034.8864274913547,Hold,2034.8864274913594,2296.511627907017
Hold,2020-02-20 07:00:00,70.87,2028.3038131689498,Hold,2028.3038131689545,2289.082687338542
Hold,2020-02-20 08:00:00,70.24,2010.2731739380135,Hold,2010.2731739380183,2268.7338501292393
Hold,2020-02-20 09:00:00,70.38,2014.2799826559992,Hold,2014.2799826560038,2273.2558139535286
Hold,2020-02-20 10:00:00,70.18,2008.5559702017342,Hold,2008.5559702017388,2266.795865633115
Trailing-Stop,2020-02-20 11:00:00,69.1,1977.6463029487006,Trailing stop 10.0% hit,1977.646302948705,2231.9121447028815
Buy,2020-02-22 19:00:00,75.18,1977.6463029487006,Sinal: Compra,1977.646302948705,2428.294573643454
Hold,2020-02-22 20:00:00,75.53,1982.8815028307686,Hold,1982.8815028307731,2439.5994832041774
Hold,2020-02-22 21:00:00,75.54,1983.1440318262448,Hold,1983.1440318262491,2439.922480620198
Hold,2020-02-22 22:00:00,75.33,1977.6309229212472,Hold,1977.6309229212516,2433.139534883763
Hold,2020-02-22 23:00:00,74.79,1963.4543571655395,Hold,1963.4543571655438,2415.697674418647
Hold,2020-02-23 00:00:00,75.84,1991.019901690527,Hold,1991.0199016905312,2449.6124031008176
Hold,2020-02-23 01:00:00,75.03,1969.755053056965,Hold,1969.7550530569692,2423.449612403143
Hold,2020-02-23 02:00:00,75.34,1977.8934519167235,Hold,1977.8934519167278,2433.4625322997845
Hold,2020-02-23 03:00:00,75.71,1987.6070247493376,Hold,1987.607024749342,2445.413436692549
Hold,2020-02-23 04:00:00,76.9,2018.8479752109906,Hold,2018.8479752109952,2483.85012919901
Hold,2020-02-23 05:00:00,77.51,2034.862243935031,Hold,2034.8622439350356,2503.5529715762714
Hold,2020-02-23 06:00:00,78.81,2068.9910133469198,Hold,2068.991013346924,2545.5426356589596
Hold,2020-02-23 07:00:00,78.61,2063.7404334373987,Hold,2063.7404334374028,2539.082687338546
Hold,2020-02-23 08:00:00,78.66,2065.053078414779,Hold,2065.053078414783,2540.6976744186486
Hold,2020-02-23 09:00:00,78.9,2071.3537743062047,Hold,2071.3537743062093,2548.4496124031452
Hold,2020-02-23 10:00:00,78.59,2063.2153754464466,Hold,2063.2153754464507,2538.436692506504
Hold,2020-02-23 11:00:00,77.99,2047.4636357178822,Hold,2047.4636357178863,2519.0568475452633
Hold,2020-02-23 12:00:00,78.51,2061.115143482638,Hold,2061.115143482642,2535.852713178339
Hold,2020-02-23 13:00:00,79.09,2076.3418252202505,Hold,2076.341825220254,2554.586563307538
Hold,2020-02-23 14:00:00,79.67,2091.568506957862,Hold,2091.568506957866,2573.3204134367375
Hold,2020-02-23 15:00:00,78.72,2066.6282523876357,Hold,2066.6282523876393,2542.635658914773
Hold,2020-02-23 16:00:00,78.65,2064.790549419303,Hold,2064.7905494193064,2540.3746770026287
Hold,2020-02-23 17:00:00,78.78,2068.203426360492,Hold,2068.203426360496,2544.573643410897
Hold,2020-02-23 18:00:00,78.69,2065.840665401207,Hold,2065.8406654012106,2541.666666666711
Hold,2020-02-23 19:00:00,78.5,2060.852614487162,Hold,2060.8526144871657,2535.529715762318
Hold,2020-02-23 20:00:00,78.45,2059.5399695097817,Hold,2059.5399695097854,2533.914728682215
Hold,2020-02-23 21:00:00,78.73,2066.8907813831115,Hold,2066.890781383115,2542.9586563307944
Hold,2020-02-23 22:00:00,79.22,2079.754702161439,Hold,2079.7547021614428,2558.7855297158076
Hold,2020-02-23 23:00:00,79.52,2087.630572025721,Hold,2087.6305720257246,2568.4754521964283
Hold,2020-02-24 00:00:00,79.04,2075.02918024287,Hold,2075.0291802428737,2552.971576227436
Hold,2020-02-24 01:00:00,78.17,2052.1891576364515,Hold,2052.1891576364546,2524.870801033637
Hold,2020-02-24 02:00:00,75.98,1994.6953076271918,Hold,1994.6953076271952,2454.134366925108
Hold,2020-02-24 03:00:00,76.55,2009.659460369328,Hold,2009.659460369331,2472.5452196382867
Hold,2020-02-24 04:00:00,76.52,2008.8718733828994,Hold,2008.8718733829025,2471.576227390224
Hold,2020-02-24 05:00:00,76.63,2011.7596923331364,Hold,2011.7596923331398,2475.129198966452
Hold,2020-02-24 06:00:00,76.22,2000.9960035186175,Hold,2000.9960035186207,2461.886304909604
Hold,2020-02-24 07:00:00,76.02,1995.7454236090962,Hold,1995.7454236090991,2455.42635658919
Hold,2020-02-24 08:00:00,76.16,1999.420829545761,Hold,1999.420829545764,2459.94832041348
Hold,2020-02-24 09:00:00,75.71,1987.6070247493376,Hold,1987.6070247493406,2445.4134366925496
Hold,2020-02-24 10:00:00,76.07,1997.0580685864763,Hold,1997.058068586479,2457.0413436692943
Hold,2020-02-24 11:00:00,77.29,2029.0866060345572,Hold,2029.0866060345597,2496.4470284238173
Hold,2020-02-24 12:00:00,76.71,2013.8599242969449,Hold,2013.8599242969474,2477.7131782946176
Hold,2020-02-24 13:00:00,76.03,1996.0079526045722,Hold,1996.007952604575,2455.749354005212
Hold,2020-02-24 14:00:00,75.47,1981.3063288579121,Hold,1981.3063288579149,2437.661498708054
Hold,2020-02-24 15:00:00,74.8,1963.7168861610153,Hold,1963.716886161018,2416.0206718346685
Hold,2020-02-24 16:00:00,74.46,1954.7909003148288,Hold,1954.7909003148316,2405.038759689965
Hold,2020-02-24 17:00:00,72.8,1911.211087065801,Hold,1911.2110870658037,2351.421188630533
Hold,2020-02-24 18:00:00,73.3,1924.3375368396046,Hold,1924.337536839607,2367.5710594315665
Hold,2020-02-24 19:00:00,74.39,1952.9531973464964,Hold,1952.9531973464989,2402.7777777778206
Sell,2020-02-24 20:00:00,74.27,1949.8028494007835,Sinal: Venda,1949.802849400786,2398.901808785572
Buy,2020-02-24 22:00:00,75.06,1949.8028494007835,Sinal: Compra,1949.802849400786,2424.418604651206
Hold,2020-02-24 23:00:00,75.59,1959.6452648152172,Hold,1959.6452648152194,2441.5374677003015
Hold,2020-02-25 00:00:00,75.24,1950.5716328177923,Hold,1950.5716328177944,2430.2325581395776
Hold,2020-02-25 01:00:00,74.27,1925.4247098535013,Hold,1925.4247098535036,2398.9018087855716
Hold,2020-02-25 02:00:00,74.8,1939.1647811638873,Hold,1939.1647811638895,2416.0206718346676
Hold,2020-02-25 03:00:00,74.44,1929.8319025379647,Hold,1929.831902537967,2404.3927648579233
Hold,2020-02-25 04:00:00,74.19,1923.3507368255187,Hold,1923.350736825521,2396.3178294574063
Hold,2020-02-25 05:00:00,73.39,1902.611006545691,Hold,1902.6110065456933,2370.478036175752
Hold,2020-02-25 06:00:00,73.53,1906.2404593446608,Hold,1906.2404593446631,2375.0000000000414
Hold,2020-02-25 07:00:00,73.81,1913.4993649426006,Hold,1913.4993649426026,2384.0439276486204
Hold,2020-02-25 08:00:00,73.85,1914.5363514565918,Hold,1914.5363514565938,2385.335917312703
Hold,2020-02-25 09:00:00,73.97,1917.6473109985661,Hold,1917.6473109985684,2389.2118863049513
Hold,2020-02-25 10:00:00,73.97,1917.6473109985661,Hold,1917.6473109985684,2389.2118863049513
Hold,2020-02-25 11:00:00,75.04,1945.3867002478357,Hold,1945.386700247838,2423.772609819164
Hold,2020-02-25 12:00:00,74.82,1939.6832744208828,Hold,1939.683274420885,2416.6666666667084
Hold,2020-02-25 13:00:00,74.28,1925.6839564819993,Hold,1925.6839564820013,2399.224806201592
Hold,2020-02-25 14:00:00,72.13,1869.9459313549623,Hold,1869.9459313549644,2329.780361757146
Hold,2020-02-25 15:00:00,72.12,1869.6866847264646,Hold,1869.6866847264669,2329.4573643411254
Hold,2020-02-25 16:00:00,70.04,1815.7633859989128,Hold,1815.7633859989148,2262.2739018088246
Hold,2020-02-25 17:00:00,70.35,1823.8000314823457,Hold,1823.800031482348,2272.286821705465
Hold,2020-02-25 18:00:00,71.34,1849.4654477036327,Hold,1849.4654477036347,2304.2635658915124
Hold,2020-02-25 19:00:00,70.68,1832.355170222775,Hold,1832.3551702227771,2282.9457364341483
Hold,2020-02-25 20:00:00,70.67,1832.095923594277,Hold,1832.0959235942794,2282.6227390181275
Hold,2020-02-25 21:00:00,71.67,1858.0205864440616,Hold,1858.020586444064,2314.9224806201955
Hold,2020-02-25 22:00:00,72.04,1867.6127116984821,Hold,1867.6127116984844,2326.8733850129606
Hold,2020-02-25 23:00:00,70.98,1840.1325690777103,Hold,1840.1325690777126,2292.6356589147686
Hold,2020-02-26 00:00:00,70.68,1832.355170222775,Hold,1832.3551702227774,2282.9457364341483
Hold,2020-02-26 01:00:00,68.63,1779.2096113807163,Hold,1779.2096113807186,2216.7312661499095
Hold,2020-02-26 02:00:00,68.56,1777.3948849812314,Hold,1777.3948849812336,2214.4702842377646
Hold,2020-02-26 03:00:00,68.62,1778.9503647522185,Hold,1778.9503647522206,2216.408268733889
Hold,2020-02-26 04:00:00,68.63,1779.2096113807163,Hold,1779.2096113807186,2216.73126614991
Hold,2020-02-26 05:00:00,69.48,1801.2455748030334,Hold,1801.2455748030357,2244.186046511668
Hold,2020-02-26 06:00:00,69.51,1802.0233146885269,Hold,1802.0233146885291,2245.15503875973
Trailing-Stop,2020-02-26 07:00:00,67.65,1753.8034417879276,Trailing stop 10.0% hit,1753.8034417879298,2185.077519379884
Buy,2020-03-03 02:00:00,60.76,1753.8034417879276,Sinal: Compra,1753.8034417879298,1962.532299741637
Hold,2020-03-03 03:00:00,61.33,1766.7174311298381,Hold,1766.7174311298404,1980.9431524548156
Hold,2020-03-03 04:00:00,60.84,1752.6021279950983,Hold,1752.6021279951005,1965.1162790698024
Hold,2020-03-03 05:00:00,61.21,1763.2606221988817,Hold,1763.260622198884,1977.0671834625675
Hold,2020-03-03 06:00:00,60.48,1742.2317012022277,Hold,1742.23170120223,1953.488372093058
Hold,2020-03-03 07:00:00,60.35,1738.4868248603577,Hold,1738.48682486036,1949.2894056847895
Hold,2020-03-03 08:00:00,60.7,1748.5691842423153,Hold,1748.5691842423175,1960.5943152455131
Hold,2020-03-03 09:00:00,61.26,1764.7009592534469,Hold,1764.7009592534494,1978.6821705426712
Hold,2020-03-03 10:00:00,61.77,1779.3923972100133,Hold,1779.3923972100156,1995.1550387597256
Hold,2020-03-03 11:00:00,61.97,1785.1537454282745,Hold,1785.1537454282766,2001.614987080139
Hold,2020-03-03 12:00:00,60.86,1753.1782628169242,Hold,1753.1782628169262,1965.7622739018436
Hold,2020-03-03 13:00:00,61.07,1759.2276784460987,Hold,1759.2276784461008,1972.5452196382778
Hold,2020-03-03 14:00:00,60.56,1744.5362404895322,Hold,1744.536240489534,1956.0723514212232
Hold,2020-03-03 15:00:00,60.61,1745.9765775440976,Hold,1745.9765775440997,1957.6873385013264
Hold,2020-03-03 16:00:00,59.93,1726.3879936020091,Hold,1726.3879936020112,1935.7235142119205
Hold,2020-03-03 17:00:00,60.31,1737.3345552167057,Hold,1737.334555216708,1947.9974160207064
Hold,2020-03-03 18:00:00,60.78,1750.8737235296198,Hold,1750.8737235296219,1963.178294573678
Hold,2020-03-03 19:00:00,61.08,1759.5157458570116,Hold,1759.5157458570136,1972.868217054298
Hold,2020-03-03 20:00:00,60.53,1743.6720382567933,Hold,1743.672038256795,1955.1033591731607
Hold,2020-03-03 21:00:00,60.77,1750.5856561187068,Hold,1750.5856561187086,1962.8552971576573
Hold,2020-03-03 22:00:00,61.18,1762.3964199661423,Hold,1762.396419966144,1976.098191214505
Hold,2020-03-03 23:00:00,61.01,1757.4992739806203,Hold,1757.499273980622,1970.6072351421533
Hold,2020-03-04 00:00:00,61.2,1762.9725547879684,Hold,1762.9725547879702,1976.7441860465462
Hold,2020-03-04 01:00:00,61.21,1763.2606221988817,Hold,1763.2606221988835,1977.0671834625668
Hold,2020-03-04 02:00:00,61.35,1767.2935659516645,Hold,1767.293565951666,1981.5891472868564
Hold,2020-03-04 03:00:00,61.17,1762.1083525552294,Hold,1762.108352555231,1975.775193798484
Hold,2020-03-04 04:00:00,61.68,1776.7997905117957,Hold,1776.7997905117973,1992.2480620155388
Hold,2020-03-04 05:00:00,61.32,1766.4293637189253,Hold,1766.4293637189269,1980.6201550387943
Hold,2020-03-04 06:00:00,60.74,1749.7214538859675,Hold,1749.7214538859691,1961.8863049095949
Hold,2020-03-04 07:00:00,60.86,1753.1782628169242,Hold,1753.1782628169258,1965.7622739018427
Hold,2020-03-04 08:00:00,60.92,1754.9066672824026,Hold,1754.9066672824042,1967.700258397967
Hold,2020-03-04 09:00:00,60.68,1747.9930494204891,Hold,1747.9930494204907,1959.9483204134706
Hold,2020-03-04 11:00:00,60.06,1730.132869943879,Hold,1730.1328699438807,1939.9224806201887
Hold,2020-03-04 12:00:00,60.21,1734.453881107575,Hold,1734.4538811075768,1944.7674418604988
Hold,2020-03-04 13:00:00,60.53,1743.6720382567933,Hold,1743.6720382567948,1955.1033591731605
Hold,2020-03-04 14:00:00,60.12,1731.861274409357,Hold,1731.8612744093587,1941.8604651163128
Hold,2020-03-04 15:00:00,59.22,1705.9352074271815,Hold,1705.9352074271833,1912.7906976744518
Hold,2020-03-04 16:00:00,59.52,1714.5772297545732,Hold,1714.5772297545748,1922.480620155072
Hold,2020-03-04 17:00:00,59.7,1719.7624431510087,Hold,1719.76244315101,1928.2945736434442
Hold,2020-03-04 18:00:00,59.61,1717.1698364527908,Hold,1717.1698364527922,1925.387596899258
Hold,2020-03-04 19:00:00,59.74,1720.9147127946608,Hold,1720.9147127946621,1929.5865633075268
Hold,2020-03-04 20:00:00,59.66,1718.6101735073562,Hold,1718.6101735073576,1927.0025839793611
Hold,2020-03-04 21:00:00,60.01,1728.6925328893135,Hold,1728.6925328893149,1938.3074935400848
Hold,2020-03-04 22:00:00,60.31,1737.3345552167057,Hold,1737.334555216707,1947.9974160207053
Hold,2020-03-04 23:00:00,60.38,1739.3510270930972,Hold,1739.3510270930985,1950.2583979328501
Hold,2020-03-05 00:00:00,60.8,1751.4498583514458,Hold,1751.4498583514471,1963.8242894057182
Hold,2020-03-05 01:00:00,60.96,1756.058936926055,Hold,1756.0589369260565,1968.9922480620494
Hold,2020-03-05 02:00:00,61.05,1758.6515436242723,Hold,1758.6515436242737,1971.8992248062352
Hold,2020-03-05 03:00:00,60.66,1747.4169145986627,Hold,1747.416914598664,1959.3023255814287
Hold,2020-03-05 04:00:00,60.78,1750.8737235296198,Hold,1750.8737235296214,1963.1782945736768
Hold,2020-03-05 05:00:00,61.49,1771.3265097044475,Hold,1771.326509704449,1986.1111111111452
Hold,2020-03-05 06:00:00,61.45,1770.1742400607952,Hold,1770.1742400607968,1984.8191214470623
Hold,2020-03-05 07:00:00,61.23,1763.8367570207074,Hold,1763.836757020709,1977.7131782946071
Hold,2020-03-05 08:00:00,61.43,1769.5981052389689,Hold,1769.5981052389704,1984.173126615021
Hold,2020-03-05 09:00:00,62.21,1792.0673632901883,Hold,1792.06736329019,2009.3669250646337
Hold,2020-03-05 10:00:00,62.88,1811.3678798213639,Hold,1811.3678798213657,2031.0077519380193
Hold,2020-03-05 11:00:00,62.58,1802.7258574939717,Hold,1802.7258574939735,2021.3178294573986
Hold,2020-03-05 12:00:00,62.5,1800.4213182066671,Hold,1800.4213182066687,2018.733850129233
Hold,2020-03-05 13:00:00,62.52,1800.9974530284935,Hold,1800.997453028495,2019.3798449612746
Hold,2020-03-05 14:00:00,61.81,1780.5446668536656,Hold,1780.5446668536672,1996.4470284238064
Hold,2020-03-05 15:00:00,62.35,1796.1003070429713,Hold,1796.100307042973,2013.888888888923
Hold,2020-03-05 16:00:00,62.68,1805.6065316031024,Hold,1805.6065316031045,2024.5478036176055
Hold,2020-03-05 17:00:00,62.9,1811.9440146431898,Hold,1811.9440146431918,2031.6537467700605
Hold,2020-03-05 18:00:00,62.59,1803.0139249048848,Hold,1803.0139249048866,2021.6408268734197
Hold,2020-03-05 19:00:00,62.61,1803.590059726711,Hold,1803.590059726713,2022.2868217054609
Hold,2020-03-05 20:00:00,62.35,1796.1003070429713,Hold,1796.1003070429733,2013.888888888923
Hold,2020-03-05 21:00:00,62.2,1791.7792958792752,Hold,1791.779295879277,2009.0439276486131
Hold,2020-03-05 22:00:00,61.63,1775.3594534572303,Hold,1775.3594534572321,1990.6330749354345
Hold,2020-03-05 23:00:00,62.06,1787.7463521264922,Hold,1787.746352126494,2004.5219638243234
Hold,2020-03-06 00:00:00,61.3,1765.8532288970991,Hold,1765.853228897101,1979.974160206752
Hold,2020-03-06 01:00:00,61.65,1775.9355882790564,Hold,1775.9355882790585,1991.2790697674757
Hold,2020-03-06 02:00:00,61.59,1774.2071838135782,Hold,1774.2071838135803,1989.3410852713516
Hold,2020-03-06 03:00:00,61.49,1771.3265097044475,Hold,1771.3265097044496,1986.1111111111447
Hold,2020-03-06 04:00:00,61.55,1773.0549141699257,Hold,1773.0549141699278,1988.0490956072686
Hold,2020-03-06 05:00:00,62.58,1802.7258574939717,Hold,1802.7258574939738,2021.3178294573986
Hold,2020-03-06 06:00:00,62.42,1798.1167789193628,Hold,1798.1167789193648,2016.1498708010677
Hold,2020-03-06 07:00:00,62.4,1797.5406440975364,Hold,1797.5406440975385,2015.5038759690265
Hold,2020-03-06 08:00:00,62.78,1808.4872057122332,Hold,1808.4872057122354,2027.7777777778124
Hold,2020-03-06 09:00:00,62.63,1804.166194548537,Hold,1804.1661945485394,2022.932816537502
Hold,2020-03-06 10:00:00,63.04,1815.9769583959726,Hold,1815.9769583959749,2036.1757105943498
Hold,2020-03-06 11:00:00,63.42,1826.9235200106693,Hold,1826.9235200106716,2048.4496124031357
Hold,2020-03-06 12:00:00,62.88,1811.3678798213639,Hold,1811.3678798213664,2031.0077519380188
Hold,2020-03-06 13:00:00,62.41,1797.8287115084495,Hold,1797.8287115084522,2015.8268733850466
Hold,2020-03-06 14:00:00,62.41,1797.8287115084495,Hold,1797.8287115084522,2015.8268733850466
Hold,2020-03-06 15:00:00,61.82,1780.8327342645787,Hold,1780.8327342645814,1996.7700258398268
Hold,2020-03-06 16:00:00,62.12,1789.4747565919706,Hold,1789.4747565919733,2006.459948320447
Hold,2020-03-06 17:00:00,62.41,1797.8287115084495,Hold,1797.8287115084522,2015.8268733850466
Hold,2020-03-06 18:00:00,62.07,1788.0344195374053,Hold,1788.0344195374078,2004.8449612403435
Hold,2020-03-06 19:00:00,62.38,1796.9645092757105,Hold,1796.9645092757132,2014.8578811369848
Hold,2020-03-06 20:00:00,62.42,1798.1167789193628,Hold,1798.1167789193655,2016.1498708010677
Hold,2020-03-06 21:00:00,62.89,1811.6559472322767,Hold,1811.6559472322792,2031.3307493540394
Hold,2020-03-06 22:00:00,62.68,1805.6065316031024,Hold,1805.606531603105,2024.547803617605
Hold,2020-03-06 23:00:00,63.22,1821.162171792408,Hold,1821.1621717924102,2041.9896640827212
Hold,2020-03-07 00:00:00,63.08,1817.129228039625,Hold,1817.1292280396274,2037.4677002584317
Hold,2020-03-07 01:00:00,62.59,1803.0139249048848,Hold,1803.013924904887,2021.6408268734187
Hold,2020-03-07 02:00:00,62.77,1808.19913830132,Hold,1808.1991383013226,2027.4547803617913
Hold,2020-03-07 03:00:00,62.84,1810.2156101777114,Hold,1810.2156101777139,2029.715762273936
Hold,2020-03-07 04:00:00,63.12,1818.2814976832774,Hold,1818.28149768328,2038.7596899225146
Hold,2020-03-07 05:00:00,63.17,1819.7218347378428,Hold,1819.7218347378453,2040.3746770026178
Hold,2020-03-07 06:00:00,63.12,1818.2814976832774,Hold,1818.28149768328,2038.7596899225146
Hold,2020-03-07 07:00:00,63.08,1817.129228039625,Hold,1817.1292280396276,2037.4677002584317
Hold,2020-03-07 08:00:00,63.33,1824.3309133124517,Hold,1824.3309133124542,2045.5426356589483
Hold,2020-03-07 09:00:00,63.59,1831.8206659961916,Hold,1831.820665996194,2053.940568475486
Hold,2020-03-07 10:00:00,63.11,1817.993430272364,Hold,1817.9934302723666,2038.4366925064935
Hold,2020-03-07 11:00:00,63.05,1816.265025806886,Hold,1816.2650258068884,2036.4987080103695
Hold,2020-03-07 12:00:00,62.52,1800.9974530284935,Hold,1800.997453028496,2019.3798449612736
Hold,2020-03-07 13:00:00,62.52,1800.9974530284935,Hold,1800.997453028496,2019.3798449612736
Hold,2020-03-07 14:00:00,62.77,1808.19913830132,Hold,1808.1991383013226,2027.4547803617904
Hold,2020-03-07 15:00:00,62.93,1812.808216875929,Hold,1812.8082168759315,2032.6227390181214
Sell,2020-03-07 16:00:00,61.87,1782.273071319144,Sinal: Venda,1782.2730713191465,1998.3850129199295
Buy,2020-03-15 21:00:00,38.55,1782.273071319144,Sinal: Compra,1782.2730713191465,1245.1550387597104
Hold,2020-03-15 22:00:00,36.28,1673.971723846191,Hold,1673.9717238461933,1171.8346253230168
Hold,2020-03-15 23:00:00,36.38,1678.585758366164,Hold,1678.5857583661664,1175.0645994832237
Hold,2020-03-16 00:00:00,35.57,1641.212078754383,Hold,1641.2120787543852,1148.9018087855486
Hold,2020-03-16 01:00:00,35.84,1653.66997195831,Hold,1653.6699719583123,1157.622739018107
Hold,2020-03-16 02:00:00,36.3,1674.8945307501854,Hold,1674.8945307501876,1172.480620155058
Hold,2020-03-16 03:00:00,35.82,1652.7471650543152,Hold,1652.7471650543175,1156.9767441860654
Hold,2020-03-16 04:00:00,35.32,1629.6769924544506,Hold,1629.6769924544528,1140.8268733850316
Stop-Loss,2020-03-16 05:00:00,34.13,1574.7699816667723,SL 10.0% hit,1574.7699816667744,1102.390180878571
Buy,2020-03-19 15:00:00,36.96,1574.7699816667723,Sinal: Compra,1574.7699816667744,1193.7984496124225
Hold,2020-03-19 16:00:00,39.0,1658.3673875125376,Hold,1658.3673875125396,1259.689922480641
Hold,2020-03-19 17:00:00,40.03,1702.165295439151,Hold,1702.165295439153,1292.9586563307705
Hold,2020-03-19 18:00:00,38.63,1642.6341584515214,Hold,1642.6341584515235,1247.7390180878756
Hold,2020-03-19 19:00:00,38.86,1652.4142738137748,Hold,1652.4142738137768,1255.1679586563512
Hold,2020-03-19 20:00:00,39.67,1686.857288785189,Hold,1686.857288785191,1281.330749354026
Hold,2020-03-19 21:00:00,39.9,1696.6374041474423,Hold,1696.6374041474446,1288.7596899225016
Hold,2020-03-19 22:00:00,40.08,1704.2914074744233,Hold,1704.2914074744258,1294.573643410874
Hold,2020-03-19 23:00:00,38.9,1654.1151634419928,Hold,1654.115163441995,1256.459948320434
Hold,2020-03-20 00:00:00,39.36,1673.6753941664997,Hold,1673.675394166502,1271.317829457385
Hold,2020-03-20 01:00:00,38.76,1648.1620497432298,Hold,1648.162049743232,1251.9379844961445
Hold,2020-03-20 02:00:00,38.72,1646.4611601150118,Hold,1646.4611601150143,1250.645994832062
Hold,2020-03-20 03:00:00,38.53,1638.3819343809764,Hold,1638.381934380979,1244.5090439276692
Hold,2020-03-20 04:00:00,38.95,1656.2412754772654,Hold,1656.241275477268,1258.0749354005377
Hold,2020-03-20 05:00:00,39.38,1674.5258389806086,Hold,1674.5258389806113,1271.9638242894266
Hold,2020-03-20 06:00:00,39.4,1675.3762837947177,Hold,1675.3762837947202,1272.609819121468
Hold,2020-03-20 07:00:00,39.93,1697.9130713686059,Hold,1697.9130713686086,1289.728682170564
Hold,2020-03-20 08:00:00,41.74,1774.8783270454699,Hold,1774.8783270454726,1348.1912144703065
Hold,2020-03-20 09:00:00,42.39,1802.5177835040122,Hold,1802.517783504015,1369.1860465116506
Hold,2020-03-20 10:00:00,43.2,1836.9607984754264,Hold,1836.9607984754293,1395.3488372093254
Hold,2020-03-20 11:00:00,41.52,1765.5234340902712,Hold,1765.523434090274,1341.0852713178517
Hold,2020-03-20 12:00:00,41.2,1751.9163170645272,Hold,1751.9163170645297,1330.7493540051903
Hold,2020-03-20 13:00:00,40.95,1741.2857568881648,Hold,1741.2857568881673,1322.6744186046733
Hold,2020-03-20 14:00:00,41.64,1770.626102974925,Hold,1770.6261029749276,1344.9612403100998
Hold,2020-03-20 15:00:00,41.33,1757.4442083562353,Hold,1757.4442083562376,1334.948320413459
Hold,2020-03-20 16:00:00,40.19,1708.9688539520228,Hold,1708.968853952025,1298.1266149871017
Hold,2020-03-20 17:00:00,40.29,1713.2210780225678,Hold,1713.22107802257,1301.3565891473083
Trailing-Stop,2020-03-20 18:00:00,38.16,1622.6487053199598,Trailing stop 10.0% hit,1622.648705319962,1232.5581395349038
Buy,2020-03-20 20:00:00,36.17,1622.6487053199598,Sinal: Compra,1622.648705319962,1168.2816537467893
Hold,2020-03-20 21:00:00,38.15,1708.0536885758547,Hold,1708.053688575857,1232.2351421188832
Hold,2020-03-20 22:00:00,37.6,1683.4290613486799,Hold,1683.4290613486821,1214.4702842377462
Hold,2020-03-20 23:00:00,38.08,1704.9196451105777,Hold,1704.9196451105802,1229.9741602067386
Hold,2020-03-21 00:00:00,37.64,1685.219943328838,Hold,1685.2199433288404,1215.762273901829
Hold,2020-03-21 01:00:00,38.52,1724.619346892318,Hold,1724.6193468923204,1244.1860465116488
Hold,2020-03-21 02:00:00,39.0,1746.1099306542158,Hold,1746.109930654218,1259.6899224806414
Hold,2020-03-21 03:00:00,38.73,1734.021477288148,Hold,1734.0214772881502,1250.968992248083
Hold,2020-03-21 04:00:00,38.11,1706.2628065956965,Hold,1706.2628065956985,1230.9431524548008
Hold,2020-03-21 05:00:00,37.45,1676.713253923087,Hold,1676.713253923089,1209.6253229974363
Hold,2020-03-21 06:00:00,38.33,1716.1126574865661,Hold,1716.1126574865684,1238.0490956072556
Hold,2020-03-21 07:00:00,37.74,1689.6971482792335,Hold,1689.6971482792358,1218.992248062036
Hold,2020-03-21 08:00:00,37.55,1681.190458873482,Hold,1681.190458873484,1212.8552971576428
Hold,2020-03-21 09:00:00,37.06,1659.2521546165447,Hold,1659.252154616547,1197.0284237726298
Hold,2020-03-21 10:00:00,37.03,1657.908993131426,Hold,1657.9089931314284,1196.0594315245678
Hold,2020-03-21 11:00:00,37.99,1700.890160655222,Hold,1700.8901606552245,1227.0671834625527
Hold,2020-03-21 12:00:00,37.84,1694.174353229629,Hold,1694.1743532296316,1222.2222222222426
Hold,2020-03-21 13:00:00,38.06,1704.024204120499,Hold,1704.0242041205015,1229.3281653746976
Hold,2020-03-21 14:00:00,38.37,1717.9035394667244,Hold,1717.903539466727,1239.3410852713384
Hold,2020-03-21 15:00:00,38.58,1727.3056698625549,Hold,1727.3056698625571,1246.1240310077726
Hold,2020-03-21 16:00:00,37.97,1699.9947196651428,Hold,1699.994719665145,1226.421188630511
Hold,2020-03-21 17:00:00,37.46,1677.1609744181262,Hold,1677.1609744181285,1209.9483204134567
Hold,2020-03-21 18:00:00,38.42,1720.1421419419223,Hold,1720.1421419419248,1240.956072351442
Hold,2020-03-21 19:00:00,38.28,1713.8740550113687,Hold,1713.8740550113712,1236.4341085271524
Hold,2020-03-21 20:00:00,39.19,1754.616620059967,Hold,1754.6166200599696,1265.8268733850339
Hold,2020-03-21 21:00:00,38.44,1721.0375829320014,Hold,1721.0375829320037,1241.602067183483
Hold,2020-03-21 22:00:00,38.3,1714.7694960014478,Hold,1714.76949600145,1237.0801033591936
Hold,2020-03-21 23:00:00,38.32,1715.664936991527,Hold,1715.6649369915294,1237.726098191235
Hold,2020-03-22 00:00:00,38.55,1725.9625083774363,Hold,1725.9625083774386,1245.1550387597104
Hold,2020-03-22 01:00:00,38.89,1741.1850052087807,Hold,1741.185005208783,1256.1369509044137
Hold,2020-03-22 02:00:00,38.64,1729.9919928327922,Hold,1729.9919928327943,1248.0620155038966
Hold,2020-03-22 03:00:00,39.31,1759.9892660004416,Hold,1759.9892660004436,1269.702842377282
Hold,2020-03-22 04:00:00,39.27,1758.1983840202836,Hold,1758.1983840202854,1268.4108527131993
Hold,2020-03-22 05:00:00,39.21,1755.5120610500462,Hold,1755.512061050048,1266.472868217075
Hold,2020-03-22 06:00:00,38.88,1740.7372847137412,Hold,1740.737284713743,1255.8139534883928
Hold,2020-03-22 07:00:00,38.87,1740.2895642187016,Hold,1740.2895642187034,1255.490956072372
Hold,2020-03-22 08:00:00,38.49,1723.2761854071991,Hold,1723.276185407201,1243.2170542635863
Hold,2020-03-22 09:00:00,38.82,1738.050961743504,Hold,1738.0509617435062,1253.8759689922686
Hold,2020-03-22 10:00:00,38.44,1721.0375829320014,Hold,1721.0375829320035,1241.6020671834826
Hold,2020-03-22 11:00:00,37.75,1690.144868774273,Hold,1690.144868774275,1219.315245478056
Hold,2020-03-22 12:00:00,37.04,1658.3567136264655,Hold,1658.3567136264676,1196.382428940588
Hold,2020-03-22 13:00:00,37.38,1673.57921045781,Hold,1673.579210457812,1207.3643410852912
Hold,2020-03-22 14:00:00,37.07,1659.699875111584,Hold,1659.6998751115862,1197.3514211886502
Hold,2020-03-22 15:00:00,36.87,1650.745465210793,Hold,1650.7454652107951,1190.8914728682364
Hold,2020-03-22 16:00:00,36.3,1625.225396993539,Hold,1625.2253969935412,1172.480620155058
Hold,2020-03-22 17:00:00,36.35,1627.463999468737,Hold,1627.463999468739,1174.0956072351617
Hold,2020-03-22 18:00:00,36.02,1612.6892231324323,Hold,1612.689223132434,1163.4366925064794
Hold,2020-03-22 19:00:00,35.67,1597.0190058060482,Hold,1597.01900580605,1152.1317829457557
Hold,2020-03-22 20:00:00,35.66,1596.5712853110083,Hold,1596.5712853110101,1151.808785529735
Hold,2020-03-22 21:00:00,36.55,1636.4184093695276,Hold,1636.4184093695294,1180.5555555555754
Hold,2020-03-22 22:00:00,35.72,1599.257608281246,Hold,1599.2576082812475,1153.7467700258592
Hold,2020-03-22 23:00:00,35.4,1584.9305524399804,Hold,1584.9305524399822,1143.4108527131975
Hold,2020-03-23 00:00:00,36.05,1614.0323846175506,Hold,1614.0323846175525,1164.4056847545414
Hold,2020-03-23 01:00:00,35.75,1600.6007697663645,Hold,1600.6007697663663,1154.7157622739212
Hold,2020-03-23 02:00:00,35.99,1611.3460616473135,Hold,1611.3460616473153,1162.4677002584176
Hold,2020-03-23 03:00:00,36.9,1652.088626695912,Hold,1652.0886266959137,1191.860465116299
Hold,2020-03-23 04:00:00,36.56,1636.8661298645677,Hold,1636.8661298645695,1180.8785529715965
Hold,2020-03-23 05:00:00,36.54,1635.9706888744881,Hold,1635.9706888744897,1180.232558139555
Hold,2020-03-23 06:00:00,36.57,1637.313850359607,Hold,1637.3138503596088,1181.201550387617
Hold,2020-03-23 07:00:00,36.47,1632.8366454092115,Hold,1632.8366454092134,1177.9715762274104
Hold,2020-03-23 08:00:00,35.56,1592.0940803606131,Hold,1592.094080360615,1148.5788113695287
Hold,2020-03-23 09:00:00,35.85,1605.0779747167599,Hold,1605.0779747167617,1157.9457364341283
Hold,2020-03-23 10:00:00,36.39,1629.2548814488953,Hold,1629.2548814488969,1175.387596899245
Hold,2020-03-23 11:00:00,36.22,1621.6436330332228,Hold,1621.6436330332244,1169.8966408268934
Hold,2020-03-23 12:00:00,39.05,1748.3485331294135,Hold,1748.3485331294153,1261.304909560745
Hold,2020-03-23 13:00:00,38.51,1724.171626397278,Hold,1724.1716263972799,1243.8630490956286
Hold,2020-03-23 14:00:00,38.06,1704.024204120499,Hold,1704.0242041205008,1229.3281653746983
Hold,2020-03-23 15:00:00,38.12,1706.710527090736,Hold,1706.710527090738,1231.2661498708221
Hold,2020-03-23 16:00:00,38.71,1733.1260362980693,Hold,1733.1260362980713,1250.3229974160422
Hold,2020-03-23 17:00:00,37.99,1700.890160655222,Hold,1700.890160655224,1227.0671834625532
Hold,2020-03-23 18:00:00,38.02,1702.2333221403408,Hold,1702.233322140343,1228.0361757106152
Hold,2020-03-23 19:00:00,38.21,1710.740011546092,Hold,1710.7400115460941,1234.1731266150082
Hold,2020-03-23 20:00:00,38.8,1737.155520753425,Hold,1737.155520753427,1253.229974160228
Hold,2020-03-23 21:00:00,38.5,1723.7239059022386,Hold,1723.7239059022406,1243.5400516796076
Hold,2020-03-23 22:00:00,38.74,1734.4691977831876,Hold,1734.4691977831897,1251.291989664104
Hold,2020-03-23 23:00:00,38.94,1743.4236076839786,Hold,1743.4236076839807,1257.7519379845176
Hold,2020-03-24 00:00:00,38.89,1741.1850052087807,Hold,1741.1850052087827,1256.1369509044143
Hold,2020-03-24 01:00:00,38.81,1737.6032412484647,Hold,1737.6032412484667,1253.552971576249
Hold,2020-03-24 02:00:00,39.16,1753.2734585748483,Hold,1753.2734585748503,1264.8578811369723
Hold,2020-03-24 03:00:00,38.58,1727.3056698625549,Hold,1727.305669862557,1246.1240310077733
Hold,2020-03-24 04:00:00,38.49,1723.2761854071991,Hold,1723.2761854072012,1243.2170542635872
Hold,2020-03-24 05:00:00,38.56,1726.410228872476,Hold,1726.410228872478,1245.478036175732
Hold,2020-03-24 06:00:00,38.91,1742.0804461988598,Hold,1742.0804461988619,1256.7829457364555
Hold,2020-03-24 07:00:00,38.92,1742.5281666938995,Hold,1742.5281666939018,1257.1059431524764
Hold,2020-03-24 08:00:00,40.06,1793.5683031284073,Hold,1793.5683031284095,1293.9276485788337
Hold,2020-03-24 09:00:00,40.19,1799.3886695639212,Hold,1799.3886695639237,1298.1266149871024
Hold,2020-03-24 10:00:00,40.08,1794.4637441184864,Hold,1794.4637441184889,1294.573643410875
Hold,2020-03-24 11:00:00,40.03,1792.2251416432887,Hold,1792.2251416432912,1292.9586563307719
Hold,2020-03-24 12:00:00,39.63,1774.3163218417071,Hold,1774.3163218417096,1280.0387596899448
Hold,2020-03-24 13:00:00,39.5,1768.4959554061927,Hold,1768.4959554061952,1275.8397932816758
Hold,2020-03-24 14:00:00,39.37,1762.6755889706787,Hold,1762.6755889706812,1271.640826873407
Hold,2020-03-24 15:00:00,39.28,1758.646104515323,Hold,1758.6461045153258,1268.733850129221
Hold,2020-03-24 16:00:00,39.37,1762.6755889706787,Hold,1762.6755889706815,1271.6408268734071
Hold,2020-03-24 17:00:00,39.8,1781.927570257379,Hold,1781.927570257382,1285.5297157622965
Hold,2020-03-24 18:00:00,39.91,1786.852495702814,Hold,1786.852495702817,1289.0826873385238
Hold,2020-03-24 19:00:00,40.26,1802.522713029198,Hold,1802.5227130292012,1300.3875968992472
Hold,2020-03-24 20:00:00,40.17,1798.4932285738423,Hold,1798.4932285738455,1297.4806201550612
Hold,2020-03-24 21:00:00,40.09,1794.911464613526,Hold,1794.9114646135295,1294.8966408268961
Hold,2020-03-24 22:00:00,40.55,1815.5066073853448,Hold,1815.5066073853484,1309.754521963847
Hold,2020-03-24 23:00:00,40.57,1816.4020483754239,Hold,1816.4020483754275,1310.4005167958885
Hold,2020-03-25 00:00:00,40.4,1808.7907999597517,Hold,1808.7907999597555,1304.909560723537
Hold,2020-03-25 01:00:00,40.04,1792.6728621383281,Hold,1792.6728621383318,1293.2816537467927
Hold,2020-03-25 02:00:00,39.88,1785.5093342176958,Hold,1785.5093342176995,1288.113695090462
Hold,2020-03-25 03:00:00,39.22,1755.959781545086,Hold,1755.9597815450893,1266.795865633097
Hold,2020-03-25 04:00:00,39.7,1777.450365306984,Hold,1777.4503653069874,1282.2997416020899
Hold,2020-03-25 05:00:00,40.1,1795.3591851085655,Hold,1795.359185108569,1295.219638242917
Hold,2020-03-25 06:00:00,39.98,1789.9865391680908,Hold,1789.986539168094,1291.3436692506687
Hold,2020-03-25 07:00:00,39.97,1789.5388186730515,Hold,1789.5388186730547,1291.020671834648
Hold,2020-03-25 08:00:00,40.35,1806.5521974845542,Hold,1806.5521974845574,1303.2945736434338
Hold,2020-03-25 09:00:00,40.59,1817.2974893655032,Hold,1817.2974893655062,1311.04651162793
Hold,2020-03-25 10:00:00,39.16,1753.2734585748483,Hold,1753.2734585748512,1264.8578811369728
Hold,2020-03-25 11:00:00,38.59,1727.7533903575948,Hold,1727.7533903575977,1246.4470284237946
Hold,2020-03-25 12:00:00,38.89,1741.1850052087807,Hold,1741.1850052087837,1256.1369509044148
Hold,2020-03-25 13:00:00,38.7,1732.6783158030296,Hold,1732.6783158030325,1250.0000000000218
Hold,2020-03-25 14:00:00,39.09,1750.139415109572,Hold,1750.1394151095749,1262.5968992248281
Hold,2020-03-25 15:00:00,38.97,1744.766769169097,Hold,1744.7667691691,1258.7209302325798
Hold,2020-03-25 16:00:00,39.45,1766.2573529309952,Hold,1766.2573529309984,1274.2248062015726
Hold,2020-03-25 17:00:00,39.01,1746.5576511492552,Hold,1746.5576511492584,1260.0129198966624
Hold,2020-03-25 18:00:00,38.99,1745.6622101591765,Hold,1745.66221015918,1259.3669250646212
Hold,2020-03-25 19:00:00,38.95,1743.8713281790183,Hold,1743.8713281790217,1258.0749354005386
Hold,2020-03-25 20:00:00,38.85,1739.394123228623,Hold,1739.3941232286263,1254.844961240332
Hold,2020-03-25 21:00:00,38.7,1732.6783158030296,Hold,1732.678315803033,1250.0000000000218
Hold,2020-03-25 22:00:00,39.14,1752.3780175847694,Hold,1752.378017584773,1264.2118863049316
Hold,2020-03-25 23:00:00,39.17,1753.721179069888,Hold,1753.7211790698916,1265.1808785529936
Hold,2020-03-26 00:00:00,39.7,1777.450365306984,Hold,1777.4503653069878,1282.2997416020896
Hold,2020-03-26 01:00:00,39.47,1767.1527939210744,Hold,1767.1527939210782,1274.8708010336138
Hold,2020-03-26 02:00:00,39.35,1761.7801479805998,Hold,1761.7801479806037,1270.9948320413657
Hold,2020-03-26 03:00:00,39.59,1772.5254398615489,Hold,1772.5254398615527,1278.7467700258621
Hold,2020-03-26 04:00:00,39.6,1772.9731603565886,Hold,1772.9731603565924,1279.0697674418827
Hold,2020-03-26 05:00:00,38.67,1731.335154317911,Hold,1731.3351543179147,1249.0310077519598
Hold,2020-03-26 06:00:00,38.98,1745.2144896641364,Hold,1745.2144896641403,1259.0439276486006
Hold,2020-03-26 07:00:00,39.01,1746.5576511492552,Hold,1746.5576511492588,1260.0129198966627
Hold,2020-03-26 08:00:00,39.14,1752.3780175847694,Hold,1752.378017584773,1264.2118863049316
Hold,2020-03-26 09:00:00,39.4,1764.0187504557973,Hold,1764.018750455801,1272.609819121469
Hold,2020-03-26 10:00:00,39.2,1755.0643405550068,Hold,1755.0643405550104,1266.1498708010554
Hold,2020-03-26 11:00:00,39.02,1747.0053716442949,Hold,1747.0053716442983,1260.3359173126833
Hold,2020-03-26 12:00:00,39.21,1755.5120610500462,Hold,1755.5120610500499,1266.4728682170762
Hold,2020-03-26 13:00:00,39.13,1751.93029708973,Hold,1751.9302970897334,1263.8888888889107
Hold,2020-03-26 14:00:00,38.82,1738.050961743504,Hold,1738.0509617435075,1253.87596899227
Hold,2020-03-26 15:00:00,38.99,1745.6622101591765,Hold,1745.66221015918,1259.3669250646212
Hold,2020-03-26 16:00:00,38.99,1745.6622101591765,Hold,1745.66221015918,1259.3669250646212
Hold,2020-03-26 17:00:00,38.86,1739.8418437236621,Hold,1739.8418437236655,1255.1679586563525
Hold,2020-03-26 18:00:00,38.96,1744.3190486740577,Hold,1744.319048674061,1258.3979328165592
Hold,2020-03-26 19:00:00,39.01,1746.5576511492552,Hold,1746.5576511492584,1260.0129198966624
Hold,2020-03-26 20:00:00,39.29,1759.0938250103625,Hold,1759.0938250103657,1269.0568475452415
Hold,2020-03-26 21:00:00,39.52,1769.391396396272,Hold,1769.3913963962752,1276.4857881137173
Hold,2020-03-26 22:00:00,39.5,1768.4959554061927,Hold,1768.495955406196,1275.8397932816758
Hold,2020-03-26 23:00:00,40.41,1809.2385204547911,Hold,1809.2385204547943,1305.2325581395573
Hold,2020-03-27 00:00:00,40.61,1818.1929303555821,Hold,1818.1929303555853,1311.6925064599711
Hold,2020-03-27 01:00:00,40.43,1810.1339614448702,Hold,1810.1339614448732,1305.878552971599
Hold,2020-03-27 02:00:00,40.72,1823.1178558010172,Hold,1823.1178558010204,1315.2454780361986
Hold,2020-03-27 03:00:00,40.62,1818.6406508506216,Hold,1818.6406508506248,1312.0155038759917
Hold,2020-03-27 04:00:00,40.27,1802.970433524238,Hold,1802.9704335242411,1300.710594315268
Hold,2020-03-27 05:00:00,40.11,1795.8069056036052,Hold,1795.8069056036084,1295.5426356589373
Hold,2020-03-27 06:00:00,40.05,1793.1205826333676,Hold,1793.1205826333708,1293.604651162813
Hold,2020-03-27 07:00:00,40.27,1802.970433524238,Hold,1802.9704335242411,1300.7105943152678
Hold,2020-03-27 08:00:00,40.04,1792.6728621383281,Hold,1792.6728621383315,1293.2816537467922
Hold,2020-03-27 09:00:00,39.87,1785.0616137226557,Hold,1785.0616137226589,1287.7906976744407
Hold,2020-03-27 10:00:00,39.77,1780.5844087722605,Hold,1780.5844087722637,1284.5607235142343
Hold,2020-03-27 11:00:00,39.77,1780.5844087722605,Hold,1780.5844087722637,1284.5607235142343
Hold,2020-03-27 12:00:00,39.59,1772.5254398615489,Hold,1772.5254398615523,1278.7467700258621
Hold,2020-03-27 13:00:00,39.22,1755.959781545086,Hold,1755.959781545089,1266.7958656330968
Hold,2020-03-27 14:00:00,39.3,1759.541545505402,Hold,1759.541545505405,1269.3798449612623
Hold,2020-03-27 15:00:00,39.41,1764.466470950837,Hold,1764.4664709508402,1272.9328165374898
Hold,2020-03-27 16:00:00,39.49,1768.0482349111535,Hold,1768.048234911157,1275.5167958656555
Hold,2020-03-27 17:00:00,39.56,1771.1822783764303,Hold,1771.1822783764335,1277.7777777778
Hold,2020-03-27 18:00:00,39.67,1776.1072038218651,Hold,1776.1072038218683,1281.3307493540274
Hold,2020-03-27 19:00:00,39.67,1776.1072038218651,Hold,1776.1072038218683,1281.3307493540274
Hold,2020-03-27 20:00:00,40.05,1793.1205826333676,Hold,1793.1205826333708,1293.6046511628128
Hold,2020-03-27 21:00:00,39.99,1790.4342596631307,Hold,1790.4342596631338,1291.6666666666888
Hold,2020-03-27 22:00:00,39.91,1786.852495702814,Hold,1786.852495702817,1289.082687338523
Hold,2020-03-27 23:00:00,38.04,1703.1287631304197,Hold,1703.1287631304226,1228.6821705426564
Hold,2020-03-28 00:00:00,38.13,1707.1582475857756,Hold,1707.1582475857786,1231.5891472868425
Hold,2020-03-28 01:00:00,37.41,1674.9223719429285,Hold,1674.9223719429315,1208.3333333333537
Hold,2020-03-28 02:00:00,37.47,1677.6086949131657,Hold,1677.6086949131686,1210.2713178294778
Hold,2020-03-28 03:00:00,37.07,1659.699875111584,Hold,1659.699875111587,1197.3514211886506
Hold,2020-03-28 04:00:00,37.49,1678.504135903245,Hold,1678.5041359032482,1210.9173126615192
Hold,2020-03-28 05:00:00,37.56,1681.6381793685218,Hold,1681.6381793685248,1213.1782945736638
Hold,2020-03-28 06:00:00,37.59,1682.9813408536406,Hold,1682.9813408536436,1214.147286821726
Hold,2020-03-28 07:00:00,37.7,1687.9062662990755,Hold,1687.9062662990784,1217.7002583979533
Hold,2020-03-28 08:00:00,37.95,1699.099278675064,Hold,1699.099278675067,1225.7751937984701
Hold,2020-03-28 09:00:00,37.99,1700.890160655222,Hold,1700.890160655225,1227.0671834625527
Hold,2020-03-28 10:00:00,37.97,1699.9947196651428,Hold,1699.9947196651458,1226.4211886305113
Hold,2020-03-28 11:00:00,37.7,1687.9062662990755,Hold,1687.9062662990782,1217.7002583979533
Hold,2020-03-28 12:00:00,37.82,1693.27891223955,Hold,1693.278912239553,1221.5762273902012
Hold,2020-03-28 13:00:00,37.7,1687.9062662990755,Hold,1687.9062662990784,1217.7002583979531
Hold,2020-03-28 14:00:00,37.81,1692.8311917445103,Hold,1692.8311917445133,1221.2532299741806
Hold,2020-03-28 15:00:00,37.73,1689.2494277841938,Hold,1689.249427784197,1218.669250646015
Hold,2020-03-28 16:00:00,37.91,1697.3083966949057,Hold,1697.3083966949087,1224.483204134387
Hold,2020-03-28 17:00:00,37.0,1656.5658316463073,Hold,1656.5658316463102,1195.0904392765053
Hold,2020-03-28 18:00:00,38.04,1703.1287631304197,Hold,1703.1287631304228,1228.6821705426557
Hold,2020-03-28 19:00:00,38.27,1713.4263345163292,Hold,1713.4263345163324,1236.1111111111315
Hold,2020-03-28 20:00:00,38.98,1745.2144896641364,Hold,1745.2144896641398,1259.0439276485997
Hold,2020-03-28 21:00:00,39.08,1749.6916946145323,Hold,1749.6916946145357,1262.2739018088064
Hold,2020-03-28 22:00:00,38.8,1737.155520753425,Hold,1737.1555207534286,1253.2299741602276
Hold,2020-03-28 23:00:00,38.87,1740.2895642187016,Hold,1740.289564218705,1255.4909560723722
Hold,2020-03-29 00:00:00,38.67,1731.335154317911,Hold,1731.3351543179144,1249.031007751959
Hold,2020-03-29 01:00:00,38.71,1733.1260362980693,Hold,1733.1260362980727,1250.3229974160417
Hold,2020-03-29 02:00:00,38.39,1718.7989804568037,Hold,1718.7989804568072,1239.98708010338
Hold,2020-03-29 03:00:00,38.48,1722.8284649121595,Hold,1722.8284649121629,1242.8940568475662
Hold,2020-03-29 04:00:00,38.36,1717.455818971685,Hold,1717.4558189716881,1239.018087855318
Hold,2020-03-29 05:00:00,38.0,1701.3378811502614,Hold,1701.3378811502646,1227.3901808785736
Hold,2020-03-29 06:00:00,38.4,1719.2467009518432,Hold,1719.2467009518464,1240.3100775194007
Hold,2020-03-29 07:00:00,38.43,1720.589862436962,Hold,1720.5898624369654,1241.2790697674627
Hold,2020-03-29 08:00:00,38.4,1719.2467009518432,Hold,1719.2467009518464,1240.3100775194007
Hold,2020-03-29 09:00:00,37.95,1699.099278675064,Hold,1699.0992786750671,1225.7751937984704
Hold,2020-03-29 10:00:00,38.42,1720.1421419419223,Hold,1720.1421419419255,1240.9560723514423
Hold,2020-03-29 11:00:00,38.25,1712.53089352625,Hold,1712.5308935262533,1235.4651162790908
Hold,2020-03-29 12:00:00,38.18,1709.3968500609733,Hold,1709.3968500609765,1233.204134366946
Hold,2020-03-29 13:00:00,38.3,1714.7694960014478,Hold,1714.769496001451,1237.0801033591938
Hold,2020-03-29 14:00:00,38.42,1720.1421419419223,Hold,1720.1421419419253,1240.9560723514421
Hold,2020-03-29 15:00:00,38.41,1719.6944214468826,Hold,1719.6944214468856,1240.6330749354213
Hold,2020-03-29 16:00:00,38.23,1711.6354525361708,Hold,1711.635452536174,1234.819121447049
Hold,2020-03-29 17:00:00,38.25,1712.53089352625,Hold,1712.5308935262533,1235.4651162790906
Hold,2020-03-29 18:00:00,37.99,1700.890160655222,Hold,1700.8901606552251,1227.067183462553
Hold,2020-03-29 19:00:00,37.26,1668.2065645173354,Hold,1668.2065645173386,1203.4883720930434
Hold,2020-03-29 20:00:00,37.38,1673.57921045781,Hold,1673.5792104578131,1207.3643410852915
Hold,2020-03-29 21:00:00,37.18,1664.6248005570192,Hold,1664.6248005570224,1200.9043927648777
Hold,2020-03-29 22:00:00,37.44,1676.2655334280469,Hold,1676.2655334280498,1209.3023255814153
Hold,2020-03-29 23:00:00,37.11,1661.4907570917421,Hold,1661.4907570917453,1198.6434108527328
Hold,2020-03-30 00:00:00,37.42,1675.3700924379682,Hold,1675.3700924379714,1208.656330749374
Hold,2020-03-30 01:00:00,37.58,1682.5336203586005,Hold,1682.5336203586037,1213.824289405705
Hold,2020-03-30 02:00:00,37.72,1688.8017072891541,Hold,1688.8017072891573,1218.3462532299945
Hold,2020-03-30 03:00:00,37.65,1685.6676638238775,Hold,1685.6676638238805,1216.08527131785
Hold,2020-03-30 04:00:00,37.74,1689.6971482792335,Hold,1689.6971482792364,1218.9922480620362
Hold,2020-03-30 05:00:00,38.19,1709.8445705560127,Hold,1709.844570556016,1233.5271317829665
Hold,2020-03-30 06:00:00,38.22,1711.1877320411313,Hold,1711.1877320411347,1234.4961240310286
Hold,2020-03-30 07:00:00,38.52,1724.619346892318,Hold,1724.6193468923211,1244.1860465116492
Hold,2020-03-30 08:00:00,38.52,1724.619346892318,Hold,1724.6193468923211,1244.1860465116492
Hold,2020-03-30 09:00:00,38.36,1717.455818971685,Hold,1717.4558189716881,1239.0180878553183
Hold,2020-03-30 10:00:00,38.63,1729.5442723377528,Hold,1729.5442723377562,1247.739018087877
Hold,2020-03-30 11:00:00,38.92,1742.5281666938995,Hold,1742.528166693903,1257.1059431524768
Hold,2020-03-30 12:00:00,38.7,1732.6783158030296,Hold,1732.678315803033,1250.0000000000218
Hold,2020-03-30 13:00:00,38.6,1728.2011108526342,Hold,1728.2011108526376,1246.770025839815
Hold,2020-03-30 14:00:00,38.68,1731.7828748129505,Hold,1731.7828748129539,1249.3540051679802
Hold,2020-03-30 15:00:00,38.73,1734.021477288148,Hold,1734.0214772881513,1250.9689922480834
Hold,2020-03-30 16:00:00,39.14,1752.3780175847694,Hold,1752.3780175847726,1264.211886304931
Hold,2020-03-30 17:00:00,38.93,1742.975887188939,Hold,1742.9758871889421,1257.428940568497
Hold,2020-03-30 18:00:00,38.87,1740.2895642187016,Hold,1740.2895642187045,1255.490956072373
Hold,2020-03-30 19:00:00,38.81,1737.6032412484647,Hold,1737.6032412484676,1253.5529715762489
Hold,2020-03-30 20:00:00,39.19,1754.616620059967,Hold,1754.6166200599703,1265.8268733850343
Hold,2020-03-30 21:00:00,39.41,1764.466470950837,Hold,1764.46647095084,1272.932816537489
Hold,2020-03-30 22:00:00,39.17,1753.721179069888,Hold,1753.721179069891,1265.180878552993
Hold,2020-03-30 23:00:00,38.91,1742.0804461988598,Hold,1742.0804461988628,1256.7829457364553
Hold,2020-03-31 00:00:00,39.01,1746.5576511492552,Hold,1746.5576511492584,1260.0129198966622
Hold,2020-03-31 01:00:00,39.24,1756.855222535165,Hold,1756.8552225351684,1267.4418604651376
Hold,2020-03-31 02:00:00,38.83,1738.4986822385436,Hold,1738.498682238547,1254.1989664082898
Hold,2020-03-31 03:00:00,38.8,1737.155520753425,Hold,1737.1555207534284,1253.2299741602278
Hold,2020-03-31 04:00:00,38.65,1730.4397133278317,Hold,1730.439713327835,1248.3850129199177
Hold,2020-03-31 05:00:00,38.69,1732.23059530799,Hold,1732.2305953079936,1249.6770025840003
Hold,2020-03-31 06:00:00,38.72,1733.5737567931085,Hold,1733.573756793112,1250.6459948320626
Hold,2020-03-31 07:00:00,38.75,1734.916918278227,Hold,1734.9169182782305,1251.6149870801246
Hold,2020-03-31 08:00:00,39.18,1754.1688995649276,Hold,1754.168899564931,1265.5038759690135
Hold,2020-03-31 09:00:00,38.86,1739.8418437236621,Hold,1739.8418437236655,1255.167958656352
Hold,2020-03-31 10:00:00,38.85,1739.394123228623,Hold,1739.3941232286263,1254.8449612403315
Hold,2020-03-31 11:00:00,38.76,1735.3646387732667,Hold,1735.3646387732701,1251.9379844961454
Hold,2020-03-31 12:00:00,38.92,1742.5281666938995,Hold,1742.5281666939027,1257.1059431524766
Hold,2020-03-31 13:00:00,38.87,1740.2895642187016,Hold,1740.2895642187048,1255.4909560723731
Hold,2020-03-31 14:00:00,38.94,1743.4236076839786,Hold,1743.4236076839818,1257.751937984518
Hold,2020-03-31 15:00:00,38.94,1743.4236076839786,Hold,1743.4236076839818,1257.751937984518
Hold,2020-03-31 16:00:00,38.87,1740.2895642187016,Hold,1740.2895642187045,1255.4909560723734
Hold,2020-03-31 17:00:00,38.88,1740.7372847137412,Hold,1740.7372847137444,1255.8139534883942
Hold,2020-03-31 18:00:00,38.92,1742.5281666938995,Hold,1742.5281666939027,1257.1059431524768
Hold,2020-03-31 19:00:00,38.96,1744.3190486740577,Hold,1744.319048674061,1258.3979328165597
Hold,2020-03-31 20:00:00,39.15,1752.8257380798088,Hold,1752.825738079812,1264.5348837209526
Hold,2020-03-31 21:00:00,39.25,1757.3029430302042,Hold,1757.3029430302072,1267.7648578811595
Hold,2020-03-31 22:00:00,39.19,1754.616620059967,Hold,1754.61662005997,1265.8268733850355
Hold,2020-03-31 23:00:00,39.08,1749.6916946145323,Hold,1749.6916946145352,1262.273901808808
Hold,2020-04-01 00:00:00,38.71,1733.1260362980693,Hold,1733.126036298072,1250.322997416043
Hold,2020-04-01 01:00:00,38.57,1726.8579493675156,Hold,1726.8579493675184,1245.8010335917536
Hold,2020-04-01 02:00:00,38.74,1734.4691977831876,Hold,1734.4691977831906,1251.2919896641051
Hold,2020-04-01 03:00:00,38.79,1736.7078002583853,Hold,1736.7078002583885,1252.9069767442084
Hold,2020-04-01 04:00:00,38.72,1733.5737567931085,Hold,1733.5737567931114,1250.6459948320637
Hold,2020-04-01 05:00:00,38.58,1727.3056698625549,Hold,1727.305669862558,1246.1240310077742
Hold,2020-04-01 06:00:00,38.58,1727.3056698625549,Hold,1727.305669862558,1246.1240310077742
Hold,2020-04-01 07:00:00,38.7,1732.6783158030296,Hold,1732.6783158030328,1250.0000000000225
Hold,2020-04-01 08:00:00,38.53,1725.0670673873574,Hold,1725.0670673873608,1244.509043927671
Hold,2020-04-01 09:00:00,38.34,1716.5603779816063,Hold,1716.5603779816095,1238.3720930232782
Hold,2020-04-01 10:00:00,38.36,1717.455818971685,Hold,1717.455818971688,1239.0180878553194
Hold,2020-04-01 11:00:00,38.54,1725.5147878823968,Hold,1725.5147878823998,1244.8320413436918
Hold,2020-04-01 12:00:00,37.84,1694.174353229629,Hold,1694.174353229632,1222.2222222222442
Hold,2020-04-01 13:00:00,37.81,1692.8311917445103,Hold,1692.8311917445133,1221.2532299741822
Hold,2020-04-01 14:00:00,37.98,1700.4424401601823,Hold,1700.4424401601855,1226.7441860465335
Hold,2020-04-01 15:00:00,37.86,1695.0697942197078,Hold,1695.0697942197107,1222.8682170542854
Hold,2020-04-01 16:00:00,37.51,1679.399576893324,Hold,1679.3995768933269,1211.5633074935618
Hold,2020-04-01 17:00:00,37.49,1678.504135903245,Hold,1678.504135903248,1210.9173126615206
Hold,2020-04-01 18:00:00,37.44,1676.2655334280469,Hold,1676.2655334280498,1209.302325581417
Hold,2020-04-01 19:00:00,37.52,1679.8472973883636,Hold,1679.8472973883665,1211.8863049095828
Hold,2020-04-01 20:00:00,37.91,1697.3083966949057,Hold,1697.3083966949087,1224.4832041343889
Hold,2020-04-01 21:00:00,38.38,1718.3512599617643,Hold,1718.3512599617675,1239.6640826873609
Hold,2020-04-01 22:00:00,38.85,1739.394123228623,Hold,1739.3941232286259,1254.8449612403326
Hold,2020-04-01 23:00:00,39.23,1756.407502040125,Hold,1756.4075020401283,1267.118863049118
Hold,2020-04-02 00:00:00,39.14,1752.3780175847694,Hold,1752.3780175847726,1264.211886304932
Hold,2020-04-02 01:00:00,39.05,1748.3485331294135,Hold,1748.3485331294166,1261.3049095607457
Hold,2020-04-02 02:00:00,39.24,1756.855222535165,Hold,1756.8552225351684,1267.441860465139
Hold,2020-04-02 03:00:00,39.45,1766.2573529309952,Hold,1766.2573529309984,1274.2248062015733
Hold,2020-04-02 04:00:00,39.46,1766.705073426035,Hold,1766.705073426038,1274.5478036175941
Hold,2020-04-02 05:00:00,39.36,1762.2278684756393,Hold,1762.2278684756425,1271.3178294573875
Hold,2020-04-02 06:00:00,39.63,1774.3163218417071,Hold,1774.3163218417105,1280.038759689946
Hold,2020-04-02 07:00:00,39.62,1773.8686013466672,Hold,1773.8686013466709,1279.715762273925
Hold,2020-04-02 08:00:00,39.63,1774.3163218417071,Hold,1774.3163218417108,1280.038759689946
Hold,2020-04-02 09:00:00,39.58,1772.0777193665092,Hold,1772.0777193665128,1278.4237726098424
Hold,2020-04-02 10:00:00,39.62,1773.8686013466672,Hold,1773.8686013466709,1279.7157622739253
Hold,2020-04-02 11:00:00,39.76,1780.1366882772209,Hold,1780.1366882772245,1284.2377260982148
Hold,2020-04-02 12:00:00,39.34,1761.3324274855604,Hold,1761.3324274855643,1270.6718346253465
Hold,2020-04-02 13:00:00,39.22,1755.959781545086,Hold,1755.9597815450895,1266.7958656330982
Hold,2020-04-02 14:00:00,39.94,1788.1956571879327,Hold,1788.1956571879366,1290.051679586587
Hold,2020-04-02 15:00:00,40.17,1798.4932285738423,Hold,1798.493228573846,1297.4806201550623
Hold,2020-04-02 16:00:00,41.25,1846.847042038113,Hold,1846.8470420381163,1332.3643410852953
Hold,2020-04-02 17:00:00,41.5,1858.0400544141014,Hold,1858.040054414105,1340.4392764858123
Hold,2020-04-02 18:00:00,40.19,1799.3886695639212,Hold,1799.3886695639249,1298.1266149871035
Hold,2020-04-02 19:00:00,40.26,1802.522713029198,Hold,1802.5227130292017,1300.3875968992484
Hold,2020-04-02 20:00:00,39.77,1780.5844087722605,Hold,1780.5844087722642,1284.5607235142356
Hold,2020-04-02 21:00:00,40.1,1795.3591851085655,Hold,1795.3591851085691,1295.2196382429179
Hold,2020-04-02 22:00:00,40.14,1797.1500670887235,Hold,1797.1500670887272,1296.5116279070005
Hold,2020-04-02 23:00:00,39.86,1784.6138932276165,Hold,1784.6138932276199,1287.4677002584217
Hold,2020-04-03 00:00:00,39.77,1780.5844087722605,Hold,1780.584408772264,1284.5607235142356
Hold,2020-04-03 01:00:00,40.16,1798.0455080788026,Hold,1798.0455080788063,1297.1576227390417
Hold,2020-04-03 02:00:00,40.36,1806.9999179795936,Hold,1806.999917979597,1303.6175710594553
Hold,2020-04-03 03:00:00,40.28,1803.4181540192772,Hold,1803.4181540192806,1301.03359173129
Hold,2020-04-03 04:00:00,40.15,1797.597787583763,Hold,1797.5977875837666,1296.834625323021
Hold,2020-04-03 05:00:00,40.2,1799.836390058961,Hold,1799.8363900589648,1298.4496124031245
Hold,2020-04-03 06:00:00,40.32,1805.2090359994354,Hold,1805.209035999439,1302.3255813953726
Hold,2020-04-03 07:00:00,40.84,1828.4905017414917,Hold,1828.490501741495,1319.1214470284483
Hold,2020-04-03 08:00:00,40.75,1824.4610172861358,Hold,1824.4610172861392,1316.214470284262
Hold,2020-04-03 09:00:00,40.93,1832.5199861968474,Hold,1832.5199861968508,1322.0284237726344
Hold,2020-04-03 10:00:00,41.14,1841.922116592678,Hold,1841.9221165926813,1328.8113695090688
Hold,2020-04-03 11:00:00,41.17,1843.2652780777964,Hold,1843.2652780777996,1329.7803617571305
Hold,2020-04-03 12:00:00,40.82,1827.5950607514126,Hold,1827.5950607514155,1318.475452196407
Hold,2020-04-03 13:00:00,40.6,1817.7452098605427,Hold,1817.7452098605456,1311.3695090439521
Hold,2020-04-03 14:00:00,40.27,1802.970433524238,Hold,1802.9704335242407,1300.7105943152699
Hold,2020-04-03 15:00:00,40.21,1800.2841105540006,Hold,1800.2841105540035,1298.7726098191458
Hold,2020-04-03 16:00:00,40.26,1802.522713029198,Hold,1802.522713029201,1300.387596899249
Hold,2020-04-03 17:00:00,40.28,1803.4181540192772,Hold,1803.41815401928,1301.0335917312905
Hold,2020-04-03 18:00:00,40.35,1806.5521974845542,Hold,1806.5521974845576,1303.2945736434353
Hold,2020-04-03 19:00:00,40.55,1815.5066073853448,Hold,1815.5066073853484,1309.754521963849
Hold,2020-04-03 20:00:00,40.3,1804.3135950093563,Hold,1804.31359500936,1301.679586563332
Hold,2020-04-03 21:00:00,40.52,1814.1634459002264,Hold,1814.1634459002298,1308.7855297157869
Hold,2020-04-03 22:00:00,40.64,1819.536091840701,Hold,1819.5360918407043,1312.6614987080352
Hold,2020-04-03 23:00:00,40.46,1811.477122929989,Hold,1811.4771229299924,1306.847545219663
Hold,2020-04-04 00:00:00,40.67,1820.8792533258195,Hold,1820.8792533258227,1313.6304909560972
Hold,2020-04-04 01:00:00,40.67,1820.8792533258195,Hold,1820.8792533258227,1313.6304909560972
Hold,2020-04-04 02:00:00,40.32,1805.2090359994354,Hold,1805.2090359994386,1302.3255813953735
Hold,2020-04-04 03:00:00,40.16,1798.0455080788026,Hold,1798.0455080788058,1297.1576227390426
Hold,2020-04-04 04:00:00,40.27,1802.970433524238,Hold,1802.9704335242413,1300.71059431527
Hold,2020-04-04 05:00:00,40.19,1799.3886695639212,Hold,1799.3886695639249,1298.1266149871046
Hold,2020-04-04 06:00:00,40.16,1798.0455080788026,Hold,1798.0455080788063,1297.1576227390426
Hold,2020-04-04 07:00:00,40.19,1799.3886695639212,Hold,1799.3886695639249,1298.1266149871046
Hold,2020-04-04 08:00:00,40.42,1809.6862409498308,Hold,1809.6862409498347,1305.5555555555804
Hold,2020-04-04 09:00:00,40.77,1825.356458276215,Hold,1825.356458276219,1316.860465116304
Hold,2020-04-04 10:00:00,40.64,1819.536091840701,Hold,1819.5360918407048,1312.6614987080352
Hold,2020-04-04 11:00:00,40.11,1795.8069056036052,Hold,1795.806905603609,1295.5426356589392
Hold,2020-04-04 12:00:00,40.21,1800.2841105540006,Hold,1800.2841105540047,1298.772609819146
Hold,2020-04-04 13:00:00,40.3,1804.3135950093563,Hold,1804.3135950093604,1301.679586563332
Hold,2020-04-04 14:00:00,40.24,1801.6272720391191,Hold,1801.627272039123,1299.741602067208
Hold,2020-04-04 15:00:00,40.3,1804.3135950093563,Hold,1804.3135950093606,1301.679586563332
Hold,2020-04-04 16:00:00,40.49,1812.8202844151078,Hold,1812.8202844151117,1307.8165374677249
Hold,2020-04-04 17:00:00,40.39,1808.3430794647122,Hold,1808.343079464716,1304.586563307518
Hold,2020-04-04 18:00:00,40.39,1808.3430794647122,Hold,1808.343079464716,1304.586563307518
Hold,2020-04-04 19:00:00,40.36,1806.9999179795936,Hold,1806.9999179795977,1303.617571059456
Hold,2020-04-04 20:00:00,40.43,1810.1339614448702,Hold,1810.1339614448743,1305.8785529716006
Hold,2020-04-04 21:00:00,40.56,1815.9543278803844,Hold,1815.9543278803885,1310.0775193798693
Hold,2020-04-04 22:00:00,40.62,1818.6406508506216,Hold,1818.6406508506254,1312.015503875993
Hold,2020-04-04 23:00:00,40.71,1822.6701353059775,Hold,1822.6701353059814,1314.9224806201792
Hold,2020-04-05 00:00:00,40.77,1825.356458276215,Hold,1825.3564582762187,1316.8604651163034
Hold,2020-04-05 01:00:00,40.77,1825.356458276215,Hold,1825.3564582762187,1316.8604651163034
Hold,2020-04-05 02:00:00,40.9,1831.1768247117286,Hold,1831.1768247117323,1321.0594315245721
Hold,2020-04-05 03:00:00,40.57,1816.4020483754239,Hold,1816.4020483754273,1310.4005167958899
Hold,2020-04-05 04:00:00,40.55,1815.5066073853448,Hold,1815.5066073853484,1309.7545219638484
Hold,2020-04-05 05:00:00,40.52,1814.1634459002264,Hold,1814.16344590023,1308.7855297157867
Hold,2020-04-05 06:00:00,40.64,1819.536091840701,Hold,1819.5360918407046,1312.661498708035
Hold,2020-04-05 07:00:00,40.57,1816.4020483754239,Hold,1816.4020483754275,1310.40051679589
Hold,2020-04-05 08:00:00,40.65,1819.9838123357401,Hold,1819.983812335744,1312.9844961240556
Hold,2020-04-05 09:00:00,40.58,1816.8497688704635,Hold,1816.8497688704674,1310.723514211911
Hold,2020-04-05 10:00:00,40.44,1810.58168193991,Hold,1810.5816819399136,1306.2015503876214
Hold,2020-04-05 11:00:00,40.56,1815.9543278803844,Hold,1815.9543278803883,1310.07751937987
Hold,2020-04-05 12:00:00,40.56,1815.9543278803844,Hold,1815.9543278803883,1310.07751937987
Hold,2020-04-05 13:00:00,40.77,1825.356458276215,Hold,1825.356458276219,1316.8604651163043
Hold,2020-04-05 14:00:00,40.59,1817.2974893655032,Hold,1817.297489365507,1311.046511627932
Hold,2020-04-05 15:00:00,40.57,1816.4020483754239,Hold,1816.4020483754277,1310.4005167958906
Hold,2020-04-05 16:00:00,40.34,1806.1044769895145,Hold,1806.1044769895182,1302.971576227415
Hold,2020-04-05 17:00:00,40.63,1819.0883713456615,Hold,1819.0883713456653,1312.3385012920146
Hold,2020-04-05 18:00:00,40.59,1817.2974893655032,Hold,1817.297489365507,1311.046511627932
Hold,2020-04-05 19:00:00,40.58,1816.8497688704635,Hold,1816.8497688704674,1310.7235142119112
Hold,2020-04-05 20:00:00,40.27,1802.970433524238,Hold,1802.9704335242418,1300.71059431527
Hold,2020-04-05 21:00:00,40.2,1799.836390058961,Hold,1799.836390058965,1298.4496124031255
Hold,2020-04-05 22:00:00,40.44,1810.58168193991,Hold,1810.581681939914,1306.2015503876216
Hold,2020-04-05 23:00:00,40.31,1804.761315504396,Hold,1804.7613155044003,1302.002583979353
Hold,2020-04-06 00:00:00,40.72,1823.1178558010172,Hold,1823.1178558010215,1315.2454780362007
Hold,2020-04-06 01:00:00,40.67,1820.8792533258195,Hold,1820.8792533258238,1313.6304909560972
Hold,2020-04-06 02:00:00,40.62,1818.6406508506216,Hold,1818.640650850626,1312.0155038759938
Hold,2020-04-06 03:00:00,40.59,1817.2974893655032,Hold,1817.2974893655075,1311.046511627932
Hold,2020-04-06 04:00:00,41.57,1861.1740978793782,Hold,1861.1740978793828,1342.7002583979584
Hold,2020-04-06 05:00:00,41.85,1873.7102717404855,Hold,1873.71027174049,1351.7441860465376
Hold,2020-04-06 06:00:00,42.01,1880.873799661118,Hold,1880.8737996611226,1356.9121447028685
Hold,2020-04-06 07:00:00,41.74,1868.7853462950504,Hold,1868.785346295055,1348.1912144703103
Hold,2020-04-06 08:00:00,41.84,1873.262551245446,Hold,1873.2625512454504,1351.4211886305172
Hold,2020-04-06 09:00:00,42.27,1892.5145325321464,Hold,1892.5145325321507,1365.3100775194061
Hold,2020-04-06 10:00:00,42.07,1883.5601226313552,Hold,1883.5601226313595,1358.8501291989926
Hold,2020-04-06 11:00:00,42.29,1893.4099735222253,Hold,1893.4099735222296,1365.9560723514471
Hold,2020-04-06 12:00:00,42.8,1916.2437187692417,Hold,1916.2437187692462,1382.4289405685017
Hold,2020-04-06 13:00:00,42.63,1908.6324703535697,Hold,1908.6324703535743,1376.9379844961504
Hold,2020-04-06 14:00:00,42.59,1906.8415883734117,Hold,1906.8415883734162,1375.6459948320678
Hold,2020-04-06 15:00:00,43.12,1930.5707746105072,Hold,1930.5707746105115,1392.7648578811636
Take-Profit,2020-04-06 16:00:00,44.4,1987.8789979755686,TP 20.0% hit,1987.8789979755734,1434.1085271318104
Buy,2020-04-06 21:00:00,44.75,1987.8789979755686,Sinal: Compra,1987.8789979755734,1445.413436692534
Hold,2020-04-06 22:00:00,44.43,1969.718642989012,Hold,1969.7186429890169,1435.0775193798725
Hold,2020-04-06 23:00:00,45.04,1996.7618203966938,Hold,1996.7618203966986,1454.7803617571337
Hold,2020-04-07 00:00:00,45.51,2017.5983669239238,Hold,2017.5983669239286,1469.9612403101057
Hold,2020-04-07 01:00:00,45.62,2022.47500547285,Hold,2022.4750054728547,1473.5142118863332
Hold,2020-04-07 02:00:00,45.15,2001.63845894562,Hold,2001.6384589456245,1458.3333333333612
Hold,2020-04-07 03:00:00,45.65,2023.8049978043755,Hold,2023.8049978043798,1474.483204134395
Hold,2020-04-07 04:00:00,45.18,2002.9684512771453,Hold,2002.9684512771496,1459.302325581423
Hold,2020-04-07 05:00:00,45.65,2023.8049978043755,Hold,2023.8049978043798,1474.483204134395
Hold,2020-04-07 06:00:00,45.94,2036.6615903424533,Hold,2036.6615903424577,1483.8501291989944
Hold,2020-04-07 07:00:00,46.44,2058.8281292012093,Hold,2058.828129201214,1500.0000000000284
Hold,2020-04-07 08:00:00,46.2,2048.188190549007,Hold,2048.1881905490113,1492.2480620155322
Hold,2020-04-07 09:00:00,46.4,2057.054806092509,Hold,2057.0548060925134,1498.7080103359458
Hold,2020-04-07 10:00:00,46.63,2067.2514139675363,Hold,2067.2514139675413,1506.1369509044214
Hold,2020-04-07 11:00:00,46.38,2056.1681445381587,Hold,2056.1681445381637,1498.0620155039044
Hold,2020-04-07 12:00:00,46.01,2039.7649057826793,Hold,2039.7649057826843,1486.111111111139
Hold,2020-04-07 13:00:00,46.69,2069.9113986305865,Hold,2069.9113986305915,1508.0749354005454
Hold,2020-04-07 14:00:00,45.92,2035.7749287881034,Hold,2035.7749287881081,1483.2041343669532
Hold,2020-04-07 15:00:00,46.54,2063.26143697296,Hold,2063.261436972965,1503.2299741602353
Hold,2020-04-07 16:00:00,46.74,2072.1280525164625,Hold,2072.1280525164675,1509.6899224806489
Hold,2020-04-07 17:00:00,46.45,2059.2714599783844,Hold,2059.271459978389,1500.3229974160492
Hold,2020-04-07 18:00:00,45.91,2035.331598010928,Hold,2035.3315980109326,1482.8811369509324
Hold,2020-04-07 19:00:00,45.64,2023.3616670272004,Hold,2023.361667027205,1474.1602067183744
Hold,2020-04-07 20:00:00,44.22,1960.4086966683346,Hold,1960.408696668339,1428.294573643438
Hold,2020-04-07 21:00:00,44.55,1975.0386123151134,Hold,1975.0386123151177,1438.9534883721203
Hold,2020-04-07 22:00:00,44.91,1990.9985202934172,Hold,1990.9985202934215,1450.5813953488646
Hold,2020-04-07 23:00:00,44.77,1984.791889412966,Hold,1984.7918894129702,1446.0594315245753
Hold,2020-04-08 00:00:00,44.37,1967.0586583259612,Hold,1967.0586583259658,1433.1395348837482
Hold,2020-04-08 01:00:00,44.46,1971.0486353205374,Hold,1971.048635320542,1436.0465116279345
Hold,2020-04-08 02:00:00,45.92,2035.7749287881034,Hold,2035.7749287881081,1483.2041343669532
Hold,2020-04-08 03:00:00,46.49,2061.0447830870844,Hold,2061.0447830870894,1501.6149870801319
Hold,2020-04-08 04:00:00,46.81,2075.2313679566882,Hold,2075.2313679566932,1511.9509043927937
Hold,2020-04-08 05:00:00,47.06,2086.3146373860664,Hold,2086.3146373860714,1520.0258397933105
Hold,2020-04-08 06:00:00,45.97,2037.9915826739789,Hold,2037.9915826739837,1484.8191214470567
Hold,2020-04-08 07:00:00,46.33,2053.9514906522827,Hold,2053.9514906522872,1496.4470284238014
Hold,2020-04-08 08:00:00,46.28,2051.734836766407,Hold,2051.7348367664117,1494.8320413436982
Hold,2020-04-08 09:00:00,46.07,2042.42489044573,Hold,2042.4248904457345,1488.049095607264
Hold,2020-04-08 10:00:00,45.49,2016.7117053695738,Hold,2016.711705369578,1469.315245478065
Hold,2020-04-08 11:00:00,45.9,2034.8882672337531,Hold,2034.888267233758,1482.5581395349127
Hold,2020-04-08 12:00:00,45.85,2032.6716133478778,Hold,2032.6716133478824,1480.9431524548093
Hold,2020-04-08 13:00:00,45.22,2004.7417743858457,Hold,2004.7417743858502,1460.5943152455066
Hold,2020-04-08 14:00:00,45.78,2029.5682979076519,Hold,2029.5682979076562,1478.6821705426646
Hold,2020-04-08 15:00:00,45.95,2037.1049211196287,Hold,2037.1049211196328,1484.1731266150164
Hold,2020-04-08 16:00:00,46.1,2043.7548827772553,Hold,2043.7548827772591,1489.0180878553265
Hold,2020-04-08 17:00:00,46.06,2041.981559668555,Hold,2041.981559668559,1487.7260981912439
Hold,2020-04-08 18:00:00,46.21,2048.631521326182,Hold,2048.6315213261855,1492.5710594315542
Hold,2020-04-08 19:00:00,46.13,2045.0848751087808,Hold,2045.0848751087847,1489.987080103389
Hold,2020-04-08 20:00:00,46.19,2047.7448597718314,Hold,2047.7448597718353,1491.925064599513
Hold,2020-04-08 21:00:00,46.38,2056.1681445381587,Hold,2056.168144538163,1498.0620155039062
Hold,2020-04-08 22:00:00,46.74,2072.1280525164625,Hold,2072.1280525164666,1509.6899224806505
Hold,2020-04-08 23:00:00,46.55,2063.7047677501355,Hold,2063.7047677501396,1503.5529715762575
Hold,2020-04-09 00:00:00,46.46,2059.7147907555595,Hold,2059.714790755563,1500.6459948320714
Hold,2020-04-09 01:00:00,46.04,2041.0948981142046,Hold,2041.0948981142085,1487.080103359203
Hold,2020-04-09 02:00:00,46.21,2048.631521326182,Hold,2048.631521326186,1492.5710594315544
Hold,2020-04-09 03:00:00,45.79,2030.011628684827,Hold,2030.0116286848313,1479.005167958686
Hold,2020-04-09 04:00:00,45.75,2028.2383055761265,Hold,2028.238305576131,1477.7131782946033
Hold,2020-04-09 05:00:00,46.15,2045.971536663131,Hold,2045.9715366631356,1490.6330749354304
Hold,2020-04-09 06:00:00,46.16,2046.414867440306,Hold,2046.4148674403102,1490.9560723514508
Hold,2020-04-09 07:00:00,46.47,2060.158121532734,Hold,2060.1581215327383,1500.9689922480918
Hold,2020-04-09 08:00:00,46.34,2054.394821429458,Hold,2054.394821429462,1496.7700258398231
Hold,2020-04-09 09:00:00,46.0,2039.3215750055044,Hold,2039.3215750055087,1485.78811369512
Hold,2020-04-09 10:00:00,46.13,2045.0848751087808,Hold,2045.0848751087851,1489.987080103389
Hold,2020-04-09 11:00:00,45.35,2010.5050744891223,Hold,2010.5050744891266,1464.793281653776
Hold,2020-04-09 12:00:00,46.08,2042.868221222905,Hold,2042.8682212229096,1488.3720930232853
Hold,2020-04-09 13:00:00,46.15,2045.971536663131,Hold,2045.9715366631356,1490.6330749354302
Hold,2020-04-09 14:00:00,46.31,2053.064829097933,Hold,2053.0648290979375,1495.801033591761
Hold,2020-04-09 15:00:00,46.09,2043.3115520000804,Hold,2043.311552000085,1488.6950904393061
Hold,2020-04-09 16:00:00,46.05,2041.5382288913797,Hold,2041.538228891384,1487.4031007752233
Hold,2020-04-09 17:00:00,46.23,2049.5181828805316,Hold,2049.5181828805366,1493.2170542635956
Hold,2020-04-09 18:00:00,45.89,2034.444936456578,Hold,2034.4449364565826,1482.2351421188926
Hold,2020-04-09 19:00:00,45.97,2037.9915826739789,Hold,2037.9915826739837,1484.819121447058
Hold,2020-04-09 20:00:00,46.11,2044.1982135544304,Hold,2044.1982135544347,1489.3410852713473
Hold,2020-04-09 21:00:00,46.5,2061.48811386426,Hold,2061.4881138642645,1501.9379844961538
Hold,2020-04-09 22:00:00,46.7,2070.354729407762,Hold,2070.354729407766,1508.3979328165676
Hold,2020-04-09 23:00:00,46.21,2048.631521326182,Hold,2048.6315213261855,1492.5710594315542
Hold,2020-04-10 00:00:00,46.33,2053.9514906522827,Hold,2053.9514906522863,1496.4470284238023
Hold,2020-04-10 01:00:00,46.09,2043.3115520000804,Hold,2043.311552000084,1488.6950904393061
Hold,2020-04-10 02:00:00,45.85,2032.6716133478778,Hold,2032.6716133478815,1480.9431524548097
Hold,2020-04-10 03:00:00,45.33,2009.6184129347719,Hold,2009.6184129347753,1464.1472868217345
Hold,2020-04-10 04:00:00,44.74,1983.4618970814406,Hold,1983.4618970814442,1445.0904392765146
Hold,2020-04-10 05:00:00,43.39,1923.6122421628008,Hold,1923.612242162804,1401.485788113723
Hold,2020-04-10 06:00:00,43.52,1929.3755422660772,Hold,1929.3755422660806,1405.684754521992
Hold,2020-04-10 07:00:00,42.74,1894.7957416464187,Hold,1894.795741646422,1380.4909560723793
Hold,2020-04-10 08:00:00,42.63,1889.9191030974923,Hold,1889.9191030974953,1376.9379844961518
Hold,2020-04-10 09:00:00,42.52,1885.0424645485664,Hold,1885.0424645485696,1373.3850129199243
Hold,2020-04-10 10:00:00,42.86,1900.11571097252,Hold,1900.1157109725232,1384.3669250646271
Hold,2020-04-10 11:00:00,42.49,1883.7124722170408,Hold,1883.712472217044,1372.416020671862
Hold,2020-04-10 12:00:00,42.7,1893.0224185377183,Hold,1893.0224185377215,1379.1989664082962
Hold,2020-04-10 13:00:00,42.46,1882.3824798855155,Hold,1882.382479885519,1371.4470284237998
Trailing-Stop,2020-04-10 14:00:00,42.12,1867.3092334615617,Trailing stop 10.0% hit,1867.309233461565,1360.4651162790967
Buy,2020-04-16 11:00:00,42.25,1867.3092334615617,Sinal: Compra,1867.309233461565,1364.6640826873654
Hold,2020-04-16 12:00:00,42.71,1883.8663090934526,Hold,1883.866309093456,1379.5219638243168
Hold,2020-04-16 13:00:00,42.17,1860.0478167752492,Hold,1860.0478167752526,1362.0801033592
Hold,2020-04-16 14:00:00,42.36,1868.4283974057282,Hold,1868.4283974057314,1368.2170542635927
Hold,2020-04-16 15:00:00,42.56,1877.2500612272852,Hold,1877.2500612272884,1374.6770025840065
Hold,2020-04-16 16:00:00,42.26,1864.0175654949498,Hold,1864.0175654949528,1364.9870801033858
Hold,2020-04-16 17:00:00,42.14,1858.7245672020158,Hold,1858.724567202019,1361.111111111138
Hold,2020-04-16 18:00:00,42.21,1861.8121495395606,Hold,1861.8121495395637,1363.3720930232826
Hold,2020-04-16 19:00:00,42.69,1882.984142711297,Hold,1882.9841427113004,1378.8759689922751
Hold,2020-04-16 20:00:00,42.54,1876.367894845129,Hold,1876.3678948451325,1374.031007751965
Hold,2020-04-16 21:00:00,42.63,1880.33764356483,Hold,1880.3376435648333,1376.9379844961513
Hold,2020-04-16 22:00:00,42.94,1894.0112224882428,Hold,1894.0112224882462,1386.9509043927922
Hold,2020-04-16 23:00:00,42.53,1875.9268116540513,Hold,1875.9268116540545,1373.7080103359444
Hold,2020-04-17 00:00:00,42.22,1862.2532327306383,Hold,1862.2532327306417,1363.6950904393032
Hold,2020-04-17 01:00:00,42.52,1875.4857284629736,Hold,1875.485728462977,1373.3850129199238
Hold,2020-04-17 02:00:00,42.19,1860.9299831574049,Hold,1860.9299831574085,1362.7260981912414
Hold,2020-04-17 03:00:00,42.36,1868.4283974057282,Hold,1868.4283974057319,1368.217054263593
Hold,2020-04-17 04:00:00,41.97,1851.2261529536925,Hold,1851.226152953696,1355.6201550387866
Hold,2020-04-17 05:00:00,42.11,1857.4013176287822,Hold,1857.401317628786,1360.1421188630761
Hold,2020-04-17 06:00:00,41.9,1848.1385706161475,Hold,1848.1385706161514,1353.3591731266417
Hold,2020-04-17 07:00:00,41.89,1847.6974874250698,Hold,1847.6974874250736,1353.0361757106211
Hold,2020-04-17 08:00:00,42.24,1863.1353991127942,Hold,1863.135399112798,1364.3410852713448
Hold,2020-04-17 09:00:00,42.45,1872.3981461254289,Hold,1872.3981461254332,1371.124031007779
Hold,2020-04-17 10:00:00,42.29,1865.3408150681832,Hold,1865.3408150681876,1365.956072351448
Hold,2020-04-17 11:00:00,42.01,1852.9904857180036,Hold,1852.990485718008,1356.9121447028692
Hold,2020-04-17 12:00:00,42.25,1863.576482303872,Hold,1863.5764823038762,1364.6640826873654
Hold,2020-04-17 13:00:00,42.28,1864.8997318771055,Hold,1864.8997318771096,1365.6330749354274
Hold,2020-04-17 14:00:00,41.99,1852.1083193358481,Hold,1852.1083193358522,1356.2661498708278
Hold,2020-04-17 15:00:00,42.04,1854.3137352912374,Hold,1854.3137352912415,1357.8811369509312
Hold,2020-04-17 16:00:00,42.19,1860.9299831574049,Hold,1860.929983157409,1362.7260981912411
Hold,2020-04-17 17:00:00,42.11,1857.4013176287822,Hold,1857.4013176287863,1360.142118863076
Hold,2020-04-17 18:00:00,42.18,1860.4888999663272,Hold,1860.4888999663315,1362.4031007752203
Hold,2020-04-17 19:00:00,42.41,1870.6338133611173,Hold,1870.6338133611216,1369.832041343696
Hold,2020-04-17 20:00:00,42.33,1867.1051478324946,Hold,1867.1051478324987,1367.2480620155306
Hold,2020-04-17 21:00:00,42.37,1868.869480596806,Hold,1868.86948059681,1368.5400516796133
Hold,2020-04-17 22:00:00,42.43,1871.515979743273,Hold,1871.515979743277,1370.4780361757373
Hold,2020-04-17 23:00:00,42.19,1860.9299831574049,Hold,1860.929983157409,1362.726098191241
Hold,2020-04-18 00:00:00,42.41,1870.6338133611173,Hold,1870.6338133611212,1369.8320413436957
Hold,2020-04-18 01:00:00,42.58,1878.1322276094406,Hold,1878.1322276094443,1375.3229974160472
Hold,2020-04-18 02:00:00,42.52,1875.4857284629736,Hold,1875.4857284629772,1373.3850129199234
Hold,2020-04-18 03:00:00,42.58,1878.1322276094406,Hold,1878.1322276094443,1375.3229974160474
Hold,2020-04-18 04:00:00,42.55,1876.808978036207,Hold,1876.8089780362106,1374.3540051679854
Hold,2020-04-18 05:00:00,42.63,1880.33764356483,Hold,1880.3376435648338,1376.937984496151
Hold,2020-04-18 06:00:00,42.45,1872.3981461254289,Hold,1872.398146125433,1371.124031007779
Hold,2020-04-18 07:00:00,42.45,1872.3981461254289,Hold,1872.398146125433,1371.124031007779
Hold,2020-04-18 08:00:00,42.44,1871.9570629343507,Hold,1871.9570629343548,1370.8010335917581
Hold,2020-04-18 09:00:00,42.34,1867.5462310235728,Hold,1867.5462310235769,1367.5710594315517
Hold,2020-04-18 10:00:00,42.31,1866.222981450339,Hold,1866.222981450343,1366.6020671834897
Hold,2020-04-18 11:00:00,42.46,1872.8392293165066,Hold,1872.839229316511,1371.4470284237998
Hold,2020-04-18 12:00:00,42.87,1890.9236401506978,Hold,1890.923640150702,1384.6899224806475
Hold,2020-04-18 13:00:00,43.72,1928.4157113923143,Hold,1928.4157113923188,1412.1447028424052
Hold,2020-04-18 14:00:00,43.69,1927.0924618190807,Hold,1927.0924618190852,1411.1757105943432
Hold,2020-04-18 15:00:00,43.82,1932.8265433030926,Hold,1932.8265433030972,1415.374677002612
Hold,2020-04-18 16:00:00,43.48,1917.829714806446,Hold,1917.8297148064505,1404.392764857909
Hold,2020-04-18 17:00:00,43.38,1913.4188828956678,Hold,1913.4188828956721,1401.1627906977023
Hold,2020-04-18 18:00:00,43.44,1916.0653820421348,Hold,1916.0653820421392,1403.1007751938264
Hold,2020-04-18 19:00:00,43.56,1921.358380335069,Hold,1921.3583803350732,1406.9767441860747
Hold,2020-04-18 20:00:00,43.63,1924.4459626726139,Hold,1924.445962672618,1409.2377260982196
Hold,2020-04-18 21:00:00,43.63,1924.4459626726139,Hold,1924.445962672618,1409.2377260982196
Hold,2020-04-18 22:00:00,44.01,1941.2071239335717,Hold,1941.207123933576,1421.511627907005
Hold,2020-04-18 23:00:00,44.14,1946.9412054175834,Hold,1946.9412054175878,1425.710594315274
Hold,2020-04-19 00:00:00,43.84,1933.7087096852486,Hold,1933.708709685253,1416.0206718346535
Hold,2020-04-19 01:00:00,43.89,1935.9141256406376,Hold,1935.9141256406422,1417.635658914757
Hold,2020-04-19 02:00:00,44.02,1941.6482071246496,Hold,1941.6482071246544,1421.8346253230259
Hold,2020-04-19 03:00:00,43.99,1940.324957551416,Hold,1940.3249575514208,1420.8656330749639
Hold,2020-04-19 04:00:00,43.76,1930.1800441566256,Hold,1930.1800441566304,1413.436692506488
Hold,2020-04-19 05:00:00,42.84,1889.6003905774646,Hold,1889.6003905774692,1383.720930232586
Hold,2020-04-19 06:00:00,43.1,1901.0685535454884,Hold,1901.068553545493,1392.1188630491235
Hold,2020-04-19 07:00:00,42.97,1895.3344720614762,Hold,1895.3344720614807,1387.9198966408546
Hold,2020-04-19 08:00:00,42.91,1892.6879729150094,Hold,1892.6879729150137,1385.9819121447306
Hold,2020-04-19 09:00:00,43.11,1901.509636736566,Hold,1901.5096367365707,1392.4418604651444
Hold,2020-04-19 10:00:00,43.25,1907.6848014116558,Hold,1907.6848014116604,1396.963824289434
Sell,2020-04-19 11:00:00,43.23,1906.8026350295002,Sinal: Venda,1906.8026350295047,1396.3178294573927
Buy,2020-04-23 04:00:00,41.65,1906.8026350295002,Sinal: Compra,1906.8026350295047,1345.2842377261254
Hold,2020-04-23 05:00:00,41.43,1892.9391236918805,Hold,1892.939123691885,1338.1782945736704
Hold,2020-04-23 06:00:00,41.1,1877.8614043865869,Hold,1877.8614043865916,1327.519379844988
Hold,2020-04-23 07:00:00,41.27,1885.6287143317381,Hold,1885.6287143317427,1333.0103359173397
Hold,2020-04-23 08:00:00,41.4,1891.5684219368536,Hold,1891.5684219368582,1337.2093023256084
Hold,2020-04-23 09:00:00,41.56,1898.8788312969962,Hold,1898.8788312970012,1342.3772609819396
Hold,2020-04-23 10:00:00,41.29,1886.5425155017558,Hold,1886.5425155017608,1333.6563307493811
Hold,2020-04-23 11:00:00,41.78,1908.930644167192,Hold,1908.9306441671968,1349.4832041343946
Hold,2020-04-23 12:00:00,41.95,1916.6979541123435,Hold,1916.697954112348,1354.9741602067463
Hold,2020-04-23 13:00:00,42.19,1927.6635681525568,Hold,1927.6635681525613,1362.726098191242
Hold,2020-04-23 14:00:00,43.33,1979.7502348435717,Hold,1979.7502348435762,1399.5478036175994
Hold,2020-04-23 15:00:00,43.2,1973.8105272384562,Hold,1973.8105272384607,1395.348837209331
Hold,2020-04-23 16:00:00,42.91,1960.5604102731977,Hold,1960.5604102732025,1385.981912144731
Hold,2020-04-23 17:00:00,43.31,1978.836433673554,Hold,1978.836433673559,1398.9018087855582
Hold,2020-04-23 18:00:00,43.39,1982.4916383536251,Hold,1982.4916383536302,1401.4857881137234
Hold,2020-04-23 19:00:00,43.34,1980.2071354285808,Hold,1980.2071354285858,1399.8708010336202
Hold,2020-04-23 20:00:00,43.28,1977.4657319185274,Hold,1977.4657319185324,1397.932816537496
Hold,2020-04-23 21:00:00,43.42,1983.8623401086518,Hold,1983.8623401086566,1402.4547803617857
Hold,2020-04-23 22:00:00,43.47,1986.1468430336963,Hold,1986.146843033701,1404.069767441889
Hold,2020-04-23 23:00:00,42.98,1963.7587143682601,Hold,1963.758714368265,1388.242894056876
Hold,2020-04-24 00:00:00,43.09,1968.7846208033582,Hold,1968.7846208033627,1391.7958656331039
Hold,2020-04-24 01:00:00,43.25,1976.0950301635005,Hold,1976.0950301635055,1396.9638242894346
Hold,2020-04-24 02:00:00,43.56,1990.2589482987767,Hold,1990.258948298782,1406.9767441860758
Hold,2020-04-24 03:00:00,43.47,1986.1468430336963,Hold,1986.1468430337013,1404.0697674418896
Hold,2020-04-24 04:00:00,43.59,1991.6296500538033,Hold,1991.629650053808,1407.945736434138
Hold,2020-04-24 05:00:00,43.23,1975.1812289934826,Hold,1975.1812289934871,1396.3178294573934
Hold,2020-04-24 06:00:00,43.55,1989.8020477137675,Hold,1989.802047713772,1406.6537467700552
Hold,2020-04-24 07:00:00,44.09,2014.4746793042486,Hold,2014.4746793042532,1424.0956072351723
Hold,2020-04-24 08:00:00,44.88,2050.5698255199513,Hold,2050.569825519956,1449.612403100806
Hold,2020-04-24 09:00:00,44.6,2037.7766091397023,Hold,2037.7766091397068,1440.568475452227
Hold,2020-04-24 10:00:00,44.43,2030.009299194551,Hold,2030.0092991945555,1435.0775193798754
Hold,2020-04-24 11:00:00,43.92,2006.7073693590971,Hold,2006.7073693591014,1418.604651162821
Hold,2020-04-24 12:00:00,44.17,2018.1298839843196,Hold,2018.1298839843241,1426.679586563338
Hold,2020-04-24 13:00:00,43.82,2002.1383635090078,Hold,2002.1383635090122,1415.3746770026141
Hold,2020-04-24 14:00:00,43.78,2000.3107611689725,Hold,2000.310761168977,1414.0826873385315
Hold,2020-04-24 15:00:00,44.05,2012.6470769642126,Hold,2012.6470769642171,1422.8036175710897
Hold,2020-04-24 16:00:00,44.38,2027.7247962695064,Hold,2027.7247962695108,1433.462532299772
Hold,2020-04-24 17:00:00,44.64,2039.604211479738,Hold,2039.6042114797424,1441.8604651163096
Hold,2020-04-24 18:00:00,44.37,2027.2678956844975,Hold,2027.2678956845018,1433.1395348837511
Hold,2020-04-24 19:00:00,44.57,2036.4059073846756,Hold,2036.4059073846802,1439.599483204165
Hold,2020-04-24 20:00:00,44.61,2038.2335097247112,Hold,2038.2335097247158,1440.8914728682478
Hold,2020-04-24 21:00:00,44.46,2031.3800009495778,Hold,2031.3800009495826,1436.0465116279377
Hold,2020-04-24 22:00:00,44.25,2021.7850886643907,Hold,2021.7850886643953,1429.2635658915033
Hold,2020-04-24 23:00:00,44.53,2034.57830504464,Hold,2034.5783050446448,1438.3074935400823
Hold,2020-04-25 00:00:00,44.02,2011.2763752091862,Hold,2011.276375209191,1421.834625323028
Hold,2020-04-25 01:00:00,44.2,2019.5005857393464,Hold,2019.5005857393512,1427.6485788114
Hold,2020-04-25 04:00:00,44.75,2044.6301179148359,Hold,2044.6301179148406,1445.4134366925375
Hold,2020-04-25 05:00:00,45.4,2074.3286559404146,Hold,2074.3286559404196,1466.4082687338816
Hold,2020-04-25 06:00:00,45.46,2077.070059450468,Hold,2077.0700594504733,1468.3462532300057
Hold,2020-04-25 07:00:00,45.09,2060.164737805139,Hold,2060.1647378051443,1456.3953488372408
Hold,2020-04-25 08:00:00,44.71,2042.8025155748,Hold,2042.8025155748055,1444.121447028455
Hold,2020-04-25 09:00:00,44.96,2054.225030200023,Hold,2054.2250302000284,1452.196382428972
Hold,2020-04-25 10:00:00,45.29,2069.3027495053166,Hold,2069.302749505322,1462.8552971576544
Hold,2020-04-25 11:00:00,44.61,2038.2335097247112,Hold,2038.2335097247167,1440.891472868248
Hold,2020-04-25 12:00:00,44.77,2045.543919084854,Hold,2045.5439190848597,1446.059431524579
Hold,2020-04-25 13:00:00,45.28,2068.8458489203076,Hold,2068.845848920313,1462.5322997416336
Hold,2020-04-25 14:00:00,44.99,2055.5957319550494,Hold,2055.5957319550553,1453.165374677034
Hold,2020-04-25 15:00:00,44.43,2030.009299194551,Hold,2030.0092991945564,1435.0775193798756
Hold,2020-04-25 16:00:00,44.52,2034.1214044596313,Hold,2034.1214044596368,1437.9844961240617
Hold,2020-04-25 17:00:00,44.38,2027.7247962695064,Hold,2027.7247962695117,1433.4625322997722
Hold,2020-04-25 18:00:00,44.25,2021.7850886643907,Hold,2021.7850886643962,1429.2635658915033
Hold,2020-04-25 19:00:00,44.45,2030.9231003645689,Hold,2030.9231003645746,1435.7235142119168
Hold,2020-04-25 20:00:00,44.55,2035.4921062146577,Hold,2035.4921062146634,1438.9534883721235
Hold,2020-04-25 21:00:00,44.23,2020.8712874943728,Hold,2020.8712874943785,1428.6175710594619
Hold,2020-04-25 22:00:00,44.29,2023.6126910044263,Hold,2023.6126910044322,1430.5555555555857
Hold,2020-04-25 23:00:00,44.38,2027.7247962695064,Hold,2027.7247962695121,1433.462532299772
Hold,2020-04-26 00:00:00,44.84,2048.742223179916,Hold,2048.742223179922,1448.3204134367234
Hold,2020-04-26 01:00:00,44.53,2034.57830504464,Hold,2034.5783050446457,1438.307493540082
Hold,2020-04-26 02:00:00,44.72,2043.259416159809,Hold,2043.2594161598145,1444.4444444444748
Hold,2020-04-26 03:00:00,44.65,2040.0611120647466,Hold,2040.0611120647523,1442.1834625323302
Hold,2020-04-26 04:00:00,44.54,2035.0352056296488,Hold,2035.0352056296542,1438.6304909561027
Hold,2020-04-26 05:00:00,44.26,2022.2419892493995,Hold,2022.2419892494052,1429.5865633075236
Hold,2020-04-26 06:00:00,44.39,2028.1816968545154,Hold,2028.1816968545213,1433.7855297157928
Hold,2020-04-26 07:00:00,44.38,2027.7247962695064,Hold,2027.7247962695121,1433.4625322997722
Hold,2020-04-26 08:00:00,44.4,2028.6385974395243,Hold,2028.6385974395298,1434.1085271318136
Hold,2020-04-26 09:00:00,44.64,2039.604211479738,Hold,2039.6042114797433,1441.8604651163098
Hold,2020-04-26 10:00:00,44.79,2046.4577202548714,Hold,2046.4577202548764,1446.7054263566201
Hold,2020-04-26 11:00:00,45.02,2056.966433710076,Hold,2056.9664337100808,1454.134366925096
Hold,2020-04-26 12:00:00,44.93,2052.854328444996,Hold,2052.854328445001,1451.2273901809097
Hold,2020-04-26 13:00:00,45.26,2067.9320477502897,Hold,2067.9320477502943,1461.886304909592
Hold,2020-04-26 14:00:00,44.74,2044.173217329827,Hold,2044.1732173298312,1445.0904392765167
Hold,2020-04-26 15:00:00,43.97,2008.9918722841414,Hold,2008.9918722841458,1420.2196382429245
Hold,2020-04-26 16:00:00,44.24,2021.328188079382,Hold,2021.3281880793868,1428.9405684754827
Hold,2020-04-26 17:00:00,44.15,2017.2160828143017,Hold,2017.2160828143064,1426.0335917312966
Hold,2020-04-26 18:00:00,44.34,2025.8971939294709,Hold,2025.8971939294756,1432.1705426356896
Hold,2020-04-26 19:00:00,44.48,2032.2938021195953,Hold,2032.2938021196003,1436.6925064599789
Hold,2020-04-26 20:00:00,44.49,2032.7507027046045,Hold,2032.7507027046092,1437.0155038759997
Hold,2020-04-26 21:00:00,44.24,2021.328188079382,Hold,2021.3281880793868,1428.9405684754827
Hold,2020-04-26 22:00:00,44.2,2019.5005857393464,Hold,2019.5005857393512,1427.6485788114
Hold,2020-04-26 23:00:00,44.52,2034.1214044596313,Hold,2034.1214044596359,1437.9844961240615
Hold,2020-04-27 00:00:00,44.85,2049.1991237649245,Hold,2049.199123764929,1448.643410852744
Hold,2020-04-27 01:00:00,44.7,2042.3456149897916,Hold,2042.3456149897966,1443.7984496124338
Hold,2020-04-27 02:00:00,44.92,2052.397427859987,Hold,2052.397427859992,1450.9043927648888
Hold,2020-04-27 03:00:00,44.79,2046.4577202548714,Hold,2046.457720254877,1446.70542635662
Hold,2020-04-27 04:00:00,44.86,2049.656024349934,Hold,2049.656024349939,1448.9664082687646
Hold,2020-04-27 05:00:00,44.45,2030.9231003645689,Hold,2030.923100364574,1435.7235142119166
Hold,2020-04-27 06:00:00,44.2,2019.5005857393464,Hold,2019.5005857393514,1427.6485788113998
Hold,2020-04-27 07:00:00,44.51,2033.6645038746221,Hold,2033.6645038746274,1437.6614987080407
Hold,2020-04-27 08:00:00,44.39,2028.1816968545154,Hold,2028.1816968545209,1433.7855297157926
Hold,2020-04-27 09:00:00,44.47,2031.8369015345866,Hold,2031.836901534592,1436.369509043958
Hold,2020-04-27 10:00:00,44.32,2024.983392759453,Hold,2024.9833927594584,1431.524547803648
Hold,2020-04-27 11:00:00,44.49,2032.7507027046045,Hold,2032.7507027046101,1437.0155038759997
Hold,2020-04-27 12:00:00,44.24,2021.328188079382,Hold,2021.3281880793877,1428.9405684754827
Hold,2020-04-27 13:00:00,44.01,2010.819474624177,Hold,2010.8194746241827,1421.511627907007
Hold,2020-04-27 14:00:00,43.51,1987.974445373732,Hold,1987.9744453737376,1405.361757105973
Hold,2020-04-27 15:00:00,43.66,1994.8279541488655,Hold,1994.827954148871,1410.2067183462832
Hold,2020-04-27 16:00:00,43.55,1989.8020477137675,Hold,1989.8020477137727,1406.6537467700557
Hold,2020-04-27 17:00:00,43.52,1988.431345958741,Hold,1988.4313459587463,1405.684754521994
Hold,2020-04-27 18:00:00,43.82,2002.1383635090078,Hold,2002.1383635090135,1415.3746770026144
Hold,2020-04-27 19:00:00,43.85,2003.5090652640347,Hold,2003.5090652640406,1416.3436692506764
Hold,2020-04-27 20:00:00,43.88,2004.8797670190613,Hold,2004.8797670190672,1417.3126614987386
Hold,2020-04-27 21:00:00,43.96,2008.5349716991327,Hold,2008.5349716991386,1419.8966408269039
Hold,2020-04-27 22:00:00,44.48,2032.2938021195953,Hold,2032.2938021196014,1436.6925064599789
Hold,2020-04-27 23:00:00,44.46,2031.3800009495778,Hold,2031.380000949584,1436.0465116279377
Hold,2020-04-28 00:00:00,44.27,2022.6988898344086,Hold,2022.6988898344148,1429.9095607235447
Hold,2020-04-28 01:00:00,43.76,1999.3969599989543,Hold,1999.3969599989603,1413.43669250649
Hold,2020-04-28 02:00:00,43.88,2004.8797670190613,Hold,2004.8797670190672,1417.3126614987384
Hold,2020-04-28 03:00:00,43.87,2004.4228664340524,Hold,2004.4228664340583,1416.9896640827176
Hold,2020-04-28 04:00:00,43.86,2003.9659658490434,Hold,2003.965965849049,1416.666666666697
Hold,2020-04-28 05:00:00,43.94,2007.6211705291146,Hold,2007.6211705291205,1419.2506459948625
Hold,2020-04-28 06:00:00,43.96,2008.5349716991327,Hold,2008.5349716991386,1419.8966408269039
Hold,2020-04-28 07:00:00,44.05,2012.6470769642126,Hold,2012.6470769642185,1422.80361757109
Hold,2020-04-28 08:00:00,43.92,2006.7073693590971,Hold,2006.7073693591028,1418.6046511628213
Hold,2020-04-28 09:00:00,44.41,2029.095498024533,Hold,2029.0954980245388,1434.4315245478342
Hold,2020-04-28 10:00:00,44.77,2045.543919084854,Hold,2045.5439190848597,1446.059431524579
Hold,2020-04-28 11:00:00,44.47,2031.8369015345866,Hold,2031.836901534592,1436.3695090439585
Hold,2020-04-28 12:00:00,44.74,2044.173217329827,Hold,2044.1732173298326,1445.090439276517
Hold,2020-04-28 13:00:00,44.53,2034.57830504464,Hold,2034.5783050446457,1438.3074935400825
Hold,2020-04-28 14:00:00,44.08,2014.0177787192392,Hold,2014.0177787192451,1423.7726098191522
Hold,2020-04-28 15:00:00,44.45,2030.9231003645689,Hold,2030.9231003645746,1435.7235142119173
Hold,2020-04-28 16:00:00,44.58,2036.8628079696846,Hold,2036.8628079696905,1439.922480620186
Hold,2020-04-28 17:00:00,44.48,2032.2938021195953,Hold,2032.2938021196012,1436.692506459979
Hold,2020-04-28 18:00:00,44.8,2046.9146208398802,Hold,2046.9146208398859,1447.0284237726407
Hold,2020-04-28 19:00:00,44.67,2040.9749132347647,Hold,2040.9749132347704,1442.829457364372
Hold,2020-04-28 20:00:00,44.85,2049.1991237649245,Hold,2049.19912376493,1448.6434108527444
Hold,2020-04-28 21:00:00,44.86,2049.656024349934,Hold,2049.6560243499393,1448.966408268765
Hold,2020-04-28 22:00:00,45.21,2065.6475448252454,Hold,2065.6475448252513,1460.271317829489
Hold,2020-04-28 23:00:00,45.69,2087.5787729056724,Hold,2087.5787729056788,1475.7751937984813
Hold,2020-04-29 00:00:00,45.71,2088.4925740756903,Hold,2088.4925740756967,1476.4211886305227
Hold,2020-04-29 01:00:00,45.91,2097.630585775868,Hold,2097.6305857758744,1482.881136950936
Hold,2020-04-29 02:00:00,45.89,2096.716784605851,Hold,2096.7167846058574,1482.2351421188948
Hold,2020-04-29 03:00:00,45.85,2094.889182265815,Hold,2094.8891822658215,1480.9431524548122
Hold,2020-04-29 04:00:00,46.01,2102.1995916259575,Hold,2102.1995916259643,1486.1111111111431
Hold,2020-04-29 05:00:00,46.18,2109.966901571109,Hold,2109.9669015711156,1491.602067183495
Hold,2020-04-29 06:00:00,46.31,2115.9066091762247,Hold,2115.9066091762315,1495.8010335917638
Hold,2020-04-29 07:00:00,46.08,2105.3978957210197,Hold,2105.3978957210265,1488.372093023288
Hold,2020-04-29 08:00:00,45.9,2097.1736851908595,Hold,2097.1736851908663,1482.5581395349157
Hold,2020-04-29 09:00:00,46.21,2111.337603326135,Hold,2111.337603326142,1492.571059431557
Hold,2020-04-29 10:00:00,46.43,2121.3894161963312,Hold,2121.3894161963385,1499.677002584012
Hold,2020-04-29 11:00:00,46.74,2135.5533343316074,Hold,2135.5533343316147,1509.689922480653
Hold,2020-04-29 12:00:00,47.45,2167.9932758672394,Hold,2167.9932758672467,1532.6227390181214
Hold,2020-04-29 13:00:00,47.02,2148.3465507118567,Hold,2148.346550711864,1518.733850129232
Hold,2020-04-29 14:00:00,47.41,2166.1656735272036,Hold,2166.1656735272113,1531.3307493540385
Hold,2020-04-29 15:00:00,47.51,2170.7346793772927,Hold,2170.7346793773,1534.5607235142452
Hold,2020-04-29 16:00:00,48.53,2217.338539048201,Hold,2217.3385390482085,1567.5064599483546
Hold,2020-04-29 17:00:00,48.43,2212.7695331981117,Hold,2212.7695331981195,1564.2764857881477
Hold,2020-04-29 18:00:00,48.36,2209.5712291030495,Hold,2209.5712291030572,1562.015503876003
Hold,2020-04-29 19:00:00,48.75,2227.3903519183964,Hold,2227.390351918404,1574.6124031008096
Hold,2020-04-29 20:00:00,48.79,2229.2179542584317,Hold,2229.2179542584395,1575.9043927648922
Hold,2020-04-29 21:00:00,48.88,2233.3300595235123,Hold,2233.3300595235205,1578.811369509078
Hold,2020-04-29 22:00:00,48.5,2215.9678372931744,Hold,2215.9678372931826,1566.5374677002924
Hold,2020-04-29 23:00:00,48.81,2230.13175542845,Hold,2230.1317554284583,1576.5503875969334
Hold,2020-04-30 00:00:00,49.29,2252.062983508877,Hold,2252.0629835088853,1592.0542635659258
Hold,2020-04-30 01:00:00,49.56,2264.3992993041174,Hold,2264.399299304126,1600.7751937984842
Hold,2020-04-30 02:00:00,49.86,2278.1063168543847,Hold,2278.1063168543938,1610.4651162791047
Take-Profit,2020-04-30 03:00:00,50.65,2314.201463070088,TP 20.0% hit,2314.2014630700965,1635.981912144738
Buy,2020-04-30 08:00:00,48.45,2314.201463070088,Sinal: Compra,2314.2014630700965,1564.922480620189
Hold,2020-04-30 09:00:00,46.32,2208.0398625320827,Hold,2208.039862532091,1496.1240310077844
Hold,2020-04-30 10:00:00,47.28,2253.802346729639,Hold,2253.8023467296475,1527.1317829457696
Hold,2020-04-30 11:00:00,46.9,2235.688030068106,Hold,2235.688030068114,1514.8578811369837
Hold,2020-04-30 12:00:00,46.64,2223.2940239312684,Hold,2223.2940239312766,1506.459948320446
Hold,2020-04-30 13:00:00,47.16,2248.082036204944,Hold,2248.0820362049526,1523.2558139535213
Hold,2020-04-30 14:00:00,47.57,2267.6264304976507,Hold,2267.6264304976594,1536.4987080103695
Sell,2020-04-30 15:00:00,47.12,2246.175266030046,Sinal: Venda,2246.1752660300544,1521.9638242894387
Buy,2020-04-30 16:00:00,46.95,2246.175266030046,Sinal: Compra,2246.1752660300544,1516.4728682170871
Hold,2020-04-30 17:00:00,46.25,2208.2628056951626,Hold,2208.2628056951708,1493.8630490956396
Hold,2020-04-30 18:00:00,46.61,2225.4514459124657,Hold,2225.451445912474,1505.4909560723838
Hold,2020-04-30 19:00:00,46.94,2241.2076994449926,Hold,2241.2076994450013,1516.1498708010663
Hold,2020-04-30 20:00:00,47.06,2246.9372461840944,Hold,2246.937246184103,1520.0258397933148
Hold,2020-04-30 21:00:00,46.69,2229.271143738533,Hold,2229.2711437385415,1508.0749354005495
Hold,2020-04-30 22:00:00,46.92,2240.2527749884766,Hold,2240.2527749884853,1515.5038759690253
Hold,2020-04-30 23:00:00,46.33,2212.08250352123,Hold,2212.082503521239,1496.4470284238052
Hold,2020-05-01 00:00:00,46.77,2233.0908415646004,Hold,2233.090841564609,1510.658914728715
Hold,2020-05-01 01:00:00,46.63,2226.4063703689826,Hold,2226.4063703689912,1506.1369509044255
Hold,2020-05-01 02:00:00,46.89,2238.820388303701,Hold,2238.8203883037095,1514.534883720963
Hold,2020-05-01 03:00:00,46.79,2234.045766021117,Hold,2234.045766021126,1511.3049095607562
Hold,2020-05-01 04:00:00,47.44,2265.080810857914,Hold,2265.080810857923,1532.2997416021003
Hold,2020-05-01 05:00:00,47.81,2282.746913303475,Hold,2282.7469133034842,1544.2506459948656
Hold,2020-05-01 06:00:00,47.69,2277.017366564374,Hold,2277.0173665643833,1540.3746770026173
Hold,2020-05-01 07:00:00,47.68,2276.539904336116,Hold,2276.5399043361253,1540.051679586597
Hold,2020-05-01 08:00:00,47.77,2280.8370643904414,Hold,2280.837064390451,1542.958656330783
Hold,2020-05-01 09:00:00,47.89,2286.5666111295427,Hold,2286.566611129552,1546.834625323031
Hold,2020-05-01 10:00:00,48.08,2295.6383934664523,Hold,2295.6383934664614,1552.971576227424
Hold,2020-05-01 11:00:00,48.0,2291.8186956403847,Hold,2291.818695640394,1550.3875968992586
Hold,2020-05-01 12:00:00,47.57,2271.2878198252733,Hold,2271.2878198252824,1536.4987080103697
Hold,2020-05-01 13:00:00,47.17,2252.1893306949364,Hold,2252.189330694945,1523.5788113695426
Hold,2020-05-01 14:00:00,47.25,2256.009028521004,Hold,2256.0090285210126,1526.162790697708
Hold,2020-05-01 15:00:00,46.81,2235.0006904776337,Hold,2235.0006904776424,1511.950904392798
Hold,2020-05-01 16:00:00,46.82,2235.478152705892,Hold,2235.478152705901,1512.2739018088187
Hold,2020-05-01 17:00:00,46.96,2242.16262390151,Hold,2242.1626239015186,1516.7958656331082
Hold,2020-05-01 18:00:00,46.82,2235.478152705892,Hold,2235.4781527059004,1512.2739018088187
Hold,2020-05-01 19:00:00,46.77,2233.0908415646004,Hold,2233.0908415646086,1510.6589147287154
Hold,2020-05-01 20:00:00,46.94,2241.2076994449926,Hold,2241.2076994450003,1516.149870801067
Hold,2020-05-01 21:00:00,47.06,2246.9372461840944,Hold,2246.9372461841026,1520.0258397933155
Hold,2020-05-01 22:00:00,47.05,2246.4597839558355,Hold,2246.4597839558437,1519.7028423772947
Hold,2020-05-01 23:00:00,47.07,2247.414708412353,Hold,2247.414708412361,1520.3488372093361
Hold,2020-05-02 00:00:00,47.13,2250.279481781903,Hold,2250.2794817819117,1522.2868217054602
Hold,2020-05-02 01:00:00,47.11,2249.324557325386,Hold,2249.3245573253944,1521.6408268734187
Hold,2020-05-02 02:00:00,47.25,2256.009028521004,Hold,2256.009028521012,1526.1627906977083
Hold,2020-05-02 03:00:00,47.3,2258.396339662296,Hold,2258.396339662305,1527.7777777778115
Hold,2020-05-02 04:00:00,47.17,2252.1893306949364,Hold,2252.1893306949446,1523.5788113695428
Hold,2020-05-02 05:00:00,47.06,2246.9372461840944,Hold,2246.937246184103,1520.0258397933153
Hold,2020-05-02 06:00:00,47.08,2247.892170640611,Hold,2247.892170640619,1520.6718346253565
Hold,2020-05-02 07:00:00,46.91,2239.7753127602177,Hold,2239.775312760226,1515.1808785530047
Hold,2020-05-02 08:00:00,46.79,2234.045766021117,Hold,2234.045766021125,1511.3049095607566
Hold,2020-05-02 09:00:00,47.14,2250.7569440101615,Hold,2250.7569440101697,1522.6098191214808
Hold,2020-05-02 10:00:00,47.24,2255.5315662927455,Hold,2255.531566292754,1525.8397932816877
Hold,2020-05-02 11:00:00,47.22,2254.5766418362286,Hold,2254.5766418362373,1525.1937984496462
Hold,2020-05-02 12:00:00,47.23,2255.054104064487,Hold,2255.054104064496,1525.5167958656668
Hold,2020-05-02 13:00:00,47.6,2272.7202065100487,Hold,2272.720206510058,1537.4677002584322
Hold,2020-05-02 14:00:00,47.52,2268.9005086839816,Hold,2268.90050868399,1534.8837209302667
Hold,2020-05-02 15:00:00,47.41,2263.648424173138,Hold,2263.648424173147,1531.330749354039
Hold,2020-05-02 16:00:00,48.71,2325.7185138467325,Hold,2325.7185138467407,1573.3204134367274
Hold,2020-05-02 17:00:00,48.96,2337.655069553193,Hold,2337.6550695532014,1581.395348837244
Hold,2020-05-02 18:00:00,48.42,2311.8721092272385,Hold,2311.872109227247,1563.9534883721276
Hold,2020-05-02 19:00:00,48.64,2322.3762782489234,Hold,2322.3762782489316,1571.0594315245828
Hold,2020-05-02 20:00:00,49.38,2357.708483140046,Hold,2357.7084831400543,1594.961240310113
Hold,2020-05-02 21:00:00,49.33,2355.321171998754,Hold,2355.3211719987626,1593.3462532300096
Hold,2020-05-02 22:00:00,49.22,2350.0690874879115,Hold,2350.06908748792,1589.793281653782
Hold,2020-05-02 23:00:00,49.2,2349.1141630313946,Hold,2349.114163031403,1589.1472868217409
Hold,2020-05-03 00:00:00,49.72,2373.942198900832,Hold,2373.9421989008406,1605.943152454816
Hold,2020-05-03 01:00:00,49.53,2364.8704165639224,Hold,2364.870416563931,1599.806201550423
Hold,2020-05-03 02:00:00,49.42,2359.6183320530795,Hold,2359.618332053088,1596.2532299741956
Hold,2020-05-03 03:00:00,49.67,2371.55488775954,Hold,2371.5548877595493,1604.3281653747126
Hold,2020-05-03 04:00:00,49.25,2351.501474172687,Hold,2351.5014741726955,1590.7622739018439
Hold,2020-05-03 05:00:00,49.09,2343.862078520552,Hold,2343.8620785205608,1585.594315245513
Hold,2020-05-03 06:00:00,48.73,2326.673438303249,Hold,2326.6734383032576,1573.9664082687684
Hold,2020-05-03 07:00:00,48.7,2325.241051618474,Hold,2325.2410516184827,1572.9974160207064
Hold,2020-05-03 08:00:00,48.97,2338.132531781451,Hold,2338.1325317814594,1581.7183462532644
Hold,2020-05-03 09:00:00,49.34,2355.7986342270124,Hold,2355.7986342270215,1593.66925064603
Hold,2020-05-03 10:00:00,48.89,2334.3128339553837,Hold,2334.3128339553928,1579.1343669250994
Hold,2020-05-03 11:00:00,48.92,2335.745220640159,Hold,2335.745220640168,1580.1033591731614
Hold,2020-05-03 12:00:00,48.61,2320.943891564148,Hold,2320.943891564157,1570.0904392765206
Hold,2020-05-03 13:00:00,48.42,2311.8721092272385,Hold,2311.8721092272476,1563.9534883721276
Hold,2020-05-03 14:00:00,47.17,2252.1893306949364,Hold,2252.1893306949455,1523.5788113695426
Hold,2020-05-03 15:00:00,47.61,2273.1976687383067,Hold,2273.1976687383158,1537.7906976744525
Hold,2020-05-03 16:00:00,47.58,2271.7652820535313,Hold,2271.7652820535404,1536.8217054263905
Hold,2020-05-03 17:00:00,47.36,2261.2611130318464,Hold,2261.261113031855,1529.7157622739355
Hold,2020-05-03 18:00:00,47.53,2269.3779709122396,Hold,2269.3779709122477,1535.206718346287
Hold,2020-05-03 19:00:00,47.53,2269.3779709122396,Hold,2269.3779709122477,1535.206718346287
Hold,2020-05-03 20:00:00,47.48,2266.9906597709473,Hold,2266.9906597709555,1533.5917312661836
Hold,2020-05-03 21:00:00,47.69,2277.017366564374,Hold,2277.017366564382,1540.3746770026178
Hold,2020-05-03 22:00:00,47.93,2288.476460042576,Hold,2288.476460042584,1548.1266149871144
Hold,2020-05-03 23:00:00,48.05,2294.206006781677,Hold,2294.206006781685,1552.0025839793625
Hold,2020-05-04 00:00:00,47.34,2260.30618857533,Hold,2260.3061885753377,1529.0697674418946
Hold,2020-05-04 01:00:00,46.14,2203.01072118432,Hold,2203.0107211843283,1490.310077519413
Hold,2020-05-04 02:00:00,46.57,2223.5415969994315,Hold,2223.5415969994397,1504.1989664083019
Hold,2020-05-04 03:00:00,46.59,2224.496521455949,Hold,2224.4965214559575,1504.8449612403433
Hold,2020-05-04 04:00:00,46.19,2205.398032325612,Hold,2205.39803232562,1491.9250645995162
Hold,2020-05-04 05:00:00,45.72,2182.9573075974668,Hold,2182.957307597475,1476.7441860465442
Hold,2020-05-04 06:00:00,45.87,2190.119241021343,Hold,2190.119241021351,1481.5891472868543
Hold,2020-05-04 07:00:00,46.11,2201.578334499545,Hold,2201.5783344995525,1489.3410852713507
Hold,2020-05-04 08:00:00,46.29,2210.1726546081964,Hold,2210.172654608204,1495.1550387597229
Hold,2020-05-04 09:00:00,45.73,2183.434769825725,Hold,2183.4347698257325,1477.0671834625646
Hold,2020-05-04 10:00:00,45.76,2184.8671565105,Hold,2184.8671565105074,1478.0361757106266
Hold,2020-05-04 11:00:00,45.89,2191.0741654778594,Hold,2191.074165477867,1482.2351421188955
Hold,2020-05-04 12:00:00,46.21,2206.352956782129,Hold,2206.352956782136,1492.5710594315574
Hold,2020-05-04 13:00:00,47.01,2244.5499350428017,Hold,2244.549935042809,1518.4108527132114
Sell,2020-05-04 14:00:00,46.49,2219.7218991733644,Sinal: Venda,2219.7218991733716,1501.6149870801362
Buy,2020-05-07 21:00:00,47.34,2219.7218991733644,Sinal: Compra,2219.7218991733716,1529.069767441894
Hold,2020-05-07 22:00:00,47.54,2224.6437147044235,Hold,2224.6437147044307,1535.5297157623074
Hold,2020-05-07 23:00:00,47.37,2216.688531038043,Hold,2216.6885310380503,1530.038759689956
Hold,2020-05-08 00:00:00,48.21,2255.9964973895726,Hold,2255.9964973895803,1557.170542635693
Hold,2020-05-08 01:00:00,47.81,2237.2784181745587,Hold,2237.2784181745665,1544.2506459948656
Hold,2020-05-08 02:00:00,47.46,2220.900098861421,Hold,2220.900098861429,1532.945736434142
Hold,2020-05-08 03:00:00,47.44,2219.96419490067,Hold,2219.9641949006773,1532.2997416021005
Hold,2020-05-08 04:00:00,47.27,2212.0090112342896,Hold,2212.009011234297,1526.808785529749
Hold,2020-05-08 05:00:00,46.9,2194.6947879604013,Hold,2194.694787960408,1514.8578811369837
Hold,2020-05-08 06:00:00,46.6,2180.6562285491405,Hold,2180.6562285491473,1505.1679586563635
Hold,2020-05-08 07:00:00,46.84,2191.887076078149,Hold,2191.8870760781556,1512.91989664086
Hold,2020-05-08 08:00:00,46.91,2195.162739940776,Hold,2195.1627399407826,1515.1808785530047
Hold,2020-05-08 09:00:00,46.72,2186.271652313645,Hold,2186.2716523136514,1509.043927648612
Hold,2020-05-08 10:00:00,47.14,2205.9256354894096,Hold,2205.9256354894164,1522.6098191214805
Hold,2020-05-08 11:00:00,46.97,2197.9704518230287,Hold,2197.9704518230355,1517.118863049129
Hold,2020-05-08 12:00:00,46.71,2185.8037003332697,Hold,2185.8037003332765,1508.7209302325914
Hold,2020-05-08 13:00:00,46.88,2193.7588839996506,Hold,2193.758883999658,1514.211886304943
Hold,2020-05-08 14:00:00,47.05,2201.7140676660315,Hold,2201.7140676660383,1519.7028423772945
Hold,2020-05-08 15:00:00,47.09,2203.5858755875333,Hold,2203.5858755875406,1520.9948320413775
Hold,2020-05-08 16:00:00,48.19,2255.0605934288214,Hold,2255.060593428829,1556.5245478036518
Hold,2020-05-08 17:00:00,47.92,2242.425889958687,Hold,2242.425889958695,1547.8036175710936
Hold,2020-05-08 18:00:00,47.62,2228.3873305474267,Hold,2228.387330547434,1538.1136950904734
Hold,2020-05-08 19:00:00,47.76,2234.9386582726816,Hold,2234.938658272689,1542.6356589147626
Hold,2020-05-08 20:00:00,47.87,2240.0861300568104,Hold,2240.086130056818,1546.1886304909901
Hold,2020-05-08 21:00:00,48.27,2258.8042092718247,Hold,2258.8042092718324,1559.1085271318177
Hold,2020-05-08 22:00:00,47.75,2234.470706292306,Hold,2234.470706292314,1542.3126614987423
Hold,2020-05-08 23:00:00,47.69,2231.662994410054,Hold,2231.662994410062,1540.3746770026182
Hold,2020-05-09 00:00:00,48.13,2252.25288154657,Hold,2252.2528815465776,1554.5865633075284
Hold,2020-05-09 01:00:00,48.28,2259.2721612522,Hold,2259.2721612522078,1559.4315245478385
Hold,2020-05-09 02:00:00,48.16,2253.6567374876954,Hold,2253.656737487703,1555.5555555555902
Hold,2020-05-09 03:00:00,48.53,2270.9709607615837,Hold,2270.9709607615914,1567.5064599483555
Hold,2020-05-09 04:00:00,48.18,2254.5926414484466,Hold,2254.592641448454,1556.2015503876316
Hold,2020-05-09 05:00:00,48.8,2283.605664231718,Hold,2283.6056642317258,1576.2273901809135
Hold,2020-05-09 06:00:00,48.49,2269.0991528400823,Hold,2269.09915284009,1566.2144702842727
Hold,2020-05-09 07:00:00,47.97,2244.765649860564,Hold,2244.765649860571,1549.418604651197
Hold,2020-05-09 08:00:00,48.11,2251.3169775858187,Hold,2251.316977585826,1553.9405684754865
Hold,2020-05-09 09:00:00,48.17,2254.1246894680708,Hold,2254.124689468078,1555.8785529716106
Hold,2020-05-09 10:00:00,47.86,2239.618178076435,Hold,2239.6181780764423,1545.8656330749693
Hold,2020-05-09 11:00:00,47.54,2224.6437147044235,Hold,2224.6437147044307,1535.5297157623077
Hold,2020-05-09 12:00:00,47.62,2228.3873305474267,Hold,2228.387330547434,1538.113695090473
Hold,2020-05-09 13:00:00,47.88,2240.5540820371857,Hold,2240.554082037193,1546.5116279070107
Hold,2020-05-09 14:00:00,47.95,2243.829745899813,Hold,2243.8297458998204,1548.7726098191556
Hold,2020-05-09 15:00:00,48.31,2260.676017193326,Hold,2260.6760171933333,1560.4005167958999
Hold,2020-05-09 16:00:00,48.12,2251.7849295661945,Hold,2251.784929566202,1554.2635658915067
Hold,2020-05-09 17:00:00,48.04,2248.0413137231913,Hold,2248.0413137231985,1551.6795865633414
Hold,2020-05-09 18:00:00,47.76,2234.9386582726816,Hold,2234.938658272689,1542.6356589147624
Hold,2020-05-09 19:00:00,47.8,2236.8104661941825,Hold,2236.8104661941898,1543.927648578845
Hold,2020-05-09 20:00:00,47.63,2228.855282527802,Hold,2228.855282527809,1538.4366925064937
Hold,2020-05-09 21:00:00,47.3,2213.4128671754156,Hold,2213.4128671754224,1527.777777777811
Hold,2020-05-09 22:00:00,47.11,2204.521779548284,Hold,2204.521779548291,1521.6408268734183
Hold,2020-05-09 23:00:00,46.95,2197.034547862278,Hold,2197.034547862285,1516.4728682170876
Trailing-Stop,2020-05-10 00:00:00,42.64,1995.3472443205014,Trailing stop 10.0% hit,1995.3472443205073,1377.2609819121749
Buy,2020-05-14 01:00:00,42.81,1995.3472443205014,Sinal: Compra,1995.3472443205073,1382.7519379845264
Hold,2020-05-14 02:00:00,43.02,2001.1269472928075,Hold,2001.1269472928136,1389.5348837209606
Hold,2020-05-14 03:00:00,43.09,2004.3830813307084,Hold,2004.3830813307145,1391.7958656331052
Hold,2020-05-14 04:00:00,42.85,1993.2191932007624,Hold,1993.2191932007684,1384.043927648609
Hold,2020-05-14 05:00:00,42.93,1996.9404892440778,Hold,1996.9404892440837,1386.6279069767745
Hold,2020-05-14 06:00:00,42.88,1994.6146792170057,Hold,1994.6146792170114,1385.0129198966713
Hold,2020-05-14 07:00:00,43.03,2001.5921092982219,Hold,2001.5921092982278,1389.8578811369812
Hold,2020-05-14 08:00:00,43.28,2013.2211594335822,Hold,2013.221159433588,1397.932816537498
Hold,2020-05-14 09:00:00,44.14,2053.2250918992213,Hold,2053.225091899227,1425.7105943152765
Hold,2020-05-14 10:00:00,43.8,2037.4095837151315,Hold,2037.4095837151374,1414.7286821705736
Hold,2020-05-14 11:00:00,43.9,2042.0612037692756,Hold,2042.0612037692817,1417.9586563307805
Hold,2020-05-14 12:00:00,43.69,2032.292801655573,Hold,2032.2928016555793,1411.1757105943461
Hold,2020-05-14 13:00:00,43.68,2031.8276396501587,Hold,2031.827639650165,1410.8527131783255
Hold,2020-05-14 14:00:00,43.78,2036.4792597043029,Hold,2036.479259704309,1414.0826873385324
Hold,2020-05-14 15:00:00,43.96,2044.8521758017623,Hold,2044.8521758017685,1419.8966408269046
Hold,2020-05-14 16:00:00,43.52,2024.3850475635281,Hold,2024.385047563534,1405.6847545219948
Hold,2020-05-14 17:00:00,43.25,2011.825673417339,Hold,2011.825673417345,1396.9638242894364
Hold,2020-05-14 18:00:00,43.78,2036.4792597043029,Hold,2036.479259704309,1414.0826873385327
Hold,2020-05-14 19:00:00,43.98,2045.782499812591,Hold,2045.782499812597,1420.5426356589462
Hold,2020-05-14 20:00:00,43.86,2040.2005557476182,Hold,2040.2005557476243,1416.6666666666981
Hold,2020-05-14 21:00:00,43.9,2042.0612037692756,Hold,2042.0612037692817,1417.958656330781
Hold,2020-05-14 22:00:00,44.03,2048.108309839663,Hold,2048.108309839669,1422.1576227390499
Hold,2020-05-14 23:00:00,43.98,2045.782499812591,Hold,2045.782499812597,1420.5426356589464
Hold,2020-05-15 00:00:00,43.94,2043.9218517909333,Hold,2043.9218517909396,1419.2506459948638
Hold,2020-05-15 01:00:00,43.82,2038.3399077259605,Hold,2038.339907725967,1415.3746770026157
Hold,2020-05-15 02:00:00,43.03,2001.5921092982219,Hold,2001.5921092982283,1389.8578811369819
Hold,2020-05-15 03:00:00,43.14,2006.7088913577804,Hold,2006.7088913577868,1393.4108527132094
Hold,2020-05-15 04:00:00,42.93,1996.9404892440778,Hold,1996.9404892440843,1386.6279069767752
Hold,2020-05-15 05:00:00,43.21,2009.9650253956813,Hold,2009.965025395688,1395.6718346253542
Hold,2020-05-15 06:00:00,43.27,2012.7559974281678,Hold,2012.7559974281742,1397.6098191214785
Hold,2020-05-15 07:00:00,43.48,2022.5243995418703,Hold,2022.5243995418762,1404.3927648579124
Sell,2020-05-15 08:00:00,43.3,2014.1514834444108,Sinal: Venda,2014.151483444417,1398.5788113695403
Buy,2020-05-15 21:00:00,42.83,2014.1514834444108,Sinal: Compra,2014.151483444417,1383.3979328165685
Hold,2020-05-15 22:00:00,43.08,2021.8583559331673,Hold,2021.8583559331735,1391.4728682170853
Hold,2020-05-15 23:00:00,42.74,2005.9012565595074,Hold,2005.9012565595133,1380.4909560723825
Hold,2020-05-16 00:00:00,43.22,2028.428926263498,Hold,2028.428926263504,1395.994832041375
Hold,2020-05-16 01:00:00,43.31,2032.6528643329964,Hold,2032.6528643330025,1398.9018087855613
Hold,2020-05-16 02:00:00,43.46,2039.6927611154933,Hold,2039.6927611154995,1403.7467700258715
Hold,2020-05-16 03:00:00,43.33,2033.591517237329,Hold,2033.5915172373357,1399.5478036176025
Hold,2020-05-16 04:00:00,43.8,2055.6498604891535,Hold,2055.64986048916,1414.7286821705745
Hold,2020-05-16 05:00:00,43.39,2036.407475950328,Hold,2036.4074759503344,1401.4857881137268
Hold,2020-05-16 06:00:00,43.43,2038.284781758994,Hold,2038.2847817590002,1402.7777777778094
Hold,2020-05-16 07:00:00,43.12,2023.7356617418332,Hold,2023.7356617418393,1392.7648578811682
Hold,2020-05-16 08:00:00,43.36,2034.9994965938288,Hold,2034.9994965938354,1400.5167958656646
Hold,2020-05-16 09:00:00,43.35,2034.5301701416622,Hold,2034.530170141669,1400.193798449644
Hold,2020-05-16 10:00:00,43.48,2040.631414019826,Hold,2040.6314140198328,1404.3927648579127
Hold,2020-05-16 11:00:00,43.32,2033.1221907851627,Hold,2033.1221907851696,1399.224806201582
Hold,2020-05-16 12:00:00,43.58,2045.324678541491,Hold,2045.324678541498,1407.6227390181198
Hold,2020-05-16 13:00:00,43.47,2040.16208756766,Hold,2040.162087567667,1404.0697674418923
Hold,2020-05-16 14:00:00,43.23,2028.8982527156643,Hold,2028.8982527156713,1396.3178294573959
Hold,2020-05-16 15:00:00,43.19,2027.0209469069985,Hold,2027.0209469070055,1395.0258397933133
Hold,2020-05-16 16:00:00,43.27,2030.7755585243306,Hold,2030.7755585243376,1397.609819121479
Hold,2020-05-16 17:00:00,42.9,2013.4104797941707,Hold,2013.4104797941777,1385.6589147287136
Hold,2020-05-16 18:00:00,42.97,2016.695764959336,Hold,2016.6957649593428,1387.9198966408583
Hold,2020-05-16 19:00:00,43.17,2026.0822940026658,Hold,2026.082294002673,1394.3798449612718
Hold,2020-05-16 20:00:00,43.17,2026.0822940026658,Hold,2026.082294002673,1394.3798449612718
Hold,2020-05-16 21:00:00,43.32,2033.1221907851627,Hold,2033.12219078517,1399.2248062015822
Hold,2020-05-16 22:00:00,43.38,2035.9381494981617,Hold,2035.9381494981692,1401.1627906977064
Hold,2020-05-16 23:00:00,43.25,2029.8369056199974,Hold,2029.8369056200047,1396.9638242894375
Hold,2020-05-17 00:00:00,43.55,2043.9166991849913,Hold,2043.9166991849986,1406.6537467700578
Hold,2020-05-17 01:00:00,43.48,2040.631414019826,Hold,2040.6314140198333,1404.392764857913
Hold,2020-05-17 02:00:00,43.51,2042.0393933763257,Hold,2042.0393933763328,1405.3617571059754
Hold,2020-05-17 03:00:00,43.51,2042.0393933763257,Hold,2042.0393933763328,1405.3617571059754
Hold,2020-05-17 04:00:00,43.47,2040.16208756766,Hold,2040.162087567667,1404.0697674418927
Hold,2020-05-17 05:00:00,43.51,2042.0393933763257,Hold,2042.0393933763328,1405.3617571059756
Hold,2020-05-17 06:00:00,44.21,2074.892245027979,Hold,2074.892245027986,1427.9715762274232
Hold,2020-05-17 07:00:00,44.19,2073.9535921236456,Hold,2073.9535921236534,1427.3255813953817
Hold,2020-05-17 08:00:00,43.92,2061.281777915151,Hold,2061.2817779151583,1418.6046511628235
Hold,2020-05-17 09:00:00,44.04,2066.913695341149,Hold,2066.913695341156,1422.4806201550716
Hold,2020-05-17 10:00:00,44.2,2074.422918575812,Hold,2074.4229185758195,1427.6485788114026
Hold,2020-05-17 11:00:00,44.1,2069.729654054148,Hold,2069.7296540541556,1424.4186046511957
Hold,2020-05-17 12:00:00,44.42,2084.7481005234745,Hold,2084.748100523482,1434.7545219638575
Hold,2020-05-17 13:00:00,44.3,2079.116183097477,Hold,2079.1161830974847,1430.8785529716092
Hold,2020-05-17 14:00:00,44.36,2081.932141810476,Hold,2081.9321418104837,1432.8165374677333
Hold,2020-05-17 15:00:00,44.27,2077.7082037409778,Hold,2077.7082037409855,1429.9095607235472
Hold,2020-05-17 16:00:00,44.02,2065.9750424368162,Hold,2065.9750424368235,1421.8346253230302
Hold,2020-05-17 17:00:00,44.03,2066.4443688889824,Hold,2066.4443688889896,1422.157622739051
Hold,2020-05-17 18:00:00,43.93,2061.751104367318,Hold,2061.7511043673258,1418.9276485788441
Hold,2020-05-17 19:00:00,43.97,2063.6284101759834,Hold,2063.628410175991,1420.2196382429267
Hold,2020-05-17 20:00:00,43.88,2059.4044721064856,Hold,2059.4044721064934,1417.312661498741
Hold,2020-05-17 21:00:00,43.99,2064.5670630803165,Hold,2064.567063080324,1420.8656330749682
Hold,2020-05-17 22:00:00,43.79,2055.180534036987,Hold,2055.1805340369942,1414.4056847545546
Hold,2020-05-17 23:00:00,43.71,2051.4259224196553,Hold,2051.4259224196626,1411.8217054263891
Hold,2020-05-18 00:00:00,44.06,2067.8523482454816,Hold,2067.8523482454893,1423.1266149871126
Hold,2020-05-18 01:00:00,44.49,2088.03338568864,Hold,2088.0333856886473,1437.0155038760017
Hold,2020-05-18 02:00:00,44.97,2110.5610553926304,Hold,2110.561055392638,1452.5193798449943
Hold,2020-05-18 03:00:00,45.62,2141.0672747834515,Hold,2141.067274783459,1473.5142118863384
Hold,2020-05-18 04:00:00,46.02,2159.8403328701106,Hold,2159.8403328701183,1486.4341085271658
Hold,2020-05-18 05:00:00,45.76,2147.637845113782,Hold,2147.6378451137903,1478.036175710628
Hold,2020-05-18 06:00:00,45.42,2131.6807457401223,Hold,2131.6807457401305,1467.0542635659249
Hold,2020-05-18 07:00:00,45.58,2139.1899689747856,Hold,2139.189968974794,1472.2222222222558
Hold,2020-05-18 08:00:00,44.83,2103.9904850622997,Hold,2103.9904850623075,1447.997416020705
Hold,2020-05-18 09:00:00,44.93,2108.683749583965,Hold,2108.683749583973,1451.227390180912
Hold,2020-05-18 10:00:00,45.13,2118.0702786272946,Hold,2118.0702786273023,1457.6873385013255
Hold,2020-05-18 11:00:00,45.13,2118.0702786272946,Hold,2118.0702786273023,1457.6873385013255
Hold,2020-05-18 12:00:00,45.16,2119.4782579837934,Hold,2119.4782579838015,1458.6563307493873
Hold,2020-05-18 13:00:00,45.13,2118.0702786272946,Hold,2118.0702786273023,1457.6873385013255
Hold,2020-05-18 14:00:00,45.4,2130.742092835789,Hold,2130.7420928357974,1466.408268733884
Hold,2020-05-18 15:00:00,45.2,2121.35556379246,Hold,2121.3555637924683,1459.9483204134704
Hold,2020-05-18 16:00:00,45.11,2117.1316257229614,Hold,2117.1316257229696,1457.041343669284
Hold,2020-05-18 17:00:00,45.04,2113.846340557796,Hold,2113.846340557804,1454.7803617571394
Hold,2020-05-18 18:00:00,45.05,2114.3156670099625,Hold,2114.31566700997,1455.10335917316
Hold,2020-05-18 19:00:00,45.26,2124.1715225054586,Hold,2124.1715225054663,1461.886304909594
Hold,2020-05-18 20:00:00,45.1,2116.662299270795,Hold,2116.6622992708026,1456.7183462532635
Hold,2020-05-18 21:00:00,45.0,2111.9690347491305,Hold,2111.9690347491382,1453.4883720930566
Hold,2020-05-18 22:00:00,45.28,2125.1101754097917,Hold,2125.1101754097995,1462.5322997416356
Hold,2020-05-18 23:00:00,45.32,2126.987481218457,Hold,2126.987481218465,1463.8242894057182
Hold,2020-05-19 00:00:00,44.77,2101.1745263493012,Hold,2101.174526349309,1446.0594315245812
Hold,2020-05-19 01:00:00,44.85,2104.9291379666333,Hold,2104.929137966641,1448.6434108527465
Hold,2020-05-19 02:00:00,44.61,2093.6653031146375,Hold,2093.665303114645,1440.89147286825
Hold,2020-05-19 03:00:00,44.33,2080.5241624539763,Hold,2080.5241624539835,1431.847545219671
Hold,2020-05-19 04:00:00,44.6,2093.1959766624714,Hold,2093.1959766624786,1440.5684754522297
Hold,2020-05-19 05:00:00,44.83,2103.9904850622997,Hold,2103.990485062307,1447.9974160207053
Hold,2020-05-19 06:00:00,44.73,2099.2972205406354,Hold,2099.2972205406427,1444.7674418604984
Hold,2020-05-19 07:00:00,44.66,2096.01193537547,Hold,2096.0119353754767,1442.5064599483535
Hold,2020-05-19 08:00:00,45.44,2132.619398644455,Hold,2132.6193986444623,1467.7002583979663
Hold,2020-05-19 09:00:00,45.38,2129.803439931456,Hold,2129.8034399314633,1465.7622739018425
Hold,2020-05-19 10:00:00,45.32,2126.987481218457,Hold,2126.987481218464,1463.8242894057182
Hold,2020-05-19 11:00:00,45.11,2117.1316257229614,Hold,2117.1316257229682,1457.041343669284
Hold,2020-05-19 12:00:00,44.7,2097.889241184136,Hold,2097.889241184143,1443.7984496124361
Hold,2020-05-19 13:00:00,44.86,2105.3984644187994,Hold,2105.398464418806,1448.966408268767
Hold,2020-05-19 14:00:00,45.07,2115.2543199142956,Hold,2115.254319914302,1455.7493540052012
Hold,2020-05-19 15:00:00,44.95,2109.622402488298,Hold,2109.6224024883045,1451.8733850129531
Hold,2020-05-19 16:00:00,45.23,2122.763543148959,Hold,2122.7635431489653,1460.917312661532
Hold,2020-05-19 17:00:00,45.17,2119.9475844359604,Hold,2119.947584435967,1458.9793281654079
Hold,2020-05-19 18:00:00,45.27,2124.640848957625,Hold,2124.6408489576315,1462.2093023256148
Hold,2020-05-19 19:00:00,45.07,2115.2543199142956,Hold,2115.254319914302,1455.7493540052014
Hold,2020-05-19 20:00:00,45.25,2123.702196053292,Hold,2123.7021960532984,1461.5633074935736
Hold,2020-05-19 21:00:00,45.31,2126.518154766291,Hold,2126.518154766297,1463.5012919896976
Hold,2020-05-19 22:00:00,45.5,2135.435357357454,Hold,2135.4353573574604,1469.6382428940904
Hold,2020-05-19 23:00:00,45.73,2146.2298657572824,Hold,2146.2298657572887,1477.0671834625662
Hold,2020-05-20 00:00:00,45.78,2148.576498018115,Hold,2148.576498018122,1478.6821705426696
Hold,2020-05-20 01:00:00,45.74,2146.6991922094494,Hold,2146.699192209456,1477.390180878587
Hold,2020-05-20 02:00:00,45.59,2139.659295426952,Hold,2139.6592954269595,1472.5452196382769
Hold,2020-05-20 03:00:00,45.6,2140.1286218791183,Hold,2140.1286218791256,1472.8682170542975
Hold,2020-05-20 04:00:00,45.74,2146.6991922094494,Hold,2146.6991922094567,1477.390180878587
Hold,2020-05-20 05:00:00,45.77,2148.107171565949,Hold,2148.107171565956,1478.3591731266492
Hold,2020-05-20 06:00:00,45.43,2132.1500721922885,Hold,2132.1500721922953,1467.377260981946
Hold,2020-05-20 07:00:00,45.56,2138.251316070453,Hold,2138.25131607046,1471.576227390215
Hold,2020-05-20 08:00:00,45.62,2141.0672747834515,Hold,2141.0672747834587,1473.5142118863391
Hold,2020-05-20 09:00:00,45.69,2144.352559948617,Hold,2144.3525599486243,1475.775193798484
Hold,2020-05-20 10:00:00,45.54,2137.31266316612,Hold,2137.312663166127,1470.9302325581739
Hold,2020-05-20 11:00:00,45.37,2129.3341134792895,Hold,2129.334113479297,1465.4392764858221
Hold,2020-05-20 12:00:00,45.67,2143.413907044284,Hold,2143.413907044291,1475.1291989664426
Hold,2020-05-20 13:00:00,45.81,2149.9844773746145,Hold,2149.9844773746213,1479.651162790732
Hold,2020-05-20 14:00:00,45.6,2140.1286218791183,Hold,2140.128621879125,1472.8682170542977
Hold,2020-05-20 15:00:00,43.65,2048.6099637066563,Hold,2048.6099637066627,1409.883720930265
Hold,2020-05-20 16:00:00,43.93,2061.751104367318,Hold,2061.751104367325,1418.9276485788441
Hold,2020-05-20 17:00:00,44.13,2071.137633410647,Hold,2071.137633410654,1425.3875968992577
Hold,2020-05-20 18:00:00,44.15,2072.0762863149803,Hold,2072.0762863149866,1426.033591731299
Hold,2020-05-20 19:00:00,44.11,2070.198980506314,Hold,2070.1989805063204,1424.7416020672165
Hold,2020-05-20 20:00:00,44.26,2077.238877288811,Hold,2077.238877288818,1429.5865633075266
Hold,2020-05-20 21:00:00,44.22,2075.3615714801454,Hold,2075.361571480152,1428.294573643444
Hold,2020-05-20 22:00:00,44.24,2076.3002243844785,Hold,2076.3002243844853,1428.9405684754854
Hold,2020-05-20 23:00:00,44.25,2076.7695508366446,Hold,2076.7695508366514,1429.2635658915062
Hold,2020-05-21 00:00:00,44.58,2092.257323758138,Hold,2092.257323758145,1439.9224806201885
Hold,2020-05-21 01:00:00,44.34,2080.9934889061433,Hold,2080.9934889061506,1432.1705426356923
Hold,2020-05-21 02:00:00,44.06,2067.8523482454816,Hold,2067.852348245489,1423.1266149871133
Hold,2020-05-21 03:00:00,44.11,2070.198980506314,Hold,2070.198980506321,1424.7416020672165
Hold,2020-05-21 04:00:00,44.03,2066.4443688889824,Hold,2066.444368888989,1422.157622739051
Hold,2020-05-21 05:00:00,44.11,2070.198980506314,Hold,2070.198980506321,1424.7416020672165
Hold,2020-05-21 06:00:00,43.93,2061.751104367318,Hold,2061.7511043673253,1418.9276485788444
Hold,2020-05-21 07:00:00,43.82,2056.5885133934867,Hold,2056.5885133934935,1415.374677002617
Hold,2020-05-21 08:00:00,43.64,2048.14063725449,Hold,2048.1406372544966,1409.560723514245
Hold,2020-05-21 09:00:00,43.46,2039.6927611154933,Hold,2039.6927611155004,1403.7467700258726
Hold,2020-05-21 10:00:00,43.82,2056.5885133934867,Hold,2056.588513393494,1415.374677002617
Hold,2020-05-21 11:00:00,44.0,2065.0363895324826,Hold,2065.03638953249,1421.188630490989
Hold,2020-05-21 12:00:00,43.88,2059.4044721064856,Hold,2059.404472106493,1417.312661498741
Hold,2020-05-21 13:00:00,43.51,2042.0393933763257,Hold,2042.0393933763328,1405.3617571059758
Hold,2020-05-21 14:00:00,42.53,1996.0454010640115,Hold,1996.0454010640183,1373.7080103359494
Hold,2020-05-21 15:00:00,42.6,1999.3306862291768,Hold,1999.3306862291838,1375.9689922480943
Hold,2020-05-21 16:00:00,42.65,2001.677318490009,Hold,2001.677318490016,1377.5839793281978
Hold,2020-05-21 17:00:00,42.4,1989.9441571858472,Hold,1989.9441571858542,1369.5090439276808
Hold,2020-05-21 18:00:00,41.78,1960.8459171515258,Hold,1960.8459171515326,1349.4832041343986
Hold,2020-05-21 19:00:00,42.72,2004.9626036551742,Hold,2004.9626036551813,1379.8449612403422
Hold,2020-05-21 20:00:00,42.61,1999.800012681343,Hold,1999.8000126813502,1376.291989664115
Hold,2020-05-21 21:00:00,42.72,2004.9626036551742,Hold,2004.9626036551813,1379.8449612403424
Hold,2020-05-21 22:00:00,42.98,2017.1650914115025,Hold,2017.1650914115098,1388.24289405688
Hold,2020-05-21 23:00:00,42.73,2005.4319301073408,Hold,2005.4319301073483,1380.167958656363
Hold,2020-05-22 00:00:00,42.68,2003.0852978465084,Hold,2003.085297846516,1378.5529715762598
Hold,2020-05-22 01:00:00,42.88,2012.4718268898382,Hold,2012.471826889846,1385.0129198966733
Hold,2020-05-22 02:00:00,42.7,2004.0239507508413,Hold,2004.0239507508493,1379.1989664083012
Hold,2020-05-22 03:00:00,42.45,1992.2907894466796,Hold,1992.2907894466875,1371.1240310077844
Hold,2020-05-22 04:00:00,42.61,1999.800012681343,Hold,1999.8000126813508,1376.2919896641151
Hold,2020-05-22 05:00:00,42.79,2008.2478888203395,Hold,2008.2478888203475,1382.1059431524873
Hold,2020-05-22 06:00:00,43.41,2037.3461288546607,Hold,2037.3461288546687,1402.1317829457694
Hold,2020-05-22 07:00:00,43.4,2036.8768024024946,Hold,2036.8768024025026,1401.8087855297488
Hold,2020-05-22 08:00:00,43.5,2041.5700669241594,Hold,2041.5700669241671,1405.0387596899554
Hold,2020-05-22 09:00:00,43.7,2050.9565959674887,Hold,2050.9565959674965,1411.4987080103692
Hold,2020-05-22 10:00:00,43.77,2054.2418811326543,Hold,2054.241881132662,1413.759689922514
Hold,2020-05-22 11:00:00,43.78,2054.7112075848204,Hold,2054.711207584828,1414.0826873385347
Hold,2020-05-22 12:00:00,43.82,2056.5885133934867,Hold,2056.5885133934944,1415.3746770026173
Hold,2020-05-22 13:00:00,43.47,2040.16208756766,Hold,2040.1620875676679,1404.0697674418934
Hold,2020-05-22 14:00:00,43.66,2049.079290158823,Hold,2049.0792901588306,1410.2067183462864
Hold,2020-05-22 15:00:00,44.01,2065.505715984649,Hold,2065.505715984657,1421.51162790701
Hold,2020-05-22 16:00:00,44.17,2073.014939219313,Hold,2073.0149392193207,1426.679586563341
Hold,2020-05-22 17:00:00,43.99,2064.5670630803165,Hold,2064.5670630803243,1420.8656330749686
Hold,2020-05-22 18:00:00,43.98,2064.0977366281495,Hold,2064.0977366281572,1420.5426356589478
Hold,2020-05-22 19:00:00,44.16,2072.5456127671464,Hold,2072.545612767154,1426.35658914732
Hold,2020-05-22 20:00:00,44.37,2082.4014682626425,Hold,2082.4014682626503,1433.139534883754
Hold,2020-05-22 21:00:00,44.6,2093.1959766624714,Hold,2093.1959766624796,1440.5684754522297
Hold,2020-05-22 22:00:00,44.43,2085.2174269756415,Hold,2085.2174269756497,1435.0775193798781
Hold,2020-05-22 23:00:00,44.23,2075.830897932312,Hold,2075.83089793232,1428.6175710594646
Hold,2020-05-23 00:00:00,44.43,2085.2174269756415,Hold,2085.2174269756492,1435.0775193798784
Hold,2020-05-23 01:00:00,44.38,2082.870794714809,Hold,2082.870794714817,1433.4625322997751
Hold,2020-05-23 02:00:00,44.48,2087.564059236474,Hold,2087.564059236482,1436.6925064599818
Hold,2020-05-23 03:00:00,44.42,2084.7481005234745,Hold,2084.7481005234827,1434.7545219638578
Hold,2020-05-23 04:00:00,44.24,2076.3002243844785,Hold,2076.3002243844867,1428.9405684754856
Hold,2020-05-23 05:00:00,44.27,2077.7082037409778,Hold,2077.7082037409864,1429.9095607235479
Hold,2020-05-23 06:00:00,44.22,2075.3615714801454,Hold,2075.361571480154,1428.2945736434442
Hold,2020-05-23 07:00:00,44.3,2079.116183097477,Hold,2079.1161830974856,1430.8785529716097
Hold,2020-05-23 08:00:00,44.07,2068.321674697648,Hold,2068.321674697657,1423.449612403134
Hold,2020-05-23 09:00:00,43.84,2057.5271662978193,Hold,2057.5271662978284,1416.0206718346585
Hold,2020-05-23 10:00:00,43.89,2059.8737985586517,Hold,2059.8737985586604,1417.635658914762
Hold,2020-05-23 11:00:00,44.05,2067.383021793315,Hold,2067.383021793324,1422.8036175710927
Hold,2020-05-23 12:00:00,43.87,2058.9351456543186,Hold,2058.9351456543277,1416.9896640827205
Hold,2020-05-23 13:00:00,43.92,2061.281777915151,Hold,2061.28177791516,1418.6046511628242
Hold,2020-05-23 14:00:00,44.2,2074.422918575812,Hold,2074.4229185758213,1427.6485788114032
Hold,2020-05-23 15:00:00,44.19,2073.9535921236456,Hold,2073.9535921236547,1427.3255813953824
Hold,2020-05-23 16:00:00,43.84,2057.5271662978193,Hold,2057.527166297829,1416.0206718346587
Hold,2020-05-23 17:00:00,44.11,2070.198980506314,Hold,2070.198980506323,1424.741602067217
Hold,2020-05-23 18:00:00,44.04,2066.913695341149,Hold,2066.913695341158,1422.480620155072
Hold,2020-05-23 19:00:00,44.07,2068.321674697648,Hold,2068.3216746976573,1423.449612403134
Hold,2020-05-23 20:00:00,44.18,2073.4842656714795,Hold,2073.4842656714886,1427.0025839793616
Hold,2020-05-23 21:00:00,44.16,2072.5456127671464,Hold,2072.545612767155,1426.35658914732
Hold,2020-05-23 22:00:00,44.15,2072.0762863149803,Hold,2072.076286314989,1426.0335917312993
Hold,2020-05-23 23:00:00,43.85,2057.996492749986,Hold,2057.9964927499946,1416.3436692506793
Hold,2020-05-24 00:00:00,44.05,2067.383021793315,Hold,2067.383021793324,1422.8036175710924
Hold,2020-05-24 01:00:00,44.13,2071.137633410647,Hold,2071.1376334106562,1425.3875968992581
Hold,2020-05-24 02:00:00,44.32,2080.05483600181,Hold,2080.0548360018192,1431.524547803651
Hold,2020-05-24 03:00:00,44.21,2074.892245027979,Hold,2074.8922450279883,1427.9715762274236
Hold,2020-05-24 04:00:00,44.15,2072.0762863149803,Hold,2072.07628631499,1426.0335917312993
Hold,2020-05-24 05:00:00,44.31,2079.5855095496436,Hold,2079.5855095496536,1431.2015503876305
Hold,2020-05-24 06:00:00,44.44,2085.6867534278076,Hold,2085.6867534278176,1435.4005167958992
Hold,2020-05-24 07:00:00,44.31,2079.5855095496436,Hold,2079.5855095496536,1431.2015503876305
Hold,2020-05-24 08:00:00,44.3,2079.116183097477,Hold,2079.116183097487,1430.8785529716097
Hold,2020-05-24 09:00:00,44.33,2080.5241624539763,Hold,2080.5241624539863,1431.8475452196717
Hold,2020-05-24 10:00:00,44.28,2078.177530193144,Hold,2078.177530193154,1430.2325581395683
Hold,2020-05-24 11:00:00,43.82,2056.5885133934867,Hold,2056.5885133934967,1415.374677002617
Hold,2020-05-24 12:00:00,43.94,2062.220430819484,Hold,2062.220430819494,1419.250645994865
Hold,2020-05-24 13:00:00,43.56,2044.3860256371581,Hold,2044.3860256371681,1406.9767441860795
Hold,2020-05-24 14:00:00,43.35,2034.5301701416622,Hold,2034.5301701416724,1400.1937984496453
Hold,2020-05-24 15:00:00,43.32,2033.1221907851627,Hold,2033.1221907851732,1399.2248062015833
Hold,2020-05-24 16:00:00,42.95,2015.7571120550035,Hold,2015.757112055014,1387.2739018088182
Hold,2020-05-24 17:00:00,42.96,2016.2264385071696,Hold,2016.2264385071799,1387.596899224839
Hold,2020-05-24 18:00:00,42.92,2014.349132698504,Hold,2014.3491326985145,1386.3049095607564
Hold,2020-05-24 19:00:00,43.36,2034.9994965938288,Hold,2034.9994965938395,1400.5167958656664
Hold,2020-05-24 20:00:00,43.17,2026.0822940026658,Hold,2026.0822940026767,1394.3798449612734
Hold,2020-05-24 21:00:00,43.22,2028.428926263498,Hold,2028.4289262635084,1395.9948320413769
Hold,2020-05-24 22:00:00,43.19,2027.0209469069985,Hold,2027.0209469070091,1395.0258397933146
Hold,2020-05-24 23:00:00,42.08,1974.92571071652,Hold,1974.9257107165304,1359.1731266150193
Hold,2020-05-25 00:00:00,42.57,1997.9227068726773,Hold,1997.922706872688,1375.000000000033
Hold,2020-05-25 01:00:00,42.59,1998.8613597770102,Hold,1998.861359777021,1375.6459948320744
Hold,2020-05-25 02:00:00,42.58,1998.3920333248436,Hold,1998.3920333248545,1375.3229974160536
Hold,2020-05-25 03:00:00,42.66,2002.1466449421755,Hold,2002.1466449421864,1377.9069767442188
Hold,2020-05-25 04:00:00,42.79,2008.2478888203395,Hold,2008.2478888203505,1382.105943152488
Hold,2020-05-25 05:00:00,42.59,1998.8613597770102,Hold,1998.8613597770213,1375.6459948320744
Hold,2020-05-25 06:00:00,42.66,2002.1466449421755,Hold,2002.1466449421864,1377.9069767442188
Hold,2020-05-25 07:00:00,42.97,2016.695764959336,Hold,2016.695764959347,1387.91989664086
Hold,2020-05-25 08:00:00,42.78,2007.7785623681732,Hold,2007.778562368184,1381.7829457364671
Hold,2020-05-25 09:00:00,42.77,2007.3092359160069,Hold,2007.3092359160175,1381.4599483204465
Hold,2020-05-25 10:00:00,42.67,2002.615971394342,Hold,2002.6159713943525,1378.2299741602396
Hold,2020-05-25 11:00:00,42.72,2004.9626036551742,Hold,2004.962603655185,1379.844961240343
Hold,2020-05-25 12:00:00,42.84,2010.5945210811722,Hold,2010.5945210811828,1383.7209302325914
Hold,2020-05-25 13:00:00,42.93,2014.8184591506702,Hold,2014.8184591506806,1386.6279069767775
Hold,2020-05-25 14:00:00,42.66,2002.1466449421755,Hold,2002.1466449421862,1377.9069767442188
Hold,2020-05-25 15:00:00,42.68,2003.0852978465084,Hold,2003.085297846519,1378.5529715762602
Hold,2020-05-25 16:00:00,42.84,2010.5945210811722,Hold,2010.5945210811828,1383.7209302325914
Hold,2020-05-25 17:00:00,43.1,2022.7970088375005,Hold,2022.7970088375114,1392.118863049129
Hold,2020-05-25 18:00:00,42.93,2014.8184591506702,Hold,2014.818459150681,1386.6279069767775
Hold,2020-05-25 19:00:00,43.0,2018.1037443158355,Hold,2018.1037443158464,1388.8888888889223
Hold,2020-05-25 20:00:00,43.03,2019.5117236723352,Hold,2019.5117236723456,1389.8578811369844
Hold,2020-05-25 21:00:00,42.88,2012.4718268898382,Hold,2012.4718268898487,1385.0129198966742
Hold,2020-05-25 22:00:00,42.9,2013.4104797941707,Hold,2013.4104797941811,1385.6589147287154
Hold,2020-05-25 23:00:00,42.97,2016.695764959336,Hold,2016.6957649593464,1387.91989664086
Hold,2020-05-26 00:00:00,42.69,2003.554624298675,Hold,2003.5546242986854,1378.875968992281
Hold,2020-05-26 01:00:00,42.91,2013.8798062463372,Hold,2013.8798062463477,1385.9819121447358
Hold,2020-05-26 02:00:00,42.89,2012.9411533420043,Hold,2012.9411533420148,1385.3359173126946
Hold,2020-05-26 03:00:00,42.88,2012.4718268898382,Hold,2012.4718268898487,1385.012919896674
Hold,2020-05-26 04:00:00,42.81,2009.1865417246727,Hold,2009.1865417246831,1382.7519379845294
Hold,2020-05-26 05:00:00,42.85,2011.0638475333385,Hold,2011.063847533349,1384.0439276486122
Hold,2020-05-26 06:00:00,42.58,1998.3920333248436,Hold,1998.3920333248539,1375.3229974160538
Hold,2020-05-26 07:00:00,42.78,2007.7785623681732,Hold,2007.7785623681832,1381.7829457364674
Hold,2020-05-26 08:00:00,42.81,2009.1865417246727,Hold,2009.1865417246831,1382.7519379845296
Hold,2020-05-26 09:00:00,42.66,2002.1466449421755,Hold,2002.1466449421857,1377.906976744219
Hold,2020-05-26 10:00:00,42.55,1996.9840539683444,Hold,1996.9840539683544,1374.3540051679918
Hold,2020-05-26 11:00:00,42.55,1996.9840539683444,Hold,1996.9840539683544,1374.3540051679918
Hold,2020-05-26 12:00:00,42.32,1986.1895455685155,Hold,1986.1895455685255,1366.9250645995162
Hold,2020-05-26 13:00:00,42.3,1985.2508926641822,Hold,1985.2508926641922,1366.2790697674748
Hold,2020-05-26 14:00:00,42.32,1986.1895455685155,Hold,1986.1895455685253,1366.9250645995162
Hold,2020-05-26 15:00:00,41.87,1965.069855221024,Hold,1965.0698552210335,1352.3901808785854
Hold,2020-05-26 16:00:00,42.23,1981.9656074990169,Hold,1981.9656074990262,1364.01808785533
Hold,2020-05-26 17:00:00,42.28,1984.3122397598495,Hold,1984.3122397598588,1365.6330749354333
Hold,2020-05-26 18:00:00,42.28,1984.3122397598495,Hold,1984.3122397598588,1365.6330749354333
Hold,2020-05-26 19:00:00,42.17,1979.1496487860184,Hold,1979.1496487860277,1362.0801033592059
Hold,2020-05-26 20:00:00,42.49,1994.1680952553454,Hold,1994.168095255355,1372.4160206718677
Hold,2020-05-26 21:00:00,42.32,1986.1895455685155,Hold,1986.189545568525,1366.9250645995162
Hold,2020-05-26 22:00:00,42.33,1986.6588720206817,Hold,1986.6588720206912,1367.2480620155368
Hold,2020-05-26 23:00:00,42.27,1983.8429133076831,Hold,1983.8429133076927,1365.310077519413
Hold,2020-05-27 00:00:00,42.47,1993.2294423510125,Hold,1993.229442351022,1371.7700258398263
Hold,2020-05-27 01:00:00,42.38,1989.0055042815143,Hold,1989.0055042815238,1368.8630490956402
Hold,2020-05-27 02:00:00,42.33,1986.6588720206817,Hold,1986.658872020691,1367.2480620155368
Hold,2020-05-27 03:00:00,42.4,1989.9441571858472,Hold,1989.9441571858563,1369.5090439276817
Hold,2020-05-27 04:00:00,42.41,1990.4134836380135,Hold,1990.4134836380224,1369.8320413437023
Hold,2020-05-27 05:00:00,42.61,1999.800012681343,Hold,1999.8000126813522,1376.2919896641158
Hold,2020-05-27 06:00:00,42.47,1993.2294423510125,Hold,1993.2294423510216,1371.7700258398265
Hold,2020-05-27 07:00:00,42.41,1990.4134836380135,Hold,1990.4134836380224,1369.8320413437023
Hold,2020-05-27 08:00:00,42.79,2008.2478888203395,Hold,2008.2478888203489,1382.105943152488
Hold,2020-05-27 09:00:00,42.74,2005.9012565595074,Hold,2005.9012565595165,1380.4909560723845
Hold,2020-05-27 10:00:00,43.5,2041.5700669241594,Hold,2041.5700669241685,1405.0387596899561
Hold,2020-05-27 11:00:00,43.57,2044.8553520893247,Hold,2044.8553520893338,1407.2997416021008
Hold,2020-05-27 12:00:00,43.56,2044.3860256371581,Hold,2044.3860256371672,1406.9767441860802
Hold,2020-05-27 13:00:00,43.62,2047.2019843501569,Hold,2047.2019843501662,1408.9147286822042
Hold,2020-05-27 14:00:00,43.59,2045.7940049936576,Hold,2045.7940049936672,1407.9457364341424
Hold,2020-05-27 15:00:00,43.63,2047.6713108023234,Hold,2047.671310802333,1409.237726098225
Hold,2020-05-27 16:00:00,43.74,2052.833901776155,Hold,2052.8339017761646,1412.7906976744523
Hold,2020-05-27 17:00:00,43.71,2051.4259224196553,Hold,2051.4259224196653,1411.8217054263903
Hold,2020-05-27 18:00:00,43.64,2048.14063725449,Hold,2048.1406372544993,1409.5607235142456
Hold,2020-05-27 19:00:00,43.64,2048.14063725449,Hold,2048.1406372544993,1409.5607235142456
Hold,2020-05-27 20:00:00,43.56,2044.3860256371581,Hold,2044.3860256371677,1406.9767441860802
Hold,2020-05-27 21:00:00,43.37,2035.468823045995,Hold,2035.4688230460044,1400.839793281687
Hold,2020-05-27 22:00:00,43.47,2040.16208756766,Hold,2040.1620875676697,1404.0697674418939
Hold,2020-05-27 23:00:00,43.85,2057.996492749986,Hold,2057.9964927499955,1416.3436692506796
Hold,2020-05-28 00:00:00,44.02,2065.9750424368162,Hold,2065.975042436826,1421.834625323031
Hold,2020-05-28 01:00:00,43.72,2051.895248871822,Hold,2051.8952488718314,1412.1447028424109
Hold,2020-05-28 02:00:00,43.79,2055.180534036987,Hold,2055.1805340369965,1414.4056847545558
Hold,2020-05-28 03:00:00,43.63,2047.6713108023234,Hold,2047.671310802333,1409.237726098225
Hold,2020-05-28 04:00:00,43.55,2043.9166991849913,Hold,2043.9166991850009,1406.6537467700593
Hold,2020-05-28 05:00:00,43.55,2043.9166991849913,Hold,2043.9166991850009,1406.6537467700593
Hold,2020-05-28 06:00:00,43.59,2045.7940049936576,Hold,2045.7940049936672,1407.9457364341424
Hold,2020-05-28 07:00:00,43.31,2032.6528643329964,Hold,2032.6528643330057,1398.9018087855632
Hold,2020-05-28 08:00:00,43.54,2043.4473727328252,Hold,2043.4473727328348,1406.330749354039
Hold,2020-05-28 09:00:00,43.55,2043.9166991849913,Hold,2043.9166991850009,1406.6537467700593
Hold,2020-05-28 10:00:00,43.48,2040.631414019826,Hold,2040.6314140198356,1404.3927648579145
Hold,2020-05-28 11:00:00,43.65,2048.6099637066563,Hold,2048.609963706666,1409.883720930266
Hold,2020-05-28 12:00:00,44.15,2072.0762863149803,Hold,2072.07628631499,1426.0335917312998
Hold,2020-05-28 13:00:00,44.04,2066.913695341149,Hold,2066.913695341159,1422.4806201550723
Hold,2020-05-28 14:00:00,44.3,2079.116183097477,Hold,2079.116183097487,1430.8785529716101
Hold,2020-05-28 15:00:00,44.48,2087.564059236474,Hold,2087.564059236484,1436.6925064599825
Hold,2020-05-28 16:00:00,44.32,2080.05483600181,Hold,2080.0548360018197,1431.5245478036516
Hold,2020-05-28 17:00:00,44.35,2081.4628153583094,Hold,2081.4628153583194,1432.4935400517136
Hold,2020-05-28 18:00:00,44.18,2073.4842656714795,Hold,2073.4842656714895,1427.002583979362
Hold,2020-05-28 19:00:00,44.31,2079.5855095496436,Hold,2079.5855095496536,1431.201550387631
Hold,2020-05-28 20:00:00,44.32,2080.05483600181,Hold,2080.0548360018197,1431.5245478036516
Hold,2020-05-28 21:00:00,44.16,2072.5456127671464,Hold,2072.545612767156,1426.3565891473206
Hold,2020-05-28 22:00:00,44.38,2082.870794714809,Hold,2082.8707947148187,1433.4625322997758
Hold,2020-05-28 23:00:00,44.77,2101.1745263493012,Hold,2101.1745263493112,1446.0594315245826
Hold,2020-05-29 00:00:00,44.94,2109.153076036131,Hold,2109.153076036141,1451.550387596934
Hold,2020-05-29 01:00:00,44.85,2104.9291379666333,Hold,2104.9291379666433,1448.643410852748
Hold,2020-05-29 02:00:00,45.13,2118.0702786272946,Hold,2118.0702786273046,1457.687338501327
Hold,2020-05-29 03:00:00,44.91,2107.745096679632,Hold,2107.7450966796414,1450.581395348872
Hold,2020-05-29 04:00:00,44.83,2103.9904850622997,Hold,2103.9904850623093,1447.9974160207066
Hold,2020-05-29 05:00:00,44.9,2107.2757702274653,Hold,2107.2757702274753,1450.2583979328515
Hold,2020-05-29 06:00:00,44.71,2098.3585676363027,Hold,2098.3585676363123,1444.1214470284588
Hold,2020-05-29 07:00:00,44.8,2102.5825057058005,Hold,2102.5825057058105,1447.0284237726446
Hold,2020-05-29 08:00:00,44.5,2088.5027121408066,Hold,2088.5027121408166,1437.3385012920244
Hold,2020-05-29 09:00:00,44.56,2091.3186708538055,Hold,2091.318670853816,1439.2764857881486
Hold,2020-05-29 10:00:00,44.27,2077.7082037409778,Hold,2077.7082037409878,1429.9095607235488
Hold,2020-05-29 11:00:00,44.51,2088.972038592973,Hold,2088.9720385929836,1437.661498708045
Hold,2020-05-29 12:00:00,44.49,2088.03338568864,Hold,2088.03338568865,1437.0155038760038
Hold,2020-05-29 13:00:00,44.67,2096.481261827637,Hold,2096.481261827647,1442.8294573643761
Hold,2020-05-29 14:00:00,44.64,2095.073282471137,Hold,2095.073282471147,1441.8604651163141
Hold,2020-05-29 15:00:00,44.59,2092.7266502103053,Hold,2092.7266502103153,1440.245478036211
Hold,2020-05-29 16:00:00,44.83,2103.9904850622997,Hold,2103.9904850623097,1447.997416020707
Hold,2020-05-29 17:00:00,44.74,2099.766546992802,Hold,2099.766546992812,1445.090439276521
Hold,2020-05-29 18:00:00,44.67,2096.481261827637,Hold,2096.481261827647,1442.8294573643764
Hold,2020-05-29 19:00:00,44.55,2090.849344401639,Hold,2090.849344401649,1438.953488372128
Hold,2020-05-29 20:00:00,44.5,2088.5027121408066,Hold,2088.5027121408166,1437.3385012920248
Hold,2020-05-29 21:00:00,44.32,2080.05483600181,Hold,2080.05483600182,1431.5245478036527
Hold,2020-05-29 22:00:00,44.5,2088.5027121408066,Hold,2088.502712140817,1437.338501292025
Hold,2020-05-29 23:00:00,44.47,2087.094732784307,Hold,2087.0947327843173,1436.369509043963
Hold,2020-05-30 00:00:00,44.25,2076.7695508366446,Hold,2076.769550836655,1429.263565891508
Hold,2020-05-30 01:00:00,44.24,2076.3002243844785,Hold,2076.300224384489,1428.9405684754875
Hold,2020-05-30 02:00:00,44.42,2084.7481005234745,Hold,2084.748100523485,1434.7545219638596
Hold,2020-05-30 03:00:00,44.77,2101.1745263493012,Hold,2101.174526349312,1446.0594315245833
Hold,2020-05-30 04:00:00,45.8,2149.515150922448,Hold,2149.515150922459,1479.3281653747129
Hold,2020-05-30 05:00:00,46.06,2161.7176386787764,Hold,2161.7176386787874,1487.7260981912505
Hold,2020-05-30 06:00:00,46.31,2173.4507999829384,Hold,2173.4507999829493,1495.8010335917675
Hold,2020-05-30 07:00:00,46.03,2160.309659322277,Hold,2160.309659322288,1486.7571059431887
Hold,2020-05-30 08:00:00,46.19,2167.8188825569405,Hold,2167.8188825569514,1491.9250645995191
Hold,2020-05-30 09:00:00,46.15,2165.9415767482747,Hold,2165.9415767482856,1490.6330749354363
Hold,2020-05-30 10:00:00,46.48,2181.4293496697683,Hold,2181.4293496697796,1501.2919896641188
Hold,2020-05-30 11:00:00,46.82,2197.3864490434285,Hold,2197.38644904344,1512.273901808822
Hold,2020-05-30 12:00:00,46.76,2194.5704903304295,Hold,2194.5704903304404,1510.3359173126978
Hold,2020-05-30 13:00:00,47.24,2217.0981600344203,Hold,2217.0981600344317,1525.8397932816906
Hold,2020-05-30 14:00:00,47.03,2207.2423045389246,Hold,2207.242304538936,1519.0568475452565
Hold,2020-05-30 15:00:00,46.79,2195.978469686929,Hold,2195.97846968694,1511.30490956076
Hold,2020-05-30 16:00:00,47.02,2206.772978086758,Hold,2206.772978086769,1518.7338501292359
Hold,2020-05-30 17:00:00,46.82,2197.3864490434285,Hold,2197.3864490434394,1512.273901808822
Hold,2020-05-30 18:00:00,47.04,2207.7116309910907,Hold,2207.7116309911016,1519.379844961277
Hold,2020-05-30 19:00:00,47.16,2213.343548417088,Hold,2213.3435484170996,1523.255813953525
Hold,2020-05-30 20:00:00,46.69,2191.285205165264,Hold,2191.2852051652753,1508.074935400553
Hold,2020-05-30 21:00:00,47.14,2212.404895512756,Hold,2212.404895512767,1522.6098191214837
Hold,2020-05-30 22:00:00,47.82,2244.3190942600754,Hold,2244.3190942600863,1544.5736434108896
Hold,2020-05-30 23:00:00,47.72,2239.625829738411,Hold,2239.625829738422,1541.3436692506828
Hold,2020-05-31 00:00:00,47.61,2234.4632387645797,Hold,2234.4632387645906,1537.7906976744553
Hold,2020-05-31 01:00:00,47.45,2226.9540155299164,Hold,2226.9540155299273,1532.6227390181245
Hold,2020-05-31 02:00:00,47.27,2218.5061393909195,Hold,2218.50613939093,1526.8087855297524
Hold,2020-05-31 03:00:00,46.39,2177.20541160027,Hold,2177.2054116002805,1498.3850129199325
Hold,2020-05-31 04:00:00,46.55,2184.7146348349333,Hold,2184.714634834944,1503.5529715762632
Hold,2020-05-31 05:00:00,46.51,2182.837329026268,Hold,2182.8373290262784,1502.2609819121806
Hold,2020-05-31 06:00:00,46.55,2184.7146348349333,Hold,2184.714634834944,1503.5529715762632
Hold,2020-05-31 07:00:00,46.96,2203.957019373759,Hold,2203.9570193737695,1516.7958656331114
Hold,2020-05-31 08:00:00,46.87,2199.733081304261,Hold,2199.7330813042713,1513.888888888925
Hold,2020-05-31 09:00:00,46.9,2201.14106066076,Hold,2201.141060660771,1514.857881136987
Hold,2020-05-31 10:00:00,47.49,2228.8313213385823,Hold,2228.831321338593,1533.9147286822072
Hold,2020-05-31 11:00:00,47.28,2218.9754658430866,Hold,2218.9754658430975,1527.131782945773
Hold,2020-05-31 12:00:00,47.1,2210.5275897040897,Hold,2210.5275897041,1521.3178294574009
Hold,2020-05-31 13:00:00,46.83,2197.8557754955946,Hold,2197.855775495605,1512.5968992248422
Hold,2020-05-31 14:00:00,46.13,2165.002923843942,Hold,2165.0029238439524,1489.9870801033946
Hold,2020-05-31 15:00:00,46.33,2174.389452887271,Hold,2174.3894528872815,1496.4470284238082
Hold,2020-05-31 16:00:00,46.61,2187.5305935479323,Hold,2187.5305935479428,1505.4909560723872
Hold,2020-05-31 17:00:00,46.37,2176.2667586959374,Hold,2176.266758695948,1497.7390180878908
Hold,2020-05-31 18:00:00,46.48,2181.4293496697683,Hold,2181.429349669779,1501.2919896641185
Hold,2020-05-31 19:00:00,46.66,2189.8772258087647,Hold,2189.877225808775,1507.105943152491
Hold,2020-05-31 20:00:00,46.54,2184.2453083827672,Hold,2184.2453083827777,1503.2299741602428
Hold,2020-05-31 21:00:00,46.1,2163.5949444874427,Hold,2163.594944487453,1489.0180878553329
Hold,2020-05-31 22:00:00,46.04,2160.7789857744438,Hold,2160.7789857744547,1487.0801033592088
Hold,2020-05-31 23:00:00,45.61,2140.5979483312854,Hold,2140.5979483312963,1473.1912144703194
Hold,2020-06-01 00:00:00,45.86,2152.331109635447,Hold,2152.331109635458,1481.2661498708364
Hold,2020-06-01 01:00:00,46.12,2164.533597391775,Hold,2164.533597391786,1489.664082687374
Hold,2020-06-01 02:00:00,46.3,2172.981473530772,Hold,2172.9814735307828,1495.4780361757462
Hold,2020-06-01 03:00:00,46.27,2171.5734941742726,Hold,2171.573494174283,1494.5090439276844
Hold,2020-06-01 04:00:00,46.22,2169.2268619134397,Hold,2169.2268619134506,1492.894056847581
Hold,2020-06-01 05:00:00,46.0,2158.9016799657775,Hold,2158.9016799657884,1485.7881136951262
Hold,2020-06-01 06:00:00,45.92,2155.147068348446,Hold,2155.1470683484567,1483.2041343669607
Hold,2020-06-01 07:00:00,46.19,2167.8188825569405,Hold,2167.818882556951,1491.9250645995187
Hold,2020-06-01 08:00:00,45.96,2157.024374157112,Hold,2157.024374157123,1484.4961240310433
Hold,2020-06-01 09:00:00,45.92,2155.147068348446,Hold,2155.1470683484567,1483.2041343669607
Hold,2020-06-01 10:00:00,46.01,2159.3710064179436,Hold,2159.3710064179545,1486.1111111111468
Hold,2020-06-01 11:00:00,45.83,2150.9231302789476,Hold,2150.9231302789585,1480.2971576227744
Hold,2020-06-01 12:00:00,46.25,2170.6348412699394,Hold,2170.6348412699504,1493.8630490956427
Hold,2020-06-01 13:00:00,46.41,2178.1440645046027,Hold,2178.144064504613,1499.0310077519737
Hold,2020-06-01 14:00:00,47.04,2207.7116309910907,Hold,2207.7116309911016,1519.3798449612766
Hold,2020-06-01 15:00:00,46.86,2199.2637548520943,Hold,2199.2637548521056,1513.5658914729042
Hold,2020-06-01 16:00:00,46.82,2197.3864490434285,Hold,2197.38644904344,1512.2739018088216
Hold,2020-06-01 17:00:00,46.88,2200.2024077564274,Hold,2200.202407756439,1514.211886304946
Hold,2020-06-01 18:00:00,46.85,2198.7944283999277,Hold,2198.794428399939,1513.2428940568839
Hold,2020-06-01 19:00:00,46.88,2200.2024077564274,Hold,2200.2024077564383,1514.2118863049461
Hold,2020-06-01 20:00:00,47.34,2221.791424556085,Hold,2221.791424556096,1529.0697674418975
Hold,2020-06-01 21:00:00,47.35,2222.2607510082516,Hold,2222.2607510082626,1529.3927648579179
Hold,2020-06-01 22:00:00,47.4,2224.6073832690836,Hold,2224.607383269095,1531.007751938021
Hold,2020-06-01 23:00:00,48.25,2264.5001317032343,Hold,2264.5001317032456,1558.462532299779
Hold,2020-06-02 00:00:00,48.19,2261.6841729902353,Hold,2261.684172990246,1556.5245478036547
Hold,2020-06-02 01:00:00,48.74,2287.4971278593916,Hold,2287.497127859403,1574.289405684792
Hold,2020-06-02 02:00:00,48.6,2280.926557529061,Hold,2280.9265575290724,1569.7674418605025
Hold,2020-06-02 03:00:00,48.66,2283.7425162420595,Hold,2283.742516242071,1571.7054263566263
Hold,2020-06-02 04:00:00,48.6,2280.926557529061,Hold,2280.926557529073,1569.7674418605025
Hold,2020-06-02 05:00:00,48.8,2290.31308657239,Hold,2290.313086572402,1576.2273901809158
Hold,2020-06-02 06:00:00,48.7,2285.6198220507254,Hold,2285.619822050737,1572.9974160207091
Hold,2020-06-02 07:00:00,48.92,2295.945003998388,Hold,2295.9450039984,1580.103359173164
Hold,2020-06-02 08:00:00,48.91,2295.475677546221,Hold,2295.475677546233,1579.7803617571433
Hold,2020-06-02 09:00:00,48.97,2298.29163625922,Hold,2298.291636259232,1581.7183462532673
Hold,2020-06-02 10:00:00,49.63,2329.2671821022072,Hold,2329.2671821022186,1603.0361757106325
Hold,2020-06-02 11:00:00,49.67,2331.1444879108735,Hold,2331.1444879108853,1604.328165374715
Hold,2020-06-02 12:00:00,49.51,2323.6352646762098,Hold,2323.635264676221,1599.160206718384
Hold,2020-06-02 13:00:00,49.49,2322.6966117718766,Hold,2322.696611771888,1598.5142118863428
Hold,2020-06-02 14:00:00,45.96,2157.024374157112,Hold,2157.0243741571226,1484.4961240310429
Hold,2020-06-02 15:00:00,45.71,2145.2912128529497,Hold,2145.29121285296,1476.4211886305259
Hold,2020-06-02 16:00:00,45.57,2138.720642522619,Hold,2138.7206425226295,1471.8992248062364
Hold,2020-06-02 17:00:00,45.76,2147.637845113782,Hold,2147.6378451137925,1478.0361757106293
Hold,2020-06-02 18:00:00,45.55,2137.7819896182864,Hold,2137.781989618297,1471.253229974195
Hold,2020-06-02 19:00:00,45.66,2142.9445805921173,Hold,2142.9445805921277,1474.8062015504224
Hold,2020-06-02 20:00:00,45.65,2142.4752541399507,Hold,2142.475254139961,1474.4832041344018
Hold,2020-06-02 21:00:00,45.89,2153.7390889919466,Hold,2153.7390889919566,1482.235142118898
Hold,2020-06-02 22:00:00,45.82,2150.453803826781,Hold,2150.453803826791,1479.9741602067531
Hold,2020-06-02 23:00:00,45.99,2158.4323535136114,Hold,2158.432353513622,1485.4651162791047
Hold,2020-06-03 00:00:00,46.07,2162.186965130943,Hold,2162.1869651309535,1488.0490956072701
Hold,2020-06-03 01:00:00,45.88,2153.26976253978,Hold,2153.269762539791,1481.9121447028772
Hold,2020-06-03 02:00:00,45.77,2148.107171565949,Hold,2148.1071715659596,1478.3591731266497
Hold,2020-06-03 03:00:00,45.84,2151.392456731114,Hold,2151.392456731125,1480.6201550387943
Hold,2020-06-03 04:00:00,45.84,2151.392456731114,Hold,2151.392456731125,1480.6201550387943
Hold,2020-06-03 05:00:00,45.86,2152.331109635447,Hold,2152.331109635458,1481.2661498708355
Hold,2020-06-03 06:00:00,45.86,2152.331109635447,Hold,2152.331109635458,1481.2661498708355
Hold,2020-06-03 07:00:00,45.94,2156.0857212527785,Hold,2156.0857212527894,1483.850129199001
Hold,2020-06-03 08:00:00,46.0,2158.9016799657775,Hold,2158.901679965789,1485.7881136951253
Hold,2020-06-03 09:00:00,46.38,2176.736085148104,Hold,2176.7360851481153,1498.0620155039112
Hold,2020-06-03 10:00:00,46.63,2188.4692464522655,Hold,2188.469246452277,1506.1369509044282
Hold,2020-06-03 11:00:00,46.69,2191.285205165264,Hold,2191.285205165276,1508.0749354005522
Hold,2020-06-03 12:00:00,46.62,2187.999920000099,Hold,2187.9999200001103,1505.8139534884076
Hold,2020-06-03 13:00:00,46.59,2186.5919406436,Hold,2186.5919406436115,1504.8449612403458
Hold,2020-06-03 14:00:00,46.79,2195.978469686929,Hold,2195.97846968694,1511.3049095607594
Hold,2020-06-03 15:00:00,46.87,2199.733081304261,Hold,2199.7330813042718,1513.8888888889246
Hold,2020-06-03 16:00:00,47.23,2216.6288335822537,Hold,2216.6288335822646,1525.5167958656693
Hold,2020-06-03 17:00:00,46.95,2203.487692921593,Hold,2203.4876929216034,1516.4728682170905
Hold,2020-06-03 18:00:00,47.23,2216.6288335822537,Hold,2216.6288335822646,1525.5167958656696
Hold,2020-06-03 19:00:00,46.98,2204.8956722780918,Hold,2204.8956722781027,1517.4418604651526
Hold,2020-06-03 20:00:00,47.0,2205.8343251824253,Hold,2205.834325182436,1518.087855297194
Hold,2020-06-03 21:00:00,46.77,2195.039816782596,Hold,2195.0398167826065,1510.6589147287184
Hold,2020-06-03 22:00:00,46.96,2203.957019373759,Hold,2203.957019373769,1516.7958656331114
Hold,2020-06-03 23:00:00,47.16,2213.343548417088,Hold,2213.3435484170986,1523.255813953525
Hold,2020-06-04 00:00:00,47.2,2215.2208542257545,Hold,2215.2208542257645,1524.5478036176078
Hold,2020-06-04 01:00:00,47.35,2222.2607510082516,Hold,2222.260751008261,1529.3927648579177
Hold,2020-06-04 02:00:00,47.85,2245.727073616575,Hold,2245.7270736165847,1545.5426356589517
Hold,2020-06-04 03:00:00,47.97,2251.358991042573,Hold,2251.358991042583,1549.4186046511998
Hold,2020-06-04 04:00:00,47.77,2241.972461999244,Hold,2241.9724619992535,1542.9586563307862
Hold,2020-06-04 05:00:00,47.67,2237.2791974775787,Hold,2237.2791974775882,1539.7286821705793
Hold,2020-06-04 06:00:00,47.81,2243.8497678079093,Hold,2243.849767807919,1544.2506459948688
Hold,2020-06-04 07:00:00,47.7,2238.6871768340784,Hold,2238.6871768340884,1540.6976744186413
Hold,2020-06-04 08:00:00,47.75,2241.0338090949103,Hold,2241.0338090949203,1542.3126614987448
Hold,2020-06-04 09:00:00,47.22,2216.1595071300876,Hold,2216.1595071300976,1525.193798449649
Hold,2020-06-04 10:00:00,47.01,2206.3036516345915,Hold,2206.3036516346015,1518.4108527132146
Hold,2020-06-04 11:00:00,47.35,2222.2607510082516,Hold,2222.2607510082616,1529.3927648579174
Hold,2020-06-04 12:00:00,47.49,2228.8313213385823,Hold,2228.8313213385923,1533.914728682207
Hold,2020-06-04 13:00:00,47.67,2237.2791974775787,Hold,2237.279197477589,1539.7286821705793
Hold,2020-06-04 14:00:00,47.5,2229.300647790749,Hold,2229.3006477907593,1534.2377260982275
Hold,2020-06-04 15:00:00,47.83,2244.7884207122424,Hold,2244.788420712253,1544.89664082691
Hold,2020-06-04 16:00:00,47.61,2234.4632387645797,Hold,2234.46323876459,1537.790697674455
Hold,2020-06-04 17:00:00,47.61,2234.4632387645797,Hold,2234.46323876459,1537.790697674455
Hold,2020-06-04 18:00:00,47.11,2210.9969161562562,Hold,2210.9969161562667,1521.6408268734212
Hold,2020-06-04 19:00:00,47.21,2215.690180677921,Hold,2215.690180677931,1524.8708010336281
Hold,2020-06-04 20:00:00,47.3,2219.914118747419,Hold,2219.914118747429,1527.7777777778142
Hold,2020-06-04 21:00:00,47.3,2219.914118747419,Hold,2219.914118747429,1527.7777777778142
Hold,2020-06-04 22:00:00,47.46,2227.4233419820825,Hold,2227.423341982093,1532.9457364341451
Hold,2020-06-04 23:00:00,47.43,2226.0153626255833,Hold,2226.0153626255933,1531.9767441860831
Hold,2020-06-05 00:00:00,47.57,2232.585932955914,Hold,2232.5859329559244,1536.4987080103726
Hold,2020-06-05 01:00:00,47.7,2238.6871768340784,Hold,2238.687176834089,1540.6976744186418
Hold,2020-06-05 02:00:00,47.54,2231.177953599414,Hold,2231.1779535994247,1535.5297157623108
Hold,2020-06-05 03:00:00,47.52,2230.2393006950815,Hold,2230.239300695092,1534.8837209302696
Hold,2020-06-05 04:00:00,47.42,2225.546036173417,Hold,2225.5460361734276,1531.6537467700628
Hold,2020-06-05 05:00:00,47.58,2233.0552594080805,Hold,2233.0552594080914,1536.8217054263935
Hold,2020-06-05 06:00:00,47.53,2230.708627147248,Hold,2230.708627147259,1535.20671834629
Hold,2020-06-05 07:00:00,47.43,2226.0153626255833,Hold,2226.015362625594,1531.9767441860831
Hold,2020-06-05 08:00:00,47.86,2246.1964000687417,Hold,2246.196400068753,1545.8656330749723
Hold,2020-06-05 09:00:00,47.65,2236.3405445732456,Hold,2236.340544573257,1539.0826873385379
Hold,2020-06-05 10:00:00,47.26,2218.036812938753,Hold,2218.0368129387643,1526.4857881137316
Hold,2020-06-05 11:00:00,47.24,2217.0981600344203,Hold,2217.098160034432,1525.8397932816904
Hold,2020-06-05 12:00:00,47.13,2211.935569060589,Hold,2211.9355690606003,1522.286821705463
Hold,2020-06-05 13:00:00,47.18,2214.2822013214213,Hold,2214.282201321433,1523.9018087855661
Hold,2020-06-05 14:00:00,46.93,2202.54904001726,Hold,2202.5490400172716,1515.826873385049
Hold,2020-06-05 15:00:00,46.96,2203.957019373759,Hold,2203.957019373771,1516.7958656331111
Hold,2020-06-05 16:00:00,47.25,2217.567486486587,Hold,2217.5674864865987,1526.162790697711
Hold,2020-06-05 17:00:00,47.34,2221.791424556085,Hold,2221.791424556097,1529.069767441897
Hold,2020-06-05 18:00:00,47.47,2227.892668434249,Hold,2227.892668434261,1533.2687338501657
Hold,2020-06-05 19:00:00,47.25,2217.567486486587,Hold,2217.5674864865987,1526.162790697711
Hold,2020-06-05 20:00:00,47.08,2209.5889367997565,Hold,2209.5889367997684,1520.6718346253595
Hold,2020-06-05 21:00:00,46.89,2200.6717342085935,Hold,2200.671734208606,1514.5348837209665
Hold,2020-06-05 22:00:00,47.04,2207.7116309910907,Hold,2207.711630991103,1519.3798449612766
Hold,2020-06-05 23:00:00,46.83,2197.8557754955946,Hold,2197.855775495607,1512.5968992248422
Hold,2020-06-06 00:00:00,46.76,2194.5704903304295,Hold,2194.570490330442,1510.3359173126976
Hold,2020-06-06 01:00:00,46.47,2180.9600232176017,Hold,2180.9600232176144,1500.9689922480977
Hold,2020-06-06 02:00:00,46.56,2185.1839612871,Hold,2185.1839612871127,1503.875968992284
Hold,2020-06-06 03:00:00,46.71,2192.223858069597,Hold,2192.2238580696094,1508.7209302325941
Hold,2020-06-06 04:00:00,46.46,2180.4906967654356,Hold,2180.490696765448,1500.6459948320771
Hold,2020-06-06 05:00:00,46.71,2192.223858069597,Hold,2192.2238580696094,1508.720930232594
Hold,2020-06-06 06:00:00,46.6,2187.061267095766,Hold,2187.0612670957785,1505.1679586563664
Hold,2020-06-06 07:00:00,46.65,2189.4078993565986,Hold,2189.407899356611,1506.7829457364696
Hold,2020-06-06 08:00:00,46.62,2187.999920000099,Hold,2187.999920000111,1505.8139534884074
Hold,2020-06-06 09:00:00,46.98,2204.8956722780918,Hold,2204.8956722781045,1517.4418604651519
Hold,2020-06-06 10:00:00,46.96,2203.957019373759,Hold,2203.957019373772,1516.7958656331107
Hold,2020-06-06 11:00:00,47.06,2208.650283895424,Hold,2208.6502838954366,1520.0258397933173
Hold,2020-06-06 12:00:00,46.8,2196.4477961390953,Hold,2196.447796139108,1511.6279069767795
Hold,2020-06-06 13:00:00,46.96,2203.957019373759,Hold,2203.9570193737713,1516.7958656331105
Hold,2020-06-06 14:00:00,46.9,2201.14106066076,Hold,2201.141060660773,1514.8578811369864
Hold,2020-06-06 15:00:00,46.97,2204.426345825925,Hold,2204.4263458259375,1517.1188630491313
Hold,2020-06-06 16:00:00,46.56,2185.1839612871,Hold,2185.183961287112,1503.8759689922833
Hold,2020-06-06 17:00:00,46.59,2186.5919406436,Hold,2186.5919406436124,1504.8449612403454
Hold,2020-06-06 18:00:00,46.7,2191.754531617431,Hold,2191.7545316174433,1508.3979328165728
Hold,2020-06-06 19:00:00,46.73,2193.1625109739302,Hold,2193.162510973943,1509.3669250646346
Hold,2020-06-06 20:00:00,46.86,2199.2637548520943,Hold,2199.263754852107,1513.5658914729036
Hold,2020-06-06 21:00:00,46.88,2200.2024077564274,Hold,2200.2024077564397,1514.211886304945
Hold,2020-06-06 22:00:00,46.71,2192.223858069597,Hold,2192.2238580696094,1508.7209302325932
Hold,2020-06-06 23:00:00,46.79,2195.978469686929,Hold,2195.9784696869415,1511.3049095607587
Hold,2020-06-07 00:00:00,46.82,2197.3864490434285,Hold,2197.3864490434407,1512.2739018088207
Hold,2020-06-07 01:00:00,46.74,2193.631837426097,Hold,2193.631837426109,1509.6899224806552
Hold,2020-06-07 02:00:00,46.77,2195.039816782596,Hold,2195.0398167826083,1510.6589147287175
Hold,2020-06-07 03:00:00,46.74,2193.631837426097,Hold,2193.6318374261086,1509.6899224806555
Hold,2020-06-07 04:00:00,46.64,2188.9385729044316,Hold,2188.938572904444,1506.4599483204486
Hold,2020-06-07 05:00:00,46.5,2182.368002574101,Hold,2182.368002574113,1501.937984496159
Hold,2020-06-07 06:00:00,46.56,2185.1839612871,Hold,2185.183961287112,1503.8759689922833
Hold,2020-06-07 07:00:00,46.57,2185.6532877392665,Hold,2185.6532877392783,1504.198966408304
Hold,2020-06-07 08:00:00,46.55,2184.7146348349333,Hold,2184.714634834945,1503.5529715762625
Hold,2020-06-07 09:00:00,46.31,2173.4507999829384,Hold,2173.45079998295,1495.8010335917663
Hold,2020-06-07 10:00:00,46.28,2172.0428206264387,Hold,2172.04282062645,1494.832041343704
Hold,2020-06-07 11:00:00,46.04,2160.7789857744438,Hold,2160.778985774455,1487.080103359208
Hold,2020-06-07 12:00:00,45.89,2153.7390889919466,Hold,2153.7390889919575,1482.2351421188978
Hold,2020-06-07 13:00:00,45.37,2129.3341134792895,Hold,2129.334113479301,1465.4392764858221
Hold,2020-06-07 14:00:00,45.55,2137.7819896182864,Hold,2137.7819896182973,1471.2532299741943
Hold,2020-06-07 15:00:00,45.81,2149.9844773746145,Hold,2149.9844773746254,1479.651162790732
Hold,2020-06-07 16:00:00,45.7,2144.8218864007836,Hold,2144.821886400795,1476.0981912145046
Hold,2020-06-07 17:00:00,45.94,2156.0857212527785,Hold,2156.08572125279,1483.8501291990005
Hold,2020-06-07 18:00:00,45.99,2158.4323535136114,Hold,2158.4323535136227,1485.4651162791042
Hold,2020-06-07 19:00:00,46.8,2196.4477961390953,Hold,2196.4477961391067,1511.627906976779
Hold,2020-06-07 20:00:00,46.68,2190.815878713098,Hold,2190.815878713109,1507.751937984531
Hold,2020-06-07 21:00:00,46.53,2183.7759819306007,Hold,2183.775981930612,1502.9069767442209
Hold,2020-06-07 22:00:00,46.65,2189.4078993565986,Hold,2189.40789935661,1506.782945736469
Hold,2020-06-07 23:00:00,46.63,2188.4692464522655,Hold,2188.469246452277,1506.1369509044277
Hold,2020-06-08 00:00:00,46.61,2187.5305935479323,Hold,2187.5305935479437,1505.4909560723863
Hold,2020-06-08 01:00:00,46.58,2186.122614191433,Hold,2186.1226141914444,1504.5219638243243
Hold,2020-06-08 02:00:00,46.54,2184.2453083827672,Hold,2184.2453083827786,1503.2299741602417
Hold,2020-06-08 03:00:00,46.69,2191.285205165264,Hold,2191.2852051652753,1508.0749354005518
Hold,2020-06-08 04:00:00,46.56,2185.1839612871,Hold,2185.1839612871113,1503.875968992283
Hold,2020-06-08 05:00:00,46.71,2192.223858069597,Hold,2192.223858069608,1508.7209302325932
Hold,2020-06-08 06:00:00,46.65,2189.4078993565986,Hold,2189.40789935661,1506.782945736469
Hold,2020-06-08 07:00:00,46.62,2187.999920000099,Hold,2187.99992000011,1505.8139534884067
Hold,2020-06-08 08:00:00,46.44,2179.5520438611024,Hold,2179.5520438611134,1500.0000000000343
Hold,2020-06-08 09:00:00,46.64,2188.9385729044316,Hold,2188.9385729044425,1506.459948320448
Hold,2020-06-08 10:00:00,46.41,2178.1440645046027,Hold,2178.144064504613,1499.031007751972
Hold,2020-06-08 11:00:00,46.52,2183.3066554784345,Hold,2183.306655478445,1502.5839793281998
Hold,2020-06-08 12:00:00,46.26,2171.104167722106,Hold,2171.1041677221165,1494.1860465116622
Hold,2020-06-08 13:00:00,46.16,2166.410903200441,Hold,2166.4109032004517,1490.9560723514553
Hold,2020-06-08 14:00:00,46.06,2161.7176386787764,Hold,2161.717638678787,1487.7260981912486
Hold,2020-06-08 15:00:00,46.25,2170.6348412699394,Hold,2170.63484126995,1493.8630490956416
Hold,2020-06-08 16:00:00,46.29,2172.5121470786053,Hold,2172.5121470786157,1495.1550387597242
Hold,2020-06-08 17:00:00,46.18,2167.3495561047744,Hold,2167.3495561047853,1491.6020671834967
Hold,2020-06-08 18:00:00,46.11,2164.064270939609,Hold,2164.0642709396197,1489.3410852713519
Hold,2020-06-08 19:00:00,46.15,2165.9415767482747,Hold,2165.9415767482856,1490.6330749354347
Hold,2020-06-08 20:00:00,46.09,2163.1256180352757,Hold,2163.1256180352866,1488.695090439311
Hold,2020-06-08 21:00:00,46.15,2165.9415767482747,Hold,2165.941576748285,1490.633074935435
Hold,2020-06-08 22:00:00,45.99,2158.4323535136114,Hold,2158.432353513622,1485.465116279104
Hold,2020-06-08 23:00:00,46.43,2179.082717408936,Hold,2179.0827174089463,1499.6770025840137
Hold,2020-06-09 00:00:00,46.07,2162.186965130943,Hold,2162.186965130953,1488.0490956072695
Hold,2020-06-09 01:00:00,46.07,2162.186965130943,Hold,2162.186965130953,1488.0490956072695
Hold,2020-06-09 02:00:00,46.1,2163.5949444874427,Hold,2163.5949444874527,1489.0180878553315
Hold,2020-06-09 03:00:00,45.96,2157.024374157112,Hold,2157.0243741571226,1484.496124031042
Hold,2020-06-09 04:00:00,45.99,2158.4323535136114,Hold,2158.432353513622,1485.465116279104
Hold,2020-06-09 05:00:00,46.18,2167.3495561047744,Hold,2167.3495561047853,1491.602067183497
Hold,2020-06-09 06:00:00,46.15,2165.9415767482747,Hold,2165.941576748285,1490.633074935435
Hold,2020-06-09 07:00:00,46.14,2165.472250296108,Hold,2165.472250296119,1490.3100775194143
Hold,2020-06-09 08:00:00,46.16,2166.410903200441,Hold,2166.4109032004517,1490.9560723514553
Hold,2020-06-09 09:00:00,46.1,2163.5949444874427,Hold,2163.5949444874527,1489.0180878553315
Hold,2020-06-09 10:00:00,46.09,2163.1256180352757,Hold,2163.1256180352857,1488.695090439311
Hold,2020-06-09 11:00:00,46.22,2169.2268619134397,Hold,2169.2268619134497,1492.8940568475798
Hold,2020-06-09 12:00:00,46.33,2174.389452887271,Hold,2174.389452887281,1496.4470284238073
Hold,2020-06-09 13:00:00,46.23,2169.6961883656063,Hold,2169.6961883656163,1493.2170542636006
Hold,2020-06-09 14:00:00,46.18,2167.3495561047744,Hold,2167.349556104785,1491.6020671834974
Hold,2020-06-09 15:00:00,46.15,2165.9415767482747,Hold,2165.9415767482847,1490.6330749354354
Hold,2020-06-09 16:00:00,46.07,2162.186965130943,Hold,2162.186965130953,1488.04909560727
Hold,2020-06-09 17:00:00,46.1,2163.5949444874427,Hold,2163.5949444874527,1489.018087855332
Hold,2020-06-09 18:00:00,46.04,2160.7789857744438,Hold,2160.778985774454,1487.0801033592077
Hold,2020-06-09 19:00:00,45.75,2147.168518661616,Hold,2147.1685186616264,1477.7131782946078
Hold,2020-06-09 20:00:00,45.79,2149.0458244702813,Hold,2149.0458244702913,1479.0051679586904
Hold,2020-06-09 21:00:00,45.92,2155.147068348446,Hold,2155.147068348456,1483.2041343669596
Hold,2020-06-09 22:00:00,45.95,2156.555047704945,Hold,2156.555047704955,1484.1731266150216
Hold,2020-06-09 23:00:00,45.87,2152.800436087613,Hold,2152.800436087623,1481.589147286856
Hold,2020-06-10 00:00:00,45.94,2156.0857212527785,Hold,2156.0857212527885,1483.8501291990005
Hold,2020-06-10 01:00:00,45.99,2158.4323535136114,Hold,2158.4323535136214,1485.4651162791042
Hold,2020-06-10 02:00:00,45.97,2157.493700609278,Hold,2157.493700609288,1484.8191214470628
Hold,2020-06-10 03:00:00,45.84,2151.392456731114,Hold,2151.392456731124,1480.620155038794
Hold,2020-06-10 04:00:00,45.9,2154.2084154441127,Hold,2154.2084154441222,1482.558139534918
Hold,2020-06-10 05:00:00,46.29,2172.5121470786053,Hold,2172.512147078615,1495.1550387597242
Hold,2020-06-10 06:00:00,46.18,2167.3495561047744,Hold,2167.3495561047844,1491.602067183497
Hold,2020-06-10 07:00:00,45.94,2156.0857212527785,Hold,2156.085721252788,1483.8501291990005
Hold,2020-06-10 08:00:00,45.87,2152.800436087613,Hold,2152.8004360876225,1481.5891472868557
Hold,2020-06-10 09:00:00,45.76,2147.637845113782,Hold,2147.6378451137916,1478.0361757106282
Hold,2020-06-10 10:00:00,45.89,2153.7390889919466,Hold,2153.7390889919557,1482.235142118897
Hold,2020-06-10 11:00:00,45.81,2149.9844773746145,Hold,2149.9844773746236,1479.6511627907316
Hold,2020-06-10 12:00:00,45.91,2154.6777418962793,Hold,2154.677741896289,1482.8811369509383
Hold,2020-06-10 13:00:00,46.2,2168.288209009107,Hold,2168.2882090091166,1492.2480620155384
Hold,2020-06-10 14:00:00,46.11,2164.064270939609,Hold,2164.0642709396184,1489.341085271352
Hold,2020-06-10 15:00:00,46.18,2167.3495561047744,Hold,2167.349556104784,1491.602067183497
Hold,2020-06-10 16:00:00,46.14,2165.472250296108,Hold,2165.4722502961176,1490.3100775194143
Hold,2020-06-10 17:00:00,46.37,2176.2667586959374,Hold,2176.2667586959465,1497.7390180878897
Hold,2020-06-10 18:00:00,46.39,2177.20541160027,Hold,2177.205411600279,1498.3850129199311
Hold,2020-06-10 19:00:00,46.57,2185.6532877392665,Hold,2185.6532877392756,1504.1989664083035
Hold,2020-06-10 20:00:00,46.59,2186.5919406436,Hold,2186.591940643609,1504.844961240345
Hold,2020-06-10 21:00:00,46.42,2178.6133909567693,Hold,2178.6133909567784,1499.3540051679934
Hold,2020-06-10 22:00:00,46.66,2189.8772258087647,Hold,2189.8772258087733,1507.1059431524895
Hold,2020-06-10 23:00:00,46.63,2188.4692464522655,Hold,2188.469246452274,1506.1369509044277
Hold,2020-06-11 00:00:00,46.76,2194.5704903304295,Hold,2194.570490330438,1510.3359173126964
Hold,2020-06-11 01:00:00,46.76,2194.5704903304295,Hold,2194.570490330438,1510.3359173126964
Hold,2020-06-11 02:00:00,46.67,2190.3465522609313,Hold,2190.34655226094,1507.4289405685104
Hold,2020-06-11 03:00:00,46.58,2186.122614191433,Hold,2186.1226141914417,1504.521963824324
Hold,2020-06-11 04:00:00,46.72,2192.6931845217637,Hold,2192.6931845217723,1509.0439276486136
Hold,2020-06-11 05:00:00,46.58,2186.122614191433,Hold,2186.1226141914412,1504.521963824324
Hold,2020-06-11 06:00:00,46.38,2176.736085148104,Hold,2176.736085148112,1498.0620155039105
Hold,2020-06-11 07:00:00,46.25,2170.6348412699394,Hold,2170.6348412699476,1493.8630490956418
Hold,2020-06-11 08:00:00,46.24,2170.1655148177733,Hold,2170.1655148177815,1493.5400516796212
Hold,2020-06-11 09:00:00,46.26,2171.104167722106,Hold,2171.104167722114,1494.1860465116624
Hold,2020-06-11 10:00:00,46.26,2171.104167722106,Hold,2171.104167722114,1494.1860465116624
Hold,2020-06-11 11:00:00,46.24,2170.1655148177733,Hold,2170.165514817781,1493.5400516796212
Hold,2020-06-11 12:00:00,45.91,2154.6777418962793,Hold,2154.677741896287,1482.8811369509385
Hold,2020-06-11 13:00:00,45.43,2132.1500721922885,Hold,2132.150072192296,1467.377260981946
Hold,2020-06-11 14:00:00,45.32,2126.987481218457,Hold,2126.9874812184653,1463.8242894057184
Hold,2020-06-11 15:00:00,45.15,2119.0089315316272,Hold,2119.0089315316354,1458.333333333367
Trailing-Stop,2020-06-11 16:00:00,42.05,1973.5177313600204,Trailing stop 10.0% hit,1973.5177313600282,1358.2041343669564
Buy,2020-06-23 05:00:00,43.97,1973.5177313600204,Sinal: Compra,1973.5177313600282,1420.2196382429267
Hold,2020-06-23 06:00:00,44.1,1975.3958317307915,Hold,1975.3958317307993,1424.4186046511957
Hold,2020-06-23 07:00:00,44.14,1977.1875739817945,Hold,1977.1875739818026,1425.7105943152785
Hold,2020-06-23 08:00:00,44.02,1971.8123472287857,Hold,1971.8123472287937,1421.8346253230304
Hold,2020-06-23 09:00:00,43.99,1970.4685405405332,Hold,1970.4685405405412,1420.8656330749684
Hold,2020-06-23 10:00:00,43.93,1967.7809271640288,Hold,1967.7809271640365,1418.9276485788444
Hold,2020-06-23 11:00:00,44.04,1972.7082183542868,Hold,1972.7082183542943,1422.4806201550718
Hold,2020-06-23 12:00:00,44.07,1974.0520250425393,Hold,1974.0520250425468,1423.4496124031339
Hold,2020-06-23 13:00:00,44.13,1976.739638419044,Hold,1976.7396384190515,1425.3875968992581
Hold,2020-06-23 14:00:00,44.21,1980.3231229210496,Hold,1980.323122921057,1427.9715762274236
Hold,2020-06-23 15:00:00,44.33,1985.6983496740588,Hold,1985.698349674066,1431.8475452196717
Hold,2020-06-23 16:00:00,44.21,1980.3231229210496,Hold,1980.3231229210567,1427.9715762274236
Hold,2020-06-23 17:00:00,44.22,1980.7710584838005,Hold,1980.7710584838078,1428.2945736434442
Hold,2020-06-23 18:00:00,44.23,1981.2189940465512,Hold,1981.2189940465585,1428.6175710594648
Hold,2020-06-23 19:00:00,44.18,1978.9793162327976,Hold,1978.9793162328049,1427.0025839793616
Hold,2020-06-23 20:00:00,44.11,1975.8437672935422,Hold,1975.8437672935495,1424.7416020672167
Hold,2020-06-23 21:00:00,44.2,1979.8751873582992,Hold,1979.8751873583064,1427.648578811403
Hold,2020-06-23 22:00:00,44.0,1970.9164761032841,Hold,1970.9164761032914,1421.1886304909892
Hold,2020-06-23 23:00:00,44.18,1978.9793162327976,Hold,1978.9793162328049,1427.0025839793616
Hold,2020-06-24 00:00:00,44.19,1979.427251795548,Hold,1979.427251795555,1427.3255813953822
Hold,2020-06-24 01:00:00,44.34,1986.1462852368095,Hold,1986.1462852368163,1432.1705426356928
Hold,2020-06-24 02:00:00,44.36,1987.0421563623108,Hold,1987.0421563623179,1432.8165374677337
Hold,2020-06-24 03:00:00,44.32,1985.250414111308,Hold,1985.250414111315,1431.524547803651
Hold,2020-06-24 04:00:00,44.43,1990.177705301566,Hold,1990.1777053015733,1435.0775193798786
Hold,2020-06-24 05:00:00,44.46,1991.5215119898185,Hold,1991.5215119898257,1436.0465116279406
Hold,2020-06-24 06:00:00,44.58,1996.8967387428272,Hold,1996.8967387428343,1439.922480620189
Sell,2020-06-24 07:00:00,43.53,1949.863504653999,Sinal: Venda,1949.8635046540055,1406.0077519380177
Buy,2020-07-07 10:00:00,43.59,1949.863504653999,Sinal: Compra,1949.8635046540055,1407.9457364341417
Hold,2020-07-07 11:00:00,43.74,1952.6620995918436,Hold,1952.6620995918504,1412.790697674452
Hold,2020-07-07 12:00:00,43.49,1941.5014794524297,Hold,1941.5014794524366,1404.715762273935
Hold,2020-07-07 13:00:00,43.56,1944.6264530914655,Hold,1944.626453091472,1406.97674418608
Hold,2020-07-07 14:00:00,43.51,1942.3943290635827,Hold,1942.394329063589,1405.3617571059763
Hold,2020-07-07 15:00:00,43.58,1945.5193027026185,Hold,1945.5193027026248,1407.6227390181211
Hold,2020-07-07 16:00:00,43.46,1940.1622050357,Hold,1940.1622050357062,1403.746770025873
Hold,2020-07-07 17:00:00,43.79,1954.8942236197263,Hold,1954.8942236197324,1414.4056847545555
Hold,2020-07-07 18:00:00,43.63,1947.7514267305016,Hold,1947.7514267305078,1409.2377260982248
Hold,2020-07-07 19:00:00,43.42,1938.3765058133938,Hold,1938.3765058134,1402.4547803617904
Hold,2020-07-07 20:00:00,43.29,1932.5729833408986,Hold,1932.5729833409048,1398.2558139535215
Hold,2020-07-07 21:00:00,43.14,1925.8766112572505,Hold,1925.8766112572564,1393.4108527132114
Hold,2020-07-07 22:00:00,43.31,1933.4658329520519,Hold,1933.465832952058,1398.901808785563
Hold,2020-07-07 23:00:00,43.39,1937.037231396664,Hold,1937.0372313966702,1401.4857881137282
Hold,2020-07-08 00:00:00,43.27,1931.6801337297456,Hold,1931.6801337297518,1397.60981912148
Hold,2020-07-08 01:00:00,43.9,1959.8048964810682,Hold,1959.8048964810744,1417.9586563307826
Hold,2020-07-08 02:00:00,44.22,1974.090490259518,Hold,1974.090490259524,1428.2945736434442
Hold,2020-07-08 03:00:00,44.83,2001.3224033996878,Hold,2001.3224033996942,1447.9974160207055
Hold,2020-07-08 04:00:00,44.22,1974.090490259518,Hold,1974.0904902595244,1428.294573643444
Hold,2020-07-08 05:00:00,44.3,1977.6618887041304,Hold,1977.6618887041368,1430.8785529716095
Hold,2020-07-08 06:00:00,44.45,1984.3582607877788,Hold,1984.3582607877852,1435.7235142119198
Hold,2020-07-08 07:00:00,44.74,1997.304580149499,Hold,1997.3045801495057,1445.0904392765194
Hold,2020-07-08 08:00:00,44.69,1995.072456121616,Hold,1995.0724561216227,1443.475452196416
Hold,2020-07-08 09:00:00,44.86,2002.6616778164175,Hold,2002.6616778164241,1448.9664082687677
Hold,2020-07-08 10:00:00,45.2,2017.8401212060203,Hold,2017.840121206027,1459.9483204134708
Hold,2020-07-08 11:00:00,45.32,2023.197218872939,Hold,2023.1972188729458,1463.824289405719
Hold,2020-07-08 12:00:00,44.82,2000.8759785941113,Hold,2000.875978594118,1447.6744186046851
Hold,2020-07-08 13:00:00,45.42,2027.6614669287046,Hold,2027.6614669287114,1467.0542635659258
Hold,2020-07-08 14:00:00,45.14,2015.1615723725608,Hold,2015.1615723725674,1458.0103359173465
Hold,2020-07-08 15:00:00,45.08,2012.4830235391016,Hold,2012.4830235391084,1456.0723514212225
Hold,2020-07-08 16:00:00,45.28,2021.411519650633,Hold,2021.4115196506395,1462.532299741636
Hold,2020-07-08 17:00:00,45.31,2022.7507940673624,Hold,2022.750794067369,1463.501291989698
Hold,2020-07-08 18:00:00,45.16,2016.0544219837138,Hold,2016.0544219837204,1458.6563307493877
Hold,2020-07-08 19:00:00,45.27,2020.9650948450565,Hold,2020.9650948450633,1462.2093023256152
Hold,2020-07-08 20:00:00,45.24,2019.6258204283267,Hold,2019.6258204283338,1461.2403100775532
Hold,2020-07-08 21:00:00,45.47,2029.893590956587,Hold,2029.8935909565944,1468.6692506460288
Hold,2020-07-08 22:00:00,45.41,2027.215042123128,Hold,2027.2150421231347,1466.7312661499047
Hold,2020-07-08 23:00:00,45.35,2024.5364932896687,Hold,2024.5364932896753,1464.793281653781
Hold,2020-07-09 00:00:00,45.01,2009.3580499000657,Hold,2009.3580499000723,1453.8113695090778
Hold,2020-07-09 01:00:00,44.77,1998.6438545662286,Hold,1998.6438545662352,1446.0594315245817
Hold,2020-07-09 02:00:00,44.82,2000.8759785941113,Hold,2000.875978594118,1447.6744186046851
Hold,2020-07-09 03:00:00,44.86,2002.6616778164175,Hold,2002.6616778164241,1448.9664082687677
Hold,2020-07-09 04:00:00,44.89,2004.0009522331472,Hold,2004.000952233154,1449.93540051683
Hold,2020-07-09 05:00:00,45.14,2015.1615723725608,Hold,2015.1615723725674,1458.0103359173468
Hold,2020-07-09 06:00:00,45.73,2041.5006359015774,Hold,2041.5006359015845,1477.0671834625668
Hold,2020-07-09 07:00:00,45.61,2036.143538234659,Hold,2036.1435382346658,1473.1912144703188
Hold,2020-07-09 08:00:00,45.6,2035.6971134290825,Hold,2035.697113429089,1472.8682170542982
Hold,2020-07-09 09:00:00,45.44,2028.5543165398576,Hold,2028.5543165398642,1467.700258397967
Hold,2020-07-09 10:00:00,45.06,2011.5901739279486,Hold,2011.5901739279552,1455.4263565891813
Hold,2020-07-09 11:00:00,45.5,2031.2328653733168,Hold,2031.2328653733234,1469.6382428940913
Hold,2020-07-09 12:00:00,45.84,2046.4113087629196,Hold,2046.411308762926,1480.6201550387946
Hold,2020-07-09 13:00:00,45.29,2021.857944456209,Hold,2021.8579444562151,1462.8552971576569
Hold,2020-07-09 14:00:00,44.58,1990.161783260274,Hold,1990.1617832602803,1439.9224806201887
Hold,2020-07-09 15:00:00,44.24,1974.9833398706714,Hold,1974.9833398706776,1428.9405684754856
Hold,2020-07-09 16:00:00,44.07,1967.3941181758696,Hold,1967.3941181758755,1423.449612403134
Hold,2020-07-09 17:00:00,43.96,1962.4834453145277,Hold,1962.4834453145336,1419.8966408269066
Hold,2020-07-09 18:00:00,44.08,1967.840542981446,Hold,1967.8405429814522,1423.7726098191547
Hold,2020-07-09 19:00:00,43.93,1961.144170897798,Hold,1961.144170897804,1418.9276485788446
Hold,2020-07-09 20:00:00,44.09,1968.2869677870228,Hold,1968.286967787029,1424.0956072351755
Hold,2020-07-09 21:00:00,44.26,1975.876189481824,Hold,1975.87618948183,1429.5865633075268
Hold,2020-07-09 22:00:00,44.3,1977.6618887041304,Hold,1977.6618887041363,1430.8785529716097
Hold,2020-07-09 23:00:00,44.33,1979.0011631208602,Hold,1979.001163120866,1431.8475452196717
Hold,2020-07-10 00:00:00,44.04,1966.05484375914,Hold,1966.054843759146,1422.4806201550718
Hold,2020-07-10 01:00:00,44.25,1975.4297646762477,Hold,1975.4297646762536,1429.263565891506
Hold,2020-07-10 02:00:00,44.28,1976.7690390929774,Hold,1976.7690390929831,1430.232558139568
Hold,2020-07-10 03:00:00,44.25,1975.4297646762477,Hold,1975.4297646762534,1429.263565891506
Hold,2020-07-10 04:00:00,43.74,1952.6620995918436,Hold,1952.662099591849,1412.7906976744516
Hold,2020-07-10 05:00:00,43.82,1956.233498036456,Hold,1956.2334980364617,1415.3746770026169
Hold,2020-07-10 06:00:00,43.78,1954.4477988141498,Hold,1954.4477988141555,1414.0826873385342
Hold,2020-07-10 07:00:00,43.96,1962.4834453145277,Hold,1962.4834453145334,1419.8966408269062
Hold,2020-07-10 08:00:00,44.37,1980.7868623431664,Hold,1980.7868623431723,1433.1395348837539
Hold,2020-07-10 09:00:00,44.27,1976.322614287401,Hold,1976.3226142874069,1429.9095607235472
Hold,2020-07-10 10:00:00,44.22,1974.090490259518,Hold,1974.0904902595237,1428.2945736434435
Hold,2020-07-10 11:00:00,43.95,1962.0370205089512,Hold,1962.037020508957,1419.5736434108853
Hold,2020-07-10 12:00:00,44.12,1969.6262422037523,Hold,1969.626242203758,1425.0645994832366
Hold,2020-07-10 13:00:00,44.15,1970.965516620482,Hold,1970.9655166204877,1426.0335917312987
Hold,2020-07-10 14:00:00,44.24,1974.9833398706714,Hold,1974.9833398706774,1428.940568475485
Hold,2020-07-10 15:00:00,44.44,1983.911835982202,Hold,1983.9118359822078,1435.4005167958985
Hold,2020-07-10 16:00:00,44.21,1973.6440654539417,Hold,1973.6440654539474,1427.971576227423
Hold,2020-07-10 17:00:00,44.1,1968.7333925925993,Hold,1968.733392592605,1424.4186046511954
Hold,2020-07-10 18:00:00,44.11,1969.1798173981758,Hold,1969.1798173981813,1424.741602067216
Hold,2020-07-10 19:00:00,44.16,1971.4119414260585,Hold,1971.411941426064,1426.3565891473195
Hold,2020-07-10 20:00:00,44.13,1970.0726670093293,Hold,1970.0726670093347,1425.3875968992577
Hold,2020-07-10 21:00:00,43.96,1962.4834453145277,Hold,1962.483445314533,1419.8966408269062
Hold,2020-07-10 22:00:00,44.16,1971.4119414260585,Hold,1971.4119414260638,1426.3565891473195
Hold,2020-07-10 23:00:00,44.3,1977.6618887041304,Hold,1977.6618887041357,1430.878552971609
Hold,2020-07-11 00:00:00,44.32,1978.5547383152837,Hold,1978.5547383152891,1431.5245478036504
Hold,2020-07-11 01:00:00,44.63,1992.3939072881567,Hold,1992.393907288162,1441.5374677002917
Hold,2020-07-11 02:00:00,44.48,1985.6975352045083,Hold,1985.6975352045135,1436.6925064599814
Hold,2020-07-11 03:00:00,44.4,1982.126136759896,Hold,1982.1261367599016,1434.108527131816
Hold,2020-07-11 04:00:00,44.29,1977.215463898554,Hold,1977.2154638985594,1430.5555555555884
Hold,2020-07-11 05:00:00,44.33,1979.0011631208602,Hold,1979.0011631208656,1431.8475452196712
Hold,2020-07-11 06:00:00,44.25,1975.4297646762477,Hold,1975.4297646762534,1429.2635658915058
Hold,2020-07-11 07:00:00,44.43,1983.4654111766256,Hold,1983.4654111766313,1435.077519379878
Hold,2020-07-11 08:00:00,44.3,1977.6618887041304,Hold,1977.661888704136,1430.878552971609
Hold,2020-07-11 09:00:00,44.06,1966.9476933702933,Hold,1966.947693370299,1423.1266149871128
Hold,2020-07-11 10:00:00,44.13,1970.0726670093293,Hold,1970.0726670093347,1425.3875968992575
Hold,2020-07-11 11:00:00,44.08,1967.840542981446,Hold,1967.8405429814516,1423.772609819154
Hold,2020-07-11 12:00:00,44.18,1972.3047910372118,Hold,1972.3047910372175,1427.002583979361
Hold,2020-07-11 13:00:00,44.25,1975.4297646762477,Hold,1975.4297646762534,1429.2635658915058
Hold,2020-07-11 14:00:00,44.32,1978.5547383152837,Hold,1978.5547383152896,1431.5245478036504
Hold,2020-07-11 15:00:00,44.24,1974.9833398706714,Hold,1974.9833398706774,1428.9405684754852
Hold,2020-07-11 16:00:00,44.26,1975.876189481824,Hold,1975.8761894818297,1429.5865633075264
Hold,2020-07-11 17:00:00,44.34,1979.4475879264369,Hold,1979.4475879264428,1432.170542635692
Hold,2020-07-11 18:00:00,44.42,1983.018986371049,Hold,1983.018986371055,1434.7545219638573
Hold,2020-07-11 19:00:00,44.25,1975.4297646762477,Hold,1975.4297646762536,1429.2635658915058
Hold,2020-07-11 20:00:00,44.42,1983.018986371049,Hold,1983.018986371055,1434.7545219638573
Hold,2020-07-11 21:00:00,44.5,1986.5903848156615,Hold,1986.5903848156672,1437.3385012920226
Hold,2020-07-11 22:00:00,44.41,1982.5725615654726,Hold,1982.5725615654783,1434.4315245478363
Hold,2020-07-11 23:00:00,44.69,1995.072456121616,Hold,1995.0724561216216,1443.4754521964155
Hold,2020-07-12 00:00:00,44.87,2003.108102621994,Hold,2003.1081026219995,1449.2894056847879
Hold,2020-07-12 01:00:00,44.91,2004.8938018443002,Hold,2004.8938018443057,1450.5813953488705
Hold,2020-07-12 02:00:00,44.92,2005.340226649877,Hold,2005.3402266498824,1450.904392764891
Hold,2020-07-12 03:00:00,45.05,2011.143749122372,Hold,2011.1437491223771,1455.1033591731598
Hold,2020-07-12 04:00:00,45.01,2009.3580499000657,Hold,2009.358049900071,1453.811369509077
Hold,2020-07-12 05:00:00,44.96,2007.125925872183,Hold,2007.125925872188,1452.1963824289737
Hold,2020-07-12 06:00:00,44.88,2003.5545274275707,Hold,2003.5545274275757,1449.6124031008083
Hold,2020-07-12 07:00:00,44.89,2004.0009522331472,Hold,2004.0009522331522,1449.9354005168288
Hold,2020-07-12 08:00:00,44.89,2004.0009522331472,Hold,2004.0009522331522,1449.9354005168288
Hold,2020-07-12 09:00:00,44.9,2004.4473770387237,Hold,2004.447377038729,1450.2583979328494
Hold,2020-07-12 10:00:00,44.88,2003.5545274275707,Hold,2003.5545274275762,1449.6124031008083
Hold,2020-07-12 11:00:00,44.7,1995.5188809271929,Hold,1995.518880927198,1443.798449612436
Hold,2020-07-12 12:00:00,44.8,1999.9831289829579,Hold,1999.9831289829633,1447.0284237726423
Hold,2020-07-12 13:00:00,44.08,1967.840542981446,Hold,1967.8405429814513,1423.7726098191533
Hold,2020-07-12 14:00:00,44.22,1974.090490259518,Hold,1974.0904902595232,1428.2945736434428
Hold,2020-07-12 15:00:00,44.17,1971.8583662316355,Hold,1971.858366231641,1426.6795865633396
Hold,2020-07-12 16:00:00,44.21,1973.6440654539417,Hold,1973.6440654539472,1427.9715762274222
Hold,2020-07-12 17:00:00,44.23,1974.5369150650945,Hold,1974.5369150651,1428.6175710594634
Hold,2020-07-12 18:00:00,44.2,1973.1976406483652,Hold,1973.1976406483707,1427.6485788114014
Hold,2020-07-12 19:00:00,44.24,1974.9833398706714,Hold,1974.983339870677,1428.940568475484
Hold,2020-07-12 20:00:00,44.33,1979.0011631208602,Hold,1979.0011631208654,1431.8475452196699
Hold,2020-07-12 21:00:00,44.32,1978.5547383152837,Hold,1978.5547383152891,1431.5245478036493
Hold,2020-07-12 22:00:00,44.78,1999.090279371805,Hold,1999.0902793718103,1446.3824289406004
Hold,2020-07-12 23:00:00,44.7,1995.5188809271929,Hold,1995.518880927198,1443.7984496124352
Hold,2020-07-13 00:00:00,44.64,1992.8403320937332,Hold,1992.8403320937384,1441.860465116311
Hold,2020-07-13 01:00:00,44.63,1992.3939072881567,Hold,1992.393907288162,1441.5374677002903
Hold,2020-07-13 02:00:00,44.69,1995.072456121616,Hold,1995.0724561216214,1443.4754521964144
Hold,2020-07-13 03:00:00,44.64,1992.8403320937332,Hold,1992.8403320937384,1441.8604651163112
Hold,2020-07-13 04:00:00,44.63,1992.3939072881567,Hold,1992.393907288162,1441.5374677002906
Hold,2020-07-13 05:00:00,44.9,2004.4473770387237,Hold,2004.447377038729,1450.2583979328488
Hold,2020-07-13 06:00:00,44.75,1997.7510049550756,Hold,1997.7510049550808,1445.4134366925387
Hold,2020-07-13 07:00:00,44.87,2003.108102621994,Hold,2003.1081026219995,1449.2894056847867
Hold,2020-07-13 08:00:00,45.2,2017.8401212060203,Hold,2017.8401212060257,1459.9483204134692
Hold,2020-07-13 09:00:00,45.1,2013.3758731502548,Hold,2013.3758731502605,1456.7183462532623
Hold,2020-07-13 10:00:00,45.38,2025.8757677063984,Hold,2025.8757677064043,1465.7622739018414
Hold,2020-07-13 11:00:00,45.35,2024.5364932896687,Hold,2024.5364932896748,1464.7932816537793
Hold,2020-07-13 12:00:00,45.35,2024.5364932896687,Hold,2024.5364932896748,1464.7932816537793
Hold,2020-07-13 13:00:00,45.17,2016.5008467892906,Hold,2016.5008467892967,1458.9793281654072
Hold,2020-07-13 14:00:00,44.79,1999.5367041773816,Hold,1999.5367041773875,1446.7054263566213
Hold,2020-07-13 15:00:00,44.79,1999.5367041773816,Hold,1999.5367041773875,1446.7054263566213
Hold,2020-07-13 16:00:00,44.89,2004.0009522331472,Hold,2004.0009522331527,1449.935400516828
Hold,2020-07-13 17:00:00,44.84,2001.7688282052645,Hold,2001.76882820527,1448.3204134367245
Hold,2020-07-13 18:00:00,44.48,1985.6975352045083,Hold,1985.6975352045135,1436.6925064599798
Hold,2020-07-13 19:00:00,43.44,1939.2693554245468,Hold,1939.269355424552,1403.1007751938293
Hold,2020-07-13 20:00:00,43.77,1954.0013740085733,Hold,1954.0013740085788,1413.759689922512
Hold,2020-07-13 21:00:00,43.99,1963.8227197312574,Hold,1963.822719731263,1420.865633074967
Hold,2020-07-13 22:00:00,44.04,1966.05484375914,Hold,1966.0548437591458,1422.4806201550703
Hold,2020-07-13 23:00:00,43.92,1960.6977460922215,Hold,1960.6977460922271,1418.6046511628222
Hold,2020-07-14 00:00:00,43.68,1949.9835507583844,Hold,1949.98355075839,1410.8527131783258
Hold,2020-07-14 01:00:00,43.79,1954.8942236197263,Hold,1954.8942236197322,1414.4056847545532
Hold,2020-07-14 02:00:00,43.69,1950.4299755639606,Hold,1950.4299755639665,1411.1757105943464
Hold,2020-07-14 03:00:00,43.44,1939.2693554245468,Hold,1939.2693554245525,1403.1007751938293
Hold,2020-07-14 04:00:00,43.17,1927.2158856739802,Hold,1927.2158856739861,1394.3798449612711
Hold,2020-07-14 05:00:00,43.26,1931.233708924169,Hold,1931.2337089241746,1397.2868217054572
Hold,2020-07-14 06:00:00,43.24,1930.340859313016,Hold,1930.3408593130216,1396.640826873416
Hold,2020-07-14 07:00:00,43.29,1932.5729833408986,Hold,1932.572983340904,1398.2558139535192
Hold,2020-07-14 08:00:00,43.4,1937.4836562022406,Hold,1937.4836562022463,1401.8087855297465
Hold,2020-07-14 09:00:00,43.46,1940.1622050357,Hold,1940.1622050357057,1403.7467700258708
Hold,2020-07-14 10:00:00,43.38,1936.5908065910876,Hold,1936.590806591093,1401.1627906977055
Hold,2020-07-14 11:00:00,43.8,1955.3406484253028,Hold,1955.3406484253082,1414.728682170574
Hold,2020-07-14 12:00:00,43.64,1948.197851536078,Hold,1948.1978515360834,1409.5607235142434
Hold,2020-07-14 13:00:00,43.42,1938.3765058133938,Hold,1938.3765058133993,1402.4547803617884
Hold,2020-07-14 14:00:00,43.54,1943.7336034803125,Hold,1943.7336034803182,1406.3307493540365
Hold,2020-07-14 15:00:00,43.69,1950.4299755639606,Hold,1950.429975563966,1411.1757105943468
Hold,2020-07-14 16:00:00,43.76,1953.5549492029966,Hold,1953.554949203002,1413.4366925064917
Hold,2020-07-14 17:00:00,43.73,1952.2156747862666,Hold,1952.215674786272,1412.4677002584297
Hold,2020-07-14 18:00:00,43.72,1951.7692499806903,Hold,1951.7692499806958,1412.144702842409
Hold,2020-07-14 19:00:00,43.82,1956.233498036456,Hold,1956.2334980364615,1415.374677002616
Hold,2020-07-14 20:00:00,43.73,1952.2156747862666,Hold,1952.2156747862723,1412.4677002584297
Hold,2020-07-14 21:00:00,43.63,1947.7514267305016,Hold,1947.751426730507,1409.237726098223
Hold,2020-07-14 22:00:00,43.71,1951.322825175114,Hold,1951.3228251751195,1411.8217054263885
Hold,2020-07-14 23:00:00,43.88,1958.9120468699155,Hold,1958.912046869921,1417.31266149874
Hold,2020-07-15 00:00:00,43.81,1955.7870732308795,Hold,1955.7870732308847,1415.0516795865951
Hold,2020-07-15 01:00:00,43.67,1949.5371259528079,Hold,1949.537125952813,1410.5297157623056
Hold,2020-07-15 02:00:00,43.59,1945.9657275081954,Hold,1945.9657275082006,1407.9457364341401
Hold,2020-07-15 03:00:00,43.48,1941.055054646853,Hold,1941.0550546468583,1404.3927648579124
Hold,2020-07-15 04:00:00,43.63,1947.7514267305016,Hold,1947.7514267305069,1409.2377260982228
Hold,2020-07-15 05:00:00,43.62,1947.3050019249247,Hold,1947.3050019249301,1408.914728682202
Hold,2020-07-15 06:00:00,43.45,1939.7157802301235,Hold,1939.7157802301288,1403.4237726098504
Hold,2020-07-15 07:00:00,43.43,1938.8229306189703,Hold,1938.8229306189758,1402.777777777809
Hold,2020-07-15 08:00:00,43.39,1937.037231396664,Hold,1937.0372313966695,1401.4857881137261
Hold,2020-07-15 09:00:00,43.43,1938.8229306189703,Hold,1938.8229306189758,1402.7777777778088
Hold,2020-07-15 10:00:00,43.58,1945.5193027026185,Hold,1945.5193027026241,1407.622739018119
Hold,2020-07-15 11:00:00,43.35,1935.251532174358,Hold,1935.2515321743638,1400.1937984496435
Hold,2020-07-15 12:00:00,43.59,1945.9657275081954,Hold,1945.965727508201,1407.94573643414
Hold,2020-07-15 13:00:00,43.43,1938.8229306189703,Hold,1938.822930618976,1402.777777777809
Hold,2020-07-15 14:00:00,43.5,1941.9479042580062,Hold,1941.947904258012,1405.0387596899538
Hold,2020-07-15 15:00:00,43.13,1925.430186451674,Hold,1925.4301864516797,1393.0878552971888
Hold,2020-07-15 16:00:00,43.24,1930.340859313016,Hold,1930.3408593130214,1396.6408268734162
Hold,2020-07-15 17:00:00,43.15,1926.3230360628268,Hold,1926.323036062832,1393.73385012923
Hold,2020-07-15 18:00:00,43.09,1923.6444872293678,Hold,1923.6444872293732,1391.795865633106
Hold,2020-07-15 19:00:00,43.12,1924.983761646097,Hold,1924.9837616461025,1392.7648578811677
Hold,2020-07-15 20:00:00,43.29,1932.5729833408986,Hold,1932.572983340904,1398.2558139535192
Hold,2020-07-15 21:00:00,43.38,1936.5908065910876,Hold,1936.590806591093,1401.1627906977055
Hold,2020-07-15 22:00:00,43.3,1933.0194081464751,Hold,1933.0194081464806,1398.5788113695398
Hold,2020-07-15 23:00:00,43.33,1934.3586825632049,Hold,1934.3586825632103,1399.5478036176019
Hold,2020-07-16 00:00:00,43.37,1936.1443817855109,Hold,1936.1443817855165,1400.8397932816845
Hold,2020-07-16 01:00:00,43.46,1940.1622050357,Hold,1940.1622050357057,1403.7467700258708
Sell,2020-07-16 02:00:00,43.22,1929.4480097018627,Sinal: Venda,1929.4480097018682,1395.9948320413744
Buy,2020-07-20 14:00:00,42.28,1929.4480097018627,Sinal: Compra,1929.4480097018682,1365.6330749354308
Hold,2020-07-20 15:00:00,42.28,1925.5910431304687,Hold,1925.5910431304744,1365.6330749354308
Hold,2020-07-20 16:00:00,42.32,1927.4127943538656,Hold,1927.4127943538713,1366.9250645995135
Hold,2020-07-20 17:00:00,42.36,1929.2345455772625,Hold,1929.234545577268,1368.217054263596
Hold,2020-07-20 18:00:00,42.21,1922.4029784895242,Hold,1922.4029784895297,1363.372093023286
Hold,2020-07-20 19:00:00,41.76,1901.9082772263096,Hold,1901.9082772263152,1348.8372093023552
Hold,2020-07-20 20:00:00,41.9,1908.2844065081986,Hold,1908.284406508204,1353.3591731266447
Hold,2020-07-20 21:00:00,41.94,1910.1061577315954,Hold,1910.106157731601,1354.6511627907273
Hold,2020-07-20 22:00:00,41.93,1909.6507199257462,Hold,1909.6507199257517,1354.3281653747067
Hold,2020-07-20 23:00:00,41.94,1910.1061577315954,Hold,1910.1061577316007,1354.6511627907273
Hold,2020-07-21 00:00:00,42.2,1921.947540683675,Hold,1921.9475406836802,1363.0490956072651
Hold,2020-07-21 01:00:00,42.31,1926.9573565480164,Hold,1926.9573565480216,1366.6020671834926
Hold,2020-07-21 02:00:00,42.23,1923.3138541012224,Hold,1923.313854101228,1364.0180878553272
Hold,2020-07-21 03:00:00,42.33,1927.8682321597146,Hold,1927.8682321597198,1367.248062015534
Hold,2020-07-21 04:00:00,42.21,1922.4029784895242,Hold,1922.4029784895292,1363.372093023286
Hold,2020-07-21 05:00:00,42.53,1936.9769882766989,Hold,1936.9769882767039,1373.7080103359478
Hold,2020-07-21 06:00:00,42.52,1936.52155047085,Hold,1936.521550470855,1373.3850129199272
Hold,2020-07-21 07:00:00,43.34,1973.8674505504853,Hold,1973.8674505504903,1399.870801033623
Hold,2020-07-21 08:00:00,43.44,1978.421828608977,Hold,1978.421828608982,1403.1007751938293
Hold,2020-07-21 09:00:00,43.7,1990.2632115610568,Hold,1990.263211561062,1411.4987080103672
Hold,2020-07-21 10:00:00,43.8,1994.8175896195487,Hold,1994.8175896195537,1414.7286821705738
Hold,2020-07-21 11:00:00,43.75,1992.5404005903029,Hold,1992.5404005903079,1413.1136950904706
Hold,2020-07-21 12:00:00,43.92,2000.2828432897395,Hold,2000.2828432897445,1418.6046511628222
Hold,2020-07-21 13:00:00,43.86,1997.550216454644,Hold,1997.550216454649,1416.666666666698
Hold,2020-07-21 14:00:00,43.83,1996.1839030370966,Hold,1996.1839030371016,1415.6976744186359
Hold,2020-07-21 15:00:00,43.73,1991.6295249786042,Hold,1991.6295249786092,1412.467700258429
Hold,2020-07-21 16:00:00,43.67,1988.8968981435091,Hold,1988.896898143514,1410.529715762305
Hold,2020-07-21 17:00:00,43.62,1986.6197091142628,Hold,1986.6197091142676,1408.9147286822015
Hold,2020-07-21 18:00:00,43.6,1985.7088335025649,Hold,1985.7088335025696,1408.2687338501603
Hold,2020-07-21 19:00:00,43.63,1987.0751469201123,Hold,1987.0751469201173,1409.2377260982223
Hold,2020-07-21 20:00:00,43.6,1985.7088335025649,Hold,1985.7088335025699,1408.2687338501603
Hold,2020-07-21 21:00:00,43.64,1987.5305847259615,Hold,1987.5305847259667,1409.560723514243
Hold,2020-07-21 22:00:00,43.51,1981.6098932499217,Hold,1981.609893249927,1405.361757105974
Hold,2020-07-21 23:00:00,43.77,1993.4512762020013,Hold,1993.4512762020063,1413.759689922512
Hold,2020-07-22 00:00:00,43.61,1986.1642713084138,Hold,1986.1642713084186,1408.5917312661811
Hold,2020-07-22 01:00:00,43.82,1995.7284652312471,Hold,1995.728465231252,1415.3746770026155
Hold,2020-07-22 02:00:00,43.82,1995.7284652312471,Hold,1995.728465231252,1415.3746770026155
Hold,2020-07-22 03:00:00,43.91,1999.82740548389,Hold,1999.8274054838946,1418.2816537468016
Hold,2020-07-22 04:00:00,43.73,1991.6295249786042,Hold,1991.6295249786087,1412.4677002584294
Hold,2020-07-22 05:00:00,43.73,1991.6295249786042,Hold,1991.6295249786087,1412.4677002584294
Hold,2020-07-22 06:00:00,43.67,1988.8968981435091,Hold,1988.8968981435135,1410.5297157623054
Hold,2020-07-22 07:00:00,43.28,1971.13482371539,Hold,1971.1348237153945,1397.9328165374989
Hold,2020-07-22 08:00:00,43.32,1972.9565749387866,Hold,1972.9565749387912,1399.2248062015815
Hold,2020-07-22 09:00:00,43.38,1975.6892017738821,Hold,1975.6892017738867,1401.1627906977058
Hold,2020-07-22 10:00:00,43.55,1983.4316444733183,Hold,1983.4316444733229,1406.6537467700573
Hold,2020-07-22 11:00:00,43.57,1984.342520085017,Hold,1984.3425200850215,1407.299741602099
Hold,2020-07-22 12:00:00,43.46,1979.3327042206759,Hold,1979.3327042206806,1403.7467700258715
Hold,2020-07-22 13:00:00,43.46,1979.3327042206759,Hold,1979.3327042206806,1403.7467700258715
Hold,2020-07-22 14:00:00,43.75,1992.5404005903029,Hold,1992.5404005903076,1413.113695090471
Hold,2020-07-22 15:00:00,43.65,1987.9860225318107,Hold,1987.9860225318153,1409.8837209302642
Hold,2020-07-22 16:00:00,43.55,1983.4316444733183,Hold,1983.431644473323,1406.6537467700573
Hold,2020-07-22 17:00:00,43.74,1992.0849627844536,Hold,1992.0849627844584,1412.7906976744503
Hold,2020-07-22 18:00:00,43.7,1990.2632115610568,Hold,1990.2632115610616,1411.4987080103676
Hold,2020-07-22 19:00:00,43.68,1989.3523359493583,Hold,1989.352335949363,1410.8527131783262
Hold,2020-07-22 20:00:00,43.73,1991.6295249786042,Hold,1991.6295249786092,1412.4677002584297
Hold,2020-07-22 21:00:00,43.71,1990.7186493669062,Hold,1990.7186493669112,1411.8217054263885
Hold,2020-07-22 22:00:00,44.7,2035.8069921459783,Hold,2035.8069921459833,1443.7984496124357
Hold,2020-07-22 23:00:00,44.96,2047.6483750980576,Hold,2047.6483750980626,1452.1963824289735
Hold,2020-07-23 00:00:00,45.2,2058.578882438439,Hold,2058.578882438444,1459.94832041347
Hold,2020-07-23 01:00:00,45.21,2059.0343202442878,Hold,2059.0343202442928,1460.2713178294907
Hold,2020-07-23 02:00:00,44.93,2046.28206168051,Hold,2046.282061680515,1451.227390180912
Hold,2020-07-23 03:00:00,44.97,2048.1038129039066,Hold,2048.103812903912,1452.5193798449945
Hold,2020-07-23 04:00:00,44.93,2046.28206168051,Hold,2046.282061680515,1451.227390180912
Hold,2020-07-23 05:00:00,44.8,2040.36137020447,Hold,2040.361370204475,1447.028423772643
Hold,2020-07-23 06:00:00,44.9,2044.915748262962,Hold,2044.9157482629666,1450.2583979328497
Hold,2020-07-23 07:00:00,44.89,2044.460310457113,Hold,2044.4603104571177,1449.935400516829
Hold,2020-07-23 08:00:00,45.05,2051.7473153507003,Hold,2051.747315350705,1455.1033591731598
Hold,2020-07-23 09:00:00,45.0,2049.4701263214542,Hold,2049.470126321459,1453.4883720930566
Hold,2020-07-23 10:00:00,44.91,2045.371186068811,Hold,2045.3711860688156,1450.5813953488703
Hold,2020-07-23 11:00:00,44.94,2046.737499486359,Hold,2046.7374994863637,1451.5503875969323
Hold,2020-07-23 12:00:00,44.88,2044.004872651264,Hold,2044.0048726512687,1449.6124031008083
Hold,2020-07-23 13:00:00,44.96,2047.6483750980576,Hold,2047.6483750980626,1452.1963824289735
Hold,2020-07-23 14:00:00,44.67,2034.4406787284304,Hold,2034.4406787284352,1442.8294573643739
Hold,2020-07-23 15:00:00,44.9,2044.915748262962,Hold,2044.915748262967,1450.2583979328494
Hold,2020-07-23 16:00:00,45.5,2072.242016613915,Hold,2072.24201661392,1469.6382428940901
Hold,2020-07-23 17:00:00,45.2,2058.578882438439,Hold,2058.578882438444,1459.9483204134697
Hold,2020-07-23 18:00:00,45.0,2049.4701263214542,Hold,2049.470126321459,1453.4883720930561
Hold,2020-07-23 19:00:00,45.13,2055.390817797494,Hold,2055.3908177974986,1457.687338501325
Hold,2020-07-23 20:00:00,44.8,2040.36137020447,Hold,2040.3613702044745,1447.0284237726423
Hold,2020-07-23 21:00:00,45.02,2050.3810019331527,Hold,2050.381001933157,1454.1343669250973
Hold,2020-07-23 22:00:00,44.95,2047.1929372922084,Hold,2047.1929372922132,1451.8733850129527
Hold,2020-07-23 23:00:00,44.94,2046.737499486359,Hold,2046.7374994863637,1451.5503875969318
Hold,2020-07-24 00:00:00,44.86,2043.0939970395652,Hold,2043.0939970395698,1448.9664082687664
Hold,2020-07-24 01:00:00,44.63,2032.6189275050335,Hold,2032.6189275050383,1441.5374677002908
Hold,2020-07-24 02:00:00,44.87,2043.5494348454145,Hold,2043.5494348454192,1449.289405684787
Hold,2020-07-24 03:00:00,44.78,2039.4504945927717,Hold,2039.4504945927765,1446.382428940601
Hold,2020-07-24 04:00:00,44.53,2028.0645494465414,Hold,2028.0645494465462,1438.307493540084
Hold,2020-07-24 05:00:00,44.65,2033.5298031167317,Hold,2033.5298031167367,1442.183462532332
Hold,2020-07-24 06:00:00,44.0,2003.926345736533,Hold,2003.926345736538,1421.188630490988
Hold,2020-07-24 07:00:00,44.24,2014.8568530769144,Hold,2014.8568530769194,1428.9405684754845
Hold,2020-07-24 08:00:00,44.25,2015.3122908827634,Hold,2015.3122908827684,1429.2635658915053
Hold,2020-07-24 09:00:00,44.36,2020.3221067471047,Hold,2020.3221067471095,1432.8165374677328
Hold,2020-07-24 10:00:00,44.48,2025.787360417295,Hold,2025.7873604172999,1436.692506459981
Hold,2020-07-24 11:00:00,44.36,2020.3221067471047,Hold,2020.3221067471095,1432.8165374677328
Hold,2020-07-24 12:00:00,44.35,2019.8666689412555,Hold,2019.86666894126,1432.4935400517122
Hold,2020-07-24 13:00:00,44.16,2011.2133506301202,Hold,2011.2133506301245,1426.356589147319
Hold,2020-07-24 14:00:00,44.36,2020.3221067471047,Hold,2020.322106747109,1432.8165374677326
Hold,2020-07-24 15:00:00,44.47,2025.331922611446,Hold,2025.3319226114504,1436.36950904396
Hold,2020-07-24 16:00:00,44.54,2028.5199872523906,Hold,2028.5199872523947,1438.6304909561047
Hold,2020-07-24 17:00:00,44.48,2025.787360417295,Hold,2025.7873604172994,1436.6925064599807
Hold,2020-07-24 18:00:00,44.77,2038.9950567869228,Hold,2038.995056786927,1446.0594315245808
Hold,2020-07-24 19:00:00,44.6,2031.2526140874859,Hold,2031.25261408749,1440.5684754522292
Hold,2020-07-24 20:00:00,44.46,2024.8764848055969,Hold,2024.876484805601,1436.0465116279397
Hold,2020-07-24 21:00:00,44.56,2029.430862864089,Hold,2029.4308628640927,1439.2764857881466
Hold,2020-07-24 22:00:00,44.2,2013.0351018535175,Hold,2013.0351018535212,1427.648578811402
Hold,2020-07-24 23:00:00,44.11,2008.9361616008744,Hold,2008.9361616008778,1424.7416020672158
Hold,2020-07-25 00:00:00,44.18,2012.1242262418189,Hold,2012.1242262418223,1427.0025839793607
Hold,2020-07-25 01:00:00,45.51,2072.697454419764,Hold,2072.697454419768,1469.961240310111
Hold,2020-07-25 02:00:00,46.54,2119.607548422233,Hold,2119.6075484222365,1503.229974160241
Hold,2020-07-25 03:00:00,46.95,2138.2804984620507,Hold,2138.2804984620543,1516.472868217089
Hold,2020-07-25 04:00:00,47.17,2148.3001301907334,Hold,2148.300130190737,1523.5788113695437
Hold,2020-07-25 05:00:00,47.18,2148.7555679965826,Hold,2148.7555679965863,1523.9018087855643
Hold,2020-07-25 06:00:00,47.23,2151.0327570258287,Hold,2151.032757025832,1525.5167958656677
Hold,2020-07-25 07:00:00,47.21,2150.1218814141303,Hold,2150.1218814141334,1524.8708010336265
Hold,2020-07-25 08:00:00,47.54,2165.1513290071543,Hold,2165.151329007158,1535.5297157623086
Hold,2020-07-25 09:00:00,47.53,2164.695891201305,Hold,2164.6958912013083,1535.206718346288
Hold,2020-07-25 10:00:00,47.53,2164.695891201305,Hold,2164.6958912013083,1535.206718346288
Hold,2020-07-25 11:00:00,47.39,2158.319761919416,Hold,2158.3197619194193,1530.6847545219987
Hold,2020-07-25 12:00:00,47.44,2160.5969509486617,Hold,2160.5969509486645,1532.2997416021021
Hold,2020-07-25 13:00:00,47.09,2144.6566277439397,Hold,2144.6566277439424,1520.9948320413785
Hold,2020-07-25 14:00:00,47.35,2156.4980106960193,Hold,2156.498010696022,1529.392764857916
Hold,2020-07-25 15:00:00,47.73,2173.8046473182894,Hold,2173.804647318292,1541.6666666667015
Hold,2020-07-25 16:00:00,48.11,2191.1112839405596,Hold,2191.111283940562,1553.9405684754875
Hold,2020-07-25 17:00:00,48.23,2196.5765376107497,Hold,2196.576537610752,1557.8165374677355
Hold,2020-07-25 18:00:00,48.59,2212.9722986213214,Hold,2212.9722986213233,1569.44444444448
Hold,2020-07-25 19:00:00,48.51,2209.3287961745277,Hold,2209.3287961745295,1566.8604651163143
Hold,2020-07-25 20:00:00,49.27,2243.942069419068,Hold,2243.94206941907,1591.408268733886
Hold,2020-07-25 21:00:00,49.11,2236.6550645254806,Hold,2236.655064525482,1586.240310077555
Hold,2020-07-25 22:00:00,49.43,2251.229074312655,Hold,2251.2290743126564,1596.576227390217
Hold,2020-07-25 23:00:00,49.16,2238.9322535547262,Hold,2238.9322535547276,1587.8552971576582
Hold,2020-07-26 00:00:00,48.87,2225.7245571850995,Hold,2225.724557185101,1578.4883720930586
Hold,2020-07-26 01:00:00,48.22,2196.121099804901,Hold,2196.1210998049023,1557.4935400517147
Hold,2020-07-26 02:00:00,48.44,2206.1407315335828,Hold,2206.1407315335846,1564.59948320417
Hold,2020-07-26 03:00:00,48.64,2215.2494876505675,Hold,2215.2494876505693,1571.0594315245835
Hold,2020-07-26 04:00:00,48.36,2202.4972290867895,Hold,2202.497229086791,1562.0155038760042
Hold,2020-07-26 05:00:00,48.65,2215.7049254564167,Hold,2215.704925456418,1571.382428940604
Hold,2020-07-26 06:00:00,49.19,2240.2985669722743,Hold,2240.2985669722757,1588.8242894057207
Hold,2020-07-26 07:00:00,49.43,2251.229074312655,Hold,2251.2290743126564,1596.5762273902171
Hold,2020-07-26 08:00:00,50.13,2283.1097207221,Hold,2283.1097207221014,1619.1860465116645
Hold,2020-07-26 09:00:00,49.89,2272.179213381719,Hold,2272.1792133817207,1611.434108527168
Hold,2020-07-26 10:00:00,48.72,2218.8929900973612,Hold,2218.892990097363,1573.6434108527485
Hold,2020-07-26 11:00:00,48.55,2211.150547397924,Hold,2211.150547397926,1568.1524547803972
Hold,2020-07-26 12:00:00,48.12,2191.5667217464083,Hold,2191.56672174641,1554.2635658915078
Hold,2020-07-26 13:00:00,48.15,2192.933035163956,Hold,2192.9330351639574,1555.2325581395698
Hold,2020-07-26 14:00:00,48.68,2217.0712388739644,Hold,2217.0712388739657,1572.3514211886659
Hold,2020-07-26 15:00:00,48.31,2200.2200400575434,Hold,2200.220040057545,1560.4005167959008
Hold,2020-07-26 16:00:00,48.0,2186.101468076218,Hold,2186.1014680762196,1550.3875968992595
Hold,2020-07-26 17:00:00,48.3,2199.764602251694,Hold,2199.7646022516956,1560.0775193798797
Hold,2020-07-26 18:00:00,48.17,2193.8439107756544,Hold,2193.843910775656,1555.878552971611
Hold,2020-07-26 19:00:00,47.8,2176.9927119592335,Hold,2176.992711959235,1543.9276485788457
Hold,2020-07-26 20:00:00,47.91,2182.002527823575,Hold,2182.0025278235767,1547.4806201550732
Hold,2020-07-26 21:00:00,48.02,2187.0123436879167,Hold,2187.0123436879185,1551.033591731301
Hold,2020-07-26 22:00:00,48.16,2193.388472969805,Hold,2193.388472969807,1555.5555555555902
Hold,2020-07-26 23:00:00,48.1,2190.6558461347104,Hold,2190.655846134712,1553.6175710594662
Hold,2020-07-27 00:00:00,48.44,2206.1407315335828,Hold,2206.1407315335846,1564.5994832041692
Hold,2020-07-27 01:00:00,49.07,2234.8333133020833,Hold,2234.833313302085,1584.948320413472
Hold,2020-07-27 02:00:00,49.02,2232.5561242728377,Hold,2232.55612427284,1583.3333333333687
Hold,2020-07-27 03:00:00,48.73,2219.3484279032104,Hold,2219.3484279032127,1573.9664082687689
Hold,2020-07-27 04:00:00,48.71,2218.437552291512,Hold,2218.4375522915143,1573.3204134367277
Hold,2020-07-27 05:00:00,48.67,2216.615801068115,Hold,2216.615801068117,1572.028423772645
Hold,2020-07-27 06:00:00,49.27,2243.942069419068,Hold,2243.9420694190703,1591.4082687338857
Hold,2020-07-27 07:00:00,48.25,2197.487413222448,Hold,2197.4874132224504,1558.4625322997763
Hold,2020-07-27 08:00:00,48.54,2210.6951095920754,Hold,2210.6951095920776,1567.829457364376
Hold,2020-07-27 09:00:00,48.7,2217.982114485663,Hold,2217.9821144856646,1572.9974160207069
Hold,2020-07-27 10:00:00,48.8,2222.5364925441545,Hold,2222.5364925441563,1576.2273901809133
Hold,2020-07-27 11:00:00,49.24,2242.5757560015204,Hold,2242.5757560015227,1590.4392764858235
Hold,2020-07-27 12:00:00,49.34,2247.1301340600126,Hold,2247.130134060015,1593.6692506460304
Hold,2020-07-27 13:00:00,49.0,2231.6452486611392,Hold,2231.645248661142,1582.687338501327
Hold,2020-07-27 14:00:00,47.81,2177.448149765083,Hold,2177.448149765086,1544.2506459948663
Hold,2020-07-27 15:00:00,47.61,2168.339393648099,Hold,2168.339393648101,1537.7906976744525
Hold,2020-07-27 16:00:00,48.55,2211.150547397924,Hold,2211.150547397927,1568.1524547803965
Take-Profit,2020-07-27 17:00:00,51.55,2347.781889152688,TP 20.0% hit,2347.781889152691,1665.0516795866004
Buy,2020-07-28 00:00:00,53.57,2347.781889152688,Sinal: Compra,2347.781889152691,1730.2971576227778
Hold,2020-07-28 01:00:00,54.07,2364.958083956685,Hold,2364.958083956688,1746.4470284238118
Hold,2020-07-28 02:00:00,53.78,2352.2738256924454,Hold,2352.273825692448,1737.0801033592122
Hold,2020-07-28 03:00:00,53.43,2336.965238132156,Hold,2336.9652381321584,1725.7751937984883
Hold,2020-07-28 04:00:00,53.59,2343.9634495882888,Hold,2343.963449588291,1730.9431524548193
Hold,2020-07-28 05:00:00,53.39,2335.2156852681233,Hold,2335.2156852681255,1724.4832041344057
Hold,2020-07-28 06:00:00,53.85,2355.3355432045037,Hold,2355.3355432045064,1739.3410852713566
Hold,2020-07-28 07:00:00,53.26,2329.5296384600156,Hold,2329.5296384600188,1720.2842377261366
Hold,2020-07-28 08:00:00,52.96,2316.4079919797678,Hold,2316.4079919797705,1710.5943152455163
Hold,2020-07-28 09:00:00,52.65,2302.8489572835115,Hold,2302.848957283514,1700.581395348875
Hold,2020-07-28 10:00:00,52.82,2310.284556955652,Hold,2310.284556955655,1706.0723514212266
Hold,2020-07-28 11:00:00,53.79,2352.711213908454,Hold,2352.7112139084566,1737.4031007752324
Hold,2020-07-28 12:00:00,53.53,2341.339120292239,Hold,2341.3391202922417,1729.0051679586948
Hold,2020-07-28 13:00:00,53.98,2361.0215900126104,Hold,2361.021590012613,1743.5400516796253
Hold,2020-07-28 14:00:00,55.33,2420.0689991737263,Hold,2420.068999173729,1787.1447028424172
Hold,2020-07-28 15:00:00,55.36,2421.381163821751,Hold,2421.381163821754,1788.113695090479
Hold,2020-07-28 16:00:00,56.37,2465.5573736385854,Hold,2465.557373638588,1820.7364341085674
Hold,2020-07-28 17:00:00,56.33,2463.807820774553,Hold,2463.8078207745557,1819.4444444444846
Hold,2020-07-28 18:00:00,56.75,2482.1781258469,Hold,2482.1781258469023,1833.0103359173531
Hold,2020-07-28 19:00:00,56.87,2487.426784438999,Hold,2487.4267844390015,1836.8863049096012
Hold,2020-07-28 20:00:00,56.63,2476.929467254801,Hold,2476.929467254803,1829.134366925105
Hold,2020-07-28 21:00:00,56.05,2451.5609507263216,Hold,2451.5609507263234,1810.4005167959053
Hold,2020-07-28 22:00:00,55.7,2436.2523631660324,Hold,2436.2523631660347,1799.095607235182
Hold,2020-07-28 23:00:00,55.75,2438.4393042460733,Hold,2438.4393042460756,1800.710594315285
Hold,2020-07-29 00:00:00,55.19,2413.9455641496106,Hold,2413.945564149613,1782.6227390181268
Hold,2020-07-29 01:00:00,55.99,2448.936621430272,Hold,2448.9366214302745,1808.4625322997813
Hold,2020-07-29 02:00:00,55.65,2434.065422085991,Hold,2434.0654220859938,1797.4806201550782
Hold,2020-07-29 03:00:00,56.12,2454.622668238379,Hold,2454.622668238382,1812.6614987080497
Hold,2020-07-29 04:00:00,55.86,2443.250574622164,Hold,2443.2505746221673,1804.2635658915124
Hold,2020-07-29 05:00:00,56.07,2452.435727158338,Hold,2452.435727158341,1811.0465116279463
Hold,2020-07-29 06:00:00,56.89,2488.3015608710157,Hold,2488.3015608710184,1837.532299741642
Hold,2020-07-29 07:00:00,55.98,2448.4992332142633,Hold,2448.499233214266,1808.13953488376
Hold,2020-07-29 08:00:00,56.12,2454.622668238379,Hold,2454.6226682383817,1812.6614987080495
Hold,2020-07-29 09:00:00,55.63,2433.1906456539746,Hold,2433.1906456539773,1796.8346253230366
Hold,2020-07-29 10:00:00,55.6,2431.8784810059497,Hold,2431.8784810059524,1795.8656330749745
Hold,2020-07-29 11:00:00,55.88,2444.125351054181,Hold,2444.1253510541833,1804.9095607235538
Hold,2020-07-29 12:00:00,55.75,2438.4393042460733,Hold,2438.4393042460756,1800.7105943152849
Hold,2020-07-29 13:00:00,55.36,2421.381163821751,Hold,2421.381163821754,1788.1136950904784
Hold,2020-07-29 14:00:00,55.3,2418.7568345257014,Hold,2418.7568345257037,1786.1757105943543
Hold,2020-07-29 15:00:00,55.76,2438.876692462082,Hold,2438.876692462084,1801.0335917313057
Hold,2020-07-29 16:00:00,55.72,2437.1271395980484,Hold,2437.1271395980507,1799.7416020672229
Hold,2020-07-29 17:00:00,55.25,2416.5698934456605,Hold,2416.5698934456627,1784.5607235142509
Hold,2020-07-29 18:00:00,55.54,2429.2541517099,Hold,2429.2541517099016,1793.9276485788507
Hold,2020-07-29 19:00:00,55.8,2440.6262453261143,Hold,2440.6262453261156,1802.3255813953883
Hold,2020-07-29 20:00:00,55.91,2445.437515702206,Hold,2445.4375157022073,1805.8785529716156
Hold,2020-07-29 21:00:00,56.09,2453.3105035903545,Hold,2453.310503590356,1811.692506459988
Hold,2020-07-29 22:00:00,55.61,2432.3158692219577,Hold,2432.315869221959,1796.1886304909954
Hold,2020-07-29 23:00:00,55.16,2412.6333995015857,Hold,2412.633399501587,1781.6537467700646
Hold,2020-07-30 00:00:00,55.42,2424.0054931178006,Hold,2424.0054931178015,1790.0516795866026
Hold,2020-07-30 01:00:00,54.95,2403.4482469654126,Hold,2403.4482469654135,1774.8708010336309
Hold,2020-07-30 02:00:00,54.51,2384.2031654610487,Hold,2384.2031654610496,1760.6589147287211
Hold,2020-07-30 03:00:00,54.67,2391.2013769171813,Hold,2391.201376917182,1765.826873385052
Hold,2020-07-30 04:00:00,54.95,2403.4482469654126,Hold,2403.448246965413,1774.8708010336313
Hold,2020-07-30 05:00:00,54.44,2381.141447948991,Hold,2381.1414479489913,1758.3979328165767
Hold,2020-07-30 06:00:00,54.86,2399.511753021338,Hold,2399.5117530213383,1771.9638242894453
Hold,2020-07-30 07:00:00,54.53,2385.0779418930656,Hold,2385.0779418930656,1761.304909560763
Hold,2020-07-30 08:00:00,54.96,2403.8856351814206,Hold,2403.8856351814206,1775.193798449652
Hold,2020-07-30 09:00:00,54.96,2403.8856351814206,Hold,2403.8856351814206,1775.193798449652
Hold,2020-07-30 10:00:00,54.56,2386.39010654109,Hold,2386.39010654109,1762.273901808825
Hold,2020-07-30 11:00:00,54.53,2385.0779418930656,Hold,2385.0779418930656,1761.3049095607628
Hold,2020-07-30 12:00:00,54.79,2396.45003550928,Hold,2396.4500355092796,1769.7028423773002
Hold,2020-07-30 13:00:00,56.64,2477.3668554708092,Hold,2477.366855470809,1829.457364341126
Hold,2020-07-30 14:00:00,56.78,2483.490290494925,Hold,2483.4902904949245,1833.9793281654154
Hold,2020-07-30 15:00:00,57.57,2518.0439595595776,Hold,2518.0439595595767,1859.496124031049
Hold,2020-07-30 16:00:00,56.94,2490.4885019510566,Hold,2490.4885019510552,1839.147286821746
Hold,2020-07-30 17:00:00,56.69,2479.55379655085,Hold,2479.553796550849,1831.072351421229
Hold,2020-07-30 18:00:00,57.09,2497.049325191181,Hold,2497.04932519118,1843.9922480620564
Hold,2020-07-30 19:00:00,57.03,2494.4249958951314,Hold,2494.42499589513,1842.0542635659322
Hold,2020-07-30 20:00:00,57.5,2514.98224204752,Hold,2514.9822420475184,1857.2351421189042
Hold,2020-07-30 21:00:00,57.11,2497.924101623197,Hold,2497.924101623196,1844.6382428940976
Hold,2020-07-30 22:00:00,57.42,2511.4831363194535,Hold,2511.4831363194517,1854.6511627907387
Hold,2020-07-30 23:00:00,56.75,2482.1781258469,Hold,2482.1781258468986,1833.0103359173534
Hold,2020-07-31 00:00:00,56.73,2481.303349414883,Hold,2481.3033494148817,1832.364341085312
Hold,2020-07-31 01:00:00,56.16,2456.3722211024124,Hold,2456.3722211024105,1813.953488372133
Hold,2020-07-31 02:00:00,55.92,2445.874903918214,Hold,2445.874903918212,1806.2015503876369
Hold,2020-07-31 03:00:00,55.92,2445.874903918214,Hold,2445.874903918212,1806.2015503876369
Hold,2020-07-31 04:00:00,56.46,2469.49386758266,Hold,2469.4938675826584,1823.6434108527537
Hold,2020-07-31 05:00:00,56.31,2462.933044342536,Hold,2462.9330443425347,1818.7984496124436
Hold,2020-07-31 06:00:00,57.01,2493.550219463115,Hold,2493.5502194631135,1841.408268733891
Hold,2020-07-31 07:00:00,56.66,2478.2416319028252,Hold,2478.2416319028234,1830.103359173167
Hold,2020-07-31 08:00:00,56.78,2483.490290494925,Hold,2483.490290494923,1833.9793281654156
Hold,2020-07-31 09:00:00,56.6,2475.617302606776,Hold,2475.617302606774,1828.1653746770432
Hold,2020-07-31 10:00:00,57.2,2501.860595567272,Hold,2501.86059556727,1847.545219638284
Hold,2020-07-31 11:00:00,57.45,2512.7953009674784,Hold,2512.7953009674766,1855.620155038801
Hold,2020-07-31 12:00:00,58.55,2560.9080047283874,Hold,2560.908004728385,1891.1498708010756
Hold,2020-07-31 13:00:00,57.68,2522.8552299356684,Hold,2522.8552299356666,1863.0490956072767
Hold,2020-07-31 14:00:00,58.32,2550.8480757601974,Hold,2550.848075760195,1883.7209302326
Hold,2020-07-31 15:00:00,58.12,2542.100311440032,Hold,2542.1003114400296,1877.2609819121867
Hold,2020-07-31 16:00:00,59.14,2586.713909472875,Hold,2586.7139094728727,1910.206718346296
Hold,2020-07-31 17:00:00,58.08,2540.350758575999,Hold,2540.350758575996,1875.9689922481039
Hold,2020-07-31 18:00:00,57.84,2529.853441391801,Hold,2529.8534413917982,1868.2170542636077
Hold,2020-07-31 19:00:00,58.31,2550.410687544189,Hold,2550.410687544186,1883.3979328165794
Hold,2020-07-31 20:00:00,58.3,2549.973299328181,Hold,2549.973299328178,1883.0749354005586
Hold,2020-07-31 21:00:00,58.43,2555.659346136288,Hold,2555.6593461362854,1887.2739018088275
Hold,2020-07-31 22:00:00,57.84,2529.853441391801,Hold,2529.853441391798,1868.2170542636077
Hold,2020-07-31 23:00:00,58.13,2542.537699656041,Hold,2542.537699656037,1877.5839793282073
Hold,2020-08-01 00:00:00,57.8,2528.1038885277676,Hold,2528.1038885277644,1866.9250645995246
Hold,2020-08-01 01:00:00,57.9,2532.4777706878504,Hold,2532.4777706878476,1870.1550387597313
Hold,2020-08-01 02:00:00,59.06,2583.214803744809,Hold,2583.214803744806,1907.62273901813
Hold,2020-08-01 03:00:00,59.35,2595.8990620090485,Hold,2595.8990620090453,1916.9896640827299
Hold,2020-08-01 04:00:00,60.16,2631.327507505718,Hold,2631.327507505715,1943.1524547804045
Hold,2020-08-01 05:00:00,60.12,2629.5779546416848,Hold,2629.5779546416816,1941.8604651163218
Hold,2020-08-01 06:00:00,60.0,2624.3292960495855,Hold,2624.329296049582,1937.9844961240738
Hold,2020-08-01 07:00:00,59.42,2598.9607795211064,Hold,2598.960779521103,1919.2506459948745
Hold,2020-08-01 08:00:00,59.78,2614.706755297404,Hold,2614.7067552974004,1930.8785529716192
Hold,2020-08-01 09:00:00,60.15,2630.8901192897097,Hold,2630.890119289706,1942.8294573643843
Hold,2020-08-01 10:00:00,59.49,2602.0224970331647,Hold,2602.022497033161,1921.5116279070196
Hold,2020-08-01 11:00:00,59.86,2618.20586102547,Hold,2618.205861025466,1933.4625322997847
Hold,2020-08-01 12:00:00,59.84,2617.331084593454,Hold,2617.33108459345,1932.8165374677433
Hold,2020-08-01 13:00:00,58.94,2577.9661451527095,Hold,2577.966145152706,1903.7467700258821
Hold,2020-08-01 14:00:00,59.34,2595.4616737930405,Hold,2595.461673793037,1916.6666666667095
Hold,2020-08-01 15:00:00,59.64,2608.5833202732883,Hold,2608.5833202732847,1926.35658914733
Hold,2020-08-01 16:00:00,59.82,2616.456308161437,Hold,2616.4563081614333,1932.170542635702
Hold,2020-08-01 17:00:00,61.27,2679.877599482635,Hold,2679.8775994826315,1979.005167958701
Hold,2020-08-01 18:00:00,60.65,2652.7595300901226,Hold,2652.759530090119,1958.9793281654186
Hold,2020-08-01 19:00:00,61.5,2689.9375284508255,Hold,2689.937528450822,1986.4341085271767
Hold,2020-08-01 20:00:00,61.92,2708.3078335231726,Hold,2708.307833523169,2000.0000000000452
Hold,2020-08-01 21:00:00,61.1,2672.441999810495,Hold,2672.4419998104913,1973.5142118863496
Hold,2020-08-01 22:00:00,61.87,2706.120892443131,Hold,2706.1208924431276,1998.3850129199418
Hold,2020-08-01 23:00:00,61.65,2696.498351690949,Hold,2696.4983516909456,1991.2790697674868
Hold,2020-08-02 00:00:00,61.2,2676.8158819705777,Hold,2676.815881970574,1976.7441860465567
Hold,2020-08-02 01:00:00,61.83,2704.371339579098,Hold,2704.371339579094,1997.0930232558594
Hold,2020-08-02 02:00:00,63.38,2772.166513060379,Hold,2772.1665130603756,2047.1576227390651
Take-Profit,2020-08-02 03:00:00,64.91,2839.086910109643,TP 20.0% hit,2839.0869101096396,2096.576227390229
Buy,2020-08-05 15:00:00,58.84,2839.086910109643,Sinal: Compra,2839.0869101096396,1900.516795865677
Hold,2020-08-05 16:00:00,58.78,2830.5223045652774,Hold,2830.522304565274,1898.578811369553
Hold,2020-08-05 17:00:00,59.02,2842.079387809504,Hold,2842.079387809501,1906.3307493540492
Hold,2020-08-05 18:00:00,59.09,2845.4502037557377,Hold,2845.4502037557345,1908.591731266194
Hold,2020-08-05 19:00:00,59.11,2846.4132940260893,Hold,2846.413294026086,1909.237726098235
Hold,2020-08-05 20:00:00,59.37,2858.933467540669,Hold,2858.9334675406662,1917.6356589147726
Hold,2020-08-05 21:00:00,59.75,2877.232182677362,Hold,2877.2321826773587,1929.9095607235586
Hold,2020-08-05 22:00:00,58.34,2809.334318617528,Hold,2809.3343186175252,1884.3669250646428
Hold,2020-08-05 23:00:00,58.88,2835.3377559170385,Hold,2835.3377559170353,1901.8087855297597
Hold,2020-08-06 00:00:00,58.87,2834.8562107818625,Hold,2834.856210781859,1901.4857881137389
Hold,2020-08-06 01:00:00,58.51,2817.520585915522,Hold,2817.5205859155185,1889.8578811369944
Hold,2020-08-06 02:00:00,58.53,2818.483676185874,Hold,2818.4836761858705,1890.5038759690358
Hold,2020-08-06 03:00:00,58.31,2807.8896832119995,Hold,2807.889683211996,1883.3979328165808
Hold,2020-08-06 04:00:00,57.91,2788.627877804954,Hold,2788.6278778049505,1870.4780361757537
Hold,2020-08-06 05:00:00,57.95,2790.554058345659,Hold,2790.554058345655,1871.7700258398368
Hold,2020-08-06 06:00:00,58.32,2808.3712283471755,Hold,2808.371228347172,1883.7209302326016
Hold,2020-08-06 07:00:00,58.17,2801.1480513195334,Hold,2801.1480513195297,1878.8759689922915
Hold,2020-08-06 08:00:00,58.66,2824.743762943164,Hold,2824.74376294316,1894.702842377305
Hold,2020-08-06 09:00:00,58.39,2811.7420442934085,Hold,2811.742044293405,1885.9819121447467
Hold,2020-08-06 10:00:00,57.89,2787.664787534602,Hold,2787.6647875345984,1869.832041343713
Hold,2020-08-06 11:00:00,58.12,2798.740325643653,Hold,2798.740325643649,1877.2609819121883
Hold,2020-08-06 12:00:00,58.98,2840.1532072687996,Hold,2840.1532072687965,1905.0387596899668
Hold,2020-08-06 13:00:00,59.56,2868.0828251090156,Hold,2868.0828251090124,1923.772609819166
Hold,2020-08-06 14:00:00,59.06,2844.005568350209,Hold,2844.005568350206,1907.6227390181323
Hold,2020-08-06 15:00:00,60.43,2909.9772518693385,Hold,2909.9772518693358,1951.8733850129652
Hold,2020-08-06 16:00:00,60.12,2895.049352678878,Hold,2895.049352678875,1941.8604651163243
Hold,2020-08-06 17:00:00,60.19,2898.4201686251113,Hold,2898.420168625108,1944.1214470284692
Hold,2020-08-06 18:00:00,59.89,2883.9738145698275,Hold,2883.9738145698248,1934.431524547849
Hold,2020-08-06 19:00:00,60.03,2890.715446462293,Hold,2890.7154464622904,1938.9534883721385
Hold,2020-08-06 20:00:00,59.57,2868.5643702441917,Hold,2868.5643702441894,1924.0956072351871
Hold,2020-08-06 21:00:00,59.14,2847.8579294316182,Hold,2847.857929431616,1910.206718346298
Hold,2020-08-06 22:00:00,59.3,2855.562651594436,Hold,2855.562651594434,1915.3746770026287
Hold,2020-08-06 23:00:00,59.03,2842.56093294468,Hold,2842.5609329446784,1906.6537467700705
Hold,2020-08-07 00:00:00,59.35,2857.9703772703165,Hold,2857.970377270315,1916.989664082732
Hold,2020-08-07 01:00:00,59.73,2876.2690924070093,Hold,2876.2690924070075,1929.2635658915178
Hold,2020-08-07 02:00:00,59.95,2886.8630853808845,Hold,2886.8630853808827,1936.3695090439728
Hold,2020-08-07 03:00:00,59.55,2867.6012799738387,Hold,2867.601279973837,1923.4496124031452
Hold,2020-08-07 04:00:00,59.57,2868.5643702441917,Hold,2868.5643702441903,1924.0956072351867
Hold,2020-08-07 05:00:00,59.41,2860.859648081373,Hold,2860.8596480813717,1918.9276485788557
Hold,2020-08-07 06:00:00,59.52,2866.156644568311,Hold,2866.1566445683097,1922.4806201550837
Hold,2020-08-07 07:00:00,59.51,2865.6750994331346,Hold,2865.6750994331333,1922.1576227390628
Hold,2020-08-07 08:00:00,60.1,2894.086262408526,Hold,2894.086262408525,1941.2144702842832
Hold,2020-08-07 09:00:00,60.46,2911.4218872748665,Hold,2911.421887274865,1952.8423772610274
Hold,2020-08-07 10:00:00,60.29,2903.2356199768724,Hold,2903.235619976871,1947.3514211886757
Hold,2020-08-07 11:00:00,59.76,2877.713727812538,Hold,2877.7137278125365,1930.2325581395799
Hold,2020-08-07 12:00:00,59.88,2883.4922694346515,Hold,2883.49226943465,1934.1085271318282
Hold,2020-08-07 13:00:00,59.75,2877.232182677362,Hold,2877.2321826773605,1929.9095607235593
Hold,2020-08-07 14:00:00,58.68,2825.706853213516,Hold,2825.7068532135145,1895.3488372093466
Hold,2020-08-07 15:00:00,58.76,2829.559214294925,Hold,2829.559214294923,1897.932816537512
Hold,2020-08-07 16:00:00,58.23,2804.0373221305904,Hold,2804.0373221305886,1880.8139534884158
Hold,2020-08-07 17:00:00,57.04,2746.7334510446312,Hold,2746.7334510446294,1842.377260981955
Hold,2020-08-07 18:00:00,56.76,2733.2501872596995,Hold,2733.2501872596977,1833.333333333376
Hold,2020-08-07 19:00:00,56.97,2743.362635098398,Hold,2743.362635098396,1840.1162790698104
Hold,2020-08-07 20:00:00,57.28,2758.2905342888585,Hold,2758.290534288856,1850.1291989664514
Hold,2020-08-07 21:00:00,57.52,2769.8476175330857,Hold,2769.847617533084,1857.8811369509478
Hold,2020-08-07 22:00:00,57.3,2759.25362455921,Hold,2759.253624559208,1850.7751937984926
Hold,2020-08-07 23:00:00,57.17,2752.993537801921,Hold,2752.993537801919,1846.576227390224
Hold,2020-08-08 00:00:00,57.2,2754.4381732074494,Hold,2754.4381732074476,1847.5452196382862
Hold,2020-08-08 01:00:00,57.47,2767.4398918572047,Hold,2767.439891857203,1856.2661498708444
Hold,2020-08-08 02:00:00,57.27,2757.8089891536824,Hold,2757.8089891536806,1849.806201550431
Hold,2020-08-08 03:00:00,56.77,2733.731732394876,Hold,2733.731732394874,1833.656330749397
Hold,2020-08-08 04:00:00,56.55,2723.1377394210003,Hold,2723.1377394209985,1826.550387596942
Hold,2020-08-08 05:00:00,57.15,2752.0304475315684,Hold,2752.030447531567,1845.9302325581828
Hold,2020-08-08 06:00:00,57.25,2756.84589888333,Hold,2756.8458988833286,1849.1602067183896
Hold,2020-08-08 07:00:00,57.17,2752.993537801921,Hold,2752.9935378019195,1846.5762273902242
Hold,2020-08-08 08:00:00,56.84,2737.1025483411086,Hold,2737.1025483411067,1835.9173126615417
Hold,2020-08-08 09:00:00,58.06,2795.851054832596,Hold,2795.8510548325944,1875.3229974160645
Hold,2020-08-08 10:00:00,58.07,2796.3325999677722,Hold,2796.33259996777,1875.645994832085
Hold,2020-08-08 11:00:00,58.38,2811.2604991582325,Hold,2811.2604991582302,1885.6589147287264
Hold,2020-08-08 12:00:00,58.29,2806.926592941647,Hold,2806.9265929416447,1882.75193798454
Hold,2020-08-08 13:00:00,57.91,2788.627877804954,Hold,2788.627877804952,1870.4780361757544
Hold,2020-08-08 14:00:00,58.04,2794.887964562244,Hold,2794.8879645622424,1874.677002584023
Hold,2020-08-08 15:00:00,58.1,2797.7772353733008,Hold,2797.7772353732985,1876.6149870801473
Hold,2020-08-08 16:00:00,57.82,2784.293971588369,Hold,2784.293971588367,1867.5710594315683
Hold,2020-08-08 17:00:00,57.79,2782.8493361828405,Hold,2782.8493361828387,1866.6020671835063
Hold,2020-08-08 18:00:00,57.87,2786.7016972642496,Hold,2786.7016972642477,1869.1860465116717
Hold,2020-08-08 19:00:00,57.53,2770.3291626682612,Hold,2770.329162668259,1858.204134366969
Hold,2020-08-08 20:00:00,57.56,2771.77379807379,Hold,2771.773798073788,1859.1731266150307
Hold,2020-08-08 21:00:00,57.89,2787.664787534602,Hold,2787.6647875346,1869.8320413437132
Hold,2020-08-08 22:00:00,57.96,2791.035603480835,Hold,2791.0356034808324,1872.0930232558578
Hold,2020-08-08 23:00:00,58.46,2815.1128602396416,Hold,2815.1128602396393,1888.2428940568916
Hold,2020-08-09 00:00:00,58.34,2809.334318617528,Hold,2809.3343186175257,1884.3669250646435
Hold,2020-08-09 01:00:00,58.05,2795.3695096974197,Hold,2795.3695096974175,1875.0000000000434
Hold,2020-08-09 02:00:00,57.98,2791.9986937511867,Hold,2791.9986937511844,1872.7390180878988
Hold,2020-08-09 03:00:00,58.0,2792.9617840215396,Hold,2792.9617840215374,1873.3850129199402
Hold,2020-08-09 04:00:00,57.76,2781.4047007773124,Hold,2781.40470077731,1865.633074935444
Hold,2020-08-09 05:00:00,57.46,2766.9583467220286,Hold,2766.9583467220264,1855.9431524548236
Hold,2020-08-09 06:00:00,57.51,2769.366072397909,Hold,2769.366072397907,1857.5581395349268
Hold,2020-08-09 07:00:00,57.76,2781.4047007773124,Hold,2781.40470077731,1865.6330749354438
Hold,2020-08-09 08:00:00,57.66,2776.589249425551,Hold,2776.5892494255486,1862.403100775237
Hold,2020-08-09 09:00:00,57.19,2753.956628072273,Hold,2753.9566280722706,1847.222222222265
Hold,2020-08-09 10:00:00,57.44,2765.995256451676,Hold,2765.995256451674,1855.2971576227822
Hold,2020-08-09 11:00:00,57.72,2779.478520236608,Hold,2779.478520236606,1864.3410852713612
Hold,2020-08-09 12:00:00,57.2,2754.4381732074494,Hold,2754.4381732074476,1847.545219638286
Hold,2020-08-09 13:00:00,57.05,2747.2149961798073,Hold,2747.2149961798054,1842.7002583979756
Hold,2020-08-09 14:00:00,56.42,2716.8776526637116,Hold,2716.87765266371,1822.3514211886732
Hold,2020-08-09 15:00:00,56.6,2725.5454650968813,Hold,2725.5454650968795,1828.1653746770455
Hold,2020-08-09 16:00:00,56.79,2734.6948226652275,Hold,2734.6948226652257,1834.3023255814383
Hold,2020-08-09 17:00:00,56.32,2712.06220131195,Hold,2712.0622013119482,1819.1214470284665
Hold,2020-08-09 18:00:00,56.89,2739.5102740169896,Hold,2739.5102740169878,1837.532299741645
Hold,2020-08-09 19:00:00,56.78,2734.213277530052,Hold,2734.2132775300506,1833.9793281654174
Hold,2020-08-09 20:00:00,56.98,2743.844180233574,Hold,2743.8441802335733,1840.439276485831
Hold,2020-08-09 21:00:00,56.96,2742.881089963222,Hold,2742.8810899632213,1839.7932816537896
Hold,2020-08-09 22:00:00,56.84,2737.1025483411086,Hold,2737.1025483411076,1835.9173126615415
Hold,2020-08-09 23:00:00,56.96,2742.881089963222,Hold,2742.881089963221,1839.7932816537896
Hold,2020-08-10 00:00:00,57.29,2758.7720794240345,Hold,2758.7720794240336,1850.4521963824718
Hold,2020-08-10 01:00:00,57.69,2778.033884831079,Hold,2778.0338848310785,1863.3720930232992
Hold,2020-08-10 02:00:00,58.36,2810.2974088878796,Hold,2810.2974088878796,1885.0129198966847
Hold,2020-08-10 03:00:00,58.15,2800.1849610491813,Hold,2800.1849610491813,1878.2299741602503
Hold,2020-08-10 04:00:00,57.98,2791.9986937511867,Hold,2791.9986937511867,1872.7390180878988
Hold,2020-08-10 05:00:00,58.02,2793.9248742918917,Hold,2793.9248742918917,1874.0310077519819
Hold,2020-08-10 06:00:00,58.13,2799.2218707788293,Hold,2799.2218707788297,1877.5839793282091
Hold,2020-08-10 07:00:00,58.02,2793.9248742918917,Hold,2793.9248742918917,1874.0310077519816
Hold,2020-08-10 08:00:00,58.14,2799.7034159140053,Hold,2799.7034159140053,1877.9069767442297
Hold,2020-08-10 09:00:00,58.08,2796.8141451029487,Hold,2796.814145102949,1875.9689922481055
Hold,2020-08-10 10:00:00,57.14,2751.5489023963924,Hold,2751.548902396393,1845.6072351421617
Hold,2020-08-10 11:00:00,57.3,2759.25362455921,Hold,2759.2536245592105,1850.7751937984926
Hold,2020-08-10 12:00:00,57.8,2783.330881318017,Hold,2783.330881318017,1866.9250645995266
Hold,2020-08-10 13:00:00,57.93,2789.590968075306,Hold,2789.590968075306,1871.1240310077956
Hold,2020-08-10 14:00:00,57.73,2779.960065371784,Hold,2779.960065371784,1864.6640826873818
Hold,2020-08-10 15:00:00,58.52,2818.002131050698,Hold,2818.0021310506986,1890.1808785530156
Hold,2020-08-10 16:00:00,58.5,2817.0390407803457,Hold,2817.039040780346,1889.5348837209742
Hold,2020-08-10 17:00:00,58.37,2810.778954023056,Hold,2810.7789540230565,1885.3359173127053
Hold,2020-08-10 18:00:00,58.27,2805.9635026712954,Hold,2805.963502671296,1882.1059431524989
Hold,2020-08-10 19:00:00,58.17,2801.1480513195334,Hold,2801.148051319534,1878.875968992292
Hold,2020-08-10 20:00:00,58.11,2798.258780508477,Hold,2798.2587805084772,1876.9379844961677
Hold,2020-08-10 21:00:00,57.99,2792.4802388863636,Hold,2792.480238886364,1873.0620155039196
Hold,2020-08-10 22:00:00,58.15,2800.1849610491813,Hold,2800.1849610491818,1878.2299741602505
Hold,2020-08-10 23:00:00,58.27,2805.9635026712954,Hold,2805.963502671296,1882.1059431524989
Hold,2020-08-11 00:00:00,58.66,2824.743762943164,Hold,2824.7437629431643,1894.7028423773052
Hold,2020-08-11 01:00:00,59.08,2844.968658620561,Hold,2844.9686586205617,1908.2687338501737
Hold,2020-08-11 02:00:00,58.48,2816.075950509993,Hold,2816.075950509994,1888.888888888933
Hold,2020-08-11 03:00:00,58.45,2814.631315104465,Hold,2814.631315104466,1887.9198966408712
Hold,2020-08-11 04:00:00,58.25,2805.0004124009424,Hold,2805.0004124009433,1881.4599483204577
Hold,2020-08-11 05:00:00,58.31,2807.8896832119995,Hold,2807.889683212001,1883.3979328165817
Hold,2020-08-11 06:00:00,57.81,2783.812426453193,Hold,2783.8124264531943,1867.248062015548
Hold,2020-08-11 07:00:00,57.86,2786.2201521290735,Hold,2786.220152129075,1868.8630490956511
Hold,2020-08-11 08:00:00,57.37,2762.6244405054435,Hold,2762.624440505445,1853.0361757106377
Hold,2020-08-11 09:00:00,57.28,2758.2905342888585,Hold,2758.2905342888594,1850.1291989664517
Hold,2020-08-11 10:00:00,57.6,2773.6999786144943,Hold,2773.6999786144947,1860.4651162791135
Hold,2020-08-11 11:00:00,57.74,2780.44161050696,Hold,2780.441610506961,1864.987080103403
Hold,2020-08-11 12:00:00,56.82,2736.1394580707565,Hold,2736.139458070757,1835.2713178295003
Hold,2020-08-11 13:00:00,56.32,2712.06220131195,Hold,2712.0622013119505,1819.1214470284663
Hold,2020-08-11 14:00:00,55.77,2685.577218877263,Hold,2685.577218877264,1801.3565891473288
Hold,2020-08-11 15:00:00,55.0,2648.4982434687013,Hold,2648.498243468702,1776.4857881137364
Hold,2020-08-11 16:00:00,55.35,2665.3523231998656,Hold,2665.3523231998665,1787.7906976744603
Hold,2020-08-11 17:00:00,55.78,2686.058764012439,Hold,2686.0587640124395,1801.6795865633492
Hold,2020-08-11 18:00:00,55.37,2666.3154134702177,Hold,2666.3154134702186,1788.4366925065015
Hold,2020-08-11 19:00:00,55.2,2658.129146172224,Hold,2658.129146172225,1782.9457364341501
Trailing-Stop,2020-08-11 20:00:00,53.1,2557.004667785237,Trailing stop 10.0% hit,2557.004667785238,1715.1162790698074
Buy,2020-08-14 21:00:00,56.73,2557.004667785237,Sinal: Compra,2557.004667785238,1832.3643410853138
Hold,2020-08-14 22:00:00,56.89,2559.0905169609923,Hold,2559.0905169609928,1837.5322997416447
Hold,2020-08-14 23:00:00,56.78,2554.142372175165,Hold,2554.1423721751653,1833.9793281654172
Hold,2020-08-15 00:00:00,57.86,2602.7241573451042,Hold,2602.7241573451047,1868.863049095651
Hold,2020-08-15 01:00:00,57.78,2599.125506591776,Hold,2599.125506591776,1866.2790697674855
Hold,2020-08-15 02:00:00,57.82,2600.9248319684402,Hold,2600.9248319684402,1867.571059431568
Hold,2020-08-15 03:00:00,57.66,2593.727530461782,Hold,2593.727530461782,1862.4031007752371
Hold,2020-08-15 04:00:00,57.41,2582.4817468576293,Hold,2582.4817468576293,1854.3281653747201
Hold,2020-08-15 05:00:00,57.26,2575.734276695138,Hold,2575.7342766951383,1849.48320413441
Hold,2020-08-15 06:00:00,57.33,2578.8830961043004,Hold,2578.883096104301,1851.7441860465547
Hold,2020-08-15 07:00:00,57.25,2575.284445350972,Hold,2575.2844453509724,1849.1602067183894
Hold,2020-08-15 08:00:00,56.99,2563.588830402653,Hold,2563.5888304026535,1840.7622739018518
Hold,2020-08-15 09:00:00,57.17,2571.685794597643,Hold,2571.685794597643,1846.576227390224
Hold,2020-08-15 10:00:00,57.14,2570.3363005651445,Hold,2570.3363005651445,1845.607235142162
Hold,2020-08-15 11:00:00,57.32,2578.4332647601345,Hold,2578.4332647601345,1851.4211886305343
Hold,2020-08-15 12:00:00,56.9,2559.540348305158,Hold,2559.540348305158,1837.8552971576655
Hold,2020-08-15 13:00:00,57.19,2572.5854572859753,Hold,2572.585457285975,1847.2222222222651
Hold,2020-08-15 14:00:00,57.56,2589.2292170201213,Hold,2589.229217020121,1859.1731266150307
Hold,2020-08-15 15:00:00,59.49,2676.04666644418,Hold,2676.0466664441797,1921.5116279070216
Hold,2020-08-15 16:00:00,59.8,2689.9914381133294,Hold,2689.991438113329,1931.5245478036625
Hold,2020-08-15 17:00:00,60.07,2702.1368844058143,Hold,2702.1368844058134,1940.2454780362211
Hold,2020-08-15 18:00:00,60.32,2713.3826680099673,Hold,2713.3826680099664,1948.320413436738
Hold,2020-08-15 19:00:00,60.19,2707.5348605358076,Hold,2707.5348605358067,1944.1214470284692
Hold,2020-08-15 20:00:00,60.09,2703.036547094147,Hold,2703.0365470941465,1940.8914728682626
Hold,2020-08-15 21:00:00,59.91,2694.9395828991564,Hold,2694.939582899156,1935.0775193798902
Hold,2020-08-15 22:00:00,59.94,2696.289076931655,Hold,2696.2890769316546,1936.0465116279524
Hold,2020-08-15 23:00:00,59.85,2692.24059483416,Hold,2692.2405948341598,1933.1395348837664
Hold,2020-08-16 00:00:00,59.31,2667.9497022491905,Hold,2667.94970224919,1915.6976744186497
Hold,2020-08-16 01:00:00,62.58,2815.0445517915077,Hold,2815.044551791507,2021.3178294574118
Hold,2020-08-16 02:00:00,61.94,2786.2553457648764,Hold,2786.2553457648755,2000.6459948320883
Hold,2020-08-16 03:00:00,61.52,2767.3624293099,Hold,2767.362429309899,1987.0801033592197
Hold,2020-08-16 04:00:00,61.56,2769.1617546865646,Hold,2769.1617546865637,1988.3720930233026
Hold,2020-08-16 05:00:00,61.59,2770.511248719063,Hold,2770.5112487190618,1989.3410852713646
Hold,2020-08-16 06:00:00,61.57,2769.611586030731,Hold,2769.6115860307295,1988.6950904393232
Hold,2020-08-16 07:00:00,61.59,2770.511248719063,Hold,2770.511248719062,1989.3410852713648
Hold,2020-08-16 08:00:00,61.6,2770.9610800632295,Hold,2770.961080063228,1989.6640826873854
Hold,2020-08-16 09:00:00,62.15,2795.701803992365,Hold,2795.701803992364,2007.4289405685226
Hold,2020-08-16 10:00:00,61.68,2774.5597308165584,Hold,2774.5597308165575,1992.2480620155507
Hold,2020-08-16 11:00:00,60.24,2709.7840172566384,Hold,2709.7840172566375,1945.736434108573
Hold,2020-08-16 12:00:00,60.75,2732.7254158091096,Hold,2732.7254158091087,1962.2093023256275
Hold,2020-08-16 13:00:00,61.16,2751.16850091992,Hold,2751.168500919919,1975.4521963824754
Hold,2020-08-16 14:00:00,61.58,2770.061417374897,Hold,2770.0614173748954,1989.0180878553438
Hold,2020-08-16 15:00:00,61.88,2783.55635769988,Hold,2783.556357699879,1998.7080103359644
Hold,2020-08-16 16:00:00,62.53,2812.7953950706774,Hold,2812.795395070676,2019.7028423773086
Hold,2020-08-16 17:00:00,61.51,2766.912597965734,Hold,2766.912597965733,1986.757105943199
Hold,2020-08-16 18:00:00,61.81,2780.4075382907176,Hold,2780.4075382907163,1996.4470284238193
Hold,2020-08-16 19:00:00,61.58,2770.061417374897,Hold,2770.061417374895,1989.0180878553435
Hold,2020-08-16 20:00:00,61.55,2768.711923342398,Hold,2768.711923342397,1988.0490956072815
Hold,2020-08-16 21:00:00,61.81,2780.4075382907176,Hold,2780.4075382907163,1996.4470284238191
Hold,2020-08-16 22:00:00,63.43,2853.2802160456267,Hold,2853.2802160456254,2048.772609819169
Hold,2020-08-16 23:00:00,63.87,2873.0727951889357,Hold,2873.072795188934,2062.9844961240788
Hold,2020-08-17 00:00:00,62.68,2819.542865233169,Hold,2819.542865233167,2024.5478036176178
Hold,2020-08-17 01:00:00,62.86,2827.639829428159,Hold,2827.639829428157,2030.36175710599
Hold,2020-08-17 02:00:00,64.15,2885.668072825587,Hold,2885.6680728255856,2072.028423772658
Hold,2020-08-17 03:00:00,63.43,2853.2802160456267,Hold,2853.2802160456254,2048.772609819169
Hold,2020-08-17 04:00:00,62.93,2830.7886488373215,Hold,2830.78864883732,2032.622739018135
Hold,2020-08-17 05:00:00,62.68,2819.542865233169,Hold,2819.5428652331675,2024.5478036176182
Hold,2020-08-17 06:00:00,63.36,2850.131396636464,Hold,2850.131396636463,2046.5116279070244
Hold,2020-08-17 07:00:00,63.52,2857.328698143122,Hold,2857.328698143121,2051.6795865633553
Hold,2020-08-17 08:00:00,64.06,2881.6195907280917,Hold,2881.6195907280908,2069.121447028472
Hold,2020-08-17 09:00:00,64.4,2896.91385642974,Hold,2896.913856429739,2080.1033591731752
Hold,2020-08-17 10:00:00,64.45,2899.1630131505704,Hold,2899.16301315057,2081.718346253279
Hold,2020-08-17 11:00:00,64.47,2900.062675838902,Hold,2900.062675838901,2082.36434108532
Hold,2020-08-17 12:00:00,64.35,2894.6646997089088,Hold,2894.664699708908,2078.488372093072
Hold,2020-08-17 13:00:00,64.71,2910.8586280988884,Hold,2910.8586280988875,2090.1162790698163
Hold,2020-08-17 14:00:00,64.22,2888.8168922347495,Hold,2888.816892234748,2074.2894056848036
Hold,2020-08-17 15:00:00,64.59,2905.4606519688955,Hold,2905.460651968894,2086.2403100775687
Hold,2020-08-17 16:00:00,66.15,2975.634341658809,Hold,2975.6343416588074,2136.6279069767947
Hold,2020-08-17 17:00:00,67.26,3025.5656208612468,Hold,3025.5656208612454,2172.48062015509
Hold,2020-08-17 18:00:00,66.94,3011.171017847931,Hold,3011.1710178479298,2162.144702842428
Hold,2020-08-17 19:00:00,67.37,3030.5137656470743,Hold,3030.513765647073,2176.033591731318
Hold,2020-08-17 20:00:00,67.54,3038.160898497898,Hold,3038.1608984978966,2181.52454780367
Take-Profit,2020-08-17 21:00:00,68.26,3070.5487552778573,TP 20.0% hit,3070.548755277856,2204.780361757159
Buy,2020-08-18 04:00:00,66.62,3070.5487552778573,Sinal: Compra,3070.548755277856,2151.808785529767
Hold,2020-08-18 05:00:00,66.31,3050.1512367853156,Hold,3050.1512367853147,2141.795865633126
Hold,2020-08-18 06:00:00,66.52,3059.8108923383984,Hold,3059.810892338397,2148.5788113695603
Hold,2020-08-18 07:00:00,66.47,3057.510974349569,Hold,3057.5109743495677,2146.9638242894566
Hold,2020-08-18 08:00:00,66.88,3076.3703018579686,Hold,3076.370301857967,2160.206718346304
Hold,2020-08-18 09:00:00,66.9,3077.2902690535007,Hold,3077.2902690534997,2160.8527131783458
Hold,2020-08-18 10:00:00,67.11,3086.9499246065834,Hold,3086.949924606582,2167.6356589147804
Hold,2020-08-18 11:00:00,64.61,2971.954025165122,Hold,2971.9540251651206,2086.8863049096103
Hold,2020-08-18 12:00:00,66.12,3041.411548427765,Hold,3041.4115484277636,2135.658914728733
Hold,2020-08-18 13:00:00,65.32,3004.6128606064967,Hold,3004.6128606064954,2109.8191214470785
Hold,2020-08-18 14:00:00,64.85,2982.993631511502,Hold,2982.9936315115006,2094.638242894107
Hold,2020-08-18 15:00:00,65.2,2999.093057433307,Hold,2999.093057433306,2105.943152454831
Hold,2020-08-18 16:00:00,66.92,3078.2102362490323,Hold,3078.2102362490314,2161.498708010388
Hold,2020-08-18 17:00:00,66.49,3058.4309415451007,Hold,3058.4309415451,2147.6098191214987
Hold,2020-08-18 18:00:00,66.23,3046.471368003189,Hold,3046.471368003188,2139.2118863049614
Hold,2020-08-18 19:00:00,66.44,3056.131023556272,Hold,3056.1310235562714,2145.9948320413955
Hold,2020-08-18 20:00:00,66.99,3081.430121433393,Hold,3081.4301214333927,2163.7596899225327
Hold,2020-08-18 21:00:00,66.84,3074.530367466906,Hold,3074.530367466906,2158.9147286822226
Hold,2020-08-18 22:00:00,66.44,3056.131023556272,Hold,3056.131023556272,2145.9948320413955
Hold,2020-08-18 23:00:00,65.4,3008.2927293886237,Hold,3008.2927293886237,2112.4031007752446
Hold,2020-08-19 00:00:00,66.14,3042.331515623296,Hold,3042.331515623296,2136.304909560775
Hold,2020-08-19 01:00:00,66.07,3039.111630438935,Hold,3039.1116304389348,2134.0439276486295
Hold,2020-08-19 02:00:00,64.61,2971.954025165122,Hold,2971.954025165122,2086.8863049096108
Hold,2020-08-19 03:00:00,62.7,2884.097157991846,Hold,2884.097157991846,2025.1937984496608
Hold,2020-08-19 04:00:00,62.83,2890.0769447628018,Hold,2890.0769447628018,2029.3927648579295
Hold,2020-08-19 05:00:00,62.08,2855.5781749303633,Hold,2855.5781749303633,2005.1679586563785
Hold,2020-08-19 06:00:00,62.95,2895.596747935992,Hold,2895.596747935992,2033.2687338501776
Hold,2020-08-19 07:00:00,63.52,2921.8158130086454,Hold,2921.815813008646,2051.679586563356
Hold,2020-08-19 08:00:00,63.12,2903.416469098011,Hold,2903.4164690980115,2038.7596899225287
Hold,2020-08-19 09:00:00,63.22,2908.0163050756696,Hold,2908.01630507567,2041.9896640827355
Hold,2020-08-19 10:00:00,62.85,2890.9969119583334,Hold,2890.996911958334,2030.0387596899707
Hold,2020-08-19 11:00:00,63.1,2902.49650190248,Hold,2902.4965019024803,2038.1136950904875
Hold,2020-08-19 12:00:00,63.18,2906.176370684606,Hold,2906.176370684606,2040.6976744186527
Hold,2020-08-19 13:00:00,62.64,2881.3372564052506,Hold,2881.3372564052506,2023.2558139535358
Hold,2020-08-19 14:00:00,61.98,2850.9783389527047,Hold,2850.9783389527047,2001.937984496171
Hold,2020-08-19 15:00:00,61.68,2837.17883101973,Hold,2837.17883101973,1992.2480620155509
Hold,2020-08-19 16:00:00,61.04,2807.7398807627155,Hold,2807.7398807627155,1971.5762273902276
Hold,2020-08-19 17:00:00,61.17,2813.7196675336713,Hold,2813.719667533671,1975.7751937984967
Hold,2020-08-19 18:00:00,60.74,2793.94037282974,Hold,2793.9403728297398,1961.8863049096076
Stop-Loss,2020-08-19 19:00:00,59.62,2742.4222098799655,SL 10.0% hit,2742.422209879965,1925.7105943152912
Buy,2020-08-24 19:00:00,62.24,2742.4222098799655,Sinal: Compra,2742.422209879965,2010.3359173127094
Hold,2020-08-24 20:00:00,61.9,2721.988956907479,Hold,2721.988956907478,1999.354005168006
Hold,2020-08-24 21:00:00,62.0,2726.386354253049,Hold,2726.3863542530485,2002.5839793282132
Hold,2020-08-24 22:00:00,62.19,2734.7414092096305,Hold,2734.7414092096296,2008.720930232606
Hold,2020-08-24 23:00:00,62.02,2727.265833722163,Hold,2727.265833722162,2003.2299741602544
Hold,2020-08-25 00:00:00,61.78,2716.712080092796,Hold,2716.712080092795,1995.478036175758
Hold,2020-08-25 01:00:00,61.96,2724.627395314821,Hold,2724.62739531482,2001.2919896641304
Hold,2020-08-25 02:00:00,61.06,2685.0508192046964,Hold,2685.0508192046955,1972.2222222222692
Hold,2020-08-25 03:00:00,60.98,2681.5329013282403,Hold,2681.5329013282394,1969.6382428941035
Hold,2020-08-25 04:00:00,61.3,2695.6045728340623,Hold,2695.6045728340614,1979.9741602067654
Hold,2020-08-25 05:00:00,61.07,2685.490558939253,Hold,2685.490558939252,1972.5452196382898
Hold,2020-08-25 06:00:00,60.6,2664.8227914150766,Hold,2664.8227914150757,1957.3643410853178
Hold,2020-08-25 07:00:00,60.68,2668.340709291532,Hold,2668.340709291531,1959.948320413483
Hold,2020-08-25 08:00:00,60.56,2663.063832476849,Hold,2663.0638324768474,1956.072351421235
Hold,2020-08-25 09:00:00,60.81,2674.0573258407726,Hold,2674.0573258407712,1964.1472868217522
Hold,2020-08-25 10:00:00,61.19,2690.767435753936,Hold,2690.7674357539345,1976.4211886305377
Hold,2020-08-25 11:00:00,60.95,2680.21368212457,Hold,2680.2136821245685,1968.6692506460415
Hold,2020-08-25 12:00:00,59.92,2634.9204894652044,Hold,2634.920489465203,1935.4005167959115
Hold,2020-08-25 13:00:00,59.63,2622.168037163053,Hold,2622.168037163052,1926.0335917313116
Hold,2020-08-25 14:00:00,58.99,2594.0246941514088,Hold,2594.0246941514074,1905.3617571059883
Hold,2020-08-25 15:00:00,59.05,2596.6631325587505,Hold,2596.6631325587496,1907.299741602112
Hold,2020-08-25 16:00:00,57.52,2529.3829531715382,Hold,2529.3829531715373,1857.8811369509483
Hold,2020-08-25 17:00:00,57.44,2525.865035295082,Hold,2525.8650352950813,1855.2971576227826
Hold,2020-08-25 18:00:00,57.98,2549.6109809611576,Hold,2549.6109809611567,1872.739018087899
Hold,2020-08-25 19:00:00,58.06,2553.128898837613,Hold,2553.1288988376123,1875.3229974160647
Hold,2020-08-25 20:00:00,57.67,2535.9790491898925,Hold,2535.979049189892,1862.7260981912582
Hold,2020-08-25 21:00:00,57.82,2542.575145208247,Hold,2542.5751452082463,1867.5710594315683
Hold,2020-08-25 22:00:00,58.43,2569.39926901622,Hold,2569.3992690162195,1887.2739018088298
Hold,2020-08-25 23:00:00,58.34,2565.441611405208,Hold,2565.4416114052074,1884.3669250646437
Hold,2020-08-26 00:00:00,57.78,2540.816186270019,Hold,2540.8161862700185,1866.2790697674857
Hold,2020-08-26 01:00:00,58.12,2555.7673372449544,Hold,2555.7673372449535,1877.2609819121885
Hold,2020-08-26 02:00:00,58.53,2573.7966663617894,Hold,2573.7966663617885,1890.5038759690367
Hold,2020-08-26 03:00:00,58.01,2550.930200164828,Hold,2550.930200164827,1873.7080103359613
Hold,2020-08-26 04:00:00,57.73,2538.6174875972342,Hold,2538.6174875972333,1864.6640826873825
Hold,2020-08-26 05:00:00,57.7,2537.298268393563,Hold,2537.298268393562,1863.6950904393207
Hold,2020-08-26 06:00:00,57.24,2517.0702406039436,Hold,2517.0702406039427,1848.8372093023693
Hold,2020-08-26 07:00:00,57.5,2528.5034737024243,Hold,2528.503473702423,1857.2351421189069
Hold,2020-08-26 08:00:00,57.58,2532.02139157888,Hold,2532.0213915788786,1859.8191214470721
Hold,2020-08-26 09:00:00,57.83,2543.0148849428033,Hold,2543.014884942802,1867.894056847589
Hold,2020-08-26 10:00:00,57.82,2542.575145208247,Hold,2542.575145208246,1867.5710594315683
Hold,2020-08-26 11:00:00,57.89,2545.653323350145,Hold,2545.653323350144,1869.832041343713
Hold,2020-08-26 12:00:00,57.28,2518.8291995421714,Hold,2518.8291995421705,1850.1291989664514
Hold,2020-08-26 13:00:00,58.08,2554.0083783067266,Hold,2554.0083783067257,1875.9689922481055
Hold,2020-08-26 14:00:00,58.37,2566.760830608878,Hold,2566.7608306088773,1885.335917312705
Hold,2020-08-26 15:00:00,58.86,2588.3080776021684,Hold,2588.3080776021675,1901.1627906977183
Hold,2020-08-26 16:00:00,58.38,2567.2005703434356,Hold,2567.2005703434347,1885.6589147287257
Hold,2020-08-26 17:00:00,58.44,2569.839008750777,Hold,2569.839008750776,1887.5968992248495
Hold,2020-08-26 18:00:00,58.38,2567.2005703434356,Hold,2567.2005703434347,1885.6589147287257
Hold,2020-08-26 19:00:00,58.42,2568.9595292816634,Hold,2568.9595292816625,1886.9509043928083
Hold,2020-08-26 20:00:00,58.58,2575.995365034574,Hold,2575.9953650345733,1892.118863049139
Hold,2020-08-26 21:00:00,58.38,2567.2005703434356,Hold,2567.2005703434347,1885.6589147287257
Hold,2020-08-26 22:00:00,58.19,2558.845515386853,Hold,2558.8455153868526,1879.5219638243325
Hold,2020-08-26 23:00:00,58.1,2554.887857775841,Hold,2554.8878577758405,1876.6149870801464
Hold,2020-08-27 00:00:00,58.5,2572.4774471581186,Hold,2572.4774471581177,1889.5348837209735
Hold,2020-08-27 01:00:00,58.08,2554.0083783067266,Hold,2554.0083783067257,1875.9689922481048
Hold,2020-08-27 02:00:00,57.65,2535.099569720778,Hold,2535.099569720777,1862.0801033592156
Hold,2020-08-27 03:00:00,57.86,2544.334104146474,Hold,2544.334104146473,1868.86304909565
Hold,2020-08-27 04:00:00,57.64,2534.659829986221,Hold,2534.6598299862203,1861.757105943195
Hold,2020-08-27 05:00:00,57.36,2522.347117418627,Hold,2522.347117418626,1852.713178294616
Hold,2020-08-27 06:00:00,57.76,2539.9367068009046,Hold,2539.9367068009037,1865.6330749354433
Hold,2020-08-27 07:00:00,58.26,2561.9236935287518,Hold,2561.9236935287504,1881.7829457364771
Sell,2020-08-27 08:00:00,57.95,2548.2917617574867,Sinal: Venda,2548.2917617574853,1871.7700258398365
Buy,2020-08-31 05:00:00,61.95,2548.2917617574867,Sinal: Compra,2548.2917617574853,2000.968992248108
Hold,2020-08-31 06:00:00,62.02,2546.0713962732207,Hold,2546.0713962732198,2003.229974160253
Hold,2020-08-31 07:00:00,61.26,2514.8715533005075,Hold,2514.8715533005065,1978.6821705426812
Hold,2020-08-31 08:00:00,61.24,2514.050504801226,Hold,2514.050504801225,1978.03617571064
Hold,2020-08-31 09:00:00,61.77,2535.8082900321965,Hold,2535.8082900321956,1995.1550387597358
Hold,2020-08-31 10:00:00,61.9,2541.145105277529,Hold,2541.1451052775283,1999.3540051680045
Hold,2020-08-31 11:00:00,62.76,2576.450190746651,Hold,2576.45019074665,2027.131782945783
Hold,2020-08-31 12:00:00,62.53,2567.0081330049093,Hold,2567.0081330049084,2019.7028423773077
Hold,2020-08-31 13:00:00,61.79,2536.6293385314784,Hold,2536.6293385314775,1995.801033591777
Hold,2020-08-31 14:00:00,61.29,2516.1031260494306,Hold,2516.1031260494296,1979.6511627907432
Hold,2020-08-31 15:00:00,61.56,2527.1872807897366,Hold,2527.1872807897357,1988.3720930233014
Hold,2020-08-31 16:00:00,61.47,2523.492562542968,Hold,2523.492562542967,1985.4651162791154
Hold,2020-08-31 17:00:00,61.35,2518.5662715472763,Hold,2518.566271547276,1981.5891472868673
Hold,2020-08-31 18:00:00,61.22,2513.229456301944,Hold,2513.2294563019436,1977.3901808785981
Hold,2020-08-31 19:00:00,61.33,2517.7452230479944,Hold,2517.745223047994,1980.9431524548256
Hold,2020-08-31 20:00:00,60.86,2498.450583314869,Hold,2498.4505833148687,1965.7622739018536
Hold,2020-08-31 21:00:00,60.61,2488.1874770738455,Hold,2488.1874770738455,1957.6873385013366
Hold,2020-08-31 22:00:00,61.03,2505.4294955587657,Hold,2505.4294955587657,1971.2532299742054
Hold,2020-08-31 23:00:00,60.92,2500.913728812715,Hold,2500.913728812715,1967.700258397978
Hold,2020-09-01 00:00:00,60.52,2484.492758827077,Hold,2484.4927588270766,1954.7803617571508
Hold,2020-09-01 01:00:00,60.81,2496.3979620666646,Hold,2496.397962066664,1964.1472868217506
Hold,2020-09-01 02:00:00,61.26,2514.8715533005075,Hold,2514.8715533005065,1978.682170542681
Hold,2020-09-01 03:00:00,61.71,2533.3451445343508,Hold,2533.34514453435,1993.2170542636113
Hold,2020-09-01 04:00:00,61.76,2535.3977657825553,Hold,2535.397765782555,1994.8320413437145
Hold,2020-09-01 05:00:00,62.65,2571.9344240006008,Hold,2571.9344240006008,2023.5788113695548
Hold,2020-09-01 06:00:00,63.17,2593.2816849819305,Hold,2593.28168498193,2040.3746770026303
Hold,2020-09-01 07:00:00,63.01,2586.713296987675,Hold,2586.7132969876743,2035.2067183462993
Hold,2020-09-01 08:00:00,62.73,2575.2186179977284,Hold,2575.2186179977275,2026.1627906977205
Hold,2020-09-01 09:00:00,63.12,2591.229063733726,Hold,2591.229063733725,2038.7596899225273
Hold,2020-09-01 10:00:00,63.37,2601.4921699747497,Hold,2601.492169974749,2046.8346253230445
Hold,2020-09-01 11:00:00,62.32,2558.387123762449,Hold,2558.387123762448,2012.9198966408733
Hold,2020-09-01 12:00:00,62.59,2569.4712785027555,Hold,2569.4712785027546,2021.6408268734317
Hold,2020-09-01 13:00:00,62.06,2547.713493271784,Hold,2547.713493271783,2004.5219638243354
Hold,2020-09-01 14:00:00,62.51,2566.1870845056274,Hold,2566.187084505627,2019.056847545266
Hold,2020-09-01 15:00:00,63.53,2608.0605579690055,Hold,2608.060557969005,2052.0025839793752
Hold,2020-09-01 16:00:00,63.8,2619.144712709311,Hold,2619.1447127093106,2060.723514211934
Hold,2020-09-01 17:00:00,63.42,2603.5447912229547,Hold,2603.5447912229542,2048.449612403148
Hold,2020-09-01 18:00:00,63.57,2609.702654967569,Hold,2609.702654967568,2053.2945736434576
Hold,2020-09-01 19:00:00,63.29,2598.207975977622,Hold,2598.207975977621,2044.2506459948788
Hold,2020-09-01 20:00:00,63.62,2611.7552762157734,Hold,2611.755276215773,2054.9095607235613
Hold,2020-09-01 21:00:00,63.64,2612.5763247150558,Hold,2612.5763247150553,2055.5555555556025
Hold,2020-09-01 22:00:00,62.98,2585.481724238752,Hold,2585.4817242387517,2034.2377260982375
Hold,2020-09-01 23:00:00,62.69,2573.5765209991646,Hold,2573.576520999164,2024.8708010336381
Hold,2020-09-02 00:00:00,62.69,2573.5765209991646,Hold,2573.576520999164,2024.8708010336381
Hold,2020-09-02 01:00:00,62.71,2574.3975694984465,Hold,2574.3975694984465,2025.5167958656796
Hold,2020-09-02 02:00:00,62.29,2557.1555510135263,Hold,2557.1555510135263,2011.950904392811
Hold,2020-09-02 03:00:00,62.36,2560.029220761013,Hold,2560.029220761013,2014.2118863049557
Hold,2020-09-02 04:00:00,62.93,2583.4291029905476,Hold,2583.4291029905476,2032.6227390181346
Hold,2020-09-02 05:00:00,62.64,2571.52389975096,Hold,2571.52389975096,2023.2558139535352
Hold,2020-09-02 06:00:00,62.43,2562.9028905084997,Hold,2562.9028905084997,2016.4728682171008
Hold,2020-09-02 07:00:00,61.78,2536.2188142818377,Hold,2536.2188142818377,1995.4780361757566
Hold,2020-09-02 08:00:00,62.19,2553.0503085171167,Hold,2553.050308517117,2008.7209302326046
Hold,2020-09-02 09:00:00,62.09,2548.945066020707,Hold,2548.945066020707,2005.4909560723977
Hold,2020-09-02 10:00:00,60.59,2487.3664285745635,Hold,2487.3664285745635,1957.0413436692957
Hold,2020-09-02 11:00:00,58.59,2405.261578646372,Hold,2405.261578646372,1892.4418604651598
Hold,2020-09-02 12:00:00,58.62,2406.4931513952947,Hold,2406.4931513952947,1893.4108527132216
Hold,2020-09-02 13:00:00,58.07,2383.9143176650423,Hold,2383.9143176650427,1875.6459948320842
Hold,2020-09-02 14:00:00,57.48,2359.693386936225,Hold,2359.693386936225,1856.589147286864
Hold,2020-09-02 15:00:00,57.65,2366.6722991801216,Hold,2366.672299180122,1862.0801033592159
Hold,2020-09-02 16:00:00,57.81,2373.2406871743774,Hold,2373.240687174378,1867.2480620155468
Hold,2020-09-02 17:00:00,57.89,2376.524881171505,Hold,2376.524881171506,1869.8320413437123
Hold,2020-09-02 18:00:00,58.02,2381.8616964168377,Hold,2381.8616964168386,1874.0310077519807
Hold,2020-09-02 19:00:00,57.96,2379.3985509189915,Hold,2379.3985509189924,1872.093023255857
Hold,2020-09-02 20:00:00,57.94,2378.5775024197096,Hold,2378.5775024197105,1871.4470284238155
Hold,2020-09-02 21:00:00,58.18,2388.4300844110926,Hold,2388.4300844110935,1879.198966408312
Hold,2020-09-02 22:00:00,58.31,2393.7668996564253,Hold,2393.766899656426,1883.3979328165808
Hold,2020-09-02 23:00:00,58.06,2383.503793415401,Hold,2383.503793415402,1875.3229974160638
Hold,2020-09-03 00:00:00,58.15,2387.1985116621695,Hold,2387.19851166217,1878.22997416025
Hold,2020-09-03 01:00:00,58.45,2399.5142391513987,Hold,2399.5142391513996,1887.9198966408705
Hold,2020-09-03 02:00:00,58.14,2386.7879874125288,Hold,2386.7879874125297,1877.9069767442293
Hold,2020-09-03 03:00:00,57.48,2359.693386936225,Hold,2359.6933869362256,1856.5891472868643
Trailing-Stop,2020-09-03 04:00:00,56.99,2339.5776987038184,Trailing stop 10.0% hit,2339.577698703819,1840.7622739018511
Buy,2020-09-10 15:00:00,48.85,2339.5776987038184,Sinal: Compra,2339.577698703819,1577.842377261018
Hold,2020-09-10 16:00:00,48.47,2316.7378872751847,Hold,2316.737887275185,1565.5684754522324
Hold,2020-09-10 17:00:00,48.51,2318.6497815498087,Hold,2318.649781549809,1566.860465116315
Hold,2020-09-10 18:00:00,48.3,2308.612336608034,Hold,2308.6123366080346,1560.0775193798809
Hold,2020-09-10 19:00:00,48.3,2308.612336608034,Hold,2308.6123366080346,1560.0775193798809
Hold,2020-09-10 20:00:00,48.39,2312.9140987259375,Hold,2312.914098725938,1562.9844961240672
Hold,2020-09-10 21:00:00,48.67,2326.297358648303,Hold,2326.2973586483035,1572.028423772646
Hold,2020-09-10 22:00:00,48.76,2330.599120766206,Hold,2330.5991207662064,1574.935400516832
Hold,2020-09-10 23:00:00,48.67,2326.297358648303,Hold,2326.2973586483035,1572.028423772646
Hold,2020-09-11 00:00:00,48.57,2321.517622961744,Hold,2321.5176229617446,1568.7984496124393
Hold,2020-09-11 01:00:00,48.28,2307.656389470723,Hold,2307.656389470723,1559.4315245478394
Hold,2020-09-11 02:00:00,48.12,2300.008812372228,Hold,2300.008812372228,1554.2635658915085
Hold,2020-09-11 03:00:00,47.57,2273.720266096153,Hold,2273.720266096153,1536.498708010371
Hold,2020-09-11 04:00:00,47.74,2281.845816763304,Hold,2281.845816763304,1541.9896640827226
Hold,2020-09-11 05:00:00,48.06,2297.140970960293,Hold,2297.140970960293,1552.3255813953842
Hold,2020-09-11 06:00:00,48.07,2297.6189445289488,Hold,2297.618944528949,1552.6485788114048
Hold,2020-09-11 07:00:00,48.1,2299.052865234916,Hold,2299.052865234916,1553.6175710594669
Hold,2020-09-11 08:00:00,48.34,2310.5242308826582,Hold,2310.524230882658,1561.3695090439633
Hold,2020-09-11 09:00:00,48.7,2327.731279354271,Hold,2327.7312793542706,1572.9974160207075
Hold,2020-09-11 10:00:00,48.34,2310.5242308826582,Hold,2310.5242308826573,1561.3695090439633
Hold,2020-09-11 11:00:00,48.23,2305.2665216274427,Hold,2305.266521627442,1557.8165374677355
Hold,2020-09-11 12:00:00,48.48,2317.215860843841,Hold,2317.2158608438403,1565.8914728682528
Hold,2020-09-11 13:00:00,48.41,2313.8700458632493,Hold,2313.870045863249,1563.6304909561081
Hold,2020-09-11 14:00:00,48.65,2325.3414115109913,Hold,2325.3414115109904,1571.3824289406043
Hold,2020-09-11 15:00:00,48.55,2320.561675824432,Hold,2320.5616758244314,1568.1524547803976
Hold,2020-09-11 16:00:00,48.45,2315.781940137873,Hold,2315.781940137872,1564.922480620191
Hold,2020-09-11 17:00:00,48.4,2313.3920722945936,Hold,2313.3920722945927,1563.3074935400875
Hold,2020-09-11 18:00:00,48.46,2316.259913706529,Hold,2316.259913706528,1565.2454780362116
Hold,2020-09-11 19:00:00,48.62,2323.9074908050234,Hold,2323.9074908050225,1570.4134366925423
Hold,2020-09-11 20:00:00,48.9,2337.2907507273885,Hold,2337.2907507273876,1579.457364341121
Hold,2020-09-11 21:00:00,49.07,2345.4163013945395,Hold,2345.4163013945386,1584.9483204134729
Hold,2020-09-11 22:00:00,48.97,2340.63656570798,Hold,2340.636565707979,1581.718346253266
Hold,2020-09-11 23:00:00,48.96,2340.1585921393244,Hold,2340.1585921393234,1581.3953488372454
Hold,2020-09-12 00:00:00,48.73,2329.1652000602385,Hold,2329.165200060238,1573.9664082687696
Hold,2020-09-12 01:00:00,48.89,2336.8127771587333,Hold,2336.8127771587324,1579.1343669251005
Hold,2020-09-12 02:00:00,48.85,2334.9008828841093,Hold,2334.9008828841083,1577.8423772610179
Hold,2020-09-12 03:00:00,48.84,2334.4229093154536,Hold,2334.4229093154527,1577.5193798449973
Hold,2020-09-12 04:00:00,48.93,2338.7246714333564,Hold,2338.7246714333555,1580.4263565891831
Hold,2020-09-12 05:00:00,48.92,2338.2466978647008,Hold,2338.2466978647,1580.1033591731625
Hold,2020-09-12 06:00:00,48.64,2324.863437942335,Hold,2324.8634379423347,1571.0594315245835
Hold,2020-09-12 07:00:00,48.83,2333.9449357467975,Hold,2333.9449357467965,1577.1963824289762
Hold,2020-09-12 08:00:00,48.67,2326.297358648303,Hold,2326.2973586483026,1572.0284237726455
Hold,2020-09-12 09:00:00,48.91,2337.7687242960446,Hold,2337.768724296044,1579.7803617571417
Hold,2020-09-12 10:00:00,48.82,2333.4669621781413,Hold,2333.466962178141,1576.8733850129559
Hold,2020-09-12 11:00:00,48.8,2332.51101504083,Hold,2332.511015040829,1576.2273901809144
Hold,2020-09-12 12:00:00,48.68,2326.7753322169588,Hold,2326.775332216958,1572.3514211886663
Hold,2020-09-12 13:00:00,48.55,2320.561675824432,Hold,2320.5616758244314,1568.1524547803976
Hold,2020-09-12 14:00:00,48.92,2338.2466978647008,Hold,2338.2466978647,1580.1033591731627
Hold,2020-09-12 15:00:00,48.82,2333.4669621781413,Hold,2333.466962178141,1576.8733850129559
Hold,2020-09-12 16:00:00,48.92,2338.2466978647008,Hold,2338.2466978647,1580.1033591731627
Hold,2020-09-12 17:00:00,49.02,2343.02643355126,Hold,2343.0264335512593,1583.3333333333694
Hold,2020-09-12 18:00:00,50.69,2422.8480195167963,Hold,2422.848019516796,1637.2739018088228
Hold,2020-09-12 19:00:00,51.06,2440.533041557065,Hold,2440.5330415570647,1649.2248062015879
Hold,2020-09-12 20:00:00,50.86,2430.973570183947,Hold,2430.9735701839463,1642.7648578811743
Hold,2020-09-12 21:00:00,50.92,2433.841411595882,Hold,2433.8414115958817,1644.7028423772986
Hold,2020-09-12 22:00:00,50.86,2430.973570183947,Hold,2430.9735701839463,1642.7648578811745
Hold,2020-09-12 23:00:00,50.8,2428.1057287720114,Hold,2428.1057287720105,1640.8268733850505
Hold,2020-09-13 00:00:00,50.68,2422.3700459481406,Hold,2422.3700459481397,1636.9509043928024
Hold,2020-09-13 01:00:00,50.29,2403.72907677056,Hold,2403.729076770559,1624.3540051679959
Hold,2020-09-13 02:00:00,50.42,2409.942733163087,Hold,2409.9427331630864,1628.552971576265
Hold,2020-09-13 03:00:00,50.88,2431.9295173212586,Hold,2431.929517321258,1643.4108527132164
Hold,2020-09-13 04:00:00,50.67,2421.892072379485,Hold,2421.8920723794845,1636.6279069767822
Hold,2020-09-13 05:00:00,50.7,2423.3259930854524,Hold,2423.325993085452,1637.5968992248445
Hold,2020-09-13 06:00:00,50.63,2419.980178104861,Hold,2419.9801781048604,1635.3359173126996
Hold,2020-09-13 07:00:00,50.72,2424.281940222764,Hold,2424.2819402227638,1638.2428940568857
Hold,2020-09-13 08:00:00,50.65,2420.9361252421727,Hold,2420.9361252421722,1635.9819121447408
Hold,2020-09-13 09:00:00,50.1,2394.6475789660976,Hold,2394.647578966097,1618.2170542636034
Hold,2020-09-13 10:00:00,49.83,2381.742292612388,Hold,2381.7422926123877,1609.496124031045
Hold,2020-09-13 11:00:00,49.25,2354.0198256303456,Hold,2354.019825630345,1590.7622739018457
Hold,2020-09-13 12:00:00,48.65,2325.3414115109913,Hold,2325.341411510991,1571.3824289406048
Hold,2020-09-13 13:00:00,48.83,2333.9449357467975,Hold,2333.944935746797,1577.196382428977
Hold,2020-09-13 14:00:00,48.69,2327.2533057856144,Hold,2327.253305785614,1572.6744186046874
Hold,2020-09-13 15:00:00,47.97,2292.8392088423893,Hold,2292.839208842389,1549.4186046511986
Hold,2020-09-13 16:00:00,47.61,2275.632160370777,Hold,2275.6321603707765,1537.7906976744541
Hold,2020-09-13 17:00:00,47.75,2282.3237903319596,Hold,2282.323790331959,1542.3126614987436
Hold,2020-09-13 18:00:00,47.7,2279.93392248868,Hold,2279.9339224886794,1540.6976744186402
Hold,2020-09-13 19:00:00,47.85,2287.1035260185186,Hold,2287.103526018518,1545.5426356589503
Hold,2020-09-13 20:00:00,47.94,2291.4052881364214,Hold,2291.405288136421,1548.4496124031364
Hold,2020-09-13 21:00:00,47.88,2288.5374467244865,Hold,2288.537446724486,1546.5116279070123
Hold,2020-09-13 22:00:00,47.98,2293.3171824110455,Hold,2293.3171824110455,1549.7416020672188
Hold,2020-09-13 23:00:00,48.15,2301.4427330781955,Hold,2301.4427330781955,1555.2325581395703
Hold,2020-09-14 00:00:00,47.55,2272.764318958841,Hold,2272.7643189588416,1535.8527131783294
Hold,2020-09-14 01:00:00,47.98,2293.3171824110455,Hold,2293.317182411046,1549.7416020672188
Hold,2020-09-14 02:00:00,48.16,2301.9207066468516,Hold,2301.920706646852,1555.555555555591
Hold,2020-09-14 03:00:00,47.95,2291.883261705078,Hold,2291.8832617050784,1548.7726098191567
Hold,2020-09-14 04:00:00,47.63,2276.588107508089,Hold,2276.5881075080893,1538.4366925064949
Hold,2020-09-14 05:00:00,47.44,2267.5066097036265,Hold,2267.506609703627,1532.299741602102
Hold,2020-09-14 06:00:00,47.71,2280.411896057336,Hold,2280.411896057337,1541.02067183466
Hold,2020-09-14 07:00:00,48.01,2294.751103117013,Hold,2294.7511031170134,1550.7105943152806
Hold,2020-09-14 08:00:00,47.67,2278.5000017827124,Hold,2278.500001782713,1539.7286821705775
Hold,2020-09-14 09:00:00,47.88,2288.5374467244865,Hold,2288.537446724487,1546.5116279070119
Hold,2020-09-14 10:00:00,47.87,2288.0594731558303,Hold,2288.059473155831,1546.188630490991
Hold,2020-09-14 11:00:00,48.26,2306.7004423334106,Hold,2306.700442333411,1558.7855297157978
Hold,2020-09-14 12:00:00,48.35,2311.0022044513144,Hold,2311.002204451315,1561.692506459984
Hold,2020-09-14 13:00:00,48.89,2336.8127771587333,Hold,2336.8127771587338,1579.1343669251007
Hold,2020-09-14 14:00:00,49.11,2347.328195669163,Hold,2347.3281956691635,1586.240310077556
Hold,2020-09-14 15:00:00,49.57,2369.3149798273344,Hold,2369.314979827335,1601.0981912145076
Hold,2020-09-14 16:00:00,49.29,2355.931719904969,Hold,2355.9317199049697,1592.0542635659285
Hold,2020-09-14 17:00:00,49.0,2342.070486413948,Hold,2342.0704864139484,1582.6873385013287
Hold,2020-09-14 18:00:00,48.76,2330.599120766206,Hold,2330.5991207662064,1574.9354005168323
Hold,2020-09-14 19:00:00,48.86,2335.3788564527654,Hold,2335.3788564527654,1578.1653746770392
Hold,2020-09-14 20:00:00,48.8,2332.51101504083,Hold,2332.51101504083,1576.227390180915
Hold,2020-09-14 21:00:00,49.04,2343.982380688572,Hold,2343.9823806885724,1583.9793281654113
Hold,2020-09-14 22:00:00,48.6,2322.9515436677116,Hold,2322.951543667712,1569.7674418605013
Hold,2020-09-14 23:00:00,49.08,2345.894274963195,Hold,2345.8942749631956,1585.271317829494
Hold,2020-09-15 00:00:00,49.0,2342.070486413948,Hold,2342.0704864139484,1582.6873385013284
Hold,2020-09-15 01:00:00,48.82,2333.4669621781413,Hold,2333.466962178142,1576.873385012956
Hold,2020-09-15 02:00:00,49.86,2383.176213318356,Hold,2383.176213318356,1610.4651162791067
Hold,2020-09-15 03:00:00,49.6,2370.7489005333023,Hold,2370.748900533302,1602.0671834625693
Hold,2020-09-15 04:00:00,49.57,2369.3149798273344,Hold,2369.314979827334,1601.0981912145073
Hold,2020-09-15 05:00:00,49.49,2365.4911912780876,Hold,2365.491191278087,1598.5142118863419
Hold,2020-09-15 06:00:00,49.74,2377.4405304944853,Hold,2377.440530494485,1606.5891472868589
Hold,2020-09-15 07:00:00,49.72,2376.484583357173,Hold,2376.4845833571726,1605.9431524548174
Hold,2020-09-15 08:00:00,49.0,2342.070486413948,Hold,2342.0704864139475,1582.6873385013284
Hold,2020-09-15 09:00:00,49.12,2347.8061692378187,Hold,2347.8061692378183,1586.5633074935768
Hold,2020-09-15 10:00:00,49.8,2380.3083719064202,Hold,2380.30837190642,1608.5271317829827
Hold,2020-09-15 11:00:00,49.78,2379.352424769109,Hold,2379.3524247691084,1607.8811369509415
Hold,2020-09-15 12:00:00,49.84,2382.2202661810443,Hold,2382.220266181044,1609.8191214470658
Hold,2020-09-15 13:00:00,49.21,2352.107931355722,Hold,2352.107931355721,1589.470284237763
Hold,2020-09-15 14:00:00,48.73,2329.1652000602385,Hold,2329.165200060238,1573.9664082687702
Hold,2020-09-15 15:00:00,48.94,2339.2026450020126,Hold,2339.202645002012,1580.7493540052044
Hold,2020-09-15 16:00:00,49.15,2349.2400899437866,Hold,2349.2400899437857,1587.5322997416386
Hold,2020-09-15 17:00:00,49.06,2344.9383278258833,Hold,2344.9383278258824,1584.6253229974525
Hold,2020-09-15 18:00:00,48.74,2329.6431736288946,Hold,2329.6431736288937,1574.2894056847906
Hold,2020-09-15 19:00:00,48.79,2332.033041472174,Hold,2332.0330414721734,1575.9043927648938
Hold,2020-09-15 20:00:00,48.7,2327.731279354271,Hold,2327.7312793542706,1572.9974160207078
Hold,2020-09-15 21:00:00,48.89,2336.8127771587333,Hold,2336.8127771587324,1579.1343669251007
Hold,2020-09-15 22:00:00,48.52,2319.1277551184644,Hold,2319.1277551184635,1567.1834625323359
Hold,2020-09-15 23:00:00,48.31,2309.0903101766903,Hold,2309.0903101766894,1560.4005167959015
Hold,2020-09-16 00:00:00,47.56,2273.2422925274973,Hold,2273.2422925274964,1536.1757105943502
Hold,2020-09-16 01:00:00,47.87,2288.0594731558303,Hold,2288.0594731558294,1546.1886304909913
Hold,2020-09-16 02:00:00,47.87,2288.0594731558303,Hold,2288.0594731558294,1546.1886304909913
Hold,2020-09-16 03:00:00,48.0,2294.2731295483572,Hold,2294.2731295483563,1550.3875968992602
Hold,2020-09-16 04:00:00,48.14,2300.9647595095403,Hold,2300.96475950954,1554.9095607235497
Hold,2020-09-16 05:00:00,47.97,2292.8392088423893,Hold,2292.839208842389,1549.418604651198
Hold,2020-09-16 06:00:00,48.2,2303.8326009214757,Hold,2303.8326009214757,1556.8475452196737
Hold,2020-09-16 07:00:00,48.39,2312.9140987259375,Hold,2312.9140987259375,1562.9844961240667
Hold,2020-09-16 08:00:00,48.23,2305.2665216274427,Hold,2305.2665216274427,1557.8165374677355
Hold,2020-09-16 09:00:00,48.19,2303.3546273528195,Hold,2303.3546273528195,1556.524547803653
Hold,2020-09-16 10:00:00,47.67,2278.5000017827124,Hold,2278.5000017827124,1539.7286821705777
Hold,2020-09-16 11:00:00,48.0,2294.2731295483572,Hold,2294.273129548357,1550.38759689926
Hold,2020-09-16 12:00:00,48.06,2297.140970960293,Hold,2297.1409709602926,1552.325581395384
Hold,2020-09-16 13:00:00,48.09,2298.5748916662606,Hold,2298.57489166626,1553.2945736434463
Hold,2020-09-16 14:00:00,47.74,2281.845816763304,Hold,2281.8458167633034,1541.9896640827224
Hold,2020-09-16 15:00:00,48.5,2318.1718079811526,Hold,2318.171807981152,1566.537467700294
Hold,2020-09-16 16:00:00,48.48,2317.215860843841,Hold,2317.2158608438403,1565.8914728682525
Hold,2020-09-16 17:00:00,48.54,2320.083702255776,Hold,2320.0837022557757,1567.8294573643768
Hold,2020-09-16 18:00:00,48.31,2309.0903101766903,Hold,2309.09031017669,1560.4005167959012
Hold,2020-09-16 19:00:00,48.13,2300.486785940884,Hold,2300.4867859408837,1554.5865633075289
Hold,2020-09-16 20:00:00,48.02,2295.229076685669,Hold,2295.2290766856686,1551.0335917313014
Hold,2020-09-16 21:00:00,48.16,2301.9207066468516,Hold,2301.9207066468507,1555.5555555555907
Hold,2020-09-16 22:00:00,48.32,2309.568283745346,Hold,2309.568283745345,1560.7235142119218
Hold,2020-09-16 23:00:00,47.76,2282.8017639006157,Hold,2282.801763900615,1542.6356589147638
Hold,2020-09-17 00:00:00,49.19,2351.1519842184102,Hold,2351.15198421841,1588.824289405721
Hold,2020-09-17 01:00:00,48.91,2337.7687242960446,Hold,2337.768724296044,1579.780361757142
Hold,2020-09-17 02:00:00,48.52,2319.1277551184644,Hold,2319.1277551184635,1567.1834625323359
Hold,2020-09-17 03:00:00,48.26,2306.7004423334106,Hold,2306.70044233341,1558.7855297157978
Hold,2020-09-17 04:00:00,48.42,2314.3480194319054,Hold,2314.348019431905,1563.953488372129
Hold,2020-09-17 05:00:00,48.3,2308.612336608034,Hold,2308.6123366080337,1560.0775193798806
Hold,2020-09-17 06:00:00,48.22,2304.7885480587875,Hold,2304.7885480587865,1557.4935400517154
Hold,2020-09-17 07:00:00,48.24,2305.744495196099,Hold,2305.7444951960983,1558.1395348837568
Hold,2020-09-17 08:00:00,48.17,2302.3986802155077,Hold,2302.3986802155073,1555.8785529716122
Hold,2020-09-17 09:00:00,48.23,2305.2665216274427,Hold,2305.2665216274418,1557.816537467736
Hold,2020-09-17 10:00:00,48.4,2313.3920722945936,Hold,2313.3920722945923,1563.3074935400878
Hold,2020-09-17 11:00:00,48.6,2322.9515436677116,Hold,2322.95154366771,1569.7674418605013
Hold,2020-09-17 12:00:00,47.94,2291.4052881364214,Hold,2291.4052881364196,1548.4496124031366
Hold,2020-09-17 13:00:00,48.21,2304.3105744901313,Hold,2304.3105744901295,1557.1705426356953
Hold,2020-09-17 14:00:00,48.4,2313.3920722945936,Hold,2313.3920722945913,1563.307493540088
Hold,2020-09-17 15:00:00,48.41,2313.8700458632493,Hold,2313.8700458632475,1563.6304909561086
Hold,2020-09-17 16:00:00,48.34,2310.5242308826582,Hold,2310.5242308826564,1561.369509043964
Hold,2020-09-17 17:00:00,48.35,2311.0022044513144,Hold,2311.002204451313,1561.6925064599845
Hold,2020-09-17 18:00:00,48.74,2329.6431736288946,Hold,2329.643173628893,1574.289405684791
Hold,2020-09-17 19:00:00,48.87,2335.856830021421,Hold,2335.8568300214197,1578.4883720930598
Hold,2020-09-17 20:00:00,49.01,2342.5484599826036,Hold,2342.5484599826023,1583.0103359173495
Hold,2020-09-17 21:00:00,49.16,2349.7180635124423,Hold,2349.718063512441,1587.8552971576596
Hold,2020-09-17 22:00:00,48.87,2335.856830021421,Hold,2335.8568300214197,1578.4883720930598
Hold,2020-09-17 23:00:00,48.85,2334.9008828841093,Hold,2334.9008828841083,1577.8423772610186
Hold,2020-09-18 00:00:00,48.6,2322.9515436677116,Hold,2322.9515436677107,1569.7674418605015
Hold,2020-09-18 01:00:00,48.61,2323.4295172363672,Hold,2323.4295172363663,1570.0904392765221
Hold,2020-09-18 02:00:00,48.68,2326.7753322169588,Hold,2326.7753322169574,1572.351421188667
Hold,2020-09-18 03:00:00,48.64,2324.863437942335,Hold,2324.8634379423343,1571.0594315245842
Hold,2020-09-18 04:00:00,48.39,2312.9140987259375,Hold,2312.9140987259366,1562.9844961240674
Hold,2020-09-18 05:00:00,48.5,2318.1718079811526,Hold,2318.1718079811512,1566.5374677002949
Hold,2020-09-18 06:00:00,48.7,2327.731279354271,Hold,2327.73127935427,1572.9974160207082
Hold,2020-09-18 07:00:00,48.48,2317.215860843841,Hold,2317.21586084384,1565.8914728682532
Hold,2020-09-18 08:00:00,48.69,2327.2533057856144,Hold,2327.2533057856135,1572.6744186046874
Hold,2020-09-18 09:00:00,48.83,2333.9449357467975,Hold,2333.9449357467965,1577.1963824289767
Hold,2020-09-18 10:00:00,48.72,2328.687226491583,Hold,2328.6872264915824,1573.6434108527492
Hold,2020-09-18 11:00:00,48.79,2332.033041472174,Hold,2332.033041472174,1575.9043927648938
Hold,2020-09-18 12:00:00,48.79,2332.033041472174,Hold,2332.033041472174,1575.9043927648938
Hold,2020-09-18 13:00:00,48.45,2315.781940137873,Hold,2315.781940137873,1564.922480620191
Hold,2020-09-18 14:00:00,48.58,2321.9955965304,Hold,2321.9955965304,1569.1214470284597
Hold,2020-09-18 15:00:00,48.2,2303.8326009214757,Hold,2303.8326009214757,1556.847545219674
Hold,2020-09-18 16:00:00,48.26,2306.7004423334106,Hold,2306.7004423334106,1558.785529715798
Hold,2020-09-18 17:00:00,47.73,2281.3678431946473,Hold,2281.3678431946473,1541.666666666702
Hold,2020-09-18 18:00:00,47.97,2292.8392088423893,Hold,2292.839208842389,1549.4186046511984
Hold,2020-09-18 19:00:00,47.98,2293.3171824110455,Hold,2293.3171824110455,1549.741602067219
Hold,2020-09-18 20:00:00,48.03,2295.707050254325,Hold,2295.7070502543247,1551.3565891473224
Hold,2020-09-18 21:00:00,48.19,2303.3546273528195,Hold,2303.354627352819,1556.5245478036531
Hold,2020-09-18 22:00:00,48.28,2307.656389470723,Hold,2307.6563894707224,1559.4315245478394
Hold,2020-09-18 23:00:00,48.54,2320.083702255776,Hold,2320.0837022557757,1567.8294573643773
Hold,2020-09-19 00:00:00,48.31,2309.0903101766903,Hold,2309.09031017669,1560.4005167959017
Hold,2020-09-19 01:00:00,48.28,2307.656389470723,Hold,2307.6563894707224,1559.4315245478397
Hold,2020-09-19 02:00:00,48.48,2317.215860843841,Hold,2317.2158608438403,1565.891472868253
Hold,2020-09-19 03:00:00,48.29,2308.1343630393785,Hold,2308.134363039378,1559.75452196386
Hold,2020-09-19 04:00:00,48.24,2305.744495196099,Hold,2305.7444951960983,1558.1395348837568
Hold,2020-09-19 05:00:00,48.16,2301.9207066468516,Hold,2301.9207066468507,1555.5555555555911
Hold,2020-09-19 06:00:00,48.27,2307.178415902067,Hold,2307.1784159020663,1559.1085271318188
Hold,2020-09-19 07:00:00,48.06,2297.140970960293,Hold,2297.1409709602917,1552.3255813953845
Hold,2020-09-19 08:00:00,48.15,2301.4427330781955,Hold,2301.4427330781946,1555.2325581395705
Hold,2020-09-19 09:00:00,48.13,2300.486785940884,Hold,2300.486785940883,1554.5865633075293
Hold,2020-09-19 10:00:00,48.28,2307.656389470723,Hold,2307.656389470721,1559.4315245478394
Hold,2020-09-19 11:00:00,48.85,2334.9008828841093,Hold,2334.9008828841074,1577.842377261018
Hold,2020-09-19 12:00:00,48.69,2327.2533057856144,Hold,2327.2533057856126,1572.674418604687
Hold,2020-09-19 13:00:00,48.79,2332.033041472174,Hold,2332.0330414721725,1575.9043927648938
Hold,2020-09-19 14:00:00,48.82,2333.4669621781413,Hold,2333.46696217814,1576.8733850129556
Hold,2020-09-19 15:00:00,48.75,2330.1211471975503,Hold,2330.1211471975485,1574.6124031008108
Hold,2020-09-19 16:00:00,48.65,2325.3414115109913,Hold,2325.3414115109895,1571.382428940604
Hold,2020-09-19 17:00:00,48.7,2327.731279354271,Hold,2327.7312793542696,1572.9974160207073
Hold,2020-09-19 18:00:00,48.42,2314.3480194319054,Hold,2314.348019431904,1563.9534883721283
Hold,2020-09-19 19:00:00,48.37,2311.9581515886257,Hold,2311.958151588624,1562.3385012920246
Hold,2020-09-19 20:00:00,48.47,2316.7378872751847,Hold,2316.7378872751833,1565.5684754522315
Hold,2020-09-19 21:00:00,48.38,2312.436125157282,Hold,2312.4361251572805,1562.6614987080454
Hold,2020-09-19 22:00:00,48.45,2315.781940137873,Hold,2315.781940137872,1564.92248062019
Hold,2020-09-19 23:00:00,48.52,2319.1277551184644,Hold,2319.1277551184635,1567.1834625323347
Hold,2020-09-20 00:00:00,48.42,2314.3480194319054,Hold,2314.348019431905,1563.953488372128
Hold,2020-09-20 01:00:00,48.15,2301.4427330781955,Hold,2301.4427330781946,1555.2325581395696
Hold,2020-09-20 02:00:00,47.98,2293.3171824110455,Hold,2293.317182411045,1549.741602067218
Hold,2020-09-20 03:00:00,48.12,2300.008812372228,Hold,2300.0088123722276,1554.2635658915076
Hold,2020-09-20 04:00:00,48.15,2301.4427330781955,Hold,2301.442733078195,1555.2325581395696
Hold,2020-09-20 05:00:00,48.1,2299.052865234916,Hold,2299.052865234916,1553.6175710594662
Hold,2020-09-20 06:00:00,48.21,2304.3105744901313,Hold,2304.3105744901313,1557.1705426356937
Hold,2020-09-20 07:00:00,48.14,2300.9647595095403,Hold,2300.9647595095403,1554.909560723549
Hold,2020-09-20 08:00:00,48.05,2296.6629973916365,Hold,2296.6629973916365,1552.0025839793627
Hold,2020-09-20 09:00:00,48.13,2300.486785940884,Hold,2300.486785940884,1554.5865633075284
Hold,2020-09-20 10:00:00,48.22,2304.7885480587875,Hold,2304.788548058787,1557.4935400517145
Hold,2020-09-20 11:00:00,48.07,2297.6189445289488,Hold,2297.6189445289483,1552.6485788114044
Hold,2020-09-20 12:00:00,46.92,2242.6519841335194,Hold,2242.651984133519,1515.5038759690262
Hold,2020-09-20 13:00:00,46.97,2245.0418519767986,Hold,2245.0418519767986,1517.1188630491295
Hold,2020-09-20 14:00:00,46.89,2241.2180634275514,Hold,2241.218063427551,1514.534883720964
Hold,2020-09-20 15:00:00,46.69,2231.658592054433,Hold,2231.658592054433,1508.0749354005502
Hold,2020-09-20 16:00:00,46.72,2233.0925127604014,Hold,2233.0925127604014,1509.0439276486125
Hold,2020-09-20 17:00:00,46.94,2243.607931270831,Hold,2243.607931270831,1516.1498708010672
Hold,2020-09-20 18:00:00,47.1,2251.2555083693255,Hold,2251.2555083693255,1521.3178294573981
Hold,2020-09-20 19:00:00,46.97,2245.0418519767986,Hold,2245.0418519767986,1517.1188630491292
Hold,2020-09-20 20:00:00,46.8,2236.916301309648,Hold,2236.916301309648,1511.6279069767777
Hold,2020-09-20 21:00:00,46.88,2240.7400898588953,Hold,2240.7400898588958,1514.2118863049434
Hold,2020-09-20 22:00:00,46.68,2231.1806184857774,Hold,2231.180618485778,1507.7519379845298
Hold,2020-09-20 23:00:00,47.09,2250.77753480067,Hold,2250.7775348006708,1520.994832041378
Hold,2020-09-21 00:00:00,47.16,2254.123349781261,Hold,2254.123349781262,1523.2558139535226
Hold,2020-09-21 01:00:00,47.06,2249.343614094702,Hold,2249.343614094703,1520.0258397933162
Hold,2020-09-21 02:00:00,47.13,2252.6894290752934,Hold,2252.6894290752944,1522.2868217054609
Hold,2020-09-21 03:00:00,47.12,2252.2114555066373,Hold,2252.2114555066387,1521.96382428944
Hold,2020-09-21 04:00:00,47.1,2251.2555083693255,Hold,2251.2555083693264,1521.3178294573988
Hold,2020-09-21 05:00:00,47.41,2266.072688997658,Hold,2266.072688997659,1531.3307493540399
Hold,2020-09-21 06:00:00,47.26,2258.90308546782,Hold,2258.903085467821,1526.4857881137298
Hold,2020-09-21 07:00:00,46.99,2245.997799114111,Hold,2245.997799114112,1517.7648578811716
Hold,2020-09-21 08:00:00,46.79,2236.4383277409925,Hold,2236.4383277409934,1511.3049095607578
Trailing-Stop,2020-09-21 09:00:00,45.85,2191.508812287337,Trailing stop 10.0% hit,2191.508812287338,1480.943152454814
Buy,2020-09-25 02:00:00,44.7,2191.508812287337,Sinal: Compra,2191.508812287338,1443.798449612436
Hold,2020-09-25 03:00:00,44.48,2176.3635978727434,Hold,2176.3635978727443,1436.6925064599807
Hold,2020-09-25 04:00:00,44.51,2177.831469004402,Hold,2177.831469004403,1437.6614987080427
Hold,2020-09-25 05:00:00,44.24,2164.620628819473,Hold,2164.620628819474,1428.9405684754845
Hold,2020-09-25 06:00:00,44.49,2176.852888249963,Hold,2176.852888249964,1437.0155038760015
Hold,2020-09-25 07:00:00,44.69,2186.6386957943546,Hold,2186.638695794356,1443.475452196415
Hold,2020-09-25 08:00:00,44.11,2158.259853915619,Hold,2158.2598539156197,1424.7416020672158
Hold,2020-09-25 09:00:00,44.22,2163.642048065034,Hold,2163.642048065035,1428.2945736434433
Hold,2020-09-25 10:00:00,44.51,2177.831469004402,Hold,2177.8314690044026,1437.661498708043
Hold,2020-09-25 11:00:00,46.13,2257.096510113976,Hold,2257.096510113977,1489.987080103393
Hold,2020-09-25 12:00:00,45.78,2239.9713469112908,Hold,2239.971346911291,1478.6821705426692
Hold,2020-09-25 13:00:00,45.72,2237.035604647973,Hold,2237.0356046479737,1476.744186046545
Hold,2020-09-25 14:00:00,45.86,2243.8856699290473,Hold,2243.8856699290477,1481.2661498708346
Hold,2020-09-25 15:00:00,46.1,2255.6286389823176,Hold,2255.6286389823185,1489.018087855331
Hold,2020-09-25 16:00:00,45.88,2244.8642506834867,Hold,2244.8642506834876,1481.912144702876
Hold,2020-09-25 17:00:00,46.15,2258.0750908684154,Hold,2258.0750908684163,1490.6330749354345
Hold,2020-09-25 18:00:00,46.23,2261.989413886172,Hold,2261.9894138861728,1493.2170542635997
Hold,2020-09-25 19:00:00,46.29,2264.9251561494893,Hold,2264.9251561494902,1495.155038759724
Hold,2020-09-25 20:00:00,46.07,2254.1607678506584,Hold,2254.1607678506593,1488.049095607269
Hold,2020-09-25 21:00:00,46.29,2264.9251561494893,Hold,2264.9251561494902,1495.1550387597238
Hold,2020-09-25 22:00:00,45.98,2249.757154455682,Hold,2249.7571544556827,1485.1421188630825
Hold,2020-09-25 23:00:00,46.02,2251.7143159645607,Hold,2251.7143159645616,1486.4341085271653
Hold,2020-09-26 00:00:00,45.91,2246.332121815145,Hold,2246.332121815146,1482.8811369509376
Hold,2020-09-26 01:00:00,46.04,2252.6928967189997,Hold,2252.6928967190006,1487.0801033592065
Hold,2020-09-26 02:00:00,46.03,2252.2036063417804,Hold,2252.2036063417813,1486.757105943186
Hold,2020-09-26 03:00:00,45.96,2248.7785737012427,Hold,2248.778573701244,1484.4961240310413
Hold,2020-09-26 04:00:00,45.99,2250.246444832902,Hold,2250.2464448329033,1485.4651162791033
Hold,2020-09-26 05:00:00,45.89,2245.353541060706,Hold,2245.353541060707,1482.2351421188964
Hold,2020-09-26 06:00:00,45.87,2244.3749603062665,Hold,2244.3749603062674,1481.589147286855
Hold,2020-09-26 07:00:00,45.47,2224.8033452174827,Hold,2224.8033452174836,1468.6692506460276
Hold,2020-09-26 08:00:00,45.52,2227.249797103581,Hold,2227.2497971035814,1470.284237726131
Hold,2020-09-26 09:00:00,45.7,2236.057023893534,Hold,2236.057023893534,1476.0981912145035
Hold,2020-09-26 10:00:00,45.7,2236.057023893534,Hold,2236.057023893534,1476.0981912145035
Hold,2020-09-26 11:00:00,45.74,2238.014185402412,Hold,2238.0141854024123,1477.3901808785863
Hold,2020-09-26 12:00:00,45.52,2227.249797103581,Hold,2227.2497971035814,1470.2842377261313
Hold,2020-09-26 13:00:00,45.24,2213.5496665414325,Hold,2213.549666541433,1461.2403100775523
Hold,2020-09-26 14:00:00,45.69,2235.5677335163136,Hold,2235.5677335163145,1475.7751937984826
Hold,2020-09-26 15:00:00,45.81,2241.439218042949,Hold,2241.43921804295,1479.651162790731
Hold,2020-09-26 16:00:00,46.4,2270.307350298905,Hold,2270.3073502989064,1498.7080103359508
Hold,2020-09-26 17:00:00,46.25,2262.9679946406113,Hold,2262.9679946406122,1493.863049095641
Hold,2020-09-26 18:00:00,46.09,2255.139348605098,Hold,2255.139348605099,1488.6950904393102
Hold,2020-09-26 19:00:00,46.09,2255.139348605098,Hold,2255.139348605099,1488.6950904393102
Hold,2020-09-26 20:00:00,46.09,2255.139348605098,Hold,2255.139348605099,1488.6950904393102
Hold,2020-09-26 21:00:00,45.94,2247.7999929468037,Hold,2247.799992946805,1483.8501291989999
Hold,2020-09-26 22:00:00,45.98,2249.757154455682,Hold,2249.757154455683,1485.1421188630825
Hold,2020-09-26 23:00:00,46.03,2252.2036063417804,Hold,2252.2036063417813,1486.757105943186
Hold,2020-09-27 00:00:00,46.38,2269.328769544466,Hold,2269.328769544467,1498.0620155039098
Hold,2020-09-27 01:00:00,46.25,2262.9679946406113,Hold,2262.9679946406122,1493.8630490956411
Hold,2020-09-27 02:00:00,46.25,2262.9679946406113,Hold,2262.9679946406122,1493.8630490956411
Hold,2020-09-27 03:00:00,46.2,2260.5215427545136,Hold,2260.5215427545145,1492.2480620155377
Hold,2020-09-27 04:00:00,46.13,2257.096510113976,Hold,2257.0965101139773,1489.987080103393
Hold,2020-09-27 05:00:00,46.17,2259.053671622855,Hold,2259.0536716228557,1491.2790697674757
Hold,2020-09-27 06:00:00,45.49,2225.7819259719226,Hold,2225.7819259719236,1469.3152454780695
Hold,2020-09-27 07:00:00,45.62,2232.1427008757764,Hold,2232.1427008757773,1473.5142118863382
Hold,2020-09-27 08:00:00,45.62,2232.1427008757764,Hold,2232.1427008757773,1473.5142118863382
Hold,2020-09-27 09:00:00,45.35,2218.9318606908478,Hold,2218.9318606908487,1464.79328165378
Hold,2020-09-27 10:00:00,45.5,2226.271216349142,Hold,2226.2712163491433,1469.6382428940901
Hold,2020-09-27 11:00:00,45.11,2207.188891637578,Hold,2207.188891637579,1457.0413436692838
Hold,2020-09-27 12:00:00,45.28,2215.506828050311,Hold,2215.506828050313,1462.5322997416354
Hold,2020-09-27 13:00:00,45.35,2218.9318606908478,Hold,2218.931860690849,1464.7932816537802
Hold,2020-09-27 14:00:00,45.25,2214.038956918652,Hold,2214.038956918653,1461.5633074935736
Hold,2020-09-27 15:00:00,45.97,2249.2678640784625,Hold,2249.267864078464,1484.8191214470628
Hold,2020-09-27 16:00:00,45.95,2248.2892833240235,Hold,2248.289283324025,1484.1731266150216
Hold,2020-09-27 17:00:00,45.87,2244.3749603062665,Hold,2244.374960306268,1481.589147286856
Hold,2020-09-27 18:00:00,45.81,2241.439218042949,Hold,2241.4392180429504,1479.651162790732
Hold,2020-09-27 19:00:00,45.97,2249.2678640784625,Hold,2249.2678640784634,1484.8191214470628
Hold,2020-09-27 20:00:00,45.9,2245.8428314379253,Hold,2245.842831437926,1482.5581395349182
Hold,2020-09-27 21:00:00,45.83,2242.4177987973885,Hold,2242.41779879739,1480.2971576227733
Hold,2020-09-27 22:00:00,45.9,2245.8428314379253,Hold,2245.842831437926,1482.558139534918
Hold,2020-09-27 23:00:00,46.05,2253.1821870962194,Hold,2253.1821870962203,1487.403100775228
Hold,2020-09-28 00:00:00,46.37,2268.8394791672463,Hold,2268.8394791672476,1497.7390180878895
Hold,2020-09-28 01:00:00,46.85,2292.3254172737866,Hold,2292.325417273788,1513.2428940568823
Hold,2020-09-28 02:00:00,46.69,2284.496771238273,Hold,2284.4967712382745,1508.0749354005513
Hold,2020-09-28 03:00:00,46.69,2284.496771238273,Hold,2284.4967712382745,1508.0749354005513
Hold,2020-09-28 04:00:00,46.59,2279.6038674660776,Hold,2279.6038674660795,1504.8449612403447
Hold,2020-09-28 05:00:00,46.39,2269.8180599216857,Hold,2269.8180599216876,1498.385012919931
Hold,2020-09-28 06:00:00,46.35,2267.860898412807,Hold,2267.8608984128086,1497.093023255848
Hold,2020-09-28 07:00:00,46.23,2261.989413886172,Hold,2261.9894138861737,1493.2170542636
Hold,2020-09-28 08:00:00,46.16,2258.5643812456346,Hold,2258.564381245636,1490.956072351455
Hold,2020-09-28 09:00:00,46.23,2261.989413886172,Hold,2261.9894138861737,1493.2170542636
Hold,2020-09-28 10:00:00,46.33,2266.882317658368,Hold,2266.8823176583696,1496.4470284238066
Hold,2020-09-28 11:00:00,46.35,2267.860898412807,Hold,2267.860898412808,1497.093023255848
Hold,2020-09-28 12:00:00,46.75,2287.4325135015906,Hold,2287.432513501592,1510.0129198966752
Hold,2020-09-28 13:00:00,46.49,2274.7109636938817,Hold,2274.7109636938826,1501.6149870801376
Hold,2020-09-28 14:00:00,46.36,2268.3501887900266,Hold,2268.3501887900275,1497.4160206718686
Hold,2020-09-28 15:00:00,46.5,2275.200254071101,Hold,2275.200254071102,1501.9379844961584
Hold,2020-09-28 16:00:00,46.53,2276.6681252027597,Hold,2276.668125202761,1502.9069767442206
Hold,2020-09-28 17:00:00,46.47,2273.7323829394422,Hold,2273.7323829394436,1500.9689922480964
Hold,2020-09-28 18:00:00,46.28,2264.43586577227,Hold,2264.4358657722714,1494.8320413437036
Hold,2020-09-28 19:00:00,46.24,2262.4787042633916,Hold,2262.478704263393,1493.540051679621
Hold,2020-09-28 20:00:00,46.23,2261.989413886172,Hold,2261.9894138861737,1493.2170542636002
Hold,2020-09-28 21:00:00,46.28,2264.43586577227,Hold,2264.435865772272,1494.8320413437036
Hold,2020-09-28 22:00:00,46.1,2255.6286389823176,Hold,2255.6286389823194,1489.0180878553313
Hold,2020-09-28 23:00:00,45.23,2213.0603761642124,Hold,2213.060376164214,1460.917312661532
Hold,2020-09-29 00:00:00,45.61,2231.6534104985576,Hold,2231.6534104985594,1473.191214470318
Hold,2020-09-29 01:00:00,45.47,2224.8033452174827,Hold,2224.8033452174845,1468.6692506460286
Hold,2020-09-29 02:00:00,45.47,2224.8033452174827,Hold,2224.8033452174845,1468.6692506460286
Hold,2020-09-29 03:00:00,45.5,2226.271216349142,Hold,2226.2712163491437,1469.6382428940906
Hold,2020-09-29 04:00:00,45.43,2222.8461837086047,Hold,2222.846183708606,1467.3772609819457
Hold,2020-09-29 05:00:00,45.37,2219.9104414452872,Hold,2219.9104414452886,1465.4392764858214
Hold,2020-09-29 06:00:00,45.76,2238.9927661568513,Hold,2238.9927661568527,1478.036175710628
Hold,2020-09-29 07:00:00,45.55,2228.7176682352397,Hold,2228.717668235241,1471.2532299741936
Hold,2020-09-29 08:00:00,45.54,2228.2283778580204,Hold,2228.2283778580218,1470.930232558173
Hold,2020-09-29 09:00:00,45.42,2222.356893331385,Hold,2222.356893331387,1467.0542635659249
Hold,2020-09-29 10:00:00,45.59,2230.674829744118,Hold,2230.6748297441195,1472.5452196382764
Hold,2020-09-29 11:00:00,45.5,2226.271216349142,Hold,2226.2712163491437,1469.6382428940901
Hold,2020-09-29 12:00:00,45.5,2226.271216349142,Hold,2226.2712163491437,1469.6382428940901
Hold,2020-09-29 13:00:00,45.48,2225.2926355947025,Hold,2225.292635594704,1468.9922480620487
Hold,2020-09-29 14:00:00,45.42,2222.356893331385,Hold,2222.356893331387,1467.0542635659249
Hold,2020-09-29 15:00:00,45.24,2213.5496665414325,Hold,2213.549666541434,1461.2403100775525
Hold,2020-09-29 16:00:00,45.26,2214.5282472958716,Hold,2214.5282472958734,1461.8863049095937
Hold,2020-09-29 17:00:00,45.16,2209.6353435236756,Hold,2209.635343523677,1458.656330749387
Hold,2020-09-29 18:00:00,45.34,2218.4425703136285,Hold,2218.44257031363,1464.4702842377594
Hold,2020-09-29 19:00:00,45.36,2219.4211510680675,Hold,2219.421151068069,1465.1162790698006
Hold,2020-09-29 20:00:00,45.42,2222.356893331385,Hold,2222.356893331387,1467.0542635659249
Hold,2020-09-29 21:00:00,45.4,2221.3783125769455,Hold,2221.378312576947,1466.4082687338835
Hold,2020-09-29 22:00:00,45.47,2224.8033452174827,Hold,2224.8033452174845,1468.6692506460283
Hold,2020-09-29 23:00:00,45.69,2235.5677335163136,Hold,2235.5677335163155,1475.7751937984833
Hold,2020-09-30 00:00:00,45.49,2225.7819259719226,Hold,2225.7819259719245,1469.31524547807
Hold,2020-09-30 01:00:00,45.58,2230.1855393668984,Hold,2230.1855393669002,1472.222222222256
Hold,2020-09-30 02:00:00,45.54,2228.2283778580204,Hold,2228.2283778580218,1470.9302325581734
Hold,2020-09-30 03:00:00,45.5,2226.271216349142,Hold,2226.2712163491437,1469.6382428940908
Hold,2020-09-30 04:00:00,46.16,2258.5643812456346,Hold,2258.564381245636,1490.9560723514555
Hold,2020-09-30 05:00:00,45.85,2243.3963795518275,Hold,2243.3963795518293,1480.9431524548145
Hold,2020-09-30 06:00:00,45.97,2249.2678640784625,Hold,2249.267864078464,1484.8191214470628
Hold,2020-09-30 07:00:00,45.88,2244.8642506834867,Hold,2244.8642506834885,1481.9121447028767
Hold,2020-09-30 08:00:00,46.01,2251.2250255873405,Hold,2251.225025587342,1486.1111111111456
Hold,2020-09-30 09:00:00,45.84,2242.907089174608,Hold,2242.907089174609,1480.620155038794
Hold,2020-09-30 10:00:00,45.99,2250.246444832902,Hold,2250.2464448329038,1485.4651162791042
Hold,2020-09-30 11:00:00,45.69,2235.5677335163136,Hold,2235.5677335163155,1475.7751937984835
Hold,2020-09-30 12:00:00,45.95,2248.2892833240235,Hold,2248.289283324025,1484.1731266150214
Hold,2020-09-30 13:00:00,45.92,2246.8214121923647,Hold,2246.821412192366,1483.2041343669594
Hold,2020-09-30 14:00:00,46.03,2252.2036063417804,Hold,2252.203606341782,1486.7571059431866
Hold,2020-09-30 15:00:00,46.21,2261.010833131733,Hold,2261.0108331317347,1492.5710594315588
Hold,2020-09-30 16:00:00,46.35,2267.860898412807,Hold,2267.860898412808,1497.093023255848
Hold,2020-09-30 17:00:00,46.21,2261.010833131733,Hold,2261.0108331317347,1492.5710594315588
Hold,2020-09-30 18:00:00,45.99,2250.246444832902,Hold,2250.2464448329038,1485.4651162791038
Hold,2020-09-30 19:00:00,45.9,2245.8428314379253,Hold,2245.842831437927,1482.5581395349175
Hold,2020-09-30 20:00:00,45.91,2246.332121815145,Hold,2246.3321218151473,1482.881136950938
Hold,2020-09-30 21:00:00,45.85,2243.3963795518275,Hold,2243.39637955183,1480.9431524548143
Hold,2020-09-30 22:00:00,46.27,2263.946575395051,Hold,2263.946575395053,1494.5090439276828
Hold,2020-09-30 23:00:00,46.24,2262.4787042633916,Hold,2262.478704263394,1493.5400516796208
Hold,2020-10-01 00:00:00,46.28,2264.43586577227,Hold,2264.4358657722723,1494.8320413437034
Hold,2020-10-01 01:00:00,46.64,2282.0503193521754,Hold,2282.0503193521777,1506.4599483204477
Hold,2020-10-01 02:00:00,46.48,2274.2216733166615,Hold,2274.221673316664,1501.2919896641167
Hold,2020-10-01 03:00:00,46.49,2274.7109636938817,Hold,2274.710963693884,1501.6149870801376
Hold,2020-10-01 04:00:00,46.46,2273.2430925622225,Hold,2273.243092562225,1500.6459948320755
Hold,2020-10-01 05:00:00,46.46,2273.2430925622225,Hold,2273.243092562225,1500.6459948320755
Hold,2020-10-01 06:00:00,46.58,2279.1145770888575,Hold,2279.11457708886,1504.5219638243238
Hold,2020-10-01 07:00:00,46.62,2281.071738597736,Hold,2281.071738597738,1505.8139534884065
Hold,2020-10-01 08:00:00,47.6,2329.0221955652564,Hold,2329.022195565259,1537.467700258433
Hold,2020-10-01 09:00:00,47.81,2339.2972934868676,Hold,2339.2972934868703,1544.2506459948675
Hold,2020-10-01 10:00:00,47.71,2334.4043897146717,Hold,2334.4043897146744,1541.0206718346606
Hold,2020-10-01 11:00:00,47.92,2344.679487636283,Hold,2344.6794876362856,1547.8036175710947
Hold,2020-10-01 12:00:00,47.9,2343.7009068818434,Hold,2343.700906881846,1547.1576227390533
Hold,2020-10-01 13:00:00,47.75,2336.3615512235497,Hold,2336.3615512235524,1542.3126614987432
Hold,2020-10-01 14:00:00,48.34,2365.2296834795056,Hold,2365.2296834795084,1561.3695090439635
Hold,2020-10-01 15:00:00,47.38,2318.257807266425,Hold,2318.2578072664273,1530.3617571059783
Hold,2020-10-01 16:00:00,45.79,2240.4606372885096,Hold,2240.460637288512,1479.0051679586902
Hold,2020-10-01 17:00:00,45.78,2239.9713469112908,Hold,2239.971346911293,1478.6821705426696
Hold,2020-10-01 18:00:00,46.57,2278.625286711638,Hold,2278.6252867116405,1504.1989664083032
Hold,2020-10-01 19:00:00,46.41,2270.7966406761243,Hold,2270.7966406761266,1499.0310077519723
Hold,2020-10-01 20:00:00,46.21,2261.010833131733,Hold,2261.010833131735,1492.5710594315592
Hold,2020-10-01 21:00:00,45.83,2242.4177987973885,Hold,2242.417798797391,1480.2971576227733
Hold,2020-10-01 22:00:00,46.05,2253.1821870962194,Hold,2253.1821870962212,1487.4031007752283
Hold,2020-10-01 23:00:00,46.25,2262.9679946406113,Hold,2262.967994640613,1493.8630490956418
Hold,2020-10-02 00:00:00,46.08,2254.650058227878,Hold,2254.65005822788,1488.37209302329
Hold,2020-10-02 01:00:00,46.22,2261.5001235089526,Hold,2261.5001235089544,1492.8940568475796
Hold,2020-10-02 02:00:00,46.22,2261.5001235089526,Hold,2261.5001235089544,1492.8940568475796
Hold,2020-10-02 03:00:00,46.59,2279.6038674660776,Hold,2279.6038674660795,1504.8449612403447
Sell,2020-10-02 04:00:00,46.5,2275.200254071101,Sinal: Venda,2275.2002540711032,1501.9379844961584
Buy,2020-10-05 04:00:00,46.19,2275.200254071101,Sinal: Compra,2275.2002540711032,1491.9250645995173
Hold,2020-10-05 05:00:00,46.34,2278.0259720044883,Hold,2278.0259720044905,1496.7700258398277
Hold,2020-10-05 06:00:00,46.23,2272.618486960886,Hold,2272.6184869608883,1493.2170542636002
Hold,2020-10-05 07:00:00,46.38,2279.9923302021616,Hold,2279.992330202164,1498.0620155039105
Hold,2020-10-05 08:00:00,46.18,2270.160539213795,Hold,2270.160539213797,1491.6020671834972
Hold,2020-10-05 09:00:00,46.27,2274.58484515856,Hold,2274.584845158562,1494.509043927683
Hold,2020-10-05 10:00:00,46.27,2274.58484515856,Hold,2274.584845158562,1494.509043927683
Hold,2020-10-05 11:00:00,46.13,2267.7025914667033,Hold,2267.7025914667056,1489.9870801033937
Hold,2020-10-05 12:00:00,46.43,2282.4502779492527,Hold,2282.450277949255,1499.677002584014
Hold,2020-10-05 13:00:00,46.4,2280.9755093009976,Hold,2280.975509301,1498.708010335952
Hold,2020-10-05 14:00:00,46.37,2279.500740652743,Hold,2279.500740652745,1497.73901808789
Hold,2020-10-05 15:00:00,46.42,2281.9586883998345,Hold,2281.958688399837,1499.3540051679934
Hold,2020-10-05 16:00:00,46.45,2283.4334570480896,Hold,2283.433457048092,1500.3229974160556
Hold,2020-10-05 17:00:00,45.7,2246.5642408417157,Hold,2246.564240841718,1476.0981912145048
Hold,2020-10-05 18:00:00,45.83,2252.954904984154,Hold,2252.954904984156,1480.2971576227735
Hold,2020-10-05 19:00:00,45.86,2254.4296736324086,Hold,2254.429673632411,1481.2661498708355
Hold,2020-10-05 20:00:00,45.97,2259.83715867601,Hold,2259.8371586760118,1484.8191214470633
Hold,2020-10-05 21:00:00,46.03,2262.7866959725197,Hold,2262.786695972522,1486.7571059431875
Hold,2020-10-05 22:00:00,46.11,2266.7194123678664,Hold,2266.7194123678687,1489.3410852713528
Hold,2020-10-05 23:00:00,46.34,2278.0259720044883,Hold,2278.0259720044905,1496.7700258398283
Hold,2020-10-06 00:00:00,46.17,2269.6689496643767,Hold,2269.668949664379,1491.279069767477
Hold,2020-10-06 01:00:00,46.28,2275.076434707978,Hold,2275.0764347079808,1494.8320413437043
Hold,2020-10-06 02:00:00,46.36,2279.0091511033243,Hold,2279.0091511033265,1497.4160206718698
Hold,2020-10-06 03:00:00,46.6,2290.8073002893643,Hold,2290.8073002893666,1505.1679586563662
Hold,2020-10-06 04:00:00,46.59,2290.315710739946,Hold,2290.315710739949,1504.8449612403456
Hold,2020-10-06 05:00:00,46.57,2289.332531641109,Hold,2289.332531641112,1504.1989664083042
Hold,2020-10-06 06:00:00,46.45,2283.4334570480896,Hold,2283.4334570480924,1500.322997416056
Hold,2020-10-06 07:00:00,46.24,2273.1100765103047,Hold,2273.1100765103074,1493.5400516796217
Hold,2020-10-06 08:00:00,46.36,2279.0091511033243,Hold,2279.009151103327,1497.4160206718698
Hold,2020-10-06 09:00:00,46.62,2291.7904793882008,Hold,2291.7904793882035,1505.8139534884074
Hold,2020-10-06 10:00:00,46.2,2271.1437183126313,Hold,2271.143718312634,1492.2480620155388
Hold,2020-10-06 11:00:00,45.89,2255.9044422806637,Hold,2255.9044422806664,1482.2351421188978
Hold,2020-10-06 12:00:00,45.85,2253.9380840829904,Hold,2253.9380840829926,1480.9431524548152
Hold,2020-10-06 13:00:00,45.81,2251.971725885317,Hold,2251.9717258853198,1479.6511627907325
Hold,2020-10-06 14:00:00,45.87,2254.921263181827,Hold,2254.9212631818295,1481.5891472868566
Hold,2020-10-06 15:00:00,47.87,2353.2391730654904,Hold,2353.2391730654936,1546.1886304909926
Hold,2020-10-06 16:00:00,47.48,2334.067180638176,Hold,2334.067180638179,1533.5917312661861
Hold,2020-10-06 17:00:00,47.3,2325.2185687486462,Hold,2325.218568748649,1527.7777777778142
Hold,2020-10-06 18:00:00,46.44,2282.941867498671,Hold,2282.9418674986737,1500.0000000000357
Hold,2020-10-06 19:00:00,46.25,2273.6016660597234,Hold,2273.6016660597256,1493.8630490956427
Hold,2020-10-06 20:00:00,45.92,2257.379210928919,Hold,2257.379210928921,1483.2041343669605
Hold,2020-10-06 21:00:00,45.74,2248.5305990393886,Hold,2248.530599039391,1477.3901808785884
Hold,2020-10-06 22:00:00,45.74,2248.5305990393886,Hold,2248.530599039391,1477.3901808785884
Hold,2020-10-06 23:00:00,45.99,2260.820337774847,Hold,2260.820337774849,1485.4651162791054
Hold,2020-10-07 00:00:00,45.7,2246.5642408417157,Hold,2246.564240841718,1476.0981912145057
Hold,2020-10-07 01:00:00,45.48,2235.749270754512,Hold,2235.7492707545143,1468.9922480620505
Hold,2020-10-07 02:00:00,45.65,2244.1062930946237,Hold,2244.106293094626,1474.4832041344023
Hold,2020-10-07 03:00:00,45.61,2242.1399348969503,Hold,2242.1399348969526,1473.1912144703194
Hold,2020-10-07 04:00:00,45.77,2250.0053676876437,Hold,2250.005367687646,1478.3591731266506
Hold,2020-10-07 05:00:00,45.81,2251.971725885317,Hold,2251.9717258853193,1479.6511627907332
Hold,2020-10-07 06:00:00,46.03,2262.7866959725197,Hold,2262.786695972522,1486.757105943188
Hold,2020-10-07 07:00:00,45.96,2259.345569126592,Hold,2259.3455691265945,1484.4961240310433
Hold,2020-10-07 08:00:00,45.9,2256.3960318300815,Hold,2256.3960318300833,1482.558139534919
Hold,2020-10-07 09:00:00,45.6,2241.6483453475325,Hold,2241.648345347535,1472.8682170542986
Hold,2020-10-07 10:00:00,45.64,2243.6147035452054,Hold,2243.6147035452077,1474.1602067183812
Hold,2020-10-07 11:00:00,45.64,2243.6147035452054,Hold,2243.6147035452077,1474.1602067183812
Hold,2020-10-07 12:00:00,46.13,2267.7025914667033,Hold,2267.7025914667056,1489.9870801033946
Hold,2020-10-07 13:00:00,46.12,2267.211001917285,Hold,2267.2110019172874,1489.6640826873738
Hold,2020-10-07 14:00:00,46.1,2266.227822818448,Hold,2266.2278228184505,1489.0180878553326
Hold,2020-10-07 15:00:00,46.16,2269.177360114958,Hold,2269.1773601149603,1490.9560723514564
Hold,2020-10-07 16:00:00,46.17,2269.6689496643767,Hold,2269.668949664379,1491.279069767477
Hold,2020-10-07 17:00:00,46.5,2285.891404795181,Hold,2285.8914047951835,1501.9379844961595
Hold,2020-10-07 18:00:00,46.69,2295.231606234129,Hold,2295.231606234131,1508.0749354005525
Hold,2020-10-07 19:00:00,46.67,2294.248427135293,Hold,2294.248427135295,1507.4289405685113
Hold,2020-10-07 20:00:00,46.7,2295.7231957835475,Hold,2295.7231957835497,1508.3979328165733
Hold,2020-10-07 21:00:00,46.58,2289.824121190528,Hold,2289.8241211905297,1504.521963824325
Hold,2020-10-07 22:00:00,46.59,2290.315710739946,Hold,2290.315710739948,1504.8449612403458
Hold,2020-10-07 23:00:00,46.55,2288.3493525422723,Hold,2288.349352542274,1503.552971576263
Hold,2020-10-08 00:00:00,46.3,2276.0596138068145,Hold,2276.0596138068167,1495.478036175746
Hold,2020-10-08 01:00:00,46.35,2278.5175615539065,Hold,2278.5175615539088,1497.0930232558494
Hold,2020-10-08 02:00:00,46.3,2276.0596138068145,Hold,2276.0596138068167,1495.4780361757457
Hold,2020-10-08 03:00:00,46.38,2279.9923302021616,Hold,2279.9923302021634,1498.0620155039112
Hold,2020-10-08 04:00:00,46.41,2281.4670988504163,Hold,2281.4670988504176,1499.031007751973
Hold,2020-10-08 05:00:00,46.14,2268.1941810161215,Hold,2268.194181016123,1490.310077519415
Hold,2020-10-08 06:00:00,46.33,2277.5343824550696,Hold,2277.534382455071,1496.4470284238078
Hold,2020-10-08 07:00:00,45.89,2255.9044422806637,Hold,2255.904442280665,1482.235142118898
Hold,2020-10-08 08:00:00,45.83,2252.954904984154,Hold,2252.9549049841553,1480.297157622774
Hold,2020-10-08 09:00:00,45.91,2256.8876213795,Hold,2256.8876213795015,1482.8811369509394
Hold,2020-10-08 10:00:00,46.03,2262.7866959725197,Hold,2262.786695972521,1486.757105943188
Hold,2020-10-08 11:00:00,45.91,2256.8876213795,Hold,2256.8876213795015,1482.8811369509397
Hold,2020-10-08 12:00:00,46.33,2277.5343824550696,Hold,2277.534382455071,1496.4470284238082
Hold,2020-10-08 13:00:00,46.69,2295.231606234129,Hold,2295.23160623413,1508.0749354005525
Hold,2020-10-08 14:00:00,47.21,2320.794262803882,Hold,2320.794262803883,1524.870801033628
Hold,2020-10-08 15:00:00,47.18,2319.3194941556267,Hold,2319.319494155628,1523.901808785566
Hold,2020-10-08 16:00:00,47.18,2319.3194941556267,Hold,2319.319494155628,1523.901808785566
Hold,2020-10-08 17:00:00,47.25,2322.760621001555,Hold,2322.7606210015565,1526.1627906977108
Hold,2020-10-08 18:00:00,47.12,2316.369956859117,Hold,2316.3699568591182,1521.9638242894418
Hold,2020-10-08 19:00:00,47.13,2316.8615464085356,Hold,2316.8615464085365,1522.2868217054627
Hold,2020-10-08 20:00:00,47.27,2323.7438001003916,Hold,2323.743800100393,1526.8087855297522
Hold,2020-10-08 21:00:00,47.14,2317.3531359579533,Hold,2317.3531359579542,1522.6098191214833
Hold,2020-10-08 22:00:00,47.19,2319.811083705045,Hold,2319.811083705046,1524.2248062015865
Hold,2020-10-08 23:00:00,47.21,2320.794262803882,Hold,2320.7942628038822,1524.870801033628
Hold,2020-10-09 00:00:00,46.8,2300.6390912777306,Hold,2300.639091277731,1511.6279069767797
Hold,2020-10-09 01:00:00,46.94,2307.521344969587,Hold,2307.5213449695875,1516.1498708010693
Hold,2020-10-09 02:00:00,47.02,2311.4540613649338,Hold,2311.4540613649338,1518.733850129235
Hold,2020-10-09 03:00:00,46.94,2307.521344969587,Hold,2307.521344969587,1516.1498708010693
Hold,2020-10-09 04:00:00,46.83,2302.1138599259857,Hold,2302.1138599259853,1512.5968992248418
Hold,2020-10-09 05:00:00,46.72,2296.706374882384,Hold,2296.706374882384,1509.0439276486143
Hold,2020-10-09 06:00:00,46.78,2299.6559121788937,Hold,2299.6559121788937,1510.9819121447383
Hold,2020-10-09 07:00:00,46.88,2304.5718076730773,Hold,2304.571807673077,1514.2118863049452
Hold,2020-10-09 08:00:00,47.07,2313.9120091120253,Hold,2313.9120091120253,1520.3488372093382
Hold,2020-10-09 09:00:00,46.89,2305.0633972224955,Hold,2305.063397222495,1514.534883720966
Hold,2020-10-09 10:00:00,47.39,2329.6428746934116,Hold,2329.642874693411,1530.6847545219998
Hold,2020-10-09 11:00:00,47.5,2335.050359737013,Hold,2335.0503597370125,1534.2377260982273
Hold,2020-10-09 12:00:00,47.64,2341.9326134288694,Hold,2341.932613428869,1538.7596899225168
Hold,2020-10-09 13:00:00,47.61,2340.4578447806143,Hold,2340.457844780614,1537.7906976744546
Hold,2020-10-09 14:00:00,47.88,2353.7307626149095,Hold,2353.730762614909,1546.511627907013
Hold,2020-10-09 15:00:00,48.14,2366.5120908997856,Hold,2366.5120908997847,1554.9095607235508
Hold,2020-10-09 16:00:00,47.68,2343.898971626543,Hold,2343.8989716265423,1540.0516795865994
Hold,2020-10-09 17:00:00,47.78,2348.814867120726,Hold,2348.8148671207255,1543.2816537468061
Hold,2020-10-09 18:00:00,47.74,2346.8485089230526,Hold,2346.8485089230517,1541.9896640827235
Hold,2020-10-09 19:00:00,47.63,2341.441023879451,Hold,2341.4410238794503,1538.436692506496
Hold,2020-10-09 20:00:00,47.58,2338.9830761323597,Hold,2338.9830761323587,1536.8217054263923
Hold,2020-10-09 21:00:00,47.89,2354.2223521643273,Hold,2354.222352164327,1546.8346253230334
Hold,2020-10-09 22:00:00,47.9,2354.7139417137455,Hold,2354.713941713745,1547.157622739054
Hold,2020-10-09 23:00:00,47.78,2348.814867120726,Hold,2348.8148671207255,1543.281653746806
Hold,2020-10-10 00:00:00,47.96,2357.6634790102557,Hold,2357.6634790102553,1549.095607235178
Hold,2020-10-10 01:00:00,47.99,2359.1382476585104,Hold,2359.13824765851,1550.06459948324
Hold,2020-10-10 02:00:00,48.95,2406.3308444026693,Hold,2406.330844402669,1581.0723514212254
Hold,2020-10-10 03:00:00,49.92,2454.015030696246,Hold,2454.0150306962455,1612.4031007752312
Hold,2020-10-10 04:00:00,49.86,2451.065493399736,Hold,2451.065493399736,1610.465116279107
Hold,2020-10-10 05:00:00,49.55,2435.826217367768,Hold,2435.8262173677676,1600.452196382466
Hold,2020-10-10 06:00:00,49.5,2433.3682696206765,Hold,2433.368269620676,1598.8372093023627
Hold,2020-10-10 07:00:00,49.73,2444.674829257298,Hold,2444.6748292572975,1606.2661498708383
Hold,2020-10-10 08:00:00,49.62,2439.267344213696,Hold,2439.2673442136957,1602.7131782946108
Hold,2020-10-10 09:00:00,49.32,2424.5196577311467,Hold,2424.5196577311467,1593.0232558139903
Hold,2020-10-10 10:00:00,49.07,2412.229918995689,Hold,2412.229918995689,1584.9483204134733
Hold,2020-10-10 11:00:00,49.21,2419.1121726875454,Hold,2419.1121726875454,1589.470284237763
Hold,2020-10-10 12:00:00,49.33,2425.011247280565,Hold,2425.0112472805645,1593.3462532300114
Hold,2020-10-10 13:00:00,49.93,2454.5066202456646,Hold,2454.5066202456646,1612.726098191252
Hold,2020-10-10 14:00:00,49.62,2439.267344213696,Hold,2439.2673442136957,1602.713178294611
Hold,2020-10-10 15:00:00,49.5,2433.3682696206765,Hold,2433.368269620676,1598.837209302363
Hold,2020-10-10 16:00:00,49.41,2428.9439636759116,Hold,2428.943963675911,1595.9302325581766
Hold,2020-10-10 17:00:00,49.29,2423.0448890828916,Hold,2423.044889082891,1592.0542635659285
Hold,2020-10-10 18:00:00,49.32,2424.5196577311467,Hold,2424.5196577311467,1593.0232558139905
Hold,2020-10-10 19:00:00,49.17,2417.145814489872,Hold,2417.145814489872,1588.1782945736802
Hold,2020-10-10 20:00:00,49.23,2420.095351786382,Hold,2420.0953517863823,1590.1162790698042
Hold,2020-10-10 21:00:00,49.44,2430.4187323241667,Hold,2430.418732324167,1596.8992248062386
Hold,2020-10-10 22:00:00,49.23,2420.095351786382,Hold,2420.0953517863823,1590.1162790698042
Hold,2020-10-10 23:00:00,48.88,2402.889717556741,Hold,2402.8897175567413,1578.8113695090806
Hold,2020-10-11 00:00:00,48.81,2399.448590710813,Hold,2399.4485907108133,1576.5503875969357
Hold,2020-10-11 01:00:00,49.2,2418.620583138127,Hold,2418.620583138127,1589.1472868217422
Hold,2020-10-11 02:00:00,49.21,2419.1121726875454,Hold,2419.112172687546,1589.470284237763
Hold,2020-10-11 03:00:00,49.14,2415.6710458416173,Hold,2415.671045841618,1587.2093023256184
Hold,2020-10-11 04:00:00,49.11,2414.196277193362,Hold,2414.1962771933627,1586.2403100775564
Hold,2020-10-11 05:00:00,49.72,2444.1832397078797,Hold,2444.18323970788,1605.943152454818
Hold,2020-10-11 06:00:00,49.72,2444.1832397078797,Hold,2444.18323970788,1605.943152454818
Hold,2020-10-11 07:00:00,49.67,2441.725291960788,Hold,2441.7252919607886,1604.328165374715
Hold,2020-10-11 08:00:00,49.68,2442.2168815102063,Hold,2442.216881510207,1604.6511627907355
Hold,2020-10-11 09:00:00,49.54,2435.33462781835,Hold,2435.3346278183503,1600.129198966446
Hold,2020-10-11 10:00:00,50.6,2487.443120056692,Hold,2487.4431200566924,1634.3669250646378
Hold,2020-10-11 11:00:00,50.21,2468.271127629377,Hold,2468.2711276293776,1621.770025839831
Hold,2020-10-11 12:00:00,49.71,2443.691650158461,Hold,2443.691650158461,1605.6201550387973
Hold,2020-10-11 13:00:00,49.89,2452.5402620479913,Hold,2452.5402620479917,1611.4341085271694
Hold,2020-10-11 14:00:00,50.6,2487.443120056692,Hold,2487.4431200566924,1634.3669250646378
Hold,2020-10-11 15:00:00,50.72,2493.3421946497115,Hold,2493.342194649712,1638.242894056886
Hold,2020-10-11 16:00:00,50.48,2481.544045463672,Hold,2481.5440454636723,1630.4909560723895
Hold,2020-10-11 17:00:00,50.78,2496.2917319462213,Hold,2496.2917319462217,1640.18087855301
Hold,2020-10-11 18:00:00,50.8,2497.274911045058,Hold,2497.2749110450586,1640.8268733850512
Hold,2020-10-11 19:00:00,50.35,2475.153381321234,Hold,2475.1533813212345,1626.2919896641208
Hold,2020-10-11 20:00:00,50.4,2477.611329068325,Hold,2477.6113290683256,1627.9069767442243
Hold,2020-10-11 21:00:00,50.55,2484.9851723096,Hold,2484.9851723096003,1632.7519379845344
Hold,2020-10-11 22:00:00,50.47,2481.0524559142536,Hold,2481.052455914254,1630.1679586563691
Hold,2020-10-11 23:00:00,50.48,2481.544045463672,Hold,2481.544045463672,1630.4909560723895
Hold,2020-10-12 00:00:00,50.25,2470.2374858270505,Hold,2470.2374858270505,1623.062015503914
Hold,2020-10-12 01:00:00,50.34,2474.6617917718154,Hold,2474.6617917718154,1625.9689922481004
Hold,2020-10-12 02:00:00,50.16,2465.813179882285,Hold,2465.813179882285,1620.155038759728
Hold,2020-10-12 03:00:00,50.04,2459.9141052892655,Hold,2459.9141052892655,1616.27906976748
Hold,2020-10-12 04:00:00,50.04,2459.9141052892655,Hold,2459.9141052892655,1616.27906976748
Hold,2020-10-12 05:00:00,50.21,2468.271127629377,Hold,2468.2711276293776,1621.7700258398318
Hold,2020-10-12 06:00:00,49.85,2450.573903850318,Hold,2450.5739038503184,1610.1421188630873
Hold,2020-10-12 07:00:00,50.44,2479.5776872659985,Hold,2479.577687265999,1629.1989664083073
Hold,2020-10-12 08:00:00,50.4,2477.611329068325,Hold,2477.611329068326,1627.9069767442247
Hold,2020-10-12 09:00:00,50.3,2472.695433574142,Hold,2472.6954335741425,1624.6770025840178
Hold,2020-10-12 10:00:00,49.74,2445.166418806716,Hold,2445.1664188067166,1606.5891472868598
Hold,2020-10-12 11:00:00,49.54,2435.33462781835,Hold,2435.334627818351,1600.1291989664462
Hold,2020-10-12 12:00:00,50.13,2464.3384112340304,Hold,2464.3384112340314,1619.1860465116665
Hold,2020-10-12 13:00:00,51.03,2508.5814706816795,Hold,2508.581470681681,1648.2558139535276
Hold,2020-10-12 14:00:00,50.66,2490.3926573532012,Hold,2490.3926573532026,1636.3049095607626
Hold,2020-10-12 15:00:00,50.98,2506.1235229345875,Hold,2506.1235229345884,1646.6408268734242
Hold,2020-10-12 16:00:00,51.14,2513.988955725281,Hold,2513.988955725282,1651.8087855297551
Hold,2020-10-12 17:00:00,51.19,2516.4469034723725,Hold,2516.4469034723734,1653.4237726098586
Hold,2020-10-12 18:00:00,51.19,2516.4469034723725,Hold,2516.4469034723734,1653.4237726098586
Hold,2020-10-12 19:00:00,51.07,2510.5478288793524,Hold,2510.5478288793533,1649.5478036176105
Hold,2020-10-12 20:00:00,51.04,2509.0730602310973,Hold,2509.0730602310987,1648.5788113695485
Hold,2020-10-12 21:00:00,51.44,2528.7366422078303,Hold,2528.736642207832,1661.4987080103758
Hold,2020-10-12 22:00:00,51.27,2520.379619867719,Hold,2520.379619867721,1656.0077519380243
Hold,2020-10-12 23:00:00,50.58,2486.459940957855,Hold,2486.459940957857,1633.7209302325973
Hold,2020-10-13 00:00:00,50.32,2473.678612672979,Hold,2473.6786126729808,1625.3229974160597
Hold,2020-10-13 01:00:00,50.29,2472.2038440247234,Hold,2472.203844024725,1624.3540051679977
Hold,2020-10-13 02:00:00,50.21,2468.271127629377,Hold,2468.2711276293785,1621.7700258398324
Hold,2020-10-13 03:00:00,50.0,2457.947747091592,Hold,2457.947747091594,1614.987080103398
Hold,2020-10-13 04:00:00,50.22,2468.762717178796,Hold,2468.762717178797,1622.093023255853
Hold,2020-10-13 05:00:00,50.31,2473.1870231235607,Hold,2473.187023123562,1625.0000000000393
Hold,2020-10-13 06:00:00,50.15,2465.3215903328673,Hold,2465.3215903328687,1619.8320413437084
Hold,2020-10-13 07:00:00,50.0,2457.947747091592,Hold,2457.9477470915936,1614.9870801033983
Hold,2020-10-13 08:00:00,50.27,2471.2206649258874,Hold,2471.2206649258887,1623.7080103359567
Hold,2020-10-13 09:00:00,50.06,2460.897284388103,Hold,2460.8972843881043,1616.9250645995223
Hold,2020-10-13 10:00:00,50.23,2469.2543067282136,Hold,2469.254306728215,1622.4160206718736
Hold,2020-10-13 11:00:00,50.22,2468.762717178796,Hold,2468.762717178797,1622.093023255853
Hold,2020-10-13 12:00:00,50.02,2458.9309261904295,Hold,2458.930926190431,1615.6330749354395
Hold,2020-10-13 13:00:00,49.47,2431.893500972422,Hold,2431.893500972423,1597.868217054302
Hold,2020-10-13 14:00:00,49.65,2440.7421128619512,Hold,2440.7421128619526,1603.682170542674
Hold,2020-10-13 15:00:00,49.72,2444.1832397078797,Hold,2444.1832397078806,1605.9431524548188
Hold,2020-10-13 16:00:00,49.9,2453.031851597409,Hold,2453.03185159741,1611.757105943191
Hold,2020-10-13 17:00:00,49.54,2435.33462781835,Hold,2435.3346278183512,1600.1291989664467
Hold,2020-10-13 18:00:00,49.53,2434.8430382689317,Hold,2434.843038268933,1599.806201550426
Hold,2020-10-13 19:00:00,49.64,2440.250523312533,Hold,2440.250523312535,1603.3591731266533
Hold,2020-10-13 20:00:00,49.76,2446.149597905553,Hold,2446.1495979055544,1607.2351421189014
Hold,2020-10-13 21:00:00,49.99,2457.4561575421744,Hold,2457.4561575421762,1614.6640826873772
Hold,2020-10-13 22:00:00,49.97,2456.4729784433375,Hold,2456.4729784433393,1614.0180878553358
Hold,2020-10-13 23:00:00,49.89,2452.5402620479913,Hold,2452.540262047993,1611.4341085271706
Hold,2020-10-14 00:00:00,50.16,2465.813179882285,Hold,2465.813179882287,1620.155038759729
Hold,2020-10-14 01:00:00,49.99,2457.4561575421744,Hold,2457.4561575421767,1614.6640826873777
Hold,2020-10-14 02:00:00,49.94,2454.9982097950824,Hold,2454.9982097950847,1613.049095607274
Hold,2020-10-14 03:00:00,49.94,2454.9982097950824,Hold,2454.9982097950847,1613.049095607274
Hold,2020-10-14 04:00:00,49.87,2451.557082949154,Hold,2451.557082949156,1610.7881136951294
Hold,2020-10-14 05:00:00,50.46,2480.560866364835,Hold,2480.5608663648372,1629.8449612403497
Hold,2020-10-14 06:00:00,50.47,2481.0524559142536,Hold,2481.0524559142564,1630.1679586563703
Hold,2020-10-14 07:00:00,50.38,2476.6281499694887,Hold,2476.6281499694915,1627.2609819121842
Hold,2020-10-14 08:00:00,50.74,2494.3253737485484,Hold,2494.325373748551,1638.8888888889287
Hold,2020-10-14 09:00:00,50.41,2478.1029186177434,Hold,2478.102918617746,1628.2299741602462
Hold,2020-10-14 10:00:00,50.21,2468.271127629377,Hold,2468.27112762938,1621.7700258398327
Hold,2020-10-14 11:00:00,50.15,2465.3215903328673,Hold,2465.3215903328705,1619.8320413437086
Hold,2020-10-14 12:00:00,50.48,2481.544045463672,Hold,2481.544045463675,1630.490956072391
Hold,2020-10-14 13:00:00,50.82,2498.2580901438946,Hold,2498.258090143898,1641.4728682170942
Hold,2020-10-14 14:00:00,50.0,2457.947747091592,Hold,2457.9477470915954,1614.9870801033985
Hold,2020-10-14 15:00:00,49.48,2432.3850905218396,Hold,2432.385090521843,1598.191214470323
Hold,2020-10-14 16:00:00,49.72,2444.1832397078797,Hold,2444.183239707883,1605.9431524548195
Hold,2020-10-14 17:00:00,49.53,2434.8430382689317,Hold,2434.843038268935,1599.8062015504265
Hold,2020-10-14 18:00:00,49.56,2436.3178069171868,Hold,2436.3178069171904,1600.7751937984888
Hold,2020-10-14 19:00:00,49.43,2429.9271427747485,Hold,2429.9271427747517,1596.57622739022
Hold,2020-10-14 20:00:00,49.55,2435.826217367768,Hold,2435.8262173677713,1600.452196382468
Hold,2020-10-14 21:00:00,49.47,2431.893500972422,Hold,2431.893500972425,1597.8682170543027
Hold,2020-10-14 22:00:00,49.73,2444.674829257298,Hold,2444.674829257301,1606.26614987084
Hold,2020-10-14 23:00:00,49.79,2447.6243665538077,Hold,2447.624366553811,1608.2041343669641
Hold,2020-10-15 00:00:00,49.57,2436.809396466605,Hold,2436.809396466608,1601.0981912145091
Hold,2020-10-15 01:00:00,49.63,2439.758933763115,Hold,2439.758933763118,1603.0361757106334
Hold,2020-10-15 02:00:00,49.46,2431.401911423003,Hold,2431.401911423006,1597.545219638282
Hold,2020-10-15 03:00:00,49.6,2438.28416511486,Hold,2438.284165114863,1602.0671834625714
Hold,2020-10-15 04:00:00,49.6,2438.28416511486,Hold,2438.284165114863,1602.0671834625714
Hold,2020-10-15 05:00:00,49.76,2446.149597905553,Hold,2446.1495979055558,1607.2351421189023
Hold,2020-10-15 06:00:00,50.06,2460.897284388103,Hold,2460.8972843881056,1616.925064599523
Hold,2020-10-15 07:00:00,50.16,2465.813179882285,Hold,2465.813179882288,1620.1550387597297
Hold,2020-10-15 08:00:00,49.67,2441.725291960788,Hold,2441.725291960791,1604.3281653747163
Hold,2020-10-15 09:00:00,49.29,2423.0448890828916,Hold,2423.0448890828943,1592.0542635659306
Hold,2020-10-15 10:00:00,49.37,2426.9776054782383,Hold,2426.977605478241,1594.638242894096
Hold,2020-10-15 11:00:00,49.31,2424.028068181729,Hold,2424.028068181731,1592.700258397972
Hold,2020-10-15 12:00:00,49.63,2439.758933763115,Hold,2439.758933763117,1603.0361757106336
Hold,2020-10-15 13:00:00,49.86,2451.065493399736,Hold,2451.0654933997384,1610.4651162791092
Hold,2020-10-15 14:00:00,49.63,2439.758933763115,Hold,2439.758933763117,1603.0361757106336
Hold,2020-10-15 15:00:00,49.68,2442.2168815102063,Hold,2442.2168815102086,1604.6511627907369
Hold,2020-10-15 16:00:00,49.37,2426.9776054782383,Hold,2426.9776054782405,1594.6382428940958
Hold,2020-10-15 17:00:00,49.76,2446.149597905553,Hold,2446.149597905555,1607.2351421189023
Hold,2020-10-15 18:00:00,49.55,2435.826217367768,Hold,2435.82621736777,1600.452196382468
Hold,2020-10-15 19:00:00,49.58,2437.3009860160228,Hold,2437.300986016025,1601.42118863053
Hold,2020-10-15 20:00:00,49.62,2439.267344213696,Hold,2439.267344213698,1602.7131782946128
Hold,2020-10-15 21:00:00,49.42,2429.43555322533,Hold,2429.435553225332,1596.2532299741995
Hold,2020-10-15 22:00:00,49.42,2429.43555322533,Hold,2429.435553225332,1596.2532299741995
Hold,2020-10-15 23:00:00,49.53,2434.8430382689317,Hold,2434.843038268934,1599.8062015504267
Hold,2020-10-16 00:00:00,49.43,2429.9271427747485,Hold,2429.927142774751,1596.57622739022
Hold,2020-10-16 01:00:00,49.78,2447.1327770043895,Hold,2447.1327770043918,1607.8811369509438
Hold,2020-10-16 02:00:00,49.63,2439.758933763115,Hold,2439.7589337631175,1603.0361757106334
Hold,2020-10-16 03:00:00,49.74,2445.166418806716,Hold,2445.1664188067184,1606.5891472868611
Hold,2020-10-16 04:00:00,46.95,2308.0129345190053,Hold,2308.0129345190076,1516.4728682170917
Hold,2020-10-16 05:00:00,47.3,2325.2185687486462,Hold,2325.2185687486485,1527.7777777778151
Hold,2020-10-16 06:00:00,47.17,2318.8279046062084,Hold,2318.8279046062107,1523.5788113695464
Hold,2020-10-16 07:00:00,47.05,2312.9288300131884,Hold,2312.9288300131907,1519.7028423772983
Hold,2020-10-16 08:00:00,47.08,2314.4035986614435,Hold,2314.403598661446,1520.6718346253604
Hold,2020-10-16 09:00:00,46.69,2295.231606234129,Hold,2295.231606234131,1508.0749354005538
Hold,2020-10-16 10:00:00,46.94,2307.521344969587,Hold,2307.5213449695893,1516.1498708010708
Hold,2020-10-16 11:00:00,47.37,2328.6596955945747,Hold,2328.659695594577,1530.0387596899598
Hold,2020-10-16 12:00:00,47.26,2323.2522105509734,Hold,2323.252210550976,1526.4857881137323
Hold,2020-10-16 13:00:00,47.24,2322.2690314521365,Hold,2322.269031452139,1525.839793281691
Hold,2020-10-16 14:00:00,47.03,2311.945650914352,Hold,2311.9456509143547,1519.056847545257
Hold,2020-10-16 15:00:00,47.12,2316.369956859117,Hold,2316.36995685912,1521.9638242894428
Hold,2020-10-16 16:00:00,47.13,2316.8615464085356,Hold,2316.8615464085383,1522.2868217054636
Hold,2020-10-16 17:00:00,47.18,2319.3194941556267,Hold,2319.3194941556294,1523.9018087855668
Hold,2020-10-16 18:00:00,47.47,2333.575591088758,Hold,2333.57559108876,1533.2687338501662
Hold,2020-10-16 19:00:00,47.18,2319.3194941556267,Hold,2319.3194941556294,1523.9018087855668
Hold,2020-10-16 20:00:00,47.31,2325.710158298065,Hold,2325.7101582980677,1528.1007751938355
Hold,2020-10-16 21:00:00,47.63,2341.441023879451,Hold,2341.4410238794535,1538.4366925064974
Hold,2020-10-16 22:00:00,47.63,2341.441023879451,Hold,2341.4410238794535,1538.4366925064974
Hold,2020-10-16 23:00:00,47.6,2339.966255231196,Hold,2339.9662552311984,1537.4677002584353
Hold,2020-10-17 00:00:00,47.15,2317.8447255073715,Hold,2317.844725507374,1522.9328165375048
Hold,2020-10-17 01:00:00,47.44,2332.1008224405027,Hold,2332.100822440505,1532.2997416021044
Hold,2020-10-17 02:00:00,47.48,2334.067180638176,Hold,2334.067180638179,1533.591731266187
Hold,2020-10-17 03:00:00,47.62,2340.9494343300325,Hold,2340.9494343300353,1538.1136950904768
Hold,2020-10-17 04:00:00,47.46,2333.08400153934,Hold,2333.084001539343,1532.9457364341458
Hold,2020-10-17 05:00:00,47.41,2330.626053792248,Hold,2330.626053792251,1531.3307493540422
Hold,2020-10-17 06:00:00,47.35,2327.6765164957383,Hold,2327.6765164957405,1529.3927648579183
Hold,2020-10-17 07:00:00,47.32,2326.201747847483,Hold,2326.2017478474854,1528.423772609856
Hold,2020-10-17 08:00:00,47.16,2318.33631505679,Hold,2318.3363150567925,1523.2558139535254
Hold,2020-10-17 09:00:00,47.34,2327.18492694632,Hold,2327.1849269463223,1529.0697674418977
Hold,2020-10-17 10:00:00,47.38,2329.1512851439934,Hold,2329.151285143996,1530.3617571059804
Hold,2020-10-17 11:00:00,47.27,2323.7438001003916,Hold,2323.7438001003943,1526.8087855297529
Hold,2020-10-17 12:00:00,47.42,2331.1176433416667,Hold,2331.1176433416695,1531.6537467700632
Hold,2020-10-17 13:00:00,46.87,2304.080218123659,Hold,2304.080218123662,1513.8888888889257
Hold,2020-10-17 14:00:00,47.15,2317.8447255073715,Hold,2317.8447255073743,1522.9328165375048
Hold,2020-10-17 15:00:00,47.01,2310.962471815515,Hold,2310.962471815518,1518.4108527132153
Hold,2020-10-17 16:00:00,46.78,2299.6559121788937,Hold,2299.6559121788964,1510.9819121447397
Hold,2020-10-17 17:00:00,46.94,2307.521344969587,Hold,2307.52134496959,1516.1498708010704
Hold,2020-10-17 18:00:00,46.96,2308.504524068424,Hold,2308.504524068427,1516.7958656331118
Hold,2020-10-17 19:00:00,46.74,2297.689553981221,Hold,2297.689553981224,1509.6899224806568
Hold,2020-10-17 20:00:00,46.87,2304.080218123659,Hold,2304.0802181236627,1513.8888888889255
Hold,2020-10-17 21:00:00,46.63,2292.2820689376194,Hold,2292.282068937623,1506.1369509044293
Hold,2020-10-17 22:00:00,46.74,2297.689553981221,Hold,2297.689553981224,1509.6899224806566
Hold,2020-10-17 23:00:00,46.93,2307.029755420169,Hold,2307.029755420172,1515.8268733850493
Hold,2020-10-18 00:00:00,47.03,2311.945650914352,Hold,2311.9456509143556,1519.0568475452562
Hold,2020-10-18 01:00:00,47.11,2315.878367309698,Hold,2315.878367309702,1521.6408268734217
Hold,2020-10-18 02:00:00,47.09,2314.895188210862,Hold,2314.895188210866,1520.9948320413805
Hold,2020-10-18 03:00:00,47.08,2314.4035986614435,Hold,2314.4035986614476,1520.6718346253597
Hold,2020-10-18 04:00:00,47.09,2314.895188210862,Hold,2314.8951882108663,1520.9948320413807
Hold,2020-10-18 05:00:00,47.17,2318.8279046062084,Hold,2318.827904606213,1523.578811369546
Hold,2020-10-18 06:00:00,47.49,2334.5587701875947,Hold,2334.558770187599,1533.9147286822076
Hold,2020-10-18 07:00:00,47.49,2334.5587701875947,Hold,2334.558770187599,1533.9147286822076
Hold,2020-10-18 08:00:00,47.44,2332.1008224405027,Hold,2332.100822440507,1532.299741602104
Hold,2020-10-18 09:00:00,47.39,2329.6428746934116,Hold,2329.6428746934157,1530.6847545220005
Hold,2020-10-18 10:00:00,47.44,2332.1008224405027,Hold,2332.100822440507,1532.299741602104
Hold,2020-10-18 11:00:00,47.38,2329.1512851439934,Hold,2329.151285143998,1530.36175710598
Hold,2020-10-18 12:00:00,47.38,2329.1512851439934,Hold,2329.151285143998,1530.36175710598
Hold,2020-10-18 13:00:00,47.41,2330.626053792248,Hold,2330.626053792252,1531.3307493540417
Hold,2020-10-18 14:00:00,47.54,2337.0167179346863,Hold,2337.01671793469,1535.5297157623104
Hold,2020-10-18 15:00:00,47.54,2337.0167179346863,Hold,2337.01671793469,1535.5297157623104
Hold,2020-10-18 16:00:00,47.47,2333.575591088758,Hold,2333.5755910887615,1533.2687338501655
Hold,2020-10-18 17:00:00,47.51,2335.541949286431,Hold,2335.541949286435,1534.5607235142481
Hold,2020-10-18 18:00:00,47.4,2330.1344642428294,Hold,2330.134464242833,1531.0077519380206
Hold,2020-10-18 19:00:00,47.39,2329.6428746934116,Hold,2329.6428746934157,1530.684754522
Hold,2020-10-18 20:00:00,47.35,2327.6765164957383,Hold,2327.676516495742,1529.3927648579174
Hold,2020-10-18 21:00:00,47.41,2330.626053792248,Hold,2330.6260537922517,1531.3307493540415
Hold,2020-10-18 22:00:00,47.49,2334.5587701875947,Hold,2334.558770187598,1533.9147286822072
Hold,2020-10-18 23:00:00,47.54,2337.0167179346863,Hold,2337.0167179346895,1535.5297157623104
Hold,2020-10-19 00:00:00,47.28,2324.23538964981,Hold,2324.235389649813,1527.131782945773
Hold,2020-10-19 01:00:00,47.14,2317.3531359579533,Hold,2317.3531359579565,1522.6098191214835
Hold,2020-10-19 02:00:00,47.18,2319.3194941556267,Hold,2319.31949415563,1523.9018087855663
Hold,2020-10-19 03:00:00,46.87,2304.080218123659,Hold,2304.0802181236622,1513.888888888925
Hold,2020-10-19 04:00:00,47.01,2310.962471815515,Hold,2310.9624718155183,1518.4108527132146
Hold,2020-10-19 05:00:00,47.05,2312.9288300131884,Hold,2312.9288300131916,1519.7028423772972
Hold,2020-10-19 06:00:00,47.13,2316.8615464085356,Hold,2316.8615464085383,1522.286821705463
Hold,2020-10-19 07:00:00,47.08,2314.4035986614435,Hold,2314.4035986614463,1520.6718346253595
Hold,2020-10-19 08:00:00,47.25,2322.760621001555,Hold,2322.760621001558,1526.162790697711
Hold,2020-10-19 09:00:00,47.28,2324.23538964981,Hold,2324.2353896498125,1527.1317829457732
Hold,2020-10-19 10:00:00,47.3,2325.2185687486462,Hold,2325.218568748649,1527.7777777778144
Hold,2020-10-19 11:00:00,47.29,2324.7269791992285,Hold,2324.726979199231,1527.4547803617938
Hold,2020-10-19 12:00:00,47.52,2336.03353883585,Hold,2336.0335388358526,1534.8837209302694
Hold,2020-10-19 13:00:00,47.93,2356.1887103620006,Hold,2356.188710362003,1548.1266149871174
Hold,2020-10-19 14:00:00,47.9,2354.7139417137455,Hold,2354.7139417137478,1547.1576227390553
Hold,2020-10-19 15:00:00,48.27,2372.902755042224,Hold,2372.902755042226,1559.108527131821
Hold,2020-10-19 16:00:00,48.34,2376.343881888152,Hold,2376.343881888154,1561.3695090439655
Hold,2020-10-19 17:00:00,48.12,2365.528911800948,Hold,2365.52891180095,1554.2635658915103
Hold,2020-10-19 18:00:00,48.0,2359.629837207929,Hold,2359.629837207931,1550.3875968992622
Hold,2020-10-19 19:00:00,48.08,2363.562553603275,Hold,2363.5625536032767,1552.9715762274277
Hold,2020-10-19 20:00:00,48.05,2362.08778495502,Hold,2362.0877849550216,1552.0025839793657
Hold,2020-10-19 21:00:00,48.17,2367.9868595480407,Hold,2367.986859548042,1555.878552971614
Hold,2020-10-19 22:00:00,48.08,2363.562553603275,Hold,2363.5625536032767,1552.9715762274277
Hold,2020-10-19 23:00:00,47.99,2359.1382476585104,Hold,2359.1382476585122,1550.0645994832416
Hold,2020-10-20 00:00:00,47.95,2357.171889460837,Hold,2357.171889460839,1548.772609819159
Hold,2020-10-20 01:00:00,47.99,2359.1382476585104,Hold,2359.1382476585127,1550.0645994832419
Hold,2020-10-20 02:00:00,48.0,2359.629837207929,Hold,2359.6298372079314,1550.3875968992627
Hold,2020-10-20 03:00:00,48.29,2373.88593414106,Hold,2373.885934141062,1559.7545219638625
Hold,2020-10-20 04:00:00,47.93,2356.1887103620006,Hold,2356.1887103620033,1548.126614987118
Hold,2020-10-20 05:00:00,47.94,2356.680299911419,Hold,2356.680299911422,1548.4496124031389
Hold,2020-10-20 06:00:00,48.08,2363.562553603275,Hold,2363.562553603278,1552.9715762274284
Hold,2020-10-20 07:00:00,47.53,2336.5251283852676,Hold,2336.5251283852704,1535.206718346291
Hold,2020-10-20 08:00:00,47.67,2343.4073820771246,Hold,2343.4073820771273,1539.7286821705804
Hold,2020-10-20 09:00:00,47.68,2343.898971626543,Hold,2343.8989716265455,1540.051679586601
Hold,2020-10-20 10:00:00,47.63,2341.441023879451,Hold,2341.441023879454,1538.4366925064976
Hold,2020-10-20 11:00:00,47.08,2314.4035986614435,Hold,2314.4035986614463,1520.6718346253601
Hold,2020-10-20 12:00:00,47.14,2317.3531359579533,Hold,2317.3531359579556,1522.6098191214844
Hold,2020-10-20 13:00:00,47.26,2323.2522105509734,Hold,2323.252210550976,1526.4857881137325
Hold,2020-10-20 14:00:00,47.0,2310.4708822660973,Hold,2310.4708822660996,1518.0878552971951
Hold,2020-10-20 15:00:00,47.23,2321.7774419027182,Hold,2321.7774419027205,1525.5167958656705
Hold,2020-10-20 16:00:00,47.27,2323.7438001003916,Hold,2323.743800100394,1526.8087855297535
Hold,2020-10-20 17:00:00,47.01,2310.962471815515,Hold,2310.9624718155173,1518.410852713216
Hold,2020-10-20 18:00:00,46.95,2308.0129345190053,Hold,2308.0129345190076,1516.472868217092
Hold,2020-10-20 19:00:00,46.61,2291.2988898387825,Hold,2291.298889838785,1505.4909560723886
Hold,2020-10-20 20:00:00,46.9,2305.5549867719137,Hold,2305.554986771916,1514.8578811369885
Hold,2020-10-20 21:00:00,46.92,2306.5381658707506,Hold,2306.5381658707533,1515.5038759690299
Hold,2020-10-20 22:00:00,47.05,2312.9288300131884,Hold,2312.928830013191,1519.7028423772986
Hold,2020-10-20 23:00:00,46.88,2304.5718076730773,Hold,2304.5718076730795,1514.2118863049473
Hold,2020-10-21 00:00:00,47.25,2322.760621001555,Hold,2322.7606210015574,1526.1627906977121
Hold,2020-10-21 01:00:00,47.38,2329.1512851439934,Hold,2329.1512851439957,1530.361757105981
Hold,2020-10-21 02:00:00,47.45,2332.5924119899214,Hold,2332.5924119899237,1532.622739018126
Hold,2020-10-21 03:00:00,49.14,2415.6710458416173,Hold,2415.6710458416196,1587.209302325621
Hold,2020-10-21 04:00:00,49.19,2418.1289935887085,Hold,2418.1289935887107,1588.8242894057241
Hold,2020-10-21 05:00:00,48.83,2400.431769809649,Hold,2400.4317698096515,1577.1963824289796
Hold,2020-10-21 06:00:00,48.77,2397.4822325131395,Hold,2397.482232513142,1575.2583979328558
Hold,2020-10-21 07:00:00,48.77,2397.4822325131395,Hold,2397.482232513142,1575.2583979328558
Hold,2020-10-21 08:00:00,48.57,2387.6504415247728,Hold,2387.6504415247755,1568.798449612442
Hold,2020-10-21 09:00:00,48.76,2396.9906429637213,Hold,2396.9906429637244,1574.935400516835
Hold,2020-10-21 10:00:00,49.08,2412.721508545107,Hold,2412.72150854511,1585.2713178294969
Hold,2020-10-21 11:00:00,49.15,2416.1626353910356,Hold,2416.1626353910383,1587.5322997416417
Hold,2020-10-21 12:00:00,50.48,2481.544045463672,Hold,2481.544045463675,1630.4909560723922
Hold,2020-10-21 13:00:00,52.38,2574.9460598531523,Hold,2574.946059853156,1691.8604651163214
Hold,2020-10-21 14:00:00,52.23,2567.5722166118776,Hold,2567.5722166118812,1687.015503876011
Hold,2020-10-21 15:00:00,52.76,2593.6264627310484,Hold,2593.6264627310516,1704.134366925107
Hold,2020-10-21 16:00:00,52.49,2580.353544896754,Hold,2580.3535448967573,1695.4134366925489
Hold,2020-10-21 17:00:00,52.4,2575.929238951989,Hold,2575.9292389519924,1692.5064599483626
Hold,2020-10-21 18:00:00,53.09,2609.848917861853,Hold,2609.8489178618556,1714.7932816537896
Hold,2020-10-21 19:00:00,52.31,2571.504933007224,Hold,2571.5049330072266,1689.5994832041765
Hold,2020-10-21 20:00:00,52.98,2604.4414328182515,Hold,2604.4414328182543,1711.2403100775618
Hold,2020-10-21 21:00:00,53.51,2630.495678937422,Hold,2630.495678937424,1728.3591731266579
Hold,2020-10-21 22:00:00,54.4,2674.2471488356528,Hold,2674.247148835655,1757.1059431524982
Hold,2020-10-21 23:00:00,52.98,2604.4414328182515,Hold,2604.441432818254,1711.2403100775616
Hold,2020-10-22 00:00:00,54.49,2678.6714547804177,Hold,2678.67145478042,1760.0129198966845
Hold,2020-10-22 01:00:00,54.75,2691.4527830652937,Hold,2691.452783065296,1768.410852713222
Hold,2020-10-22 02:00:00,55.26,2716.523850085628,Hold,2716.5238500856303,1784.8837209302767
Hold,2020-10-22 03:00:00,54.78,2692.927551713549,Hold,2692.927551713551,1769.3798449612843
Hold,2020-10-22 04:00:00,54.89,2698.33503675715,Hold,2698.3350367571525,1772.9328165375118
Hold,2020-10-22 05:00:00,54.98,2702.7593427019146,Hold,2702.759342701917,1775.8397932816981
Take-Profit,2020-10-22 06:00:00,55.91,2748.477170797819,TP 20.0% hit,2748.4771707978216,1805.8785529716215
Buy,2020-10-22 10:00:00,55.45,2748.477170797819,Sinal: Compra,2748.4771707978216,1791.0206718346703
Hold,2020-10-22 11:00:00,55.41,2741.0042576548126,Hold,2741.004257654815,1789.7286821705875
Hold,2020-10-22 12:00:00,55.08,2724.679922606517,Hold,2724.679922606519,1779.0697674419055
Hold,2020-10-22 13:00:00,55.41,2741.0042576548126,Hold,2741.004257654815,1789.728682170588
Hold,2020-10-22 14:00:00,55.19,2730.1213676226153,Hold,2730.1213676226175,1782.622739018133
Hold,2020-10-22 15:00:00,54.78,2709.8396180171567,Hold,2709.8396180171594,1769.3798449612852
Hold,2020-10-22 16:00:00,55.08,2724.679922606517,Hold,2724.679922606519,1779.0697674419057
Hold,2020-10-22 17:00:00,55.06,2723.690568967226,Hold,2723.690568967229,1778.4237726098645
Hold,2020-10-22 18:00:00,54.82,2711.8183252957383,Hold,2711.818325295741,1770.671834625368
Hold,2020-10-22 19:00:00,54.78,2709.8396180171567,Hold,2709.8396180171594,1769.3798449612852
Hold,2020-10-22 20:00:00,54.59,2700.4407584438954,Hold,2700.440758443898,1763.2428940568925
Hold,2020-10-22 21:00:00,54.86,2713.797032574319,Hold,2713.7970325743217,1771.963824289451
Hold,2020-10-22 22:00:00,54.48,2694.999313427796,Hold,2694.999313427799,1759.689922480665
Hold,2020-10-22 23:00:00,54.35,2688.568514772407,Hold,2688.5685147724103,1755.4909560723963
Hold,2020-10-23 00:00:00,53.7,2656.4145214954606,Hold,2656.4145214954633,1734.4961240310524
Hold,2020-10-23 01:00:00,53.73,2657.8985519543958,Hold,2657.898551954399,1735.4651162791142
Hold,2020-10-23 02:00:00,54.62,2701.924788902831,Hold,2701.9247889028343,1764.2118863049545
Hold,2020-10-23 03:00:00,54.65,2703.4088193617667,Hold,2703.40881936177,1765.1808785530168
Hold,2020-10-23 04:00:00,54.65,2703.4088193617667,Hold,2703.40881936177,1765.1808785530168
Hold,2020-10-23 05:00:00,56.81,2810.25901240516,Hold,2810.259012405163,1834.9483204134838
Hold,2020-10-23 06:00:00,55.61,2750.8977940477193,Hold,2750.8977940477225,1796.188630491002
Hold,2020-10-23 07:00:00,55.68,2754.3605317852366,Hold,2754.3605317852393,1798.4496124031466
Hold,2020-10-23 08:00:00,55.77,2758.812623162045,Hold,2758.812623162048,1801.356589147333
Hold,2020-10-23 09:00:00,56.2,2780.0837264067945,Hold,2780.083726406798,1815.245478036222
Hold,2020-10-23 10:00:00,56.23,2781.56775686573,Hold,2781.567756865734,1816.214470284284
Hold,2020-10-23 11:00:00,55.6,2750.4031172280743,Hold,2750.403117228078,1795.8656330749814
Hold,2020-10-23 12:00:00,55.45,2742.982964933394,Hold,2742.982964933398,1791.0206718346712
Hold,2020-10-23 13:00:00,55.25,2733.0894285404875,Hold,2733.089428540491,1784.5607235142575
Hold,2020-10-23 14:00:00,54.8,2710.8289716564473,Hold,2710.828971656451,1770.025839793327
Hold,2020-10-23 15:00:00,54.82,2711.8183252957383,Hold,2711.818325295742,1770.6718346253685
Hold,2020-10-23 16:00:00,54.69,2705.3875266403484,Hold,2705.387526640352,1766.4728682170996
Hold,2020-10-23 17:00:00,55.35,2738.036196736941,Hold,2738.0361967369445,1787.7906976744646
Hold,2020-10-23 18:00:00,55.39,2740.014904015522,Hold,2740.014904015526,1789.0826873385474
Hold,2020-10-23 19:00:00,55.8,2760.2966536209806,Hold,2760.2966536209847,1802.3255813953954
Hold,2020-10-23 20:00:00,55.72,2756.3392390638182,Hold,2756.3392390638223,1799.74160206723
Hold,2020-10-23 21:00:00,55.59,2749.9084404084288,Hold,2749.9084404084324,1795.5426356589612
Hold,2020-10-23 22:00:00,55.41,2741.0042576548126,Hold,2741.004257654816,1789.7286821705889
Hold,2020-10-23 23:00:00,55.42,2741.498934474458,Hold,2741.4989344744617,1790.05167958661
Hold,2020-10-24 00:00:00,55.11,2726.1639530654525,Hold,2726.163953065456,1780.0387596899686
Hold,2020-10-24 01:00:00,55.62,2751.392470867365,Hold,2751.3924708673685,1796.5116279070232
Hold,2020-10-24 02:00:00,55.62,2751.392470867365,Hold,2751.3924708673685,1796.5116279070232
Hold,2020-10-24 03:00:00,55.47,2743.972318572685,Hold,2743.972318572689,1791.6666666667131
Hold,2020-10-24 04:00:00,56.46,2792.945323717573,Hold,2792.9453237175776,1823.6434108527606
Hold,2020-10-24 05:00:00,56.03,2771.674220472824,Hold,2771.6742204728284,1809.7545219638714
Hold,2020-10-24 06:00:00,56.92,2815.7004574212588,Hold,2815.7004574212633,1838.5012919897117
Hold,2020-10-24 07:00:00,56.2,2780.0837264067945,Hold,2780.083726406799,1815.2454780362227
Hold,2020-10-24 08:00:00,56.38,2788.9879091604107,Hold,2788.9879091604157,1821.0594315245949
Hold,2020-10-24 09:00:00,56.8,2809.7643355855143,Hold,2809.7643355855193,1834.6253229974632
Hold,2020-10-24 10:00:00,58.11,2874.5669989590538,Hold,2874.5669989590588,1876.9379844961725
Hold,2020-10-24 11:00:00,57.88,2863.1894321072114,Hold,2863.1894321072164,1869.509043927697
Hold,2020-10-24 12:00:00,57.83,2860.716048008984,Hold,2860.716048008989,1867.8940568475932
Hold,2020-10-24 13:00:00,58.85,2911.1730836128086,Hold,2911.1730836128136,1900.839793281703
Hold,2020-10-24 14:00:00,58.69,2903.2582544984834,Hold,2903.258254498488,1895.671834625372
Hold,2020-10-24 15:00:00,58.53,2895.3434253841583,Hold,2895.343425384163,1890.5038759690412
Hold,2020-10-24 16:00:00,59.18,2927.497418661105,Hold,2927.4974186611094,1911.4987080103856
Hold,2020-10-24 17:00:00,59.03,2920.0772663664247,Hold,2920.077266366429,1906.6537467700753
Hold,2020-10-24 18:00:00,58.83,2910.183729973518,Hold,2910.183729973522,1900.1937984496617
Hold,2020-10-24 19:00:00,59.22,2929.476125939686,Hold,2929.47612593969,1912.7906976744684
Hold,2020-10-24 20:00:00,59.26,2931.4548332182676,Hold,2931.4548332182717,1914.082687338551
Hold,2020-10-24 21:00:00,58.55,2896.3327790234484,Hold,2896.3327790234525,1891.1498708010824
Hold,2020-10-24 22:00:00,58.76,2906.7209922360007,Hold,2906.720992236005,1897.932816537517
Hold,2020-10-24 23:00:00,59.23,2929.9708027593315,Hold,2929.970802759336,1913.1136950904893
Hold,2020-10-25 00:00:00,58.59,2898.31148630203,Hold,2898.311486302034,1892.4418604651657
Hold,2020-10-25 01:00:00,58.61,2899.3008399413206,Hold,2899.3008399413247,1893.0878552972072
Hold,2020-10-25 02:00:00,58.27,2882.4818280733793,Hold,2882.4818280733834,1882.1059431525043
Hold,2020-10-25 03:00:00,58.51,2894.3540717448673,Hold,2894.3540717448714,1889.8578811370003
Hold,2020-10-25 04:00:00,58.7,2903.752931318129,Hold,2903.7529313181326,1895.9948320413935
Hold,2020-10-25 05:00:00,57.23,2831.035438830264,Hold,2831.0354388302676,1848.5142118863535
Hold,2020-10-25 06:00:00,57.56,2847.35977387856,Hold,2847.359773878564,1859.173126615036
Hold,2020-10-25 07:00:00,57.39,2838.9502679445895,Hold,2838.950267944593,1853.6821705426844
Hold,2020-10-25 08:00:00,57.42,2840.4342984035256,Hold,2840.4342984035293,1854.6511627907464
Hold,2020-10-25 09:00:00,57.31,2834.992853387427,Hold,2834.992853387431,1851.098191214519
Hold,2020-10-25 10:00:00,57.18,2828.5620547320373,Hold,2828.562054732041,1846.89922480625
Hold,2020-10-25 11:00:00,57.2,2829.5514083713283,Hold,2829.551408371332,1847.5452196382914
Hold,2020-10-25 12:00:00,57.97,2867.641523484019,Hold,2867.641523484023,1872.4160206718836
Hold,2020-10-25 13:00:00,58.38,2887.923273089478,Hold,2887.9232730894814,1885.6589147287316
Hold,2020-10-25 14:00:00,59.65,2950.747229184436,Hold,2950.74722918444,1926.6795865633578
Hold,2020-10-25 15:00:00,59.28,2932.4441868575586,Hold,2932.4441868575627,1914.7286821705927
Hold,2020-10-25 16:00:00,59.18,2927.497418661105,Hold,2927.497418661109,1911.4987080103858
Hold,2020-10-25 17:00:00,59.48,2942.3377232504645,Hold,2942.337723250468,1921.1886304910063
Hold,2020-10-25 18:00:00,59.03,2920.0772663664247,Hold,2920.0772663664284,1906.6537467700757
Hold,2020-10-25 19:00:00,59.22,2929.476125939686,Hold,2929.4761259396896,1912.7906976744684
Hold,2020-10-25 20:00:00,58.97,2917.109205448553,Hold,2917.1092054485566,1904.7157622739514
Hold,2020-10-25 21:00:00,58.84,2910.6784067931635,Hold,2910.678406793167,1900.5167958656828
Hold,2020-10-25 22:00:00,58.46,2891.8806876466406,Hold,2891.880687646644,1888.2428940568968
Hold,2020-10-25 23:00:00,58.84,2910.6784067931635,Hold,2910.678406793167,1900.5167958656828
Hold,2020-10-26 00:00:00,59.09,2923.0453272842974,Hold,2923.0453272843006,1908.5917312661995
Hold,2020-10-26 01:00:00,58.92,2914.635821350326,Hold,2914.635821350329,1903.100775193848
Hold,2020-10-26 02:00:00,58.47,2892.3753644662856,Hold,2892.3753644662893,1888.5658914729172
Hold,2020-10-26 03:00:00,58.62,2899.795516760966,Hold,2899.7955167609693,1893.410852713227
Hold,2020-10-26 04:00:00,58.26,2881.9871512537334,Hold,2881.987151253736,1881.7829457364828
Hold,2020-10-26 05:00:00,58.05,2871.5989380411816,Hold,2871.5989380411843,1875.0000000000487
Hold,2020-10-26 06:00:00,57.89,2863.684108926856,Hold,2863.6841089268587,1869.832041343718
Hold,2020-10-26 07:00:00,57.56,2847.35977387856,Hold,2847.359773878563,1859.1731266150355
Hold,2020-10-26 08:00:00,58.01,2869.6202307626004,Hold,2869.6202307626036,1873.7080103359658
Hold,2020-10-26 09:00:00,58.34,2885.944565810897,Hold,2885.9445658109003,1884.3669250646483
Hold,2020-10-26 10:00:00,58.03,2870.609584401891,Hold,2870.609584401894,1874.354005168007
Hold,2020-10-26 11:00:00,57.91,2864.6734625661466,Hold,2864.6734625661497,1870.4780361757587
Hold,2020-10-26 12:00:00,57.48,2843.4023593213974,Hold,2843.4023593214006,1856.5891472868695
Hold,2020-10-26 13:00:00,57.81,2859.7266943696936,Hold,2859.726694369697,1867.2480620155525
Hold,2020-10-26 14:00:00,57.35,2836.971560666008,Hold,2836.971560666011,1852.390180878601
Hold,2020-10-26 15:00:00,56.22,2781.0730800460847,Hold,2781.073080046088,1815.8914728682641
Hold,2020-10-26 16:00:00,55.53,2746.940379490557,Hold,2746.94037949056,1793.6046511628374
Hold,2020-10-26 17:00:00,55.78,2759.30729998169,Hold,2759.307299981693,1801.6795865633544
Hold,2020-10-26 18:00:00,56.18,2779.094372767504,Hold,2779.094372767507,1814.5994832041815
Hold,2020-10-26 19:00:00,56.51,2795.4187078157997,Hold,2795.418707815803,1825.2583979328642
Hold,2020-10-26 20:00:00,56.46,2792.945323717573,Hold,2792.9453237175762,1823.6434108527608
Hold,2020-10-26 21:00:00,56.44,2791.9559700782825,Hold,2791.9559700782856,1822.9974160207194
Hold,2020-10-26 22:00:00,56.81,2810.25901240516,Hold,2810.259012405163,1834.9483204134847
Hold,2020-10-26 23:00:00,56.82,2810.7536892248054,Hold,2810.7536892248086,1835.271317829505
Hold,2020-10-27 00:00:00,57.3,2834.4981765677812,Hold,2834.4981765677844,1850.7751937984976
Hold,2020-10-27 01:00:00,57.53,2845.875743419624,Hold,2845.8757434196277,1858.2041343669732
Sell,2020-10-27 02:00:00,56.87,2813.2270733230316,Sinal: Venda,2813.2270733230353,1836.8863049096085
Buy,2020-10-27 22:00:00,57.72,2813.2270733230316,Sinal: Compra,2813.2270733230353,1864.3410852713664
Hold,2020-10-27 23:00:00,57.91,2816.8453702440106,Hold,2816.845370244014,1870.4780361757596
Hold,2020-10-28 00:00:00,58.69,2854.7859571683816,Hold,2854.7859571683853,1895.6718346253726
Hold,2020-10-28 01:00:00,60.24,2930.1807132360423,Hold,2930.180713236046,1945.7364341085781
Hold,2020-10-28 02:00:00,60.03,2919.965939833327,Hold,2919.9659398333306,1938.9534883721437
Hold,2020-10-28 03:00:00,59.54,2896.1314685603247,Hold,2896.1314685603284,1923.1266149871303
Hold,2020-10-28 04:00:00,59.68,2902.9413174954684,Hold,2902.9413174954725,1927.6485788114196
Hold,2020-10-28 05:00:00,59.53,2895.645050779243,Hold,2895.645050779247,1922.8036175711097
Hold,2020-10-28 06:00:00,58.89,2864.514312790015,Hold,2864.514312790019,1902.131782945786
Hold,2020-10-28 07:00:00,58.11,2826.573725865644,Hold,2826.5737258656477,1876.937984496173
Hold,2020-10-28 08:00:00,58.53,2847.003272671075,Hold,2847.003272671079,1890.5038759690415
Hold,2020-10-28 09:00:00,57.71,2807.117014622377,Hold,2807.1170146223803,1864.0180878553456
Hold,2020-10-28 10:00:00,58.31,2836.302081487278,Hold,2836.302081487281,1883.3979328165865
Hold,2020-10-28 11:00:00,57.16,2780.3640366628847,Hold,2780.364036662888,1846.253229974208
Hold,2020-10-28 12:00:00,57.47,2795.442987876417,Hold,2795.4429878764204,1856.266149870849
Hold,2020-10-28 13:00:00,55.59,2703.9964450330613,Hold,2703.9964450330644,1795.5426356589612
Hold,2020-10-28 14:00:00,56.28,2737.559271927697,Hold,2737.5592719276997,1817.8294573643882
Hold,2020-10-28 15:00:00,56.36,2741.4506141763504,Hold,2741.4506141763527,1820.4134366925537
Hold,2020-10-28 16:00:00,56.09,2728.3173340871454,Hold,2728.3173340871476,1811.6925064599957
Hold,2020-10-28 17:00:00,55.58,2703.5100272519794,Hold,2703.510027251982,1795.2196382429408
Hold,2020-10-28 18:00:00,55.72,2710.319876187123,Hold,2710.319876187126,1799.7416020672306
Hold,2020-10-28 19:00:00,55.64,2706.428533938469,Hold,2706.428533938472,1797.1576227390651
Hold,2020-10-28 20:00:00,55.62,2705.455698376306,Hold,2705.4556983763086,1796.5116279070237
Hold,2020-10-28 21:00:00,55.43,2696.213760535754,Hold,2696.213760535756,1790.3746770026307
Hold,2020-10-28 22:00:00,55.5,2699.618685003326,Hold,2699.618685003328,1792.6356589147756
Hold,2020-10-28 23:00:00,55.77,2712.751965092531,Hold,2712.7519650925337,1801.356589147334
Hold,2020-10-29 00:00:00,55.85,2716.6433073411845,Hold,2716.6433073411877,1803.9405684754993
Hold,2020-10-29 01:00:00,56.19,2733.1815118979616,Hold,2733.181511897965,1814.922480620202
Hold,2020-10-29 02:00:00,55.75,2711.7791295303678,Hold,2711.779129530371,1800.7105943152922
Hold,2020-10-29 03:00:00,56.3,2738.53210748986,Hold,2738.5321074898634,1818.4754521964292
Hold,2020-10-29 04:00:00,55.98,2722.9667384952463,Hold,2722.9667384952495,1808.1395348837675
Hold,2020-10-29 05:00:00,56.39,2742.909867519595,Hold,2742.9098675195983,1821.3824289406155
Hold,2020-10-29 06:00:00,56.32,2739.5049430520235,Hold,2739.5049430520266,1819.1214470284706
Hold,2020-10-29 07:00:00,55.6,2704.4828628141427,Hold,2704.482862814146,1795.8656330749816
Hold,2020-10-29 08:00:00,55.6,2704.4828628141427,Hold,2704.482862814146,1795.8656330749816
Hold,2020-10-29 09:00:00,55.86,2717.1297251222663,Hold,2717.1297251222695,1804.2635658915194
Hold,2020-10-29 10:00:00,54.91,2670.9200359195065,Hold,2670.9200359195097,1773.5788113695548
Hold,2020-10-29 11:00:00,54.41,2646.5991468654224,Hold,2646.5991468654256,1757.4289405685208
Trailing-Stop,2020-10-29 12:00:00,54.16,2634.4387023383806,Trailing stop 10.0% hit,2634.4387023383842,1749.3540051680038
Buy,2020-11-02 03:00:00,55.7,2634.4387023383806,Sinal: Compra,2634.4387023383842,1799.0956072351887
Hold,2020-11-02 04:00:00,55.66,2627.284364248979,Hold,2627.2843642489825,1797.8036175711056
Hold,2020-11-02 05:00:00,55.58,2623.508174002124,Hold,2623.508174002128,1795.2196382429402
Hold,2020-11-02 06:00:00,55.88,2637.668887427829,Hold,2637.668887427832,1804.9095607235608
Hold,2020-11-02 07:00:00,56.0,2643.3331727981104,Hold,2643.333172798114,1808.7855297158092
Hold,2020-11-02 08:00:00,54.1,2553.6486544353174,Hold,2553.648654435321,1747.4160206718798
Hold,2020-11-02 09:00:00,54.6,2577.2498434781573,Hold,2577.2498434781614,1763.5658914729138
Hold,2020-11-02 10:00:00,53.88,2543.264131256468,Hold,2543.2641312564715,1740.3100775194248
Hold,2020-11-02 11:00:00,53.86,2542.320083694754,Hold,2542.320083694758,1739.6640826873836
Hold,2020-11-02 12:00:00,53.51,2525.7992513647655,Hold,2525.7992513647696,1728.3591731266597
Hold,2020-11-02 13:00:00,53.93,2545.6242501607517,Hold,2545.6242501607558,1741.925064599528
Hold,2020-11-02 14:00:00,53.96,2547.040321503322,Hold,2547.040321503326,1742.89405684759
Hold,2020-11-02 15:00:00,53.89,2543.7361550373244,Hold,2543.7361550373284,1740.6330749354452
Hold,2020-11-02 16:00:00,53.96,2547.040321503322,Hold,2547.040321503326,1742.89405684759
Hold,2020-11-02 17:00:00,54.02,2549.8724641884633,Hold,2549.8724641884673,1744.8320413437143
Hold,2020-11-02 18:00:00,53.84,2541.3760361330405,Hold,2541.3760361330446,1739.0180878553422
Hold,2020-11-02 19:00:00,54.21,2558.8409160247425,Hold,2558.840916024746,1750.968992248107
Hold,2020-11-02 20:00:00,54.33,2564.505201395024,Hold,2564.5052013950276,1754.8449612403551
Hold,2020-11-02 21:00:00,54.03,2550.3444879693197,Hold,2550.3444879693234,1745.1550387597347
Hold,2020-11-02 22:00:00,53.85,2541.8480599138975,Hold,2541.848059913901,1739.3410852713625
Hold,2020-11-02 23:00:00,53.8,2539.4879410096128,Hold,2539.487941009617,1737.7260981912589
Hold,2020-11-03 00:00:00,53.89,2543.7361550373244,Hold,2543.736155037329,1740.633074935445
Hold,2020-11-03 01:00:00,54.29,2562.6171062715966,Hold,2562.617106271601,1753.552971576272
Hold,2020-11-03 02:00:00,52.74,2489.4534202387918,Hold,2489.4534202387963,1703.4883720930668
Hold,2020-11-03 03:00:00,52.05,2456.883779359672,Hold,2456.8837793596767,1681.2015503876396
Hold,2020-11-03 04:00:00,52.13,2460.6599696065264,Hold,2460.6599696065314,1683.7855297158053
Hold,2020-11-03 05:00:00,52.08,2458.2998507022426,Hold,2458.2998507022476,1682.1705426357016
Hold,2020-11-03 06:00:00,52.77,2490.869491581362,Hold,2490.869491581367,1704.4573643411288
Hold,2020-11-03 07:00:00,52.65,2485.20520621108,Hold,2485.205206211085,1700.5813953488805
Hold,2020-11-03 08:00:00,52.82,2493.229610485646,Hold,2493.229610485651,1706.0723514212318
Hold,2020-11-03 09:00:00,52.86,2495.1177056090733,Hold,2495.117705609078,1707.3643410853144
Hold,2020-11-03 10:00:00,53.23,2512.582585500775,Hold,2512.5825855007797,1719.3152454780795
Hold,2020-11-03 11:00:00,52.78,2491.341515362219,Hold,2491.341515362223,1704.7803617571492
Hold,2020-11-03 12:00:00,52.67,2486.149253772794,Hold,2486.1492537727986,1701.2273901809217
Hold,2020-11-03 13:00:00,53.34,2517.7748470902,Hold,2517.7748470902047,1722.8682170543073
Hold,2020-11-03 14:00:00,53.43,2522.0230611179113,Hold,2522.0230611179163,1725.775193798493
Hold,2020-11-03 15:00:00,52.82,2493.229610485646,Hold,2493.229610485651,1706.0723514212316
Hold,2020-11-03 16:00:00,52.73,2488.9813964579344,Hold,2488.9813964579394,1703.1653746770455
Hold,2020-11-03 17:00:00,52.94,2498.8938958559274,Hold,2498.8938958559324,1709.9483204134795
Hold,2020-11-03 18:00:00,53.22,2512.110561719918,Hold,2512.1105617199228,1718.9922480620585
Hold,2020-11-03 19:00:00,53.36,2518.7188946519136,Hold,2518.718894651918,1723.514211886348
Hold,2020-11-03 20:00:00,53.56,2528.1593702690498,Hold,2528.1593702690548,1729.9741602067618
Hold,2020-11-03 21:00:00,53.61,2530.519489173334,Hold,2530.5194891733386,1731.589147286865
Hold,2020-11-03 22:00:00,53.7,2534.767703201045,Hold,2534.7677032010497,1734.496124031051
Hold,2020-11-03 23:00:00,53.96,2547.040321503322,Hold,2547.0403215033266,1742.8940568475887
Hold,2020-11-04 00:00:00,53.49,2524.855203803052,Hold,2524.855203803056,1727.7131782946167
Hold,2020-11-04 01:00:00,53.42,2521.551037337055,Hold,2521.551037337059,1725.4521963824718
Hold,2020-11-04 02:00:00,53.25,2513.5266330624886,Hold,2513.5266330624922,1719.9612403101203
Hold,2020-11-04 03:00:00,54.0,2548.9284166267494,Hold,2548.928416626753,1744.1860465116713
Hold,2020-11-04 04:00:00,53.86,2542.320083694754,Hold,2542.320083694758,1739.6640826873818
Hold,2020-11-04 05:00:00,53.47,2523.9111562413386,Hold,2523.9111562413427,1727.0671834625753
Hold,2020-11-04 06:00:00,53.68,2533.8236556393313,Hold,2533.8236556393354,1733.8501291990096
Hold,2020-11-04 07:00:00,52.72,2488.509372677078,Hold,2488.5093726770815,1702.8423772610245
Hold,2020-11-04 08:00:00,52.77,2490.869491581362,Hold,2490.8694915813658,1704.457364341128
Hold,2020-11-04 09:00:00,52.89,2496.5337769516436,Hold,2496.5337769516473,1708.3333333333758
Hold,2020-11-04 10:00:00,53.05,2504.0861574453525,Hold,2504.0861574453565,1713.5012919897065
Hold,2020-11-04 11:00:00,52.9,2497.0058007325006,Hold,2497.0058007325047,1708.6563307493964
Hold,2020-11-04 12:00:00,53.07,2505.0302050070663,Hold,2505.0302050070704,1714.147286821748
Hold,2020-11-04 13:00:00,52.88,2496.061753170787,Hold,2496.0617531707917,1708.0103359173554
Hold,2020-11-04 14:00:00,52.18,2463.0200885108106,Hold,2463.020088510815,1685.4005167959076
Hold,2020-11-04 15:00:00,52.39,2472.9325879088033,Hold,2472.932587908808,1692.183462532342
Hold,2020-11-04 16:00:00,54.07,2552.232583092747,Hold,2552.2325830927525,1746.4470284238162
Hold,2020-11-04 17:00:00,54.24,2560.256987367313,Hold,2560.256987367318,1751.9379844961677
Hold,2020-11-04 18:00:00,54.76,2584.802223971866,Hold,2584.8022239718716,1768.733850129243
Hold,2020-11-04 19:00:00,54.57,2575.833772135587,Hold,2575.833772135592,1762.5968992248502
Hold,2020-11-04 20:00:00,54.33,2564.505201395024,Hold,2564.505201395029,1754.8449612403538
Hold,2020-11-04 21:00:00,54.44,2569.6974629844485,Hold,2569.697462984454,1758.397932816581
Hold,2020-11-04 22:00:00,54.82,2587.634366657007,Hold,2587.6343666570124,1770.671834625367
Hold,2020-11-04 23:00:00,54.67,2580.554009944155,Hold,2580.5540099441605,1765.8268733850566
Hold,2020-11-05 00:00:00,54.75,2584.330200191009,Hold,2584.3302001910147,1768.410852713222
Hold,2020-11-05 01:00:00,54.91,2591.882580684718,Hold,2591.882580684724,1773.578811369553
Hold,2020-11-05 02:00:00,55.4,2615.011745946702,Hold,2615.0117459467074,1789.4056847545664
Hold,2020-11-05 03:00:00,55.53,2621.1480550978404,Hold,2621.1480550978463,1793.6046511628354
Hold,2020-11-05 04:00:00,55.43,2616.4278172892723,Hold,2616.4278172892778,1790.3746770026285
Hold,2020-11-05 05:00:00,55.71,2629.644483153263,Hold,2629.644483153269,1799.4186046512077
Hold,2020-11-05 06:00:00,55.57,2623.0361502212677,Hold,2623.036150221273,1794.8966408269182
Hold,2020-11-05 07:00:00,55.63,2625.8682929064084,Hold,2625.868292906414,1796.8346253230422
Hold,2020-11-05 08:00:00,55.13,2602.267103863568,Hold,2602.267103863573,1780.6847545220085
Hold,2020-11-05 09:00:00,55.11,2601.3230563018546,Hold,2601.3230563018597,1780.038759689967
Hold,2020-11-05 10:00:00,55.89,2638.1409112086853,Hold,2638.14091120869,1805.23255813958
Hold,2020-11-05 11:00:00,55.99,2642.861149017254,Hold,2642.8611490172584,1808.4625322997867
Hold,2020-11-05 12:00:00,56.21,2653.2456721961034,Hold,2653.245672196108,1815.5684754522417
Hold,2020-11-05 13:00:00,56.16,2650.885553291819,Hold,2650.885553291824,1813.9534883721383
Hold,2020-11-05 14:00:00,58.84,2777.3879265614432,Hold,2777.3879265614487,1900.5167958656805
Hold,2020-11-05 15:00:00,59.24,2796.268877795715,Hold,2796.26887779572,1913.4366925065078
Hold,2020-11-05 16:00:00,58.65,2768.419474725164,Hold,2768.4194747251686,1894.3798449612875
Hold,2020-11-05 17:00:00,58.37,2755.2028088611733,Hold,2755.202808861178,1885.3359173127083
Hold,2020-11-05 18:00:00,58.4,2756.6188802037436,Hold,2756.6188802037477,1886.3049095607705
Hold,2020-11-05 19:00:00,58.82,2776.4438789997293,Hold,2776.4438789997334,1899.8708010336388
Hold,2020-11-05 20:00:00,58.6,2766.0593558208793,Hold,2766.059355820884,1892.764857881184
Hold,2020-11-05 21:00:00,58.48,2760.395070450598,Hold,2760.3950704506024,1888.8888888889358
Hold,2020-11-05 22:00:00,59.34,2800.9891156042836,Hold,2800.9891156042877,1916.6666666667145
Hold,2020-11-05 23:00:00,58.95,2782.580188150868,Hold,2782.580188150872,1904.069767441908
Hold,2020-11-06 00:00:00,60.94,2876.5129205413723,Hold,2876.5129205413764,1968.346253230023
Hold,2020-11-06 01:00:00,61.38,2897.2819668990714,Hold,2897.2819668990755,1982.558139534933
Hold,2020-11-06 02:00:00,61.25,2891.145657747933,Hold,2891.1456577479366,1978.359173126664
Hold,2020-11-06 03:00:00,60.62,2861.408159553954,Hold,2861.408159553958,1958.010335917361
Hold,2020-11-06 04:00:00,60.89,2874.152801637088,Hold,2874.152801637092,1966.7312661499197
Hold,2020-11-06 05:00:00,61.11,2884.5373248159376,Hold,2884.537324815942,1973.8372093023745
Hold,2020-11-06 06:00:00,61.5,2902.946252269353,Hold,2902.9462522693575,1986.434108527181
Hold,2020-11-06 07:00:00,61.74,2914.274823009917,Hold,2914.2748230099214,1994.1860465116774
Hold,2020-11-06 08:00:00,60.96,2877.4569681030857,Hold,2877.4569681030903,1968.9922480620646
Hold,2020-11-06 09:00:00,60.85,2872.2647065136607,Hold,2872.2647065136653,1965.4392764858371
Hold,2020-11-06 10:00:00,62.88,2968.0855340275925,Hold,2968.0855340275975,2031.0077519380352
Hold,2020-11-06 11:00:00,62.54,2952.036725478461,Hold,2952.036725478466,2020.0258397933317
Hold,2020-11-06 12:00:00,61.74,2914.274823009917,Hold,2914.274823009922,1994.1860465116777
Hold,2020-11-06 13:00:00,62.75,2961.949224876454,Hold,2961.949224876459,2026.808785529766
Hold,2020-11-06 14:00:00,61.13,2885.4813723776515,Hold,2885.481372377656,1974.483204134416
Hold,2020-11-06 15:00:00,60.64,2862.352207115668,Hold,2862.3522071156726,1958.6563307494027
Hold,2020-11-06 16:00:00,61.35,2895.865895556501,Hold,2895.865895556506,1981.589147286871
Hold,2020-11-06 17:00:00,61.39,2897.7539906799284,Hold,2897.753990679933,1982.8811369509535
Hold,2020-11-06 18:00:00,61.16,2886.8974437202214,Hold,2886.897443720226,1975.4521963824777
Hold,2020-11-06 19:00:00,60.7,2865.184349800809,Hold,2865.1843498008134,1960.5943152455268
Hold,2020-11-06 20:00:00,61.04,2881.23315834994,Hold,2881.2331583499445,1971.5762273902299
Hold,2020-11-06 21:00:00,61.25,2891.145657747933,Hold,2891.1456577479375,1978.3591731266642
Hold,2020-11-06 22:00:00,61.71,2912.858751667346,Hold,2912.8587516673506,1993.2170542636154
Hold,2020-11-06 23:00:00,63.2,2983.19029501501,Hold,2983.1902950150147,2041.3436692506966
Hold,2020-11-07 00:00:00,64.1,3025.6724352921224,Hold,3025.672435292127,2070.4134366925573
Hold,2020-11-07 01:00:00,64.27,3033.696839566688,Hold,3033.696839566693,2075.9043927649095
Hold,2020-11-07 02:00:00,63.42,2993.5748181938598,Hold,2993.5748181938643,2048.449612403152
Hold,2020-11-07 03:00:00,63.32,2988.8545803852917,Hold,2988.8545803852962,2045.2196382429452
Hold,2020-11-07 04:00:00,63.23,2984.60636635758,Hold,2984.6063663575846,2042.3126614987589
Hold,2020-11-07 05:00:00,63.65,3004.4313651535663,Hold,3004.431365153571,2055.8785529716274
Hold,2020-11-07 06:00:00,63.44,2994.518865755573,Hold,2994.5188657555777,2049.0956072351933
Hold,2020-11-07 07:00:00,63.02,2974.6938669595875,Hold,2974.693866959592,2035.529715762325
Hold,2020-11-07 08:00:00,63.9,3016.2319596749862,Hold,3016.231959674991,2063.953488372145
Hold,2020-11-07 09:00:00,63.89,3015.7599358941297,Hold,3015.7599358941343,2063.630490956124
Hold,2020-11-07 10:00:00,63.88,3015.2879121132733,Hold,3015.287912113278,2063.3074935401037
Hold,2020-11-07 11:00:00,63.93,3017.648031017557,Hold,3017.6480310175616,2064.922480620207
Hold,2020-11-07 12:00:00,63.77,3010.0956505238482,Hold,3010.095650523853,2059.754521963876
Hold,2020-11-07 13:00:00,63.28,2986.9664852618644,Hold,2986.966485261869,2043.9276485788628
Hold,2020-11-07 14:00:00,60.35,2848.663517470821,Hold,2848.663517470825,1949.2894056848033
Hold,2020-11-07 15:00:00,61.07,2882.6492296925103,Hold,2882.6492296925144,1972.5452196382923
Hold,2020-11-07 16:00:00,61.77,2915.6908943524872,Hold,2915.690894352492,1995.1550387597401
Hold,2020-11-07 17:00:00,60.67,2863.7682784582385,Hold,2863.768278458243,1959.6253229974654
Hold,2020-11-07 18:00:00,59.32,2800.0450680425697,Hold,2800.0450680425743,1916.0206718346735
Hold,2020-11-07 19:00:00,58.09,2741.986142997183,Hold,2741.986142997187,1876.29198966413
Hold,2020-11-07 20:00:00,59.12,2790.604592425433,Hold,2790.6045924254377,1909.5607235142595
Hold,2020-11-07 21:00:00,59.01,2785.4123308360086,Hold,2785.412330836013,1906.007751938032
Hold,2020-11-07 22:00:00,59.33,2800.517091823426,Hold,2800.5170918234307,1916.3436692506937
Hold,2020-11-07 23:00:00,58.9,2780.2200692465835,Hold,2780.220069246588,1902.4547803618043
Hold,2020-11-08 00:00:00,59.63,2814.677805249131,Hold,2814.6778052491354,1926.0335917313141
Hold,2020-11-08 01:00:00,60.21,2842.0551845388254,Hold,2842.0551845388304,1944.7674418605134
Hold,2020-11-08 02:00:00,59.73,2819.3980430576985,Hold,2819.398043057703,1929.2635658915208
Hold,2020-11-08 03:00:00,59.39,2803.3492345085674,Hold,2803.349234508572,1918.281653746818
Hold,2020-11-08 04:00:00,59.44,2805.709353412851,Hold,2805.709353412856,1919.8966408269214
Hold,2020-11-08 05:00:00,59.71,2818.453995495985,Hold,2818.4539954959896,1928.61757105948
Hold,2020-11-08 06:00:00,59.25,2796.740901576572,Hold,2796.740901576576,1913.7596899225287
Hold,2020-11-08 07:00:00,58.84,2777.3879265614432,Hold,2777.387926561448,1900.516795865681
Hold,2020-11-08 08:00:00,59.17,2792.9647113297174,Hold,2792.964711329722,1911.1757105943632
Hold,2020-11-08 09:00:00,59.47,2807.1254247554216,Hold,2807.1254247554257,1920.8656330749834
Hold,2020-11-08 10:00:00,59.94,2829.3105424556916,Hold,2829.3105424556957,1936.0465116279552
Hold,2020-11-08 11:00:00,59.85,2825.0623284279804,Hold,2825.0623284279845,1933.1395348837693
Hold,2020-11-08 12:00:00,60.38,2850.079588813391,Hold,2850.079588813395,1950.2583979328651
Hold,2020-11-08 13:00:00,60.06,2834.9748278259735,Hold,2834.9748278259776,1939.9224806202033
Hold,2020-11-08 14:00:00,61.53,2904.362323611924,Hold,2904.362323611928,1987.403100775243
Hold,2020-11-08 15:00:00,61.28,2892.5617290905034,Hold,2892.561729090507,1979.328165374726
Hold,2020-11-08 16:00:00,60.93,2876.040896760515,Hold,2876.040896760519,1968.0232558140021
Hold,2020-11-08 17:00:00,61.49,2902.4742284884965,Hold,2902.4742284885006,1986.1111111111602
Hold,2020-11-08 18:00:00,61.5,2902.946252269353,Hold,2902.9462522693575,1986.4341085271808
Hold,2020-11-08 19:00:00,60.97,2877.928991883942,Hold,2877.9289918839468,1969.3152454780848
Hold,2020-11-08 20:00:00,60.94,2876.5129205413723,Hold,2876.512920541377,1968.3462532300227
Hold,2020-11-08 21:00:00,60.42,2851.9676839368185,Hold,2851.9676839368235,1951.5503875969475
Hold,2020-11-08 22:00:00,61.0,2879.3450632265126,Hold,2879.345063226517,1970.284237726147
Hold,2020-11-08 23:00:00,61.02,2880.2891107882265,Hold,2880.289110788231,1970.9302325581884
Hold,2020-11-09 00:00:00,61.24,2890.6736339670765,Hold,2890.6736339670806,1978.0361757106434
Hold,2020-11-09 01:00:00,61.19,2888.313515062792,Hold,2888.3135150627954,1976.42118863054
Hold,2020-11-09 02:00:00,60.57,2859.0480406496704,Hold,2859.0480406496745,1956.395348837258
Hold,2020-11-09 03:00:00,60.66,2863.2962546773815,Hold,2863.2962546773856,1959.3023255814442
Hold,2020-11-09 04:00:00,60.06,2834.9748278259735,Hold,2834.9748278259776,1939.9224806202035
Hold,2020-11-09 05:00:00,60.39,2850.551612594248,Hold,2850.551612594252,1950.581395348886
Hold,2020-11-09 06:00:00,59.92,2828.366494893978,Hold,2828.3664948939822,1935.4005167959137
Hold,2020-11-09 07:00:00,59.58,2812.3176863448466,Hold,2812.3176863448502,1924.4186046512107
Hold,2020-11-09 08:00:00,60.32,2847.2474461282504,Hold,2847.2474461282545,1948.320413436741
Hold,2020-11-09 09:00:00,60.62,2861.408159553954,Hold,2861.4081595539583,1958.0103359173615
Hold,2020-11-09 10:00:00,61.02,2880.2891107882265,Hold,2880.2891107882306,1970.930232558189
Hold,2020-11-09 11:00:00,61.76,2915.21887057163,Hold,2915.2188705716344,1994.8320413437193
Hold,2020-11-09 12:00:00,60.17,2840.167089415398,Hold,2840.167089415402,1943.4754521964312
Hold,2020-11-09 13:00:00,59.22,2795.3248302340016,Hold,2795.3248302340057,1912.7906976744666
Hold,2020-11-09 14:00:00,58.42,2757.5629277654575,Hold,2757.5629277654616,1886.9509043928124
Hold,2020-11-09 15:00:00,57.99,2737.265905188615,Hold,2737.2659051886185,1873.0620155039232
Hold,2020-11-09 16:00:00,58.59,2765.587332040023,Hold,2765.5873320400265,1892.4418604651644
Hold,2020-11-09 17:00:00,58.94,2782.108164370011,Hold,2782.108164370015,1903.7467700258876
Sell,2020-11-09 18:00:00,59.06,2787.772449740293,Sinal: Venda,2787.772449740297,1907.622739018136
Buy,2020-11-13 06:00:00,62.55,2787.772449740293,Sinal: Compra,2787.772449740297,2020.3488372093532
Hold,2020-11-13 07:00:00,62.3,2771.0797897650873,Hold,2771.0797897650914,2012.273901808836
Hold,2020-11-13 08:00:00,63.54,2826.234507892033,Hold,2826.234507892037,2052.3255813954006
Hold,2020-11-13 09:00:00,64.13,2852.4774786137245,Hold,2852.477478613729,2071.3824289406202
Hold,2020-11-13 10:00:00,63.36,2818.2281778413476,Hold,2818.228177841352,2046.5116279070278
Hold,2020-11-13 11:00:00,63.45,2822.2313428666903,Hold,2822.2313428666953,2049.418604651214
Hold,2020-11-13 12:00:00,65.1,2895.6227016646417,Hold,2895.622701664647,2102.7131782946262
Hold,2020-11-13 13:00:00,65.62,2918.7520995888453,Hold,2918.7520995888503,2119.509043927702
Hold,2020-11-13 14:00:00,65.51,2913.8593423356488,Hold,2913.859342335654,2115.956072351474
Hold,2020-11-13 15:00:00,65.29,2904.073827829255,Hold,2904.07382782926,2108.850129199019
Hold,2020-11-13 16:00:00,66.06,2938.323128601632,Hold,2938.323128601637,2133.720930232612
Hold,2020-11-13 17:00:00,65.61,2918.307303474918,Hold,2918.307303474923,2119.186046511681
Hold,2020-11-13 18:00:00,65.48,2912.5249539938677,Hold,2912.5249539938723,2114.9870801034126
Hold,2020-11-13 19:00:00,65.22,2900.960255031766,Hold,2900.9602550317704,2106.589147286875
Hold,2020-11-13 20:00:00,65.2,2900.070662803912,Hold,2900.0706628039165,2105.9431524548336
Hold,2020-11-13 21:00:00,65.56,2916.0833229052832,Hold,2916.083322905288,2117.571059431578
Hold,2020-11-13 22:00:00,65.82,2927.648021867384,Hold,2927.6480218673887,2125.9689922481152
Hold,2020-11-13 23:00:00,65.96,2933.8751674623622,Hold,2933.875167462367,2130.490956072405
Hold,2020-11-14 00:00:00,64.78,2881.3892260189787,Hold,2881.389226018983,2092.377260981965
Hold,2020-11-14 01:00:00,64.69,2877.386060993636,Hold,2877.3860609936405,2089.4702842377787
Hold,2020-11-14 02:00:00,64.37,2863.1525853479725,Hold,2863.1525853479766,2079.1343669251173
Hold,2020-11-14 03:00:00,64.34,2861.818197006192,Hold,2861.8181970061964,2078.165374677055
Hold,2020-11-14 04:00:00,63.91,2842.6919641073314,Hold,2842.6919641073355,2064.2764857881657
Hold,2020-11-14 05:00:00,64.48,2868.045342601169,Hold,2868.045342601173,2082.6873385013446
Hold,2020-11-14 06:00:00,64.25,2857.8150319808487,Hold,2857.815031980853,2075.2583979328692
Hold,2020-11-14 07:00:00,63.98,2845.8055369048197,Hold,2845.805536904824,2066.5374677003106
Hold,2020-11-14 08:00:00,63.16,2809.332255562808,Hold,2809.332255562812,2040.0516795866151
Hold,2020-11-14 09:00:00,62.42,2776.4173431322115,Hold,2776.417343132215,2016.149870801085
Hold,2020-11-14 10:00:00,62.46,2778.196527587919,Hold,2778.1965275879224,2017.4418604651678
Hold,2020-11-14 11:00:00,63.06,2804.8842944235384,Hold,2804.8842944235425,2036.8217054264087
Hold,2020-11-14 12:00:00,63.03,2803.549906081757,Hold,2803.549906081761,2035.8527131783464
Hold,2020-11-14 13:00:00,63.16,2809.332255562808,Hold,2809.332255562812,2040.0516795866151
Hold,2020-11-14 14:00:00,63.36,2818.2281778413476,Hold,2818.2281778413517,2046.5116279070287
Hold,2020-11-14 15:00:00,63.0,2802.215517739976,Hold,2802.21551773998,2034.8837209302847
Hold,2020-11-14 16:00:00,62.53,2781.310100385408,Hold,2781.310100385412,2019.702842377313
Hold,2020-11-14 17:00:00,62.85,2795.5435760310716,Hold,2795.5435760310756,2030.0387596899748
Hold,2020-11-14 18:00:00,62.99,2801.770721626049,Hold,2801.770721626053,2034.5607235142645
Hold,2020-11-14 19:00:00,62.85,2795.5435760310716,Hold,2795.5435760310756,2030.0387596899748
Hold,2020-11-14 20:00:00,63.2,2811.1114400185156,Hold,2811.1114400185197,2041.3436692506982
Hold,2020-11-14 21:00:00,63.03,2803.549906081757,Hold,2803.549906081761,2035.852713178347
Hold,2020-11-14 22:00:00,63.34,2817.3385856134937,Hold,2817.3385856134983,2045.8656330749875
Hold,2020-11-14 23:00:00,63.85,2840.0231874237693,Hold,2840.023187423774,2062.338501292042
Hold,2020-11-15 00:00:00,63.84,2839.5783913098426,Hold,2839.578391309847,2062.0155038760213
Hold,2020-11-15 01:00:00,63.43,2821.341750638836,Hold,2821.341750638841,2048.7726098191733
Hold,2020-11-15 02:00:00,62.87,2796.4331682589254,Hold,2796.4331682589304,2030.6847545220155
Hold,2020-11-15 03:00:00,62.7,2788.8716343221668,Hold,2788.8716343221718,2025.193798449664
Hold,2020-11-15 04:00:00,62.83,2794.653983803217,Hold,2794.653983803222,2029.3927648579327
Hold,2020-11-15 05:00:00,63.58,2828.0136923477407,Hold,2828.0136923477457,2053.6175710594835
Hold,2020-11-15 06:00:00,63.44,2821.786546752763,Hold,2821.7865467527677,2049.095607235194
Hold,2020-11-15 07:00:00,63.41,2820.4521584109825,Hold,2820.4521584109875,2048.126614987132
Hold,2020-11-15 08:00:00,63.63,2830.2376729173757,Hold,2830.2376729173807,2055.2325581395876
Hold,2020-11-15 09:00:00,63.39,2819.5625661831286,Hold,2819.5625661831336,2047.4806201550914
Hold,2020-11-15 10:00:00,62.68,2787.9820420943124,Hold,2787.9820420943174,2024.5478036176232
Hold,2020-11-15 11:00:00,62.11,2762.6286636004747,Hold,2762.6286636004797,2006.1369509044441
Hold,2020-11-15 12:00:00,62.47,2778.641323701846,Hold,2778.641323701851,2017.7648578811884
Hold,2020-11-15 13:00:00,63.1,2806.6634788792458,Hold,2806.6634788792503,2038.1136950904915
Hold,2020-11-15 14:00:00,62.8,2793.319595461436,Hold,2793.3195954614407,2028.4237726098709
Hold,2020-11-15 15:00:00,62.78,2792.4300032335823,Hold,2792.4300032335873,2027.7777777778297
Hold,2020-11-15 16:00:00,62.59,2783.97887706897,Hold,2783.978877068975,2021.640826873437
Hold,2020-11-15 17:00:00,61.91,2753.732741321935,Hold,2753.7327413219396,1999.6770025840306
Hold,2020-11-15 18:00:00,61.87,2751.9535568662272,Hold,2751.9535568662322,1998.385012919948
Hold,2020-11-15 19:00:00,61.65,2742.1680423598336,Hold,2742.1680423598386,1991.279069767493
Hold,2020-11-15 20:00:00,61.86,2751.5087607523,Hold,2751.508760752305,1998.0620155039273
Hold,2020-11-15 21:00:00,61.89,2752.8431490940816,Hold,2752.843149094086,1999.0310077519891
Hold,2020-11-15 22:00:00,62.23,2767.9662169675985,Hold,2767.966216967603,2010.0129198966922
Hold,2020-11-15 23:00:00,62.28,2770.1901975372334,Hold,2770.190197537238,2011.6279069767957
Hold,2020-11-16 00:00:00,64.31,2860.483808664411,Hold,2860.4838086644154,2077.196382428994
Hold,2020-11-16 01:00:00,64.68,2876.941264879709,Hold,2876.9412648797133,2089.1472868217593
Hold,2020-11-16 02:00:00,64.91,2887.1715755000296,Hold,2887.1715755000337,2096.5762273902346
Hold,2020-11-16 03:00:00,66.04,2937.4335363737787,Hold,2937.4335363737828,2133.0749354005716
Hold,2020-11-16 04:00:00,66.36,2951.6670120194417,Hold,2951.6670120194453,2143.4108527132325
Hold,2020-11-16 05:00:00,66.42,2954.3357887030033,Hold,2954.3357887030074,2145.348837209357
Hold,2020-11-16 06:00:00,67.09,2984.1371283361113,Hold,2984.137128336115,2166.9896640827433
Hold,2020-11-16 07:00:00,68.29,3037.512662007349,Hold,3037.512662007353,2205.7493540052246
Hold,2020-11-16 08:00:00,67.4,2997.9258078678477,Hold,2997.9258078678517,2177.0025839793843
Hold,2020-11-16 09:00:00,67.28,2992.588254500724,Hold,2992.588254500728,2173.1266149871362
Hold,2020-11-16 10:00:00,68.37,3041.071030918765,Hold,3041.071030918769,2208.3333333333903
Hold,2020-11-16 11:00:00,67.14,2986.361108905746,Hold,2986.36110890575,2168.6046511628465
Hold,2020-11-16 12:00:00,67.85,3017.9416329945616,Hold,3017.9416329945657,2191.537467700314
Hold,2020-11-16 13:00:00,70.19,3122.023923653475,Hold,3122.023923653479,2267.118863049154
Hold,2020-11-16 14:00:00,71.02,3158.9420011094144,Hold,3158.9420011094185,2293.92764857887
Hold,2020-11-16 15:00:00,71.4,3175.84425343864,Hold,3175.8442534386445,2306.2015503876564
Hold,2020-11-16 16:00:00,70.93,3154.9388360840717,Hold,3154.9388360840762,2291.0206718346844
Hold,2020-11-16 17:00:00,71.6,3184.740175717179,Hold,3184.740175717184,2312.6614987080698
Hold,2020-11-16 18:00:00,71.88,3197.1944669071345,Hold,3197.194466907139,2321.7054263566492
Hold,2020-11-16 19:00:00,71.27,3170.061903957589,Hold,3170.061903957593,2302.002583979388
Hold,2020-11-16 20:00:00,71.1,3162.50037002083,Hold,3162.500370020834,2296.511627907036
Hold,2020-11-16 21:00:00,70.74,3146.4877099194587,Hold,3146.4877099194628,2284.8837209302915
Hold,2020-11-16 22:00:00,71.66,3187.408952400741,Hold,3187.408952400745,2314.5994832041943
Hold,2020-11-16 23:00:00,73.84,3284.374505236823,Hold,3284.374505236827,2385.012919896703
Take-Profit,2020-11-17 00:00:00,75.2,3344.866776730892,TP 20.0% hit,3344.8667767308957,2428.9405684755156
Buy,2020-11-17 03:00:00,73.39,3344.866776730892,Sinal: Compra,3344.8667767308957,2370.478036175772
Hold,2020-11-17 04:00:00,74.06,3368.6556688725163,Hold,3368.6556688725204,2392.118863049158
Hold,2020-11-17 05:00:00,73.84,3358.6488602423256,Hold,3358.6488602423296,2385.012919896703
Hold,2020-11-17 06:00:00,73.94,3363.197409619685,Hold,3363.1974096196886,2388.2428940569093
Hold,2020-11-17 07:00:00,73.83,3358.194005304589,Hold,3358.194005304593,2384.689922480682
Hold,2020-11-17 08:00:00,73.52,3344.0935022347744,Hold,3344.0935022347776,2374.6770025840406
Hold,2020-11-17 09:00:00,72.39,3292.6948942706113,Hold,3292.694894270615,2338.1782945737036
Hold,2020-11-17 10:00:00,73.53,3344.5483571725104,Hold,3344.5483571725144,2375.0000000000614
Hold,2020-11-17 11:00:00,74.39,3383.665881817803,Hold,3383.6658818178075,2402.777777777839
Hold,2020-11-17 12:00:00,74.24,3376.8430577517634,Hold,3376.843057751768,2397.932816537529
Hold,2020-11-17 13:00:00,71.85,3268.1327276328693,Hold,3268.132727632874,2320.7364341085868
Hold,2020-11-17 14:00:00,72.53,3299.062863398915,Hold,3299.06286339892,2342.700258397993
Hold,2020-11-17 15:00:00,72.9,3315.8924960951454,Hold,3315.89249609515,2354.6511627907585
Hold,2020-11-17 16:00:00,74.22,3375.9333478762915,Hold,3375.9333478762965,2397.2868217054875
Hold,2020-11-17 17:00:00,73.83,3358.194005304589,Hold,3358.194005304594,2384.689922480681
Hold,2020-11-17 18:00:00,74.01,3366.3813941838366,Hold,3366.381394183842,2390.5038759690538
Hold,2020-11-17 19:00:00,75.07,3414.596017583848,Hold,3414.5960175838536,2424.7416020672454
Hold,2020-11-17 20:00:00,74.47,3387.3047213196905,Hold,3387.304721319696,2405.3617571060045
Hold,2020-11-17 21:00:00,74.53,3390.033850946106,Hold,3390.0338509461117,2407.2997416021285
Hold,2020-11-17 22:00:00,76.41,3475.5465792404666,Hold,3475.546579240472,2468.023255814017
Hold,2020-11-17 23:00:00,76.32,3471.452884800843,Hold,3471.4528848008486,2465.1162790698304
Hold,2020-11-18 00:00:00,75.05,3413.6863077083763,Hold,3413.6863077083817,2424.095607235204
Hold,2020-11-18 01:00:00,75.17,3419.1445669612076,Hold,3419.1445669612126,2427.9715762274527
Hold,2020-11-18 02:00:00,74.39,3383.665881817803,Hold,3383.6658818178084,2402.7777777778397
Hold,2020-11-18 03:00:00,75.53,3435.519344719702,Hold,3435.519344719707,2439.5994832041974
Hold,2020-11-18 04:00:00,75.07,3414.596017583848,Hold,3414.596017583853,2424.741602067246
Hold,2020-11-18 05:00:00,70.99,3229.0152029875767,Hold,3229.0152029875812,2292.9586563308085
Hold,2020-11-18 06:00:00,72.76,3309.5245269668417,Hold,3309.524526966846,2350.1291989664696
Hold,2020-11-18 07:00:00,73.42,3339.544952857415,Hold,3339.5449528574195,2371.447028423834
Hold,2020-11-18 08:00:00,73.05,3322.7153201611845,Hold,3322.715320161189,2359.496124031069
Hold,2020-11-18 09:00:00,72.34,3290.4206195819315,Hold,3290.420619581936,2336.563307493601
Hold,2020-11-18 10:00:00,73.64,3349.551761487606,Hold,3349.5517614876107,2378.5529715762887
Hold,2020-11-18 11:00:00,72.76,3309.5245269668417,Hold,3309.524526966846,2350.129198966469
Hold,2020-11-18 12:00:00,71.82,3266.768162819661,Hold,3266.768162819665,2319.7674418605247
Hold,2020-11-18 13:00:00,71.54,3254.032224563055,Hold,3254.0322245630587,2310.723514211946
Hold,2020-11-18 14:00:00,70.58,3210.366150540402,Hold,3210.366150540406,2279.7157622739605
Hold,2020-11-18 15:00:00,71.24,3240.3865764309758,Hold,3240.38657643098,2301.033591731325
Hold,2020-11-18 16:00:00,73.59,3347.2774867989265,Hold,3347.2774867989306,2376.9379844961854
Hold,2020-11-18 17:00:00,73.93,3362.7425546819495,Hold,3362.742554681954,2387.9198966408885
Hold,2020-11-18 18:00:00,73.58,3346.82263186119,Hold,3346.8226318611946,2376.614987080164
Hold,2020-11-18 19:00:00,72.93,3317.257060908353,Hold,3317.2570609083577,2355.6201550388205
Hold,2020-11-18 20:00:00,72.45,3295.424023897027,Hold,3295.424023897031,2340.1162790698277
Hold,2020-11-18 21:00:00,73.35,3336.360968293263,Hold,3336.360968293267,2369.186046511689
Hold,2020-11-18 22:00:00,74.03,3367.2911040593085,Hold,3367.291104059313,2391.149870801096
Hold,2020-11-18 23:00:00,73.42,3339.544952857415,Hold,3339.544952857419,2371.447028423834
Hold,2020-11-19 00:00:00,75.03,3412.7765978329044,Hold,3412.7765978329085,2423.449612403164
Hold,2020-11-19 01:00:00,74.62,3394.12754538573,Hold,3394.127545385734,2410.206718346316
Hold,2020-11-19 02:00:00,74.4,3384.1207367555394,Hold,3384.120736755543,2403.100775193861
Hold,2020-11-19 03:00:00,74.13,3371.8396534366675,Hold,3371.8396534366716,2394.3798449613023
Hold,2020-11-19 04:00:00,73.84,3358.6488602423256,Hold,3358.6488602423296,2385.0129198967024
Hold,2020-11-19 05:00:00,73.98,3365.0168293706292,Hold,3365.016829370633,2389.534883720992
Hold,2020-11-19 06:00:00,72.76,3309.5245269668417,Hold,3309.5245269668453,2350.1291989664696
Hold,2020-11-19 07:00:00,72.64,3304.0662677140103,Hold,3304.0662677140144,2346.2532299742215
Hold,2020-11-19 08:00:00,72.53,3299.062863398915,Hold,3299.0628633989186,2342.700258397994
Hold,2020-11-19 09:00:00,72.29,3288.146344893252,Hold,3288.1463448932554,2334.9483204134976
Hold,2020-11-19 10:00:00,74.7,3397.7663848876177,Hold,3397.766384887622,2412.7906976744816
Hold,2020-11-19 11:00:00,78.78,3583.347199483889,Hold,3583.3471994838937,2544.5736434109194
Hold,2020-11-19 12:00:00,79.08,3596.992847615968,Hold,3596.9928476159726,2554.26356589154
Hold,2020-11-19 13:00:00,79.66,3623.3744340046537,Hold,3623.3744340046587,2572.99741602074
Hold,2020-11-19 14:00:00,80.09,3642.9331963273003,Hold,3642.9331963273053,2586.8863049096294
Hold,2020-11-19 15:00:00,80.49,3661.127393836738,Hold,3661.1273938367426,2599.8062015504565
Hold,2020-11-19 16:00:00,80.7,3670.679347529194,Hold,3670.679347529199,2606.5891472868907
Hold,2020-11-19 17:00:00,80.83,3676.5924617197606,Hold,3676.592461719765,2610.7881136951596
Hold,2020-11-19 18:00:00,81.2,3693.4220944159915,Hold,3693.4220944159965,2622.7390180879247
Hold,2020-11-19 19:00:00,82.65,3759.376060387706,Hold,3759.3760603877104,2669.573643410923
Hold,2020-11-19 20:00:00,82.28,3742.546427691475,Hold,3742.5464276914795,2657.6227390181575
Hold,2020-11-19 21:00:00,80.93,3681.141011097121,Hold,3681.141011097125,2614.018087855366
Hold,2020-11-19 22:00:00,81.68,3715.2551314273182,Hold,3715.2551314273223,2638.242894056917
Hold,2020-11-19 23:00:00,81.53,3708.432307361278,Hold,3708.4323073612823,2633.3979328166065
Hold,2020-11-20 00:00:00,82.48,3751.6435264461943,Hold,3751.6435264461993,2664.0826873385713
Hold,2020-11-20 01:00:00,81.57,3710.2517271122215,Hold,3710.251727112226,2634.689922480689
Hold,2020-11-20 02:00:00,81.8,3720.713390680149,Hold,3720.7133906801537,2642.1188630491647
Hold,2020-11-20 03:00:00,81.33,3699.335208606559,Hold,3699.3352086065634,2626.9379844961927
Hold,2020-11-20 04:00:00,82.06,3732.539619061284,Hold,3732.5396190612887,2650.516795865703
Hold,2020-11-20 05:00:00,80.87,3678.411881470705,Hold,3678.4118814707094,2612.080103359242
Hold,2020-11-20 06:00:00,80.84,3677.047316657497,Hold,3677.0473166575016,2611.11111111118
Hold,2020-11-20 07:00:00,80.7,3670.679347529194,Hold,3670.679347529198,2606.5891472868907
Hold,2020-11-20 08:00:00,81.96,3727.9910696839243,Hold,3727.991069683929,2647.286821705496
Hold,2020-11-20 09:00:00,80.46,3659.7628290235302,Hold,3659.7628290235343,2598.837209302394
Hold,2020-11-20 10:00:00,82.43,3749.369251757515,Hold,3749.36925175752,2662.4677002584685
Hold,2020-11-20 11:00:00,82.29,3743.0012826292113,Hold,3743.001282629216,2657.9457364341793
Hold,2020-11-20 12:00:00,81.55,3709.34201723675,Hold,3709.3420172367546,2634.0439276486486
Hold,2020-11-20 13:00:00,81.94,3727.0813598084524,Hold,3727.0813598084574,2646.6408268734554
Hold,2020-11-20 14:00:00,82.03,3731.175054248076,Hold,3731.175054248081,2649.5478036176414
Hold,2020-11-20 15:00:00,81.93,3726.626504870717,Hold,3726.6265048707223,2646.317829457435
Hold,2020-11-20 16:00:00,85.02,3867.176680631128,Hold,3867.176680631134,2746.1240310078247
Hold,2020-11-20 17:00:00,84.53,3844.8887886820658,Hold,3844.8887886820717,2730.2971576228115
Hold,2020-11-20 18:00:00,82.96,3773.47656345752,Hold,3773.4765634575256,2679.5865633075646
Hold,2020-11-20 19:00:00,83.36,3791.670760966959,Hold,3791.670760966964,2692.5064599483917
Hold,2020-11-20 20:00:00,83.32,3789.8513412160146,Hold,3789.85134121602,2691.214470284309
Hold,2020-11-20 21:00:00,83.63,3803.9518442858293,Hold,3803.951844285835,2701.22739018095
Hold,2020-11-20 22:00:00,82.26,3741.6367178160035,Hold,3741.6367178160085,2656.976744186117
Hold,2020-11-20 23:00:00,82.53,3753.917801134874,Hold,3753.9178011348795,2665.6976744186754
Hold,2020-11-21 00:00:00,84.11,3825.7848812971556,Hold,3825.7848812971606,2716.7312661499427
Hold,2020-11-21 01:00:00,83.95,3818.5072022933805,Hold,3818.5072022933855,2711.563307493612
Hold,2020-11-21 02:00:00,81.97,3728.44592462166,Hold,3728.4459246216647,2647.609819121517
Hold,2020-11-21 03:00:00,82.01,3730.2653443726044,Hold,3730.2653443726094,2648.9018087856
Hold,2020-11-21 04:00:00,80.86,3677.957026532969,Hold,3677.957026532974,2611.7571059432216
Hold,2020-11-21 05:00:00,81.61,3712.0711468631657,Hold,3712.0711468631707,2635.9819121447727
Hold,2020-11-21 06:00:00,83.04,3777.1154029594086,Hold,3777.1154029594136,2682.1705426357303
Hold,2020-11-21 07:00:00,82.92,3771.6571437065763,Hold,3771.6571437065813,2678.2945736434817
Hold,2020-11-21 08:00:00,84.63,3849.437338059425,Hold,3849.43733805943,2733.527131783018
Hold,2020-11-21 09:00:00,82.74,3763.469754827329,Hold,3763.469754827334,2672.480620155109
Hold,2020-11-21 10:00:00,82.42,3748.9143968197786,Hold,3748.9143968197836,2662.1447028424473
Hold,2020-11-21 11:00:00,82.08,3733.4493289367556,Hold,3733.4493289367606,2651.162790697744
Hold,2020-11-21 12:00:00,82.93,3772.111998644313,Hold,3772.1119986443186,2678.617571059502
Hold,2020-11-21 13:00:00,84.14,3827.149446110364,Hold,3827.1494461103694,2717.700258398004
Hold,2020-11-21 14:00:00,86.32,3926.3078225368026,Hold,3926.3078225368085,2788.113695090512
Hold,2020-11-21 15:00:00,86.42,3930.8563719141625,Hold,3930.856371914169,2791.3436692507194
Hold,2020-11-21 16:00:00,84.94,3863.53784112924,Hold,3863.5378411292463,2743.5400516796585
Hold,2020-11-21 17:00:00,85.48,3888.1000077669823,Hold,3888.100007766989,2760.9819121447754
Hold,2020-11-21 18:00:00,85.84,3904.474785525477,Hold,3904.4747855254836,2772.60981912152
Hold,2020-11-21 19:00:00,85.47,3887.645152829246,Hold,3887.6451528292528,2760.658914728755
Hold,2020-11-21 20:00:00,85.73,3899.471381210381,Hold,3899.471381210388,2769.0568475452924
Hold,2020-11-21 21:00:00,86.13,3917.665578719819,Hold,3917.6655787198256,2781.9767441861195
Hold,2020-11-21 22:00:00,85.54,3890.8291373933985,Hold,3890.8291373934053,2762.9198966409
Hold,2020-11-21 23:00:00,87.14,3963.605927431151,Hold,3963.605927431158,2814.5994832042084
Hold,2020-11-22 00:00:00,85.44,3886.280588016038,Hold,3886.280588016045,2759.689922480693
Hold,2020-11-22 01:00:00,84.6,3848.072773246218,Hold,3848.0727732462246,2732.558139534956
Hold,2020-11-22 02:00:00,85.31,3880.367473825471,Hold,3880.3674738254776,2755.4909560724245
Hold,2020-11-22 03:00:00,85.0,3866.266970755656,Hold,3866.266970755663,2745.478036175783
Hold,2020-11-22 04:00:00,84.88,3860.8087115028243,Hold,3860.808711502831,2741.6020671835345
Hold,2020-11-22 05:00:00,83.84,3813.503797978285,Hold,3813.503797978292,2708.010335917384
Hold,2020-11-22 06:00:00,84.0,3820.78147698206,Hold,3820.7814769820666,2713.1782945737145
Hold,2020-11-22 07:00:00,84.38,3838.065964616026,Hold,3838.065964616032,2725.4521963825
Hold,2020-11-22 08:00:00,83.03,3776.6605480216717,Hold,3776.6605480216776,2681.8475452197085
Hold,2020-11-22 09:00:00,84.73,3853.985887436785,Hold,3853.9858874367915,2736.7571059432244
Hold,2020-11-22 10:00:00,83.51,3798.4935850329985,Hold,3798.493585033005,2697.3514211887014
Hold,2020-11-22 11:00:00,80.87,3678.411881470705,Hold,3678.4118814707113,2612.080103359242
Hold,2020-11-22 12:00:00,81.54,3708.8871622990146,Hold,3708.887162299021,2633.7209302326273
Hold,2020-11-22 13:00:00,82.27,3742.091572753739,Hold,3742.091572753746,2657.2997416021367
Hold,2020-11-22 14:00:00,81.76,3718.8939709292054,Hold,3718.893970929212,2640.8268733850823
Hold,2020-11-22 15:00:00,82.62,3758.011495574498,Hold,3758.0114955745044,2668.60465116286
Hold,2020-11-22 16:00:00,84.19,3829.423720799043,Hold,3829.423720799049,2719.315245478107
Sell,2020-11-22 17:00:00,83.82,3812.5940881028127,Sinal: Venda,3812.5940881028187,2707.364341085342
Buy,2020-11-23 01:00:00,82.62,3812.5940881028127,Sinal: Compra,3812.5940881028187,2668.6046511628606
Hold,2020-11-23 02:00:00,82.45,3797.1435505607765,Hold,3797.1435505607824,2663.1136950905093
Hold,2020-11-23 03:00:00,83.7,3854.710917913123,Hold,3854.710917913129,2703.4883720930943
Hold,2020-11-23 04:00:00,85.16,3921.9496029806633,Hold,3921.9496029806696,2750.6459948321135
Hold,2020-11-23 05:00:00,87.94,4049.979427972282,Hold,4049.9794279722882,2840.439276485863
Hold,2020-11-23 06:00:00,87.96,4050.900505849919,Hold,4050.900505849926,2841.0852713179042
Hold,2020-11-23 07:00:00,86.95,4004.386073029224,Hold,4004.386073029231,2808.462532299816
Hold,2020-11-23 08:00:00,87.18,4014.978468622056,Hold,4014.9784686220623,2815.891472868291
Hold,2020-11-23 09:00:00,88.58,4079.4539200566837,Hold,4079.4539200566896,2861.1111111111863
Hold,2020-11-23 10:00:00,88.16,4060.1112846262945,Hold,4060.1112846263004,2847.5452196383176
Hold,2020-11-23 11:00:00,87.14,4013.1363128667804,Hold,4013.1363128667863,2814.5994832042084
Hold,2020-11-23 12:00:00,87.94,4049.979427972282,Hold,4049.9794279722882,2840.439276485863
Hold,2020-11-23 13:00:00,87.42,4026.031403153706,Hold,4026.031403153712,2823.643410852788
Hold,2020-11-23 14:00:00,89.55,4124.126197122105,Hold,4124.126197122111,2892.441860465193
Hold,2020-11-23 15:00:00,85.95,3958.3321791473463,Hold,3958.3321791473527,2776.162790697748
Hold,2020-11-23 16:00:00,86.86,4000.241222579855,Hold,4000.241222579861,2805.55555555563
Hold,2020-11-23 17:00:00,87.58,4033.400026174806,Hold,4033.400026174813,2828.811369509119
Hold,2020-11-23 18:00:00,86.54,3985.503976537654,Hold,3985.5039765376605,2795.2196382429684
Hold,2020-11-23 19:00:00,87.25,4018.202241193787,Hold,4018.2022411937933,2818.1524547804365
Hold,2020-11-23 20:00:00,87.45,4027.413019970162,Hold,4027.4130199701685,2824.6124031008508
Hold,2020-11-23 21:00:00,87.94,4049.979427972282,Hold,4049.9794279722882,2840.4392764858635
Hold,2020-11-23 22:00:00,88.51,4076.2301474849523,Hold,4076.2301474849583,2858.8501291990424
Hold,2020-11-23 23:00:00,89.03,4100.178172303528,Hold,4100.178172303535,2875.645994832118
Hold,2020-11-24 00:00:00,88.8,4089.5857767106963,Hold,4089.5857767107022,2868.2170542636427
Hold,2020-11-24 01:00:00,91.5,4213.931290191765,Hold,4213.931290191772,2955.426356589226
Hold,2020-11-24 02:00:00,88.96,4096.954399731797,Hold,4096.954399731804,2873.3850129199727
Hold,2020-11-24 03:00:00,89.69,4130.5737422655675,Hold,4130.573742265576,2896.963824289483
Hold,2020-11-24 04:00:00,91.69,4222.681530029321,Hold,4222.681530029328,2961.5633074936186
Hold,2020-11-24 05:00:00,90.75,4179.390869780357,Hold,4179.3908697803645,2931.201550387674
Hold,2020-11-24 06:00:00,89.14,4105.244100630534,Hold,4105.244100630542,2879.198966408345
Hold,2020-11-24 07:00:00,88.86,4092.3490103436093,Hold,4092.349010343617,2870.1550387597663
Hold,2020-11-24 08:00:00,93.11,4288.0780593415875,Hold,4288.078059341596,3007.428940568555
Hold,2020-11-24 09:00:00,90.17,4152.679611328867,Hold,4152.679611328876,2912.467700258475
Hold,2020-11-24 10:00:00,89.35,4114.9154183457285,Hold,4114.915418345737,2885.981912144779
Hold,2020-11-24 11:00:00,88.74,4086.8225430777834,Hold,4086.8225430777916,2866.2790697675177
Hold,2020-11-24 12:00:00,87.03,4008.070384539774,Hold,4008.0703845397816,2811.0465116279815
Hold,2020-11-24 13:00:00,89.28,4111.691645773998,Hold,4111.691645774005,2883.7209302326346
Hold,2020-11-24 14:00:00,89.44,4119.060268795098,Hold,4119.060268795105,2888.8888888889655
Hold,2020-11-24 15:00:00,90.46,4166.035240554613,Hold,4166.035240554621,2921.8346253230748
Hold,2020-11-24 16:00:00,90.48,4166.95631843225,Hold,4166.956318432257,2922.4806201551164
Hold,2020-11-24 17:00:00,90.0,4144.85044936895,Hold,4144.850449368957,2906.9767441861236
Hold,2020-11-24 18:00:00,89.96,4143.008293613674,Hold,4143.008293613681,2905.6847545220407
Hold,2020-11-24 19:00:00,89.68,4130.113203326749,Hold,4130.113203326756,2896.640826873462
Hold,2020-11-24 20:00:00,89.34,4114.454879406911,Hold,4114.454879406918,2885.658914728759
Hold,2020-11-24 21:00:00,88.28,4065.6377518921204,Hold,4065.6377518921277,2851.421188630567
Hold,2020-11-24 22:00:00,88.5,4075.7696085461334,Hold,4075.7696085461407,2858.527131783022
Hold,2020-11-24 23:00:00,89.25,4110.310028957541,Hold,4110.310028957549,2882.751937984573
Hold,2020-11-25 00:00:00,89.19,4107.546795324628,Hold,4107.546795324634,2880.813953488449
Hold,2020-11-25 01:00:00,89.62,4127.349969693836,Hold,4127.349969693843,2894.702842377338
Hold,2020-11-25 02:00:00,87.68,4038.005415562994,Hold,4038.005415563001,2832.0413436693266
Hold,2020-11-25 03:00:00,86.39,3978.595892455372,Hold,3978.5958924553784,2790.3746770026587
Hold,2020-11-25 04:00:00,85.41,3933.4630764511326,Hold,3933.463076451139,2758.720930232632
Hold,2020-11-25 05:00:00,87.21,4016.3600854385113,Hold,4016.360085438518,2816.8604651163546
Hold,2020-11-25 06:00:00,87.48,4028.794636786619,Hold,4028.7946367866266,2825.581395348913
Hold,2020-11-25 07:00:00,88.11,4057.808589932201,Hold,4057.8085899322086,2845.9302325582153
Sell,2020-11-25 08:00:00,88.25,4064.256135075664,Sinal: Venda,4064.256135075672,2850.4521963825046
Buy,2020-11-25 17:00:00,86.9,4064.256135075664,Sinal: Compra,4064.256135075672,2806.8475452197126
Hold,2020-11-25 18:00:00,86.93,4057.5319626728315,Hold,4057.531962672839,2807.8165374677747
Hold,2020-11-25 19:00:00,85.61,3995.9198357807554,Hold,3995.919835780763,2765.1808785530443
Hold,2020-11-25 20:00:00,83.71,3907.2357137391314,Hold,3907.235713739139,2703.8113695091147
Hold,2020-11-25 21:00:00,83.78,3910.5030234985597,Hold,3910.503023498567,2706.07235142126
Hold,2020-11-25 22:00:00,82.9,3869.428272237176,Hold,3869.428272237183,2677.64857881144
Hold,2020-11-25 23:00:00,81.75,3815.75104047514,Hold,3815.7510404751474,2640.5038759690615
Hold,2020-11-26 00:00:00,82.52,3851.691447828851,Hold,3851.6914478288586,2665.3746770026532
Hold,2020-11-26 01:00:00,81.67,3812.016972178651,Hold,3812.0169721786588,2637.919896640896
Hold,2020-11-26 02:00:00,79.47,3709.3300940251916,Hold,3709.3300940251993,2566.860465116346
Stop-Loss,2020-11-26 03:00:00,76.88,3588.439632926346,SL 10.0% hit,3588.439632926353,2483.20413436699
Buy,2020-11-29 13:00:00,75.5,3588.439632926346,Sinal: Compra,3588.439632926353,2438.630490956136
Hold,2020-11-29 14:00:00,75.12,3563.24142541141,Hold,3563.2414254114174,2426.3565891473504
Hold,2020-11-29 15:00:00,75.38,3575.5742631457942,Hold,3575.5742631458015,2434.7545219638873
Hold,2020-11-29 16:00:00,77.57,3679.454704062341,Hold,3679.4547040623484,2505.4909560724163
Hold,2020-11-29 17:00:00,77.83,3691.7875417967257,Hold,3691.787541796733,2513.888888888954
Hold,2020-11-29 18:00:00,78.78,3736.8498335185154,Hold,3736.849833518523,2544.573643410919
Hold,2020-11-29 19:00:00,78.03,3701.274340053945,Hold,3701.274340053952,2520.348837209368
Hold,2020-11-29 20:00:00,80.5,3818.436298530598,Hold,3818.436298530605,2600.1291989664755
Hold,2020-11-29 21:00:00,79.77,3783.809484891749,Hold,3783.8094848917563,2576.5503875969657
Hold,2020-11-29 22:00:00,79.44,3768.1562677673373,Hold,3768.1562677673446,2565.8914728682835
Hold,2020-11-29 23:00:00,78.91,3743.0162523857075,Hold,3743.0162523857143,2548.772609819187
Hold,2020-11-30 00:00:00,79.7,3780.4891055017224,Hold,3780.4891055017292,2574.2894056848213
Hold,2020-11-30 01:00:00,79.29,3761.041169074424,Hold,3761.041169074431,2561.0465116279734
Hold,2020-11-30 02:00:00,79.41,3766.733248028755,Hold,3766.7332480287614,2564.922480620221
Hold,2020-11-30 03:00:00,79.81,3785.706844543193,Hold,3785.706844543199,2577.842377261048
Hold,2020-11-30 04:00:00,79.35,3763.887208551589,Hold,3763.8872085515954,2562.9844961240965
Hold,2020-11-30 05:00:00,79.05,3749.6570111657607,Hold,3749.657011165767,2553.2945736434763
Hold,2020-11-30 07:00:00,79.24,3758.6694695101187,Hold,3758.669469510125,2559.4315245478697
Hold,2020-11-30 08:00:00,77.65,3683.249423365229,Hold,3683.2494233652355,2508.074935400582
Hold,2020-11-30 09:00:00,78.01,3700.325660228223,Hold,3700.32566022823,2519.7028423773263
Hold,2020-11-30 10:00:00,78.75,3735.4268137799327,Hold,3735.4268137799395,2543.6046511628565
Hold,2020-11-30 11:00:00,79.0,3747.285311601456,Hold,3747.285311601463,2551.6795865633735
Hold,2020-11-30 12:00:00,80.0,3794.719302887551,Hold,3794.7193028875577,2583.9793281654415
Hold,2020-11-30 13:00:00,81.56,3868.716329293858,Hold,3868.7163292938653,2634.366925064668
Hold,2020-11-30 14:00:00,83.24,3948.4054346544963,Hold,3948.405434654504,2688.6304909561422
Hold,2020-11-30 15:00:00,84.25,3996.3137658534515,Hold,3996.3137658534592,2721.253229974231
Hold,2020-11-30 16:00:00,85.53,4057.029274699653,Hold,4057.02927469966,2762.596899224878
Hold,2020-11-30 17:00:00,86.09,4083.5923098198655,Hold,4083.592309819873,2780.6847545220357
Hold,2020-11-30 18:00:00,85.13,4038.0556781852147,Hold,4038.0556781852224,2749.67700258405
Hold,2020-11-30 19:00:00,85.64,4062.247013741123,Hold,4062.247013741131,2766.1498708011045
Hold,2020-11-30 20:00:00,86.53,4104.463265985747,Hold,4104.463265985755,2794.8966408269453
Hold,2020-11-30 21:00:00,86.62,4108.732325201496,Hold,4108.732325201504,2797.803617571132
Hold,2020-11-30 22:00:00,87.79,4164.230095006226,Hold,4164.230095006234,2835.594315245551
Hold,2020-11-30 23:00:00,87.65,4157.589336226172,Hold,4157.58933622618,2831.0723514212614
Hold,2020-12-01 00:00:00,86.37,4096.873827379972,Hold,4096.873827379979,2789.728682170614
Hold,2020-12-01 01:00:00,89.78,4258.6237376655545,Hold,4258.623737665563,2899.870801033666
Hold,2020-12-01 02:00:00,90.14,4275.699974528548,Hold,4275.699974528556,2911.49870801041
Hold,2020-12-01 03:00:00,88.25,4186.049730997829,Hold,4186.049730997837,2850.452196382502
Hold,2020-12-01 04:00:00,89.01,4222.099564375261,Hold,4222.099564375269,2875.0000000000737
Hold,2020-12-01 05:00:00,89.06,4224.471263939566,Hold,4224.471263939574,2876.614987080177
Hold,2020-12-01 06:00:00,87.59,4154.743296749008,Hold,4154.743296749016,2829.134366925137
Hold,2020-12-01 07:00:00,88.86,4214.984465682347,Hold,4214.984465682354,2870.1550387597636
Hold,2020-12-01 08:00:00,88.45,4195.536529255049,Hold,4195.536529255056,2856.9121447029156
Hold,2020-12-01 09:00:00,89.56,4248.188259582613,Hold,4248.188259582619,2892.764857881211
Hold,2020-12-01 10:00:00,90.12,4274.751294702826,Hold,4274.751294702833,2910.8527131783694
Hold,2020-12-01 11:00:00,88.29,4187.947090649273,Hold,4187.94709064928,2851.744186046585
Hold,2020-12-01 12:00:00,81.52,3866.818969642414,Hold,3866.8189696424197,2633.0749354005848
Hold,2020-12-01 13:00:00,85.27,4044.696436965268,Hold,4044.6964369652737,2754.1989664083403
Take-Profit,2020-12-01 14:00:00,91.57,4343.530582067662,TP 20.0% hit,4343.5305820676695,2957.6873385013687
Buy,2020-12-02 00:00:00,86.74,4343.530582067662,Sinal: Compra,4343.5305820676695,2801.6795865633803
Hold,2020-12-02 01:00:00,86.59,4327.351586134995,Hold,4327.351586135002,2796.83462532307
Hold,2020-12-02 02:00:00,85.15,4255.387314463505,Hold,4255.387314463512,2750.3229974160927
Hold,2020-12-02 03:00:00,84.76,4235.896990885809,Hold,4235.896990885815,2737.726098191286
Hold,2020-12-02 04:00:00,84.96,4245.892028617961,Hold,4245.892028617968,2744.1860465116993
Hold,2020-12-02 05:00:00,85.53,4274.377886154592,Hold,4274.377886154598,2762.5968992248786
Hold,2020-12-02 06:00:00,88.75,4435.297993642232,Hold,4435.297993642238,2866.602067183537
Hold,2020-12-02 07:00:00,89.88,4491.769956828887,Hold,4491.769956828894,2903.100775193874
Hold,2020-12-02 08:00:00,88.61,4428.301467229726,Hold,4428.301467229731,2862.080103359248
Hold,2020-12-02 09:00:00,87.58,4376.827022909145,Hold,4376.82702290915,2828.811369509118
Hold,2020-12-02 10:00:00,88.74,4434.798241755623,Hold,4434.798241755629,2866.2790697675173
Hold,2020-12-02 11:00:00,89.04,4449.790798353852,Hold,4449.790798353857,2875.9689922481375
Hold,2020-12-02 12:00:00,87.75,4385.322804981474,Hold,4385.322804981479,2834.30232558147
Hold,2020-12-02 13:00:00,87.65,4380.325286115399,Hold,4380.325286115403,2831.072351421263
Hold,2020-12-02 14:00:00,86.79,4337.346623867147,Hold,4337.346623867152,2803.2945736434845
Hold,2020-12-02 15:00:00,86.46,4320.854811609097,Hold,4320.8548116091015,2792.6356589148018
Hold,2020-12-02 16:00:00,85.05,4250.389795597428,Hold,4250.389795597433,2747.093023255886
Hold,2020-12-02 17:00:00,86.19,4307.361510670692,Hold,4307.3615106706975,2783.914728682243
Hold,2020-12-02 18:00:00,87.02,4348.840917259121,Hold,4348.8409172591255,2810.7235142119594
Hold,2020-12-02 19:00:00,87.1,4352.838932351981,Hold,4352.838932351986,2813.3074935401246
Hold,2020-12-02 20:00:00,87.27,4361.334714424311,Hold,4361.334714424315,2818.7984496124764
Hold,2020-12-02 21:00:00,87.04,4349.840421032336,Hold,4349.840421032341,2811.3695090440006
Hold,2020-12-02 22:00:00,88.77,4436.297497415447,Hold,4436.297497415452,2867.248062015578
Hold,2020-12-02 23:00:00,88.9,4442.794271941345,Hold,4442.79427194135,2871.4470284238473
Hold,2020-12-03 00:00:00,88.46,4420.805188930612,Hold,4420.805188930616,2857.235142118937
Hold,2020-12-03 01:00:00,87.37,4366.332233290386,Hold,4366.332233290392,2822.0284237726833
Hold,2020-12-03 02:00:00,87.45,4370.330248383247,Hold,4370.330248383252,2824.6124031008485
Hold,2020-12-03 03:00:00,87.97,4396.3173464868405,Hold,4396.317346486846,2841.408268733924
Hold,2020-12-03 04:00:00,87.55,4375.327767249322,Hold,4375.327767249328,2827.8423772610554
Hold,2020-12-03 05:00:00,85.95,4295.367465392111,Hold,4295.367465392115,2776.1627906977465
Hold,2020-12-03 06:00:00,86.21,4308.361014443907,Hold,4308.361014443913,2784.560723514284
Hold,2020-12-03 07:00:00,88.11,4403.313872899347,Hold,4403.313872899353,2845.930232558213
Hold,2020-12-03 08:00:00,88.79,4437.297001188662,Hold,4437.297001188667,2867.8940568476196
Hold,2020-12-03 09:00:00,88.48,4421.804692703828,Hold,4421.804692703833,2857.8811369509785
Hold,2020-12-03 10:00:00,89.36,4465.782858725293,Hold,4465.782858725299,2886.304909560798
Hold,2020-12-03 11:00:00,89.81,4488.271693622635,Hold,4488.271693622642,2900.839793281729
Hold,2020-12-03 12:00:00,88.72,4433.798737982409,Hold,4433.798737982415,2865.6330749354747
Hold,2020-12-03 13:00:00,88.54,4424.803204023473,Hold,4424.803204023478,2859.8191214471026
Hold,2020-12-03 14:00:00,88.99,4447.292038920813,Hold,4447.292038920818,2874.3540051680325
Hold,2020-12-03 15:00:00,90.35,4515.258295499443,Hold,4515.258295499449,2918.2816537468448
Hold,2020-12-03 16:00:00,88.62,4428.801219116333,Hold,4428.801219116338,2862.4031007752674
Hold,2020-12-03 17:00:00,88.52,4423.803700250257,Hold,4423.8037002502615,2859.17312661506
Hold,2020-12-03 18:00:00,88.44,4419.8056851573965,Hold,4419.805685157401,2856.589147286895
Hold,2020-12-03 19:00:00,88.43,4419.30593327079,Hold,4419.305933270794,2856.2661498708744
Hold,2020-12-03 20:00:00,87.82,4388.821068187726,Hold,4388.821068187731,2836.5633074936127
Hold,2020-12-03 21:00:00,88.83,4439.296008735092,Hold,4439.296008735097,2869.1860465117015
Hold,2020-12-03 22:00:00,88.77,4436.297497415447,Hold,4436.297497415451,2867.248062015577
Hold,2020-12-03 23:00:00,89.0,4447.791790807421,Hold,4447.791790807426,2874.6770025840533
Hold,2020-12-04 00:00:00,89.08,4451.789805900282,Hold,4451.789805900286,2877.2609819122185
Hold,2020-12-04 01:00:00,88.33,4414.308414404713,Hold,4414.308414404719,2853.036175710667
Hold,2020-12-04 02:00:00,87.58,4376.827022909145,Hold,4376.8270229091495,2828.811369509116
Hold,2020-12-04 03:00:00,86.74,4334.847864434109,Hold,4334.847864434115,2801.679586563379
Hold,2020-12-04 04:00:00,87.52,4373.8285115895005,Hold,4373.828511589505,2826.8733850129915
Hold,2020-12-04 05:00:00,86.71,4333.348608774287,Hold,4333.348608774291,2800.7105943153165
Hold,2020-12-04 06:00:00,87.3,4362.833970084133,Hold,4362.833970084138,2819.7674418605366
Hold,2020-12-04 07:00:00,86.84,4339.845383300185,Hold,4339.8453833001895,2804.909560723586
Hold,2020-12-04 08:00:00,88.49,4422.304444590435,Hold,4422.30444459044,2858.204134366997
Hold,2020-12-04 09:00:00,87.74,4384.823053094866,Hold,4384.82305309487,2833.979328165446
Hold,2020-12-04 10:00:00,85.76,4285.872179546567,Hold,4285.872179546572,2770.0258397933517
Hold,2020-12-04 11:00:00,84.19,4207.411133349177,Hold,4207.411133349182,2719.3152454781043
Hold,2020-12-04 12:00:00,85.29,4262.38384087601,Hold,4262.383840876015,2754.8449612403797
Hold,2020-12-04 13:00:00,84.81,4238.395750318847,Hold,4238.395750318851,2739.341085271387
Hold,2020-12-04 14:00:00,84.95,4245.392276731353,Hold,4245.392276731358,2743.8630490956766
Hold,2020-12-04 15:00:00,84.34,4214.907411648292,Hold,4214.907411648295,2724.1602067184153
Hold,2020-12-04 16:00:00,83.22,4158.935200348242,Hold,4158.935200348245,2687.9844961240988
Hold,2020-12-04 17:00:00,83.57,4176.426516379507,Hold,4176.426516379511,2699.2894056848227
Hold,2020-12-04 18:00:00,84.09,4202.413614483102,Hold,4202.413614483106,2716.085271317898
Hold,2020-12-04 19:00:00,83.97,4196.41659184381,Hold,4196.416591843814,2712.2093023256493
Hold,2020-12-04 20:00:00,83.28,4161.933711667888,Hold,4161.933711667892,2689.922480620223
Hold,2020-12-04 21:00:00,81.55,4075.4766352847773,Hold,4075.4766352847814,2634.043927648645
Trailing-Stop,2020-12-04 22:00:00,78.61,3928.54958062215,Trailing stop 10.0% hit,3928.549580622154,2539.0826873385654
Buy,2020-12-07 12:00:00,86.8,3928.54958062215,Sinal: Compra,3928.549580622154,2803.617571059502
Hold,2020-12-07 13:00:00,85.3,3852.9424397914113,Hold,3852.942439791415,2755.1679586564
Hold,2020-12-07 14:00:00,84.08,3797.8358773465634,Hold,3797.835877346567,2715.762273901877
Hold,2020-12-07 15:00:00,84.53,3818.162068412286,Hold,3818.162068412289,2730.297157622808
Hold,2020-12-07 16:00:00,83.99,3793.7706391334186,Hold,3793.7706391334223,2712.8552971576905
Hold,2020-12-07 17:00:00,83.6,3776.154606876459,Hold,3776.1546068764624,2700.2583979328842
Hold,2020-12-07 18:00:00,82.43,3723.306510105581,Hold,3723.306510105584,2662.467700258465
Hold,2020-12-07 19:00:00,82.49,3726.0166689143434,Hold,3726.0166689143466,2664.405684754589
Hold,2020-12-07 20:00:00,82.73,3736.857304149396,Hold,3736.8573041493996,2672.157622739086
Hold,2020-12-07 21:00:00,83.16,3756.2801089455306,Hold,3756.2801089455347,2686.046511627975
Hold,2020-12-07 22:00:00,83.33,3763.958892237026,Hold,3763.9588922370303,2691.537467700327
Hold,2020-12-07 23:00:00,83.37,3765.7656647762014,Hold,3765.7656647762055,2692.82945736441
Hold,2020-12-08 00:00:00,83.99,3793.7706391334186,Hold,3793.7706391334227,2712.8552971576914
Hold,2020-12-08 01:00:00,83.6,3776.154606876459,Hold,3776.154606876463,2700.258397932885
Hold,2020-12-08 02:00:00,83.41,3767.572437315376,Hold,3767.57243731538,2694.1214470284926
Hold,2020-12-08 03:00:00,83.11,3754.0216432715615,Hold,3754.021643271565,2684.431524547872
Hold,2020-12-08 04:00:00,83.22,3758.9902677542937,Hold,3758.9902677542973,2687.984496124099
Hold,2020-12-08 05:00:00,83.66,3778.864765685222,Hold,3778.8647656852254,2702.1963824290087
Hold,2020-12-08 06:00:00,83.0,3749.0530187888294,Hold,3749.0530187888326,2680.878552971644
Hold,2020-12-08 07:00:00,82.38,3721.0480444316113,Hold,3721.0480444316145,2660.8527131783617
Hold,2020-12-08 08:00:00,82.36,3720.1446581620235,Hold,3720.144658162027,2660.2067183463205
Hold,2020-12-08 09:00:00,80.63,3642.00174584269,Hold,3642.0017458426933,2604.3281653747426
Hold,2020-12-08 10:00:00,80.81,3650.1322222689796,Hold,3650.1322222689832,2610.142118863115
Hold,2020-12-08 11:00:00,80.45,3633.8712694164014,Hold,3633.871269416405,2598.51421188637
Hold,2020-12-08 12:00:00,80.1,3618.062009698617,Hold,3618.062009698621,2587.209302325646
Hold,2020-12-08 13:00:00,81.13,3664.5864025823817,Hold,3664.5864025823853,2620.478036175776
Hold,2020-12-08 14:00:00,80.61,3641.0983595731027,Hold,3641.0983595731063,2603.682170542701
Hold,2020-12-08 15:00:00,79.72,3600.897670576451,Hold,3600.897670576455,2574.93540051686
Hold,2020-12-08 16:00:00,78.98,3567.472378601708,Hold,3567.4723786017116,2551.03359173133
Hold,2020-12-08 17:00:00,79.9,3609.0281470027408,Hold,3609.028147002745,2580.749354005233
Hold,2020-12-08 18:00:00,78.97,3567.020685466914,Hold,3567.020685466918,2550.710594315309
Hold,2020-12-08 19:00:00,78.6,3550.3080394795415,Hold,3550.3080394795456,2538.7596899225437
Stop-Loss,2020-12-08 20:00:00,77.22,3487.9743868779924,SL 10.0% hit,3487.974386877996,2494.18604651169
Buy,2020-12-13 04:00:00,75.89,3487.9743868779924,Sinal: Compra,3487.974386877996,2451.22739018094
Hold,2020-12-13 05:00:00,76.14,3492.469187661436,Hold,3492.46918766144,2459.302325581457
Hold,2020-12-13 06:00:00,77.0,3531.916567506312,Hold,3531.9165675063155,2487.0801033592356
Hold,2020-12-13 07:00:00,78.23,3588.3354944937505,Hold,3588.335494493754,2526.8087855297795
Hold,2020-12-13 08:00:00,79.12,3629.1589457285636,Hold,3629.1589457285672,2555.55555555562
Hold,2020-12-13 09:00:00,79.82,3661.2672781604388,Hold,3661.267278160443,2578.165374677067
Hold,2020-12-13 10:00:00,80.44,3689.706086885815,Hold,3689.706086885819,2598.191214470349
Hold,2020-12-13 11:00:00,80.58,3696.1277533721895,Hold,3696.127753372193,2602.7131782946385
Hold,2020-12-13 12:00:00,81.01,3715.8514432946276,Hold,3715.8514432946313,2616.602067183528
Hold,2020-12-13 13:00:00,80.59,3696.5864438355025,Hold,3696.586443835506,2603.0361757106593
Hold,2020-12-13 14:00:00,80.53,3693.834301055627,Hold,3693.8343010556305,2601.0981912145353
Hold,2020-12-13 15:00:00,80.83,3707.595014955002,Hold,3707.5950149550063,2610.788113695156
Hold,2020-12-13 16:00:00,83.0,3807.1308454938167,Hold,3807.1308454938203,2680.8785529716433
Hold,2020-12-13 17:00:00,82.68,3792.4527506678164,Hold,3792.45275066782,2670.542635658982
Hold,2020-12-13 18:00:00,82.24,3772.270370282066,Hold,3772.270370282069,2656.330749354072
Hold,2020-12-13 19:00:00,82.12,3766.766084722316,Hold,3766.7660847223196,2652.454780361824
Hold,2020-12-13 20:00:00,82.13,3767.224775185628,Hold,3767.224775185631,2652.777777777844
Hold,2020-12-13 21:00:00,82.26,3773.187751208691,Hold,3773.187751208695,2656.9767441861136
Hold,2020-12-13 22:00:00,81.84,3753.922751749566,Hold,3753.9227517495697,2643.410852713245
Hold,2020-12-13 23:00:00,82.28,3774.105132135316,Hold,3774.1051321353198,2657.622739018155
Hold,2020-12-14 00:00:00,80.81,3706.6776340283777,Hold,3706.677634028381,2610.142118863115
Hold,2020-12-14 01:00:00,81.32,3730.070847657315,Hold,3730.0708476573186,2626.614987080169
Hold,2020-12-14 02:00:00,82.73,3794.746202984379,Hold,3794.746202984383,2672.1576227390856
Hold,2020-12-14 03:00:00,82.01,3761.720489625878,Hold,3761.7204896258822,2648.9018087855966
Hold,2020-12-14 04:00:00,80.97,3714.0166814413774,Hold,3714.016681441381,2615.3100775194457
Hold,2020-12-14 05:00:00,81.0,3715.3927528313147,Hold,3715.392752831319,2616.2790697675073
Hold,2020-12-14 06:00:00,81.96,3759.4270373093154,Hold,3759.427037309319,2647.2868217054925
Hold,2020-12-14 07:00:00,81.05,3717.6862051478774,Hold,3717.6862051478815,2617.894056847611
Hold,2020-12-14 08:00:00,81.61,3743.372871093378,Hold,3743.372871093382,2635.9819121447686
Hold,2020-12-14 09:00:00,81.53,3739.703347386878,Hold,3739.7033473868814,2633.3979328166033
Hold,2020-12-14 10:00:00,80.14,3675.9453729864395,Hold,3675.945372986443,2588.501291989729
Hold,2020-12-14 11:00:00,79.84,3662.184659087064,Hold,3662.1846590870678,2578.811369509109
Hold,2020-12-14 12:00:00,79.91,3665.3954923302517,Hold,3665.3954923302554,2581.0723514212536
Hold,2020-12-14 13:00:00,80.37,3686.495253642627,Hold,3686.495253642631,2595.9302325582057
Hold,2020-12-14 14:00:00,80.41,3688.330015495877,Hold,3688.33001549588,2597.222222222288
Hold,2020-12-14 15:00:00,81.86,3754.8401326761905,Hold,3754.8401326761937,2644.0568475452865
Hold,2020-12-14 16:00:00,80.57,3695.669062908877,Hold,3695.6690629088803,2602.3901808786186
Hold,2020-12-14 17:00:00,80.58,3696.1277533721895,Hold,3696.1277533721927,2602.713178294639
Hold,2020-12-14 18:00:00,81.85,3754.381442212878,Hold,3754.3814422128817,2643.733850129265
Hold,2020-12-14 19:00:00,81.54,3740.1620378501907,Hold,3740.162037850195,2633.7209302326246
Hold,2020-12-14 20:00:00,81.72,3748.4184661898157,Hold,3748.4184661898203,2639.5348837209967
Hold,2020-12-14 21:00:00,81.29,3728.694776267378,Hold,3728.6947762673826,2625.6459948321076
Hold,2020-12-14 22:00:00,82.11,3766.307394259003,Hold,3766.307394259008,2652.131782945803
Hold,2020-12-14 23:00:00,82.35,3777.3159653785033,Hold,3777.3159653785083,2659.8837209302997
Hold,2020-12-15 00:00:00,83.38,3824.5610830996916,Hold,3824.561083099697,2693.1524547804297
Hold,2020-12-15 01:00:00,83.43,3826.8545354162547,Hold,3826.8545354162598,2694.767441860534
Hold,2020-12-15 02:00:00,84.08,3856.669415531567,Hold,3856.6694155315727,2715.762273901878
Hold,2020-12-15 03:00:00,83.6,3834.652273292567,Hold,3834.6522732925723,2700.258397932885
Hold,2020-12-15 04:00:00,81.6,3742.9141806300654,Hold,3742.9141806300704,2635.658914728749
Hold,2020-12-15 05:00:00,81.62,3743.8315615566908,Hold,3743.8315615566953,2636.304909560791
Hold,2020-12-15 06:00:00,81.66,3745.66632340994,Hold,3745.6663234099447,2637.596899224874
Hold,2020-12-15 07:00:00,81.68,3746.583704336566,Hold,3746.5837043365705,2638.2428940569152
Hold,2020-12-15 08:00:00,81.34,3730.988228583941,Hold,3730.9882285839453,2627.260981912212
Hold,2020-12-15 09:00:00,81.21,3725.025252560877,Hold,3725.025252560882,2623.062015503943
Hold,2020-12-15 10:00:00,82.56,3786.948465108066,Hold,3786.948465108071,2666.6666666667347
Hold,2020-12-15 11:00:00,81.99,3760.8031086992532,Hold,3760.8031086992582,2648.255813953556
Hold,2020-12-15 12:00:00,81.5,3738.3272759969404,Hold,3738.327275996946,2632.4289405685427
Hold,2020-12-15 13:00:00,81.68,3746.583704336566,Hold,3746.5837043365714,2638.2428940569152
Hold,2020-12-15 14:00:00,81.26,3727.3187048774403,Hold,3727.3187048774457,2624.6770025840465
Hold,2020-12-15 15:00:00,81.56,3741.079418776815,Hold,3741.0794187768206,2634.366925064667
Hold,2020-12-15 16:00:00,81.88,3755.7575136028154,Hold,3755.7575136028213,2644.702842377329
Hold,2020-12-15 17:00:00,81.43,3735.116442753753,Hold,3735.1164427537587,2630.1679586563982
Hold,2020-12-15 18:00:00,82.2,3770.435608428816,Hold,3770.435608428822,2655.038759689991
Hold,2020-12-15 19:00:00,82.12,3766.766084722316,Hold,3766.766084722322,2652.4547803618257
Hold,2020-12-15 20:00:00,82.49,3783.7376318648785,Hold,3783.7376318648853,2664.4056847545903
Hold,2020-12-15 21:00:00,81.95,3758.9683468460034,Hold,3758.9683468460103,2646.9638242894735
Hold,2020-12-15 22:00:00,81.64,3744.7489424833157,Hold,3744.7489424833225,2636.9509043928324
Hold,2020-12-15 23:00:00,81.32,3730.070847657315,Hold,3730.070847657322,2626.6149870801705
Hold,2020-12-16 00:00:00,79.7,3655.762992600689,Hold,3655.7629926006953,2574.289405684821
Hold,2020-12-16 01:00:00,79.55,3648.8826356510012,Hold,3648.882635651007,2569.4444444445103
Hold,2020-12-16 02:00:00,80.47,3691.082158275752,Hold,3691.082158275758,2599.160206718413
Hold,2020-12-16 03:00:00,79.71,3656.2216830640014,Hold,3656.2216830640073,2574.6124031008408
Hold,2020-12-16 04:00:00,79.74,3657.5977544539387,Hold,3657.5977544539446,2575.5813953489032
Hold,2020-12-16 05:00:00,80.01,3669.982396963377,Hold,3669.9823969633835,2584.3023255814614
Hold,2020-12-16 06:00:00,80.83,3707.595014955002,Hold,3707.5950149550085,2610.788113695157
Hold,2020-12-16 07:00:00,80.28,3682.367039472814,Hold,3682.3670394728206,2593.023255814019
Hold,2020-12-16 08:00:00,80.94,3712.64061005144,Hold,3712.6406100514464,2614.341085271384
Hold,2020-12-16 09:00:00,80.77,3704.842872175127,Hold,3704.8428721751334,2608.850129199033
Hold,2020-12-16 10:00:00,82.65,3791.076679277879,Hold,3791.0766792778854,2669.573643410921
Hold,2020-12-16 11:00:00,82.34,3776.8572749151913,Hold,3776.857274915197,2659.5607235142797
Hold,2020-12-16 12:00:00,82.19,3769.9769179655036,Hold,3769.97691796551,2654.715762273969
Hold,2020-12-16 13:00:00,85.62,3927.307746881694,Hold,3927.3077468817014,2765.503875969063
Hold,2020-12-16 14:00:00,87.32,4005.2851256448193,Hold,4005.2851256448266,2820.4134366925778
Hold,2020-12-16 15:00:00,88.31,4050.6954815127583,Hold,4050.695481512766,2852.390180878625
Hold,2020-12-16 16:00:00,89.93,4125.003336569385,Hold,4125.0033365693935,2904.715762273976
Hold,2020-12-16 17:00:00,89.04,4084.1798853345717,Hold,4084.1798853345795,2875.9689922481357
Hold,2020-12-16 18:00:00,88.64,4065.832266802071,Hold,4065.8322668020787,2863.049095607308
Hold,2020-12-16 19:00:00,89.44,4102.5275038670725,Hold,4102.52750386708,2888.888888888962
Hold,2020-12-16 20:00:00,89.71,4114.912146376509,Hold,4114.912146376516,2897.60981912152
Take-Profit,2020-12-16 21:00:00,91.3,4187.843930043198,TP 20.0% hit,4187.843930043206,2948.966408268808
Buy,2020-12-17 04:00:00,91.47,4187.843930043198,Sinal: Compra,4187.843930043206,2954.4573643411595
Hold,2020-12-17 05:00:00,93.53,4273.598517332778,Hold,4273.598517332786,3020.9948320414196
Hold,2020-12-17 06:00:00,92.18,4211.9139455547465,Hold,4211.913945554755,2977.390180878628
Hold,2020-12-17 07:00:00,92.97,4248.010843113742,Hold,4248.010843113751,3002.906976744261
Hold,2020-12-17 08:00:00,94.03,4296.444655028345,Hold,4296.444655028354,3037.1447028424536
Hold,2020-12-17 09:00:00,94.13,4301.013882567458,Hold,4301.013882567467,3040.3746770026605
Hold,2020-12-17 10:00:00,101.27,4627.256728860156,Hold,4627.256728860165,3270.994832041426
Hold,2020-12-17 11:00:00,100.39,4587.0475265159575,Hold,4587.047526515967,3242.571059431606
Hold,2020-12-17 12:00:00,101.33,4629.998265383624,Hold,4629.998265383634,3272.93281653755
Hold,2020-12-17 13:00:00,100.54,4593.901367824628,Hold,4593.901367824638,3247.4160206719166
Hold,2020-12-17 14:00:00,102.65,4690.3120688999215,Hold,4690.312068899932,3315.56847545228
Hold,2020-12-17 15:00:00,106.3,4857.088874077562,Hold,4857.088874077572,3433.462532299828
Hold,2020-12-17 16:00:00,108.17,4942.533429058982,Hold,4942.533429058992,3493.8630490956957
Hold,2020-12-17 17:00:00,101.36,4631.369033645358,Hold,4631.369033645367,3273.9018087856125
Hold,2020-12-17 18:00:00,104.69,4783.524310697835,Hold,4783.524310697844,3381.459948320499
Hold,2020-12-17 19:00:00,101.69,4646.447484524433,Hold,4646.447484524442,3284.560723514295
Hold,2020-12-17 20:00:00,101.8,4651.473634817457,Hold,4651.4736348174665,3288.1136950905225
Hold,2020-12-17 21:00:00,101.78,4650.559789309636,Hold,4650.559789309645,3287.4677002584813
Hold,2020-12-17 22:00:00,103.3,4720.012047904159,Hold,4720.012047904168,3336.5633074936245
Hold,2020-12-17 23:00:00,101.01,4615.376737258462,Hold,4615.376737258471,3262.596899224889
Hold,2020-12-18 00:00:00,104.0,4751.996640677953,Hold,4751.996640677962,3359.1731266150723
Hold,2020-12-18 01:00:00,108.06,4937.507278765957,Hold,4937.5072787659665,3490.3100775194685
Hold,2020-12-18 02:00:00,109.07,4983.656476911003,Hold,4983.656476911013,3522.9328165375573
Hold,2020-12-18 03:00:00,107.73,4922.4288278868835,Hold,4922.4288278868935,3479.6511627907867
Hold,2020-12-18 04:00:00,107.05,4891.358080620911,Hold,4891.358080620921,3457.68733850138
Hold,2020-12-18 05:00:00,108.59,4961.724184723258,Hold,4961.724184723268,3507.4289405685654
Hold,2020-12-18 06:00:00,107.88,4929.282669195553,Hold,4929.282669195562,3484.4961240310968
Hold,2020-12-18 07:00:00,109.42,4999.648773297899,Hold,4999.6487732979085,3534.2377260982826
Hold,2020-12-18 08:00:00,109.29,4993.708777497052,Hold,4993.708777497062,3530.0387596900136
Take-Profit,2020-12-18 09:00:00,111.7,5103.827161189685,TP 20.0% hit,5103.827161189696,3607.881136950998
Buy,2020-12-18 14:00:00,105.79,5103.827161189685,Sinal: Compra,5103.827161189696,3416.989664082776
Hold,2020-12-18 15:00:00,105.1,5060.402179638799,Hold,5060.40217963881,3394.7028423773486
Hold,2020-12-18 16:00:00,105.95,5101.3283628233185,Hold,5101.328362823329,3422.1576227391065
Hold,2020-12-18 17:00:00,107.95,5197.625264433952,Hold,5197.625264433963,3486.7571059432425
Hold,2020-12-18 18:00:00,107.24,5163.439864362176,Hold,5163.439864362187,3463.824289405774
Hold,2020-12-18 19:00:00,105.91,5099.402424791106,Hold,5099.4024247911175,3420.865633075023
Hold,2020-12-18 20:00:00,107.08,5155.736112233325,Hold,5155.736112233338,3458.656330749443
Hold,2020-12-18 21:00:00,107.56,5178.847368619878,Hold,5178.84736861989,3474.160206718436
Hold,2020-12-18 22:00:00,108.1,5204.847532054749,Hold,5204.847532054761,3491.602067183552
Hold,2020-12-18 23:00:00,109.34,5264.551611053343,Hold,5264.5516110533545,3531.6537467701173
Hold,2020-12-19 00:00:00,108.19,5209.180892627228,Hold,5209.18089262724,3494.5090439277387
Hold,2020-12-19 01:00:00,108.34,5216.403160248025,Hold,5216.403160248036,3499.3540051680493
Hold,2020-12-19 02:00:00,109.05,5250.5885603198,Hold,5250.588560319811,3522.2868217055175
Hold,2020-12-19 03:00:00,107.85,5192.81041935342,Hold,5192.810419353431,3483.527131783036
Hold,2020-12-19 04:00:00,107.95,5197.625264433952,Hold,5197.625264433963,3486.757105943243
Hold,2020-12-19 05:00:00,106.84,5144.18048404005,Hold,5144.180484040061,3450.9043927649477
Hold,2020-12-19 06:00:00,105.97,5102.291331839424,Hold,5102.291331839435,3422.8036175711486
Hold,2020-12-19 07:00:00,106.36,5121.069227653497,Hold,5121.069227653509,3435.400516795955
Hold,2020-12-19 08:00:00,107.49,5175.476977063506,Hold,5175.476977063517,3471.899224806292
Hold,2020-12-19 09:00:00,107.48,5174.995492555453,Hold,5174.995492555464,3471.5762273902715
Hold,2020-12-19 10:00:00,108.51,5224.588396884929,Hold,5224.58839688494,3504.8449612404015
Hold,2020-12-19 11:00:00,107.83,5191.847450337314,Hold,5191.8474503373245,3482.881136950995
Hold,2020-12-19 12:00:00,111.98,5391.663521179378,Hold,5391.66352117939,3616.9250645995776
Hold,2020-12-19 13:00:00,113.47,5463.404712879301,Hold,5463.404712879313,3665.0516795866583
Hold,2020-12-19 14:00:00,114.19,5498.0715974591285,Hold,5498.071597459141,3688.307493540147
Hold,2020-12-19 15:00:00,117.57,5660.813361181099,Hold,5660.813361181112,3797.4806201551364
Hold,2020-12-19 16:00:00,118.1,5686.332040107917,Hold,5686.33204010793,3814.599483204232
Hold,2020-12-19 17:00:00,117.72,5668.0356288018975,Hold,5668.03562880191,3802.325581395446
Hold,2020-12-19 18:00:00,118.35,5698.369152809246,Hold,5698.369152809259,3822.674418604749
Hold,2020-12-19 19:00:00,118.82,5720.998924687745,Hold,5720.998924687758,3837.8552971577215
Hold,2020-12-19 20:00:00,122.39,5892.888894062727,Hold,5892.888894062739,3953.1653746771044
Hold,2020-12-19 21:00:00,123.39,5941.037344868043,Hold,5941.037344868056,3985.4651162791724
Hold,2020-12-19 22:00:00,121.71,5860.147947515111,Hold,5860.147947515124,3931.201550387698
Hold,2020-12-19 23:00:00,119.85,5770.591829017221,Hold,5770.591829017234,3871.1240310078515
Hold,2020-12-20 00:00:00,117.5,5657.442969624727,Hold,5657.442969624739,3795.2196382429916
Hold,2020-12-20 01:00:00,118.5,5705.591420430043,Hold,5705.591420430056,3827.51937984506
Hold,2020-12-20 02:00:00,117.7,5667.072659785791,Hold,5667.072659785804,3801.679586563406
Hold,2020-12-20 03:00:00,117.21,5643.479918891185,Hold,5643.4799188911975,3785.852713178392
Hold,2020-12-20 04:00:00,120.75,5813.925434742007,Hold,5813.925434742021,3900.1937984497126
Hold,2020-12-20 05:00:00,120.25,5789.851209339349,Hold,5789.851209339363,3884.043927648679
Hold,2020-12-20 06:00:00,121.74,5861.59240103927,Hold,5861.592401039285,3932.1705426357594
Hold,2020-12-20 07:00:00,121.2,5835.592237604399,Hold,5835.592237604414,3914.7286821706434
Hold,2020-12-20 08:00:00,118.61,5710.887750018629,Hold,5710.887750018644,3831.072351421287
Hold,2020-12-20 09:00:00,116.99,5632.887259714015,Hold,5632.887259714029,3778.7467700259363
Hold,2020-12-20 10:00:00,116.61,5614.590848407995,Hold,5614.590848408008,3766.4728682171503
Hold,2020-12-20 11:00:00,118.2,5691.146885188449,Hold,5691.146885188463,3817.829457364439
Hold,2020-12-20 12:00:00,117.47,5655.998516100567,Hold,5655.998516100581,3794.250645994929
Hold,2020-12-20 13:00:00,115.26,5549.590439820818,Hold,5549.59043982083,3722.868217054359
Hold,2020-12-20 14:00:00,114.64,5519.738400321521,Hold,5519.738400321534,3702.8423772610768
Hold,2020-12-20 15:00:00,119.03,5731.110099356862,Hold,5731.110099356874,3844.6382428941556
Hold,2020-12-20 16:00:00,115.64,5567.886851126838,Hold,5567.88685112685,3735.1421188631452
Hold,2020-12-20 17:00:00,116.12,5590.99810751339,Hold,5590.998107513403,3750.6459948321376
Hold,2020-12-20 18:00:00,116.01,5585.701777924805,Hold,5585.701777924818,3747.09302325591
Hold,2020-12-20 19:00:00,116.44,5606.405611771091,Hold,5606.405611771103,3760.981912144799
Hold,2020-12-20 20:00:00,117.95,5679.10977248712,Hold,5679.109772487133,3809.7545219639214
Hold,2020-12-20 21:00:00,113.29,5454.737991734344,Hold,5454.737991734358,3659.2377260982844
Hold,2020-12-20 22:00:00,114.23,5499.997535491341,Hold,5499.997535491355,3689.599483204228
Hold,2020-12-20 23:00:00,114.58,5516.849493273202,Hold,5516.849493273216,3700.904392764952
Hold,2020-12-21 00:00:00,116.66,5616.998270948261,Hold,5616.998270948275,3768.087855297253
Hold,2020-12-21 01:00:00,115.49,5560.664583506041,Hold,5560.664583506054,3730.2971576228338
Hold,2020-12-21 02:00:00,114.5,5512.997617208777,Hold,5512.99761720879,3698.320413436787
Hold,2020-12-21 03:00:00,115.63,5567.405366618785,Hold,5567.405366618797,3734.8191214471235
Hold,2020-12-21 04:00:00,117.09,5637.702104794547,Hold,5637.702104794561,3781.9767441861427
Hold,2020-12-21 05:00:00,116.4,5604.479673738879,Hold,5604.4796737388915,3759.6899224807157
Hold,2020-12-21 06:00:00,116.34,5601.5907666905605,Hold,5601.590766690573,3757.7519379845917
Hold,2020-12-21 07:00:00,116.34,5601.5907666905605,Hold,5601.590766690573,3757.7519379845917
Hold,2020-12-21 08:00:00,112.69,5425.848921251153,Hold,5425.848921251165,3639.8578811370435
Trailing-Stop,2020-12-21 09:00:00,109.73,5283.329506867416,Trailing stop 10.0% hit,5283.329506867428,3544.2506459949223
Buy,2020-12-23 03:00:00,114.23,5283.329506867416,Sinal: Compra,5283.329506867428,3689.5994832042284
Hold,2020-12-23 04:00:00,110.43,5097.363080859313,Hold,5097.363080859325,3566.8604651163705
Hold,2020-12-23 05:00:00,110.41,5096.439896383925,Hold,5096.439896383937,3566.214470284329
Hold,2020-12-23 06:00:00,110.1,5082.130537015398,Hold,5082.1305370154105,3556.201550387688
Hold,2020-12-23 07:00:00,110.45,5098.286265334702,Hold,5098.286265334715,3567.5064599484117
Hold,2020-12-23 08:00:00,109.85,5070.590731073037,Hold,5070.59073107305,3548.126614987171
Hold,2020-12-23 09:00:00,110.17,5085.3616826792595,Hold,5085.361682679273,3558.4625322998327
Hold,2020-12-23 10:00:00,105.97,4891.492942847609,Hold,4891.492942847622,3422.8036175711472
Hold,2020-12-23 11:00:00,105.26,4858.719893971306,Hold,4858.719893971319,3399.870801033679
Hold,2020-12-23 12:00:00,112.43,5189.681528398195,Hold,5189.681528398209,3631.459948320507
Hold,2020-12-23 13:00:00,108.24,4996.274380804238,Hold,4996.274380804251,3496.1240310078415
Hold,2020-12-23 14:00:00,109.16,5038.740866672124,Hold,5038.7408666721385,3525.8397932817443
Hold,2020-12-23 15:00:00,105.36,4863.33581634825,Hold,4863.3358163482635,3403.1007751938864
Hold,2020-12-23 16:00:00,103.61,4782.55717475173,Hold,4782.557174751743,3346.5762273902674
Hold,2020-12-23 17:00:00,106.08,4896.570457462247,Hold,4896.5704574622605,3426.3565891473754
Hold,2020-12-23 18:00:00,105.68,4878.106767954471,Hold,4878.106767954485,3413.4366925065488
Hold,2020-12-23 19:00:00,105.81,4884.107467044499,Hold,4884.107467044512,3417.6356589148177
Hold,2020-12-23 20:00:00,104.48,4822.715699431143,Hold,4822.715699431156,3374.677002584067
Hold,2020-12-23 21:00:00,102.94,4751.630494826204,Hold,4751.630494826218,3324.9354005168825
Hold,2020-12-23 22:00:00,104.63,4829.639582996559,Hold,4829.639582996572,3379.521963824377
Stop-Loss,2020-12-23 23:00:00,102.45,4729.012475179178,SL 10.0% hit,4729.012475179191,3309.1085271318693
Buy,2020-12-26 06:00:00,130.11,4729.012475179178,Sinal: Compra,4729.012475179191,4202.519379845072
Hold,2020-12-26 07:00:00,128.36,4656.080364671529,Hold,4656.080364671542,4145.994832041452
Hold,2020-12-26 08:00:00,128.61,4665.1487667529245,Hold,4665.148766752938,4154.06976744197
Hold,2020-12-26 09:00:00,128.37,4656.443100754785,Hold,4656.443100754797,4146.317829457474
Hold,2020-12-26 10:00:00,127.02,4607.473729515251,Hold,4607.473729515264,4102.713178294682
Hold,2020-12-26 11:00:00,129.23,4687.638403914783,Hold,4687.638403914797,4174.095607235252
Hold,2020-12-26 12:00:00,130.13,4720.284651407806,Hold,4720.28465140782,4203.1653746771135
Hold,2020-12-26 13:00:00,130.23,4723.912012240365,Hold,4723.912012240379,4206.39534883732
Hold,2020-12-26 14:00:00,130.58,4736.607775154318,Hold,4736.607775154332,4217.700258398044
Hold,2020-12-26 15:00:00,130.44,4731.529469988736,Hold,4731.52946998875,4213.178294573754
Hold,2020-12-26 16:00:00,133.04,4825.840851635246,Hold,4825.84085163526,4297.157622739131
Hold,2020-12-26 17:00:00,132.18,4794.645548475247,Hold,4794.645548475261,4269.379844961353
Hold,2020-12-26 18:00:00,131.21,4759.460148399434,Hold,4759.460148399448,4238.049095607347
Hold,2020-12-26 19:00:00,131.61,4773.969591729667,Hold,4773.969591729681,4250.968992248175
Hold,2020-12-26 20:00:00,133.65,4847.96775271385,Hold,4847.967752713865,4316.860465116392
Hold,2020-12-26 21:00:00,132.97,4823.301699052456,Hold,4823.30169905247,4294.896640826986
Hold,2020-12-26 22:00:00,128.78,4671.315280168273,Hold,4671.315280168286,4159.560723514322
Hold,2020-12-26 23:00:00,129.61,4701.422375078505,Hold,4701.4223750785195,4186.369509044038
Hold,2020-12-27 00:00:00,132.13,4792.831868058967,Hold,4792.831868058982,4267.764857881249
Hold,2020-12-27 01:00:00,132.44,4804.076686639898,Hold,4804.076686639913,4277.777777777889
Hold,2020-12-27 02:00:00,134.84,4891.133346621291,Hold,4891.133346621305,4355.297157622854
Hold,2020-12-27 03:00:00,133.75,4851.595113546408,Hold,4851.595113546423,4320.0904392766
Hold,2020-12-27 04:00:00,133.87,4855.947946545478,Hold,4855.947946545492,4323.966408268849
Hold,2020-12-27 05:00:00,134.86,4891.858818787804,Hold,4891.858818787818,4355.943152454896
Hold,2020-12-27 06:00:00,136.63,4956.06310552408,Hold,4956.063105524095,4413.113695090557
Hold,2020-12-27 07:00:00,134.84,4891.133346621291,Hold,4891.1333466213055,4355.297157622856
Hold,2020-12-27 08:00:00,132.94,4822.213490802688,Hold,4822.213490802703,4293.927648578926
Hold,2020-12-27 09:00:00,134.15,4866.104556876641,Hold,4866.104556876657,4333.010335917428
Hold,2020-12-27 10:00:00,133.94,4858.487099128269,Hold,4858.487099128284,4326.227390180994
Hold,2020-12-27 11:00:00,129.49,4697.069542079435,Hold,4697.069542079451,4182.493540051792
Hold,2020-12-27 12:00:00,128.25,4652.090267755715,Hold,4652.09026775573,4142.4418604652265
Hold,2020-12-27 13:00:00,133.73,4850.869641379896,Hold,4850.869641379912,4319.444444444559
Hold,2020-12-27 14:00:00,136.81,4962.592355022685,Hold,4962.592355022701,4418.92764857893
Hold,2020-12-27 15:00:00,135.82,4926.68148278036,Hold,4926.681482780376,4386.950904392881
Hold,2020-12-27 16:00:00,133.1,4828.01726813478,Hold,4828.017268134796,4299.0956072352565
Hold,2020-12-27 17:00:00,131.42,4767.0776061478045,Hold,4767.07760614782,4244.832041343781
Hold,2020-12-27 18:00:00,131.42,4767.0776061478045,Hold,4767.07760614782,4244.832041343781
Hold,2020-12-27 19:00:00,132.38,4801.900270140362,Hold,4801.900270140379,4275.839793281767
Hold,2020-12-27 20:00:00,125.43,4549.798692277577,Hold,4549.798692277593,4051.356589147394
Hold,2020-12-27 21:00:00,127.63,4629.600630593855,Hold,4629.60063059387,4122.416020671943
Hold,2020-12-27 22:00:00,128.16,4648.825643006413,Hold,4648.825643006428,4139.5348837210395
Hold,2020-12-27 23:00:00,127.88,4638.66903267525,Hold,4638.669032675264,4130.49095607246
Hold,2020-12-28 00:00:00,130.55,4735.5195669045515,Hold,4735.519566904567,4216.731266149983
Hold,2020-12-28 01:00:00,129.83,4709.402568910134,Hold,4709.402568910149,4193.475452196494
Hold,2020-12-28 02:00:00,129.76,4706.863416327342,Hold,4706.863416327356,4191.214470284349
Hold,2020-12-28 03:00:00,129.46,4695.981333829667,Hold,4695.981333829683,4181.524547803729
Hold,2020-12-28 04:00:00,127.72,4632.865255343157,Hold,4632.865255343172,4125.32299741613
Hold,2020-12-28 05:00:00,129.74,4706.137944160831,Hold,4706.137944160846,4190.568475452308
Hold,2020-12-28 06:00:00,129.3,4690.177556497575,Hold,4690.177556497591,4176.356589147398
Hold,2020-12-28 07:00:00,131.48,4769.25402264734,Hold,4769.254022647356,4246.770025839906
Hold,2020-12-28 08:00:00,131.03,4752.930898900829,Hold,4752.930898900844,4232.235142118975
Hold,2020-12-28 09:00:00,129.91,4712.304457576179,Hold,4712.304457576194,4196.05943152466
Liquidate_Final_Fold,2020-12-28 09:00:00,129.91,4712.304457576179,Fim do período de teste,4712.304457576194,4196.05943152466
Buy,2021-01-02 15:00:00,131.13,4712.304457576179,Sinal: Compra,4712.304457576194,4235.465116279182
Hold,2021-01-02 16:00:00,140.36,5033.911972676851,Hold,5033.911972676868,4533.5917312662705
Hold,2021-01-02 17:00:00,137.94,4947.120386941042,Hold,4947.120386941058,4455.426356589265
Hold,2021-01-02 18:00:00,136.7,4902.648665324347,Hold,4902.648665324365,4415.3746770027
Hold,2021-01-02 19:00:00,138.38,4962.900675256644,Hold,4962.900675256661,4469.638242894175
Hold,2021-01-02 20:00:00,133.26,4779.275502129645,Hold,4779.275502129662,4304.263565891586
Hold,2021-01-02 21:00:00,134.81,4834.865154150514,Hold,4834.865154150531,4354.328165374792
Hold,2021-01-02 22:00:00,136.46,4894.04123533402,Hold,4894.041235334037,4407.622739018205
Hold,2021-01-02 23:00:00,136.96,4911.973381147203,Hold,4911.973381147221,4423.772609819238
Hold,2021-01-03 00:00:00,137.24,4922.015382802586,Hold,4922.015382802604,4432.8165374678165
Hold,2021-01-03 01:00:00,137.54,4932.774670290495,Hold,4932.774670290513,4442.506459948438
Hold,2021-01-03 02:00:00,137.51,4931.698741541704,Hold,4931.6987415417225,4441.537467700376
Hold,2021-01-03 03:00:00,135.77,4869.294874111826,Hold,4869.2948741118435,4385.335917312778
Hold,2021-01-03 04:00:00,136.84,4907.669666152039,Hold,4907.6696661520555,4419.896640826991
Hold,2021-01-03 05:00:00,137.32,4924.884526132695,Hold,4924.8845261327115,4435.400516795983
Hold,2021-01-03 06:00:00,140.71,5046.464474746079,Hold,5046.464474746095,4544.896640826994
Hold,2021-01-03 07:00:00,139.16,4990.87482272521,Hold,4990.874822725225,4494.832041343789
Hold,2021-01-03 08:00:00,143.1,5132.180131733096,Hold,5132.180131733113,4622.093023255937
Hold,2021-01-03 09:00:00,143.47,5145.449919634851,Hold,5145.449919634868,4634.043927648701
Hold,2021-01-03 10:00:00,150.25,5388.609816861618,Hold,5388.609816861636,4853.036175710723
Hold,2021-01-03 11:00:00,151.82,5444.916754715014,Hold,5444.916754715032,4903.74677002597
Hold,2021-01-03 12:00:00,151.26,5424.8327514042485,Hold,5424.832751404267,4885.658914728812
Hold,2021-01-03 13:00:00,152.18,5457.827899700506,Hold,5457.8278997005245,4915.3746770027155
Hold,2021-01-03 14:00:00,151.03,5416.583964330184,Hold,5416.583964330202,4878.2299741603365
Hold,2021-01-03 15:00:00,150.83,5409.411106004911,Hold,5409.41110600493,4871.770025839923
Hold,2021-01-03 16:00:00,150.02,5380.361029787555,Hold,5380.361029787574,4845.607235142248
Hold,2021-01-03 17:00:00,152.27,5461.05568594688,Hold,5461.055685946899,4918.281653746901
Hold,2021-01-03 18:00:00,151.5,5433.440181394577,Hold,5433.440181394596,4893.410852713308
Hold,2021-01-03 19:00:00,151.3,5426.2673230693035,Hold,5426.267323069323,4886.950904392895
Hold,2021-01-03 20:00:00,154.15,5528.480554204449,Hold,5528.480554204468,4979.005167958788
Hold,2021-01-03 21:00:00,155.83,5588.732564136746,Hold,5588.732564136766,5033.268733850263
Hold,2021-01-03 22:00:00,156.97,5629.617856590803,Hold,5629.617856590824,5070.09043927662
Take-Profit,2021-01-03 23:00:00,161.24,5782.7583818353905,TP 20.0% hit,5782.7583818354115,5208.010335917451
Buy,2021-01-04 09:00:00,151.79,5782.7583818353905,Sinal: Compra,5782.7583818354115,4902.777777777907
Hold,2021-01-04 10:00:00,151.28,5751.807967874945,Hold,5751.8079678749655,4886.304909560853
Hold,2021-01-04 11:00:00,152.6,5801.995610111822,Hold,5801.995610111843,4928.940568475583
Hold,2021-01-04 12:00:00,154.96,5891.725031080787,Hold,5891.725031080809,5005.167958656463
Sell,2021-01-04 13:00:00,154.79,5885.261471095733,Sinal: Venda,5885.261471095755,4999.6770025841115
Buy,2021-01-05 04:00:00,149.33,5885.261471095733,Sinal: Compra,5885.261471095755,4823.320413436821
Hold,2021-01-05 05:00:00,147.89,5816.858278267904,Hold,5816.858278267926,4776.808785529842
Hold,2021-01-05 06:00:00,152.21,5986.773943709229,Hold,5986.7739437092505,4916.343669250777
Hold,2021-01-05 07:00:00,150.65,5925.415508966528,Hold,5925.41550896655,4865.956072351551
Hold,2021-01-05 08:00:00,153.6,6041.445882358172,Hold,6041.4458823581945,4961.240310077651
Hold,2021-01-05 09:00:00,154.24,6066.618573534664,Hold,6066.618573534686,4981.912144702976
Hold,2021-01-05 10:00:00,154.0,6057.178814343481,Hold,6057.178814343502,4974.160206718479
Hold,2021-01-05 11:00:00,154.84,6090.217971512627,Hold,6090.217971512649,5001.291989664215
Hold,2021-01-05 12:00:00,152.3,5990.313853405923,Hold,5990.3138534059435,4919.250645994963
Hold,2021-01-05 13:00:00,151.62,5963.567869030899,Hold,5963.56786903092,4897.286821705556
Hold,2021-01-05 14:00:00,154.17,6063.865310437235,Hold,6063.865310437256,4979.6511627908285
Hold,2021-01-05 15:00:00,154.27,6067.798543433563,Hold,6067.798543433584,4982.881136951036
Hold,2021-01-05 16:00:00,155.08,6099.6577307038115,Hold,6099.657730703832,5009.043927648711
Hold,2021-01-05 17:00:00,155.82,6128.7636548766295,Hold,6128.76365487665,5032.945736434242
Hold,2021-01-05 18:00:00,155.67,6122.863805382139,Hold,6122.86380538216,5028.1007751939305
Hold,2021-01-05 19:00:00,157.0,6175.175804233288,Hold,6175.175804233309,5071.059431524682
Hold,2021-01-05 20:00:00,158.28,6225.521186586273,Hold,6225.521186586294,5112.403100775329
Hold,2021-01-05 21:00:00,157.45,6192.875352716758,Hold,6192.875352716779,5085.594315245612
Hold,2021-01-05 22:00:00,160.82,6325.425304692977,Hold,6325.425304692999,5194.444444444582
Hold,2021-01-05 23:00:00,158.43,6231.421036080764,Hold,6231.421036080786,5117.248062015638
Hold,2021-01-06 00:00:00,157.0,6175.175804233288,Hold,6175.175804233309,5071.059431524681
Hold,2021-01-06 01:00:00,156.28,6146.856526659734,Hold,6146.856526659754,5047.803617571192
Hold,2021-01-06 02:00:00,156.84,6168.882631439165,Hold,6168.882631439186,5065.89147286835
Hold,2021-01-06 03:00:00,156.92,6172.029217836226,Hold,6172.029217836247,5068.475452196515
Hold,2021-01-06 04:00:00,162.95,6409.20316751474,Hold,6409.203167514762,5263.242894056985
Hold,2021-01-06 05:00:00,161.17,6339.191620180121,Hold,6339.191620180143,5205.749354005303
Hold,2021-01-06 06:00:00,162.04,6373.4107472481655,Hold,6373.410747248186,5233.850129199103
Hold,2021-01-06 07:00:00,160.87,6327.391921191141,Hold,6327.391921191161,5196.059431524684
Hold,2021-01-06 08:00:00,161.21,6340.764913378652,Hold,6340.764913378672,5207.041343669388
Hold,2021-01-06 09:00:00,159.15,6259.740313654317,Hold,6259.740313654337,5140.503875969128
Hold,2021-01-06 10:00:00,162.44,6389.143679233473,Hold,6389.143679233494,5246.770025839932
Hold,2021-01-06 11:00:00,164.44,6467.808339160012,Hold,6467.808339160033,5311.369509044068
Hold,2021-01-06 12:00:00,163.07,6413.923047110333,Hold,6413.923047110354,5267.118863049234
Hold,2021-01-06 13:00:00,165.69,6516.973751614099,Hold,6516.97375161412,5351.744186046653
Hold,2021-01-06 14:00:00,163.1,6415.103017009231,Hold,6415.103017009253,5268.087855297297
Hold,2021-01-06 15:00:00,164.53,6471.348248856706,Hold,6471.348248856728,5314.276485788256
Hold,2021-01-06 16:00:00,165.15,6495.734293433934,Hold,6495.734293433956,5334.302325581538
Hold,2021-01-06 17:00:00,166.77,6559.45266797443,Hold,6559.452667974452,5386.627906976888
Hold,2021-01-06 18:00:00,165.97,6527.986804003814,Hold,6527.9868040038355,5360.788113695233
Hold,2021-01-06 19:00:00,163.8,6442.63564798352,Hold,6442.635647983541,5290.697674418746
Hold,2021-01-06 20:00:00,166.46,6547.259645685816,Hold,6547.259645685837,5376.614987080246
Hold,2021-01-06 21:00:00,165.28,6500.847496329158,Hold,6500.847496329179,5338.501291989805
Hold,2021-01-06 22:00:00,165.41,6505.960699224383,Hold,6505.9606992244035,5342.700258398074
Hold,2021-01-06 23:00:00,168.92,6644.017177395458,Hold,6644.01717739548,5456.072351421332
Hold,2021-01-07 00:00:00,170.53,6707.342228636323,Hold,6707.342228636345,5508.074935400662
Hold,2021-01-07 01:00:00,169.52,6667.61657537342,Hold,6667.616575373442,5475.452196382574
Hold,2021-01-07 02:00:00,168.18,6614.911253222639,Hold,6614.911253222661,5432.170542635803
Hold,2021-01-07 03:00:00,169.78,6677.842981163871,Hold,6677.842981163893,5483.850129199112
Hold,2021-01-07 04:00:00,169.12,6651.883643388113,Hold,6651.883643388135,5462.532299741747
Hold,2021-01-07 05:00:00,170.47,6704.982288838526,Hold,6704.982288838548,5506.136950904539
Hold,2021-01-07 06:00:00,168.49,6627.104275511253,Hold,6627.104275511274,5442.1834625324445
Hold,2021-01-07 07:00:00,165.22,6498.487556531362,Hold,6498.487556531382,5336.563307493682
Hold,2021-01-07 08:00:00,167.39,6583.838712551656,Hold,6583.8387125516765,5406.653746770169
Hold,2021-01-07 09:00:00,167.66,6594.458441641739,Hold,6594.45844164176,5415.374677002727
Hold,2021-01-07 10:00:00,163.72,6439.489061586459,Hold,6439.489061586479,5288.11369509058
Hold,2021-01-07 11:00:00,167.23,6577.545539757533,Hold,6577.545539757554,5401.48578811384
Hold,2021-01-07 12:00:00,167.28,6579.512156255697,Hold,6579.512156255718,5403.100775193943
Hold,2021-01-07 13:00:00,168.51,6627.890922110518,Hold,6627.890922110539,5442.829457364486
Hold,2021-01-07 14:00:00,168.38,6622.777719215293,Hold,6622.777719215314,5438.630490956218
Hold,2021-01-07 15:00:00,170.82,6718.74860432567,Hold,6718.748604325691,5517.441860465264
Take-Profit,2021-01-07 16:00:00,179.37,7055.040025511624,TP 20.0% hit,7055.0400255116465,5793.6046511629465
Buy,2021-01-07 19:00:00,171.75,7055.040025511624,Sinal: Compra,7055.0400255116465,5547.480620155188
Hold,2021-01-07 20:00:00,174.17,7140.145545136501,Hold,7140.145545136523,5625.645994832192
Hold,2021-01-07 21:00:00,173.12,7097.100515439118,Hold,7097.1005154391405,5591.73126615002
Hold,2021-01-07 22:00:00,171.7,7038.887237181702,Hold,7038.887237181725,5545.865633075083
Hold,2021-01-07 23:00:00,169.35,6942.548361192321,Hold,6942.548361192343,5469.961240310224
Hold,2021-01-08 00:00:00,165.37,6779.387201006048,Hold,6779.387201006069,5341.408268733993
Hold,2021-01-08 01:00:00,165.54,6786.356396290385,Hold,6786.356396290406,5346.899224806345
Stop-Loss,2021-01-08 02:00:00,153.75,6303.022205688334,SL 10.0% hit,6303.022205688353,4966.085271317962
Buy,2021-01-08 19:00:00,169.36,6303.022205688334,Sinal: Compra,6303.022205688353,5470.284237726245
Hold,2021-01-08 20:00:00,164.84,6122.539200608608,Hold,6122.539200608627,5324.289405684897
Hold,2021-01-08 21:00:00,169.82,6307.507929188024,Hold,6307.507929188043,5485.142118863196
Hold,2021-01-08 22:00:00,172.73,6415.5920657675615,Hold,6415.592065767581,5579.134366925214
Hold,2021-01-08 23:00:00,172.19,6395.535215680637,Hold,6395.535215680657,5561.692506460096
Hold,2021-01-09 00:00:00,171.13,6356.164361806303,Hold,6356.164361806323,5527.454780361904
Hold,2021-01-09 01:00:00,169.63,6300.450889342625,Hold,6300.450889342645,5479.005167958802
Hold,2021-01-09 02:00:00,170.03,6315.307815332939,Hold,6315.307815332959,5491.92506459963
Hold,2021-01-09 03:00:00,171.36,6364.707094250735,Hold,6364.707094250756,5534.88372093038
Hold,2021-01-09 04:00:00,169.03,6278.165500357153,Hold,6278.165500357174,5459.625322997561
Hold,2021-01-09 05:00:00,165.17,6134.796164550617,Hold,6134.796164550637,5334.948320413579
Hold,2021-01-09 06:00:00,164.86,6123.282046908124,Hold,6123.282046908144,5324.935400516938
Hold,2021-01-09 07:00:00,167.11,6206.852255603643,Hold,6206.852255603663,5397.6098191215915
Hold,2021-01-09 08:00:00,169.15,6282.622578154246,Hold,6282.622578154266,5463.501291989809
Hold,2021-01-09 09:00:00,169.31,6288.565348550373,Hold,6288.565348550393,5468.6692506461395
Hold,2021-01-09 10:00:00,171.29,6362.107132202429,Hold,6362.107132202449,5532.622739018234
Hold,2021-01-09 11:00:00,170.78,6343.164551564779,Hold,6343.164551564798,5516.14987080118
Hold,2021-01-09 12:00:00,170.01,6314.564969033422,Hold,6314.564969033441,5491.279069767587
Hold,2021-01-09 13:00:00,170.75,6342.050282115505,Hold,6342.050282115523,5515.180878553119
Hold,2021-01-09 14:00:00,170.29,6324.964817226643,Hold,6324.964817226661,5500.322997416168
Hold,2021-01-09 15:00:00,170.32,6326.079086675916,Hold,6326.0790866759335,5501.29198966423
Hold,2021-01-09 16:00:00,167.07,6205.366563004611,Hold,6205.366563004627,5396.317829457509
Hold,2021-01-09 17:00:00,170.4,6329.050471873979,Hold,6329.050471873998,5503.875968992396
Hold,2021-01-09 18:00:00,171.41,6366.564209999524,Hold,6366.564209999542,5536.498708010486
Hold,2021-01-09 19:00:00,172.43,6404.449371274826,Hold,6404.4493712748435,5569.444444444594
Hold,2021-01-09 20:00:00,176.44,6553.390054327729,Hold,6553.390054327745,5698.966408268888
Hold,2021-01-09 21:00:00,177.07,6576.789712762474,Hold,6576.789712762491,5719.31524547819
Hold,2021-01-09 22:00:00,175.44,6516.247739351943,Hold,6516.24773935196,5666.66666666682
Hold,2021-01-09 23:00:00,177.26,6583.846752607873,Hold,6583.846752607891,5725.452196382583
Hold,2021-01-10 00:00:00,178.13,6616.160566636807,Hold,6616.160566636825,5753.552971576382
Hold,2021-01-10 01:00:00,182.35,6772.901135834625,Hold,6772.901135834644,5889.857881137109
Hold,2021-01-10 02:00:00,182.41,6775.129674733173,Hold,6775.129674733192,5891.795865633233
Hold,2021-01-10 03:00:00,178.55,6631.760338926639,Hold,6631.760338926657,5767.118863049251
Hold,2021-01-10 04:00:00,179.43,6664.44557610533,Hold,6664.445576105348,5795.5426356590715
Hold,2021-01-10 05:00:00,180.42,6701.216467931357,Hold,6701.2164679313755,5827.519379845117
Hold,2021-01-10 06:00:00,181.66,6747.272938501334,Hold,6747.272938501353,5867.5710594316815
Hold,2021-01-10 07:00:00,184.5,6852.757113032566,Hold,6852.757113032586,5959.302325581556
Hold,2021-01-10 08:00:00,181.22,6730.930319911987,Hold,6730.930319912006,5853.3591731267725
Hold,2021-01-10 09:00:00,179.14,6653.67430476235,Hold,6653.6743047623695,5786.175710594471
Hold,2021-01-10 10:00:00,176.08,6540.018820936446,Hold,6540.018820936465,5687.3385012921435
Hold,2021-01-10 11:00:00,170.86,6346.135936762841,Hold,6346.13593676286,5518.733850129348
Hold,2021-01-10 12:00:00,174.7,6488.76242626986,Hold,6488.76242626988,5642.76485788129
Hold,2021-01-10 13:00:00,175.53,6519.590547699763,Hold,6519.590547699783,5669.573643411006
Hold,2021-01-10 14:00:00,173.06,6427.849029709571,Hold,6427.849029709591,5589.793281653898
Hold,2021-01-10 15:00:00,173.39,6440.10599365158,Hold,6440.105993651601,5600.45219638258
Hold,2021-01-10 16:00:00,171.94,6386.249636936691,Hold,6386.249636936711,5553.617571059582
Hold,2021-01-10 17:00:00,170.93,6348.735898811146,Hold,6348.735898811166,5520.994832041493
Hold,2021-01-10 18:00:00,169.15,6282.622578154246,Hold,6282.622578154265,5463.501291989813
Hold,2021-01-10 19:00:00,168.7,6265.908536415142,Hold,6265.9085364151615,5448.966408268881
Hold,2021-01-10 20:00:00,169.12,6281.508308704973,Hold,6281.508308704993,5462.53229974175
Hold,2021-01-10 21:00:00,169.38,6291.165310598678,Hold,6291.165310598698,5470.930232558288
Hold,2021-01-10 22:00:00,170.44,6330.536164473011,Hold,6330.536164473032,5505.16795865648
Hold,2021-01-10 23:00:00,170.07,6316.7935079319695,Hold,6316.7935079319905,5493.217054263714
Hold,2021-01-11 00:00:00,166.88,6198.3095231592115,Hold,6198.3095231592315,5390.1808785531175
Trailing-Stop,2021-01-11 01:00:00,165.92,6162.652900782457,Trailing stop 10.0% hit,6162.652900782477,5359.173126615132
Buy,2021-01-15 06:00:00,148.86,6162.652900782457,Sinal: Compra,6162.652900782477,4808.139534883851
Hold,2021-01-15 07:00:00,150.51,6218.505534471732,Hold,6218.505534471752,4861.434108527263
Hold,2021-01-15 08:00:00,149.36,6170.991871827108,Hold,6170.991871827127,4824.289405684885
Hold,2021-01-15 09:00:00,151.49,6258.99543829063,Hold,6258.99543829065,4893.08785529729
Hold,2021-01-15 10:00:00,150.16,6204.044854536412,Hold,6204.044854536432,4850.129198966539
Hold,2021-01-15 11:00:00,149.12,6161.075977014316,Hold,6161.075977014336,4816.537467700389
Hold,2021-01-15 12:00:00,148.55,6137.5257268339365,Hold,6137.525726833956,4798.126614987211
Hold,2021-01-15 13:00:00,150.23,6206.936990523475,Hold,6206.936990523495,4852.390180878684
Hold,2021-01-15 14:00:00,146.16,6038.77994098989,Hold,6038.779940989909,4720.930232558268
Hold,2021-01-15 15:00:00,137.82,5694.202596245393,Hold,5694.20259624541,4451.55038759702
Hold,2021-01-15 16:00:00,140.27,5795.427355792638,Hold,5795.427355792656,4530.684754522087
Hold,2021-01-15 17:00:00,140.61,5809.474873444093,Hold,5809.474873444111,4541.666666666792
Hold,2021-01-15 18:00:00,140.02,5785.09829869598,Hold,5785.098298695997,4522.609819121571
Hold,2021-01-15 19:00:00,138.85,5736.7583114836225,Hold,5736.75831148364,4484.819121447151
Hold,2021-01-15 20:00:00,139.98,5783.445649560514,Hold,5783.445649560531,4521.317829457488
Hold,2021-01-15 21:00:00,140.92,5822.282904243946,Hold,5822.2829042439635,4551.679586563432
Hold,2021-01-15 22:00:00,142.2,5875.167676578833,Hold,5875.167676578851,4593.02325581408
Hold,2021-01-15 23:00:00,143.65,5935.076207739448,Hold,5935.076207739466,4639.857881137079
Hold,2021-01-16 00:00:00,144.86,5985.068844087271,Hold,5985.068844087288,4678.940568475582
Sell,2021-01-16 01:00:00,143.94,5947.057913971571,Sinal: Venda,5947.057913971588,4649.224806201679
Buy,2021-01-16 18:00:00,144.54,5947.057913971571,Sinal: Compra,5947.057913971588,4668.604651162919
Hold,2021-01-16 19:00:00,145.83,5988.140334459257,Hold,5988.1403344592745,4710.271317829588
Hold,2021-01-16 20:00:00,147.28,6047.680919283818,Hold,6047.6809192838355,4757.105943152586
Hold,2021-01-16 21:00:00,144.04,5914.638509055141,Hold,5914.6385090551585,4652.454780361885
Hold,2021-01-16 22:00:00,144.63,5938.865367707894,Hold,5938.86536770791,4671.511627907105
Hold,2021-01-16 23:00:00,143.52,5893.286023462884,Hold,5893.286023462901,4635.6589147288105
Hold,2021-01-17 00:00:00,145.27,5965.145349975288,Hold,5965.145349975305,4692.183462532429
Hold,2021-01-17 01:00:00,146.96,6034.5409281501215,Hold,6034.54092815014,4746.7700258399245
Hold,2021-01-17 02:00:00,145.27,5965.145349975288,Hold,5965.145349975305,4692.183462532429
Hold,2021-01-17 03:00:00,143.92,5909.711012380005,Hold,5909.711012380022,4648.578811369637
Hold,2021-01-17 04:00:00,142.26,5841.547308373954,Hold,5841.547308373971,4594.961240310205
Hold,2021-01-17 05:00:00,141.51,5810.750454154353,Hold,5810.750454154369,4570.736434108653
Hold,2021-01-17 06:00:00,141.45,5808.286705816785,Hold,5808.286705816802,4568.79844961253
Hold,2021-01-17 07:00:00,139.02,5708.504898145277,Hold,5708.504898145294,4490.310077519504
Hold,2021-01-17 08:00:00,139.42,5724.929887062398,Hold,5724.929887062414,4503.22997416033
Hold,2021-01-17 09:00:00,137.6,5650.196187489499,Hold,5650.196187489515,4444.444444444567
Hold,2021-01-17 10:00:00,141.34,5803.769833864577,Hold,5803.769833864593,4565.245478036302
Hold,2021-01-17 11:00:00,142.17,5837.851685867602,Hold,5837.8516858676185,4592.054263566018
Sell,2021-01-17 12:00:00,141.27,5800.895460804081,Sinal: Venda,5800.895460804097,4562.984496124157
Buy,2021-01-18 15:00:00,151.28,5800.895460804081,Sinal: Compra,5800.895460804097,4886.3049095608585
Hold,2021-01-18 16:00:00,148.15,5669.518221812209,Hold,5669.5182218122245,4785.206718346386
Hold,2021-01-18 17:00:00,147.2,5633.1628906564765,Hold,5633.162890656492,4754.521963824421
Hold,2021-01-18 18:00:00,148.28,5674.493161865098,Hold,5674.4931618651135,4789.405684754654
Hold,2021-01-18 19:00:00,148.08,5666.839407937577,Hold,5666.839407937592,4782.945736434241
Hold,2021-01-18 20:00:00,148.51,5683.294978881749,Hold,5683.294978881764,4796.834625323128
Hold,2021-01-18 21:00:00,148.91,5698.602486736794,Hold,5698.60248673681,4809.754521963956
Hold,2021-01-18 22:00:00,149.18,5708.935054538949,Hold,5708.935054538963,4818.475452196515
Hold,2021-01-18 23:00:00,151.96,5815.32223413151,Hold,5815.322234131525,4908.268733850264
Hold,2021-01-19 00:00:00,151.13,5783.559155332292,Hold,5783.559155332307,4881.459948320547
Hold,2021-01-19 01:00:00,155.66,5956.916681790674,Hold,5956.916681790689,5027.777777777916
Hold,2021-01-19 02:00:00,158.74,6074.784492274519,Hold,6074.784492274534,5127.2609819122845
Hold,2021-01-19 03:00:00,158.55,6067.513426043373,Hold,6067.513426043389,5121.124031007892
Hold,2021-01-19 04:00:00,156.44,5986.766322108011,Hold,5986.7663221080265,5052.971576227528
Hold,2021-01-19 05:00:00,157.53,6028.479281013008,Hold,6028.479281013025,5088.178294573782
Hold,2021-01-19 06:00:00,158.8,6077.080618452776,Hold,6077.080618452793,5129.19896640841
Hold,2021-01-19 07:00:00,164.27,6286.410788370514,Hold,6286.410788370531,5305.8785529717225
Hold,2021-01-19 08:00:00,163.09,6241.253640198131,Hold,6241.253640198147,5267.764857881282
Hold,2021-01-19 09:00:00,161.35,6174.665981028686,Hold,6174.665981028702,5211.563307493684
Hold,2021-01-19 10:00:00,161.16,6167.39491479754,Hold,6167.394914797556,5205.426356589291
Hold,2021-01-19 11:00:00,164.27,6286.410788370514,Hold,6286.41078837053,5305.8785529717225
Hold,2021-01-19 12:00:00,158.88,6080.142120023785,Hold,6080.1421200238,5131.782945736575
Hold,2021-01-19 13:00:00,162.2,6207.1944352206565,Hold,6207.194435220671,5239.01808785544
Hold,2021-01-19 14:00:00,159.84,6116.880138875892,Hold,6116.880138875907,5162.79069767456
Hold,2021-01-19 15:00:00,161.74,6189.590801187355,Hold,6189.590801187369,5224.1602067184895
Hold,2021-01-19 16:00:00,159.74,6113.053261912131,Hold,6113.053261912144,5159.560723514353
Hold,2021-01-19 17:00:00,160.4,6138.310649872955,Hold,6138.310649872968,5180.878552971718
Hold,2021-01-19 18:00:00,156.3,5981.408694358747,Hold,5981.40869435876,5048.449612403239
Hold,2021-01-19 19:00:00,156.76,5999.0123283920475,Hold,5999.01232839206,5063.307493540189
Hold,2021-01-19 20:00:00,158.39,6061.390422901354,Hold,6061.390422901367,5115.95607235156
Hold,2021-01-19 21:00:00,158.53,6066.748050650621,Hold,6066.748050650634,5120.47803617585
Hold,2021-01-19 22:00:00,158.47,6064.451924472363,Hold,6064.451924472376,5118.540051679725
Hold,2021-01-19 23:00:00,151.86,5811.49535716775,Hold,5811.4953571677615,4905.038759690056
Hold,2021-01-20 00:00:00,155.88,5965.335811110948,Hold,5965.33581111096,5034.883720930368
Hold,2021-01-20 01:00:00,152.99,5854.739066858251,Hold,5854.739066858262,4941.537467700393
Hold,2021-01-20 02:00:00,154.27,5903.723091994394,Hold,5903.723091994406,4982.8811369510395
Hold,2021-01-20 03:00:00,148.3,5675.2585372578515,Hold,5675.258537257862,4790.051679586693
Hold,2021-01-20 04:00:00,150.2,5747.969199569313,Hold,5747.969199569325,4851.421188630622
Hold,2021-01-20 05:00:00,151.06,5780.88034145766,Hold,5780.880341457671,4879.198966408401
Hold,2021-01-20 06:00:00,149.93,5737.636631767158,Hold,5737.63663176717,4842.700258398065
Hold,2021-01-20 07:00:00,151.4,5793.891723134448,Hold,5793.89172313446,4890.180878553105
Hold,2021-01-20 08:00:00,150.08,5743.376947212801,Hold,5743.376947212812,4847.545219638375
Trailing-Stop,2021-01-20 09:00:00,146.84,5619.386133586937,Trailing stop 10.0% hit,5619.386133586949,4742.894056847674
Buy,2021-01-25 09:00:00,140.63,5619.386133586937,Sinal: Compra,5619.386133586949,4542.3126614988305
Hold,2021-01-25 10:00:00,142.09,5666.376001055969,Hold,5666.376001055981,4589.47028423785
Hold,2021-01-25 11:00:00,142.08,5665.977213245352,Hold,5665.977213245364,4589.14728682183
Hold,2021-01-25 12:00:00,145.29,5793.988100453386,Hold,5793.988100453397,4692.829457364468
Hold,2021-01-25 13:00:00,145.31,5794.785676074621,Hold,5794.785676074632,4693.47545219651
Hold,2021-01-25 14:00:00,144.07,5745.335987558121,Hold,5745.335987558132,4653.423772609945
Hold,2021-01-25 15:00:00,145.52,5803.160220097577,Hold,5803.1602200975885,4700.258397932944
Hold,2021-01-25 16:00:00,142.7,5690.7020575036,Hold,5690.702057503611,4609.173126615112
Hold,2021-01-25 17:00:00,142.66,5689.106906261133,Hold,5689.106906261144,4607.8811369510295
Hold,2021-01-25 18:00:00,141.25,5632.877824964146,Hold,5632.877824964157,4562.3385012921135
Hold,2021-01-25 19:00:00,141.24,5632.47903715353,Hold,5632.479037153541,4562.015503876092
Hold,2021-01-25 20:00:00,140.4,5598.980861061707,Hold,5598.980861061718,4534.883720930356
Hold,2021-01-25 21:00:00,138.82,5535.972386984232,Hold,5535.972386984242,4483.850129199087
Hold,2021-01-25 22:00:00,137.6,5487.3202740889665,Hold,5487.3202740889765,4444.444444444564
Hold,2021-01-25 23:00:00,137.07,5466.1845201262695,Hold,5466.1845201262795,4427.325581395468
Hold,2021-01-26 00:00:00,138.78,5534.377235741765,Hold,5534.377235741775,4482.558139535005
Hold,2021-01-26 01:00:00,139.03,5544.346931007188,Hold,5544.346931007199,4490.633074935523
Hold,2021-01-26 02:00:00,137.16,5469.773610421821,Hold,5469.773610421832,4430.232558139654
Hold,2021-01-26 03:00:00,134.48,5362.8984771764835,Hold,5362.898477176494,4343.669250646112
Hold,2021-01-26 04:00:00,136.24,5433.085131845064,Hold,5433.085131845075,4400.516795865752
Hold,2021-01-26 05:00:00,136.51,5443.852402731721,Hold,5443.852402731732,4409.23772609831
Hold,2021-01-26 06:00:00,134.93,5380.843928654246,Hold,5380.843928654257,4358.2041343670435
Hold,2021-01-26 07:00:00,135.04,5385.230594571031,Hold,5385.230594571042,4361.75710594327
Hold,2021-01-26 08:00:00,135.08,5386.8257458135,Hold,5386.825745813511,4363.049095607354
Hold,2021-01-26 09:00:00,134.23,5352.9287819110605,Hold,5352.928781911071,4335.594315245595
Hold,2021-01-26 10:00:00,136.23,5432.686344034447,Hold,5432.686344034458,4400.193798449731
Hold,2021-01-26 11:00:00,134.95,5381.64150427548,Hold,5381.641504275491,4358.850129199083
Hold,2021-01-26 12:00:00,132.02,5264.79667576472,Hold,5264.796675764731,4264.2118863050255
Hold,2021-01-26 13:00:00,133.06,5306.27060806888,Hold,5306.270608068891,4297.803617571177
Trailing-Stop,2021-01-26 14:00:00,129.79,5175.866993997143,Trailing stop 10.0% hit,5175.866993997155,4192.183462532414
Buy,2021-01-29 03:00:00,134.72,5175.866993997143,Sinal: Compra,5175.866993997155,4351.421188630609
Hold,2021-01-29 04:00:00,133.13,5104.5556385703,Hold,5104.555638570312,4300.06459948332
Hold,2021-01-29 05:00:00,134.75,5166.670715070592,Hold,5166.670715070603,4352.390180878671
Hold,2021-01-29 06:00:00,133.7,5126.410943264847,Hold,5126.410943264858,4318.4754521965
Hold,2021-01-29 07:00:00,132.87,5094.586552218401,Hold,5094.586552218412,4291.666666666783
Hold,2021-01-29 08:00:00,139.89,5363.751883719667,Hold,5363.751883719678,4518.410852713301
Hold,2021-01-29 09:00:00,141.06,5408.612772303211,Hold,5408.612772303223,4556.201550387721
Hold,2021-01-29 10:00:00,141.15,5412.063609886562,Hold,5412.063609886574,4559.108527131907
Hold,2021-01-29 11:00:00,141.68,5432.385208988509,Hold,5432.38520898852,4576.227390181002
Hold,2021-01-29 12:00:00,144.35,5534.760057294546,Hold,5534.760057294558,4662.467700258523
Hold,2021-01-29 13:00:00,144.33,5533.993204498247,Hold,5533.993204498259,4661.821705426483
Hold,2021-01-29 14:00:00,140.93,5403.628229127262,Hold,5403.628229127274,4552.002583979452
Hold,2021-01-29 15:00:00,142.77,5474.178686386854,Hold,5474.1786863868665,4611.434108527256
Hold,2021-01-29 16:00:00,138.43,5307.771629589775,Hold,5307.771629589787,4471.253229974282
Hold,2021-01-29 17:00:00,136.53,5234.920613941284,Hold,5234.920613941295,4409.883720930352
Hold,2021-01-29 18:00:00,136.06,5216.8995732282365,Hold,5216.899573228248,4394.702842377379
Hold,2021-01-29 19:00:00,135.42,5192.360283746639,Hold,5192.360283746651,4374.031007752055
Hold,2021-01-29 20:00:00,134.88,5171.655258246542,Hold,5171.655258246555,4356.589147286939
Hold,2021-01-29 21:00:00,136.13,5219.583558015285,Hold,5219.583558015298,4396.9638242895235
Hold,2021-01-29 22:00:00,135.76,5205.396781283737,Hold,5205.39678128375,4385.012919896758
Hold,2021-01-29 23:00:00,134.65,5162.836451089093,Hold,5162.836451089106,4349.160206718462
Hold,2021-01-30 00:00:00,133.65,5124.493811274097,Hold,5124.493811274109,4316.860465116394
Hold,2021-01-30 01:00:00,133.12,5104.172212172151,Hold,5104.172212172163,4299.741602067298
Hold,2021-01-30 02:00:00,132.72,5088.835156246153,Hold,5088.835156246166,4286.8217054264705
Hold,2021-01-30 03:00:00,130.21,4992.595130310515,Hold,4992.595130310528,4205.74935400528
Hold,2021-01-30 04:00:00,130.44,5001.4139374679635,Hold,5001.413937467975,4213.178294573756
Trailing-Stop,2021-01-30 05:00:00,129.84,4978.408353578967,Trailing stop 10.0% hit,4978.40835357898,4193.798449612515
Buy,2021-02-02 12:00:00,140.75,4978.408353578967,Sinal: Compra,4978.40835357898,4546.188630491077
Hold,2021-02-02 13:00:00,143.29,5058.11818170156,Hold,5058.118181701573,4628.229974160329
Hold,2021-02-02 14:00:00,143.73,5073.65012391629,Hold,5073.650123916303,4642.441860465239
Hold,2021-02-02 15:00:00,145.3,5129.070917727941,Hold,5129.070917727954,4693.1524547804875
Hold,2021-02-02 16:00:00,143.94,5081.063096336957,Hold,5081.0630963369695,4649.224806201674
Hold,2021-02-02 17:00:00,143.26,5057.059185641465,Hold,5057.059185641478,4627.260981912267
Hold,2021-02-02 18:00:00,143.85,5077.88610815667,Hold,5077.886108156684,4646.317829457488
Hold,2021-02-02 19:00:00,145.49,5135.7778927752115,Hold,5135.777892775226,4699.289405684881
Hold,2021-02-02 20:00:00,144.13,5087.770071384226,Hold,5087.7700713842405,4655.361757106068
Hold,2021-02-02 21:00:00,142.05,5014.346344550958,Hold,5014.346344550972,4588.178294573766
Hold,2021-02-02 22:00:00,144.78,5110.714986019624,Hold,5110.714986019639,4676.356589147412
Hold,2021-02-02 23:00:00,141.98,5011.875353744068,Hold,5011.8753537440825,4585.9173126616215
Hold,2021-02-03 00:00:00,149.78,5287.2143293688305,Hold,5287.214329368846,4837.855297157752
Hold,2021-02-03 01:00:00,147.95,5222.615569703021,Hold,5222.615569703036,4778.746770025968
Hold,2021-02-03 02:00:00,152.46,5381.817977404005,Hold,5381.817977404022,4924.418604651294
Hold,2021-02-03 03:00:00,153.45,5416.764847387147,Hold,5416.764847387163,4956.395348837341
Hold,2021-02-03 04:00:00,153.17,5406.880884159591,Hold,5406.880884159607,4947.351421188762
Hold,2021-02-03 05:00:00,152.19,5372.2870128631475,Hold,5372.287012863163,4915.697674418736
Hold,2021-02-03 06:00:00,152.94,5398.761914365528,Hold,5398.761914365544,4939.9224806202865
Hold,2021-02-03 07:00:00,152.28,5375.464001043433,Hold,5375.464001043449,4918.604651162922
Hold,2021-02-03 08:00:00,150.74,5321.102203291878,Hold,5321.102203291894,4868.863049095738
Hold,2021-02-03 09:00:00,150.9,5326.750182279053,Hold,5326.750182279068,4874.031007752068
Hold,2021-02-03 10:00:00,151.63,5352.519086408037,Hold,5352.519086408052,4897.609819121577
Hold,2021-02-03 11:00:00,150.4,5309.100247944132,Hold,5309.100247944148,4857.881136951033
Hold,2021-02-03 12:00:00,150.64,5317.572216424894,Hold,5317.572216424909,4865.633074935529
Hold,2021-02-03 13:00:00,150.42,5309.806245317528,Hold,5309.8062453175435,4858.527131783075
Hold,2021-02-03 14:00:00,149.85,5289.685320175719,Hold,5289.685320175734,4840.116279069896
Hold,2021-02-03 15:00:00,153.2,5407.9398802196865,Hold,5407.939880219702,4948.320413436824
Hold,2021-02-03 16:00:00,152.07,5368.051028622766,Hold,5368.051028622782,4911.821705426488
Hold,2021-02-03 17:00:00,155.85,5501.484532194767,Hold,5501.484532194783,5033.9147286823045
Hold,2021-02-03 18:00:00,155.58,5491.95356765391,Hold,5491.953567653925,5025.193798449747
Hold,2021-02-03 19:00:00,152.82,5394.525930125147,Hold,5394.525930125163,4936.046511628038
Hold,2021-02-03 20:00:00,154.54,5455.2417042372745,Hold,5455.24170423729,4991.602067183596
Hold,2021-02-03 21:00:00,154.87,5466.8906608983225,Hold,5466.890660898337,5002.260981912279
Hold,2021-02-03 22:00:00,154.69,5460.53668453775,Hold,5460.536684537765,4996.447028423907
Hold,2021-02-03 23:00:00,155.93,5504.308521688354,Hold,5504.308521688368,5036.498708010471
Hold,2021-02-04 00:00:00,156.96,5540.66738641829,Hold,5540.667386418306,5069.767441860602
Hold,2021-02-04 01:00:00,157.06,5544.197373285276,Hold,5544.197373285291,5072.9974160208085
Hold,2021-02-04 02:00:00,153.36,5413.587859206863,Hold,5413.5878592068775,4953.4883720931575
Hold,2021-02-04 03:00:00,149.89,5291.097314922512,Hold,5291.0973149225265,4841.408268733981
Hold,2021-02-04 04:00:00,151.63,5352.519086408037,Hold,5352.519086408052,4897.609819121579
Hold,2021-02-04 05:00:00,151.13,5334.869152073115,Hold,5334.869152073131,4881.459948320545
Hold,2021-02-04 06:00:00,153.0,5400.8799064857185,Hold,5400.879906485735,4941.860465116412
Hold,2021-02-04 07:00:00,151.28,5340.164132373592,Hold,5340.1641323736085,4886.304909560855
Hold,2021-02-04 08:00:00,148.03,5225.439559196608,Hold,5225.439559196624,4781.330749354134
Hold,2021-02-04 09:00:00,148.61,5245.913483025117,Hold,5245.913483025132,4800.064599483334
Hold,2021-02-04 10:00:00,148.36,5237.088515857657,Hold,5237.088515857672,4791.989664082817
Hold,2021-02-04 11:00:00,146.63,5176.01974305883,Hold,5176.019743058845,4736.111111111239
Hold,2021-02-04 12:00:00,148.61,5245.913483025117,Hold,5245.913483025132,4800.064599483334
Hold,2021-02-04 13:00:00,149.47,5276.27137008118,Hold,5276.271370081196,4827.842377261112
Hold,2021-02-04 14:00:00,145.73,5144.249861255973,Hold,5144.249861255988,4707.041343669378
Hold,2021-02-04 15:00:00,143.79,5075.76811603648,Hold,5075.7681160364955,4644.379844961366
Hold,2021-02-04 16:00:00,146.7,5178.4907338657185,Hold,5178.490733865734,4738.372093023384
Hold,2021-02-04 17:00:00,145.59,5139.307879642195,Hold,5139.3078796422105,4702.519379845088
Hold,2021-02-04 18:00:00,146.58,5174.254749625338,Hold,5174.254749625354,4734.496124031137
Hold,2021-02-04 19:00:00,147.44,5204.612636681401,Hold,5204.612636681417,4762.273901808915
Hold,2021-02-04 20:00:00,147.39,5202.847643247909,Hold,5202.847643247925,4760.658914728811
Hold,2021-02-04 21:00:00,148.34,5236.382518484258,Hold,5236.382518484274,4791.343669250777
Hold,2021-02-04 22:00:00,146.58,5174.254749625338,Hold,5174.254749625354,4734.496124031138
Hold,2021-02-04 23:00:00,145.07,5120.951947933877,Hold,5120.951947933893,4685.7235142120135
Hold,2021-02-05 00:00:00,147.24,5197.552662947433,Hold,5197.552662947449,4755.813953488501
Hold,2021-02-05 01:00:00,145.54,5137.542886208702,Hold,5137.5428862087165,4700.904392764985
Hold,2021-02-05 02:00:00,147.33,5200.72965112772,Hold,5200.729651127735,4758.720930232686
Hold,2021-02-05 03:00:00,148.05,5226.145556570005,Hold,5226.145556570021,4781.976744186176
Hold,2021-02-05 04:00:00,147.96,5222.968568389719,Hold,5222.968568389734,4779.06976744199
Hold,2021-02-05 05:00:00,148.18,5230.734539497084,Hold,5230.734539497101,4786.175710594444
Hold,2021-02-05 06:00:00,148.89,5255.797446252671,Hold,5255.797446252686,4809.108527131912
Hold,2021-02-05 07:00:00,152.04,5366.992032562671,Hold,5366.992032562686,4910.852713178426
Hold,2021-02-05 08:00:00,153.38,5414.293856580259,Hold,5414.293856580275,4954.134366925197
Hold,2021-02-05 09:00:00,153.0,5400.8799064857185,Hold,5400.879906485735,4941.860465116412
Hold,2021-02-05 10:00:00,153.0,5400.8799064857185,Hold,5400.879906485735,4941.860465116412
Hold,2021-02-05 11:00:00,153.45,5416.764847387147,Hold,5416.764847387164,4956.395348837343
Hold,2021-02-05 12:00:00,153.12,5405.115890726101,Hold,5405.115890726117,4945.73643410866
Hold,2021-02-05 13:00:00,155.03,5472.538639885497,Hold,5472.538639885514,5007.4289405686095
Hold,2021-02-05 14:00:00,155.48,5488.4235807869245,Hold,5488.423580786942,5021.963824289539
Hold,2021-02-05 15:00:00,155.42,5486.305588666734,Hold,5486.305588666752,5020.025839793416
Hold,2021-02-05 16:00:00,151.24,5338.752137626799,Hold,5338.752137626815,4885.012919896772
Hold,2021-02-05 17:00:00,152.67,5389.230949824671,Hold,5389.230949824688,4931.201550387729
Hold,2021-02-05 18:00:00,150.1,5298.510287343179,Hold,5298.510287343195,4848.191214470414
Hold,2021-02-05 19:00:00,151.43,5345.459112674069,Hold,5345.459112674085,4891.149870801165
Hold,2021-02-05 20:00:00,152.28,5375.464001043433,Hold,5375.46400104345,4918.604651162923
Hold,2021-02-05 21:00:00,152.84,5395.231927498545,Hold,5395.231927498561,4936.692506460081
Hold,2021-02-05 22:00:00,152.41,5380.052983970512,Hold,5380.052983970529,4922.803617571191
Hold,2021-02-05 23:00:00,155.05,5473.244637258895,Hold,5473.244637258912,5008.074935400652
Hold,2021-02-06 00:00:00,156.19,5513.486487542513,Hold,5513.48648754253,5044.896640827008
Sell,2021-02-06 01:00:00,152.08,5368.404027309466,Sinal: Venda,5368.404027309482,4912.144702842508
Buy,2021-02-06 05:00:00,158.53,5368.404027309466,Sinal: Compra,5368.404027309482,5120.478036175848
Hold,2021-02-06 06:00:00,159.61,5394.1722179791395,Hold,5394.172217979156,5155.361757106081
Hold,2021-02-06 07:00:00,159.36,5385.723229479078,Hold,5385.723229479095,5147.286821705564
Hold,2021-02-06 08:00:00,158.74,5364.769737998926,Hold,5364.769737998942,5127.260981912282
Hold,2021-02-06 09:00:00,161.51,5458.384530579605,Hold,5458.384530579621,5216.73126615001
Hold,2021-02-06 10:00:00,160.75,5432.699605539418,Hold,5432.699605539434,5192.183462532438
Hold,2021-02-06 11:00:00,160.64,5428.982050599391,Hold,5428.982050599407,5188.6304909562095
Hold,2021-02-06 12:00:00,158.47,5355.644830418859,Hold,5355.644830418874,5118.540051679722
Hold,2021-02-06 13:00:00,159.5,5390.454663039112,Hold,5390.454663039128,5151.808785529852
Hold,2021-02-06 14:00:00,160.28,5416.815507159304,Hold,5416.815507159318,5177.002583979464
Hold,2021-02-06 15:00:00,161.89,5471.226993099697,Hold,5471.226993099713,5229.005167958794
Hold,2021-02-06 16:00:00,160.25,5415.801628539296,Hold,5415.801628539311,5176.033591731403
Hold,2021-02-06 17:00:00,158.56,5358.686466278881,Hold,5358.686466278896,5121.447028423909
Hold,2021-02-06 18:00:00,158.46,5355.306870878858,Hold,5355.306870878872,5118.217054263701
Hold,2021-02-06 19:00:00,158.49,5356.320749498865,Hold,5356.32074949888,5119.186046511763
Hold,2021-02-06 20:00:00,156.74,5297.177829998435,Hold,5297.17782999845,5062.661498708145
Hold,2021-02-06 21:00:00,158.07,5342.126448818762,Hold,5342.126448818777,5105.620155038895
Hold,2021-02-06 22:00:00,156.82,5299.881506318455,Hold,5299.881506318471,5065.24547803631
Hold,2021-02-06 23:00:00,155.57,5257.636563818148,Hold,5257.636563818164,5024.870801033724
Hold,2021-02-07 00:00:00,156.02,5272.844743118259,Hold,5272.844743118277,5039.405684754655
Hold,2021-02-07 01:00:00,152.64,5158.61441859743,Hold,5158.614418597446,4930.232558139664
Hold,2021-02-07 02:00:00,153.14,5175.512395597552,Hold,5175.512395597569,4946.382428940698
Hold,2021-02-07 03:00:00,152.16,5142.392360677312,Hold,5142.392360677328,4914.728682170672
Hold,2021-02-07 04:00:00,150.45,5084.601279336893,Hold,5084.601279336908,4859.496124031136
Hold,2021-02-07 05:00:00,151.19,5109.610285297074,Hold,5109.610285297091,4883.397932816666
Hold,2021-02-07 06:00:00,151.27,5112.313961617094,Hold,5112.31396161711,4885.981912144833
Hold,2021-02-07 07:00:00,153.12,5174.836476517547,Hold,5174.836476517564,4945.736434108658
Hold,2021-02-07 08:00:00,154.14,5209.308349597797,Hold,5209.308349597814,4978.682170542766
Hold,2021-02-07 09:00:00,153.64,5192.410372597675,Hold,5192.410372597693,4962.532299741732
Hold,2021-02-07 10:00:00,154.73,5229.247962457942,Hold,5229.24796245796,4997.739018087986
Hold,2021-02-07 11:00:00,151.72,5127.522140917204,Hold,5127.522140917222,4900.51679586576
Hold,2021-02-07 12:00:00,152.32,5147.799713317351,Hold,5147.799713317369,4919.896640827001
Hold,2021-02-07 13:00:00,151.37,5115.693557017119,Hold,5115.693557017136,4889.211886305037
Hold,2021-02-07 14:00:00,150.64,5091.022510596939,Hold,5091.0225105969575,4865.633074935527
Hold,2021-02-07 15:00:00,148.4,5015.3195736363905,Hold,5015.319573636409,4793.281653746895
Hold,2021-02-07 16:00:00,148.62,5022.754683516444,Hold,5022.754683516462,4800.38759689935
Hold,2021-02-07 17:00:00,148.19,5008.222423296338,Hold,5008.222423296356,4786.498708010461
Hold,2021-02-07 18:00:00,149.37,5048.101649016628,Hold,5048.101649016646,4824.612403100901
Hold,2021-02-07 19:00:00,149.57,5054.860839816677,Hold,5054.860839816696,4831.072351421315
Hold,2021-02-07 20:00:00,150.8,5096.429863236979,Hold,5096.429863236998,4870.801033591859
Hold,2021-02-07 21:00:00,150.47,5085.277198416898,Hold,5085.277198416917,4860.142118863177
Hold,2021-02-07 22:00:00,150.8,5096.429863236979,Hold,5096.429863236998,4870.80103359186
Hold,2021-02-07 23:00:00,150.76,5095.0780250769685,Hold,5095.078025076988,4869.5090439277765
Hold,2021-02-08 00:00:00,151.17,5108.934366217069,Hold,5108.934366217089,4882.751937984625
Hold,2021-02-08 01:00:00,149.89,5065.675545096756,Hold,5065.675545096776,4841.408268733978
Hold,2021-02-08 02:00:00,148.3,5011.939978236365,Hold,5011.939978236385,4790.051679586691
Hold,2021-02-08 03:00:00,148.29,5011.602018696363,Hold,5011.602018696383,4789.728682170669
Hold,2021-02-08 04:00:00,150.39,5082.573522096878,Hold,5082.573522096898,4857.558139535012
Hold,2021-02-08 05:00:00,149.84,5063.985747396743,Hold,5063.985747396763,4839.793281653876
Hold,2021-02-08 06:00:00,151.24,5111.300082997087,Hold,5111.300082997107,4885.012919896771
Hold,2021-02-08 07:00:00,151.9,5133.605412637248,Hold,5133.605412637268,4906.330749354137
Hold,2021-02-08 08:00:00,151.63,5124.480505057182,Hold,5124.480505057202,4897.609819121578
Hold,2021-02-08 09:00:00,150.38,5082.235562556875,Hold,5082.235562556895,4857.235142118992
Hold,2021-02-08 10:00:00,152.43,5151.517268257378,Hold,5151.517268257398,4923.449612403233
Hold,2021-02-08 11:00:00,152.87,5166.387488017486,Hold,5166.387488017506,4937.661498708143
Hold,2021-02-08 12:00:00,158.64,5361.390142598901,Hold,5361.3901425989225,5124.031007752075
Hold,2021-02-08 13:00:00,157.93,5337.395015258728,Hold,5337.395015258749,5101.098191214607
Hold,2021-02-08 14:00:00,160.75,5432.699605539418,Hold,5432.69960553944,5192.183462532439
Hold,2021-02-08 15:00:00,164.08,5545.240132360235,Hold,5545.240132360258,5299.741602067326
Hold,2021-02-08 16:00:00,161.64,5462.778004599636,Hold,5462.77800459966,5220.93023255828
Hold,2021-02-08 17:00:00,162.07,5477.310264819742,Hold,5477.3102648197655,5234.81912144717
Hold,2021-02-08 18:00:00,161.36,5453.315137479568,Hold,5453.315137479592,5211.886304909702
Hold,2021-02-08 19:00:00,162.4,5488.462929639823,Hold,5488.462929639847,5245.478036175853
Hold,2021-02-08 20:00:00,163.52,5526.314398120098,Hold,5526.314398120122,5281.653746770169
Hold,2021-02-08 21:00:00,164.21,5549.633606380267,Hold,5549.633606380291,5303.940568475596
Hold,2021-02-08 22:00:00,165.49,5592.892427500581,Hold,5592.892427500605,5345.284237726242
Hold,2021-02-08 23:00:00,167.28,5653.38718516102,Hold,5653.387185161044,5403.100775193945
Hold,2021-02-09 00:00:00,167.51,5661.160254581076,Hold,5661.1602545811,5410.529715762419
Hold,2021-02-09 01:00:00,166.06,5612.156121280721,Hold,5612.1561212807455,5363.695090439422
Hold,2021-02-09 02:00:00,166.08,5612.832040360726,Hold,5612.8320403607495,5364.341085271463
Hold,2021-02-09 03:00:00,172.25,5821.353076542239,Hold,5821.353076542264,5563.630490956222
Hold,2021-02-09 04:00:00,172.14,5817.635521602211,Hold,5817.635521602236,5560.077519379994
Hold,2021-02-09 05:00:00,170.4,5758.830561641786,Hold,5758.83056164181,5503.875968992396
Hold,2021-02-09 06:00:00,174.06,5882.523753282682,Hold,5882.523753282707,5622.093023255966
Hold,2021-02-09 07:00:00,170.23,5753.085249461743,Hold,5753.0852494617675,5498.385012920045
Hold,2021-02-09 08:00:00,172.65,5834.871458142336,Hold,5834.871458142362,5576.55038759705
Hold,2021-02-09 09:00:00,169.23,5719.289295461497,Hold,5719.289295461523,5466.085271317977
Hold,2021-02-09 10:00:00,166.24,5618.239393000765,Hold,5618.23939300079,5369.509043927794
Hold,2021-02-09 11:00:00,168.1,5681.099867441221,Hold,5681.099867441247,5429.58656330764
Hold,2021-02-09 12:00:00,165.36,5588.49895348055,Hold,5588.4989534805745,5341.085271317974
Hold,2021-02-09 13:00:00,167.1,5647.3039134409755,Hold,5647.303913441,5397.286821705572
Hold,2021-02-09 14:00:00,168.46,5693.26641088131,Hold,5693.266410881335,5441.214470284386
Hold,2021-02-09 15:00:00,168.37,5690.224775021287,Hold,5690.224775021312,5438.3074935402
Hold,2021-02-09 16:00:00,170.79,5772.010983701881,Hold,5772.010983701905,5516.472868217204
Hold,2021-02-09 17:00:00,174.12,5884.551510522697,Hold,5884.551510522722,5624.031007752091
Hold,2021-02-09 18:00:00,176.43,5962.620164263264,Hold,5962.62016426329,5698.643410852867
Hold,2021-02-09 19:00:00,175.42,5928.4862507230155,Hold,5928.486250723041,5666.020671834778
Hold,2021-02-09 20:00:00,175.33,5925.444614862994,Hold,5925.4446148630195,5663.113695090593
Hold,2021-02-09 21:00:00,176.77,5974.110788623347,Hold,5974.110788623372,5709.625322997571
Hold,2021-02-09 22:00:00,175.48,5930.51400796303,Hold,5930.5140079630555,5667.958656330902
Hold,2021-02-09 23:00:00,181.49,6133.627691504505,Hold,6133.627691504531,5862.080103359332
Hold,2021-02-10 00:00:00,179.2,6056.234956843943,Hold,6056.2349568439695,5788.113695090595
Hold,2021-02-10 01:00:00,189.06,6389.463063286361,Hold,6389.463063286389,6106.589147286986
Hold,2021-02-10 02:00:00,189.95,6419.541462346579,Hold,6419.541462346607,6135.3359173128265
Hold,2021-02-10 03:00:00,188.65,6375.60672214626,Hold,6375.606722146288,6093.346253230137
Hold,2021-02-10 04:00:00,186.84,6314.436045405816,Hold,6314.436045405843,6034.883720930395
Hold,2021-02-10 05:00:00,189.01,6387.773265586348,Hold,6387.7732655863765,6104.974160206881
Hold,2021-02-10 06:00:00,189.76,6413.120231086532,Hold,6413.12023108656,6129.198966408432
Take-Profit,2021-02-10 07:00:00,191.62,6475.9807055269885,TP 20.0% hit,6475.980705527017,6189.276485788279
Buy,2021-02-10 21:00:00,180.18,6475.9807055269885,Sinal: Compra,6475.980705527017,5819.767441860621
Hold,2021-02-10 22:00:00,181.82,6521.861825496564,Hold,6521.861825496592,5872.739018088013
Hold,2021-02-10 23:00:00,181.56,6512.535656347796,Hold,6512.535656347824,5864.341085271476
Hold,2021-02-11 00:00:00,177.9,6381.251890638207,Hold,6381.251890638236,5746.1240310079065
Hold,2021-02-11 01:00:00,177.34,6361.164757087014,Hold,6361.164757087042,5728.0361757107485
Hold,2021-02-11 02:00:00,179.75,6447.61117111983,Hold,6447.611171119858,5805.8785529717325
Hold,2021-02-11 03:00:00,179.75,6447.61117111983,Hold,6447.611171119858,5805.8785529717325
Hold,2021-02-11 05:00:00,178.96,6419.27396486011,Hold,6419.273964860138,5780.361757106099
Hold,2021-02-11 06:00:00,180.0,6456.578641455184,Hold,6456.578641455212,5813.953488372249
Hold,2021-02-11 07:00:00,181.19,6499.263800251471,Hold,6499.263800251499,5852.3901808787095
Hold,2021-02-11 08:00:00,186.72,6697.624244069511,Hold,6697.624244069539,6031.007751938147
Hold,2021-02-11 09:00:00,188.58,6764.342223364549,Hold,6764.342223364578,6091.085271317994
Hold,2021-02-11 10:00:00,188.62,6765.777018618205,Hold,6765.777018618234,6092.377260982076
Hold,2021-02-11 11:00:00,185.56,6656.015181713467,Hold,6656.015181713496,5993.540051679747
Hold,2021-02-11 12:00:00,189.07,6781.918465221843,Hold,6781.918465221871,6106.912144703007
Hold,2021-02-11 13:00:00,190.07,6817.78834656326,Hold,6817.788346563289,6139.2118863050755
Hold,2021-02-11 14:00:00,189.51,6797.701213012066,Hold,6797.701213012095,6121.1240310079165
Hold,2021-02-11 15:00:00,187.8,6736.363715918243,Hold,6736.363715918272,6065.89147286838
Hold,2021-02-11 16:00:00,186.85,6702.287328643895,Hold,6702.287328643924,6035.206718346416
Hold,2021-02-11 17:00:00,185.97,6670.721833063448,Hold,6670.721833063477,6006.782945736596
Hold,2021-02-11 18:00:00,188.25,6752.50516252188,Hold,6752.50516252191,6080.426356589311
Hold,2021-02-11 19:00:00,188.95,6777.614079460872,Hold,6777.614079460902,6103.0361757107585
Hold,2021-02-11 20:00:00,183.79,6592.525491739157,Hold,6592.525491739186,5936.369509044087
Hold,2021-02-11 21:00:00,182.86,6559.16650209164,Hold,6559.166502091668,5906.330749354164
Hold,2021-02-11 22:00:00,186.13,6676.461014078075,Hold,6676.461014078104,6011.950904392926
Hold,2021-02-11 23:00:00,183.62,6586.427611911116,Hold,6586.427611911145,5930.878552971735
Hold,2021-02-12 00:00:00,185.12,6640.232433923244,Hold,6640.232433923272,5979.328165374837
Hold,2021-02-12 01:00:00,187.05,6709.46130491218,Hold,6709.461304912208,6041.66666666683
Hold,2021-02-12 02:00:00,184.51,6618.351806304978,Hold,6618.351806305005,5959.625322997576
Hold,2021-02-12 03:00:00,182.21,6535.851079219718,Hold,6535.851079219745,5885.335917312821
Hold,2021-02-12 04:00:00,180.13,6461.241726029569,Hold,6461.241726029596,5818.152454780518
Hold,2021-02-12 05:00:00,182.08,6531.187994645334,Hold,6531.187994645361,5881.136950904552
Hold,2021-02-12 06:00:00,182.91,6560.959996158709,Hold,6560.959996158737,5907.945736434267
Hold,2021-02-12 07:00:00,182.54,6547.688140062385,Hold,6547.688140062413,5895.994832041502
Hold,2021-02-12 08:00:00,183.81,6593.242889365985,Hold,6593.2428893660135,5937.015503876128
Hold,2021-02-12 09:00:00,184.89,6631.982361214717,Hold,6631.982361214745,5971.8992248063605
Hold,2021-02-12 10:00:00,185.14,6640.949831550071,Hold,6640.9498315501,5979.974160206878
Hold,2021-02-12 11:00:00,186.09,6675.026218824418,Hold,6675.026218824447,6010.658914728843
Hold,2021-02-12 12:00:00,187.65,6730.983233717029,Hold,6730.983233717059,6061.04651162807
Hold,2021-02-12 13:00:00,188.83,6773.309693699904,Hold,6773.3096936999345,6099.16020671851
Sell,2021-02-12 14:00:00,181.01,6492.807221610016,Sinal: Venda,6492.807221610045,5846.576227390337
Buy,2021-02-13 08:00:00,203.52,6492.807221610016,Sinal: Compra,6492.807221610045,6573.64341085289
Hold,2021-02-13 09:00:00,202.76,6455.6306286887375,Hold,6455.630628688767,6549.095607235317
Hold,2021-02-13 10:00:00,196.61,6259.822143946009,Hold,6259.822143946038,6350.4521963826
Hold,2021-02-13 11:00:00,196.42,6253.772776124688,Hold,6253.772776124716,6344.315245478206
Hold,2021-02-13 12:00:00,200.75,6391.634684894772,Hold,6391.634684894802,6484.173126615161
Hold,2021-02-13 13:00:00,205.06,6528.859818104717,Hold,6528.859818104748,6623.385012920075
Hold,2021-02-13 14:00:00,206.34,6569.613453953611,Hold,6569.6134539536415,6664.728682170722
Hold,2021-02-13 15:00:00,214.96,6844.0637203735005,Hold,6844.063720373531,6943.1524547805475
Hold,2021-02-13 16:00:00,213.92,6810.951391246274,Hold,6810.951391246306,6909.560723514396
Hold,2021-02-13 17:00:00,212.74,6773.381633198077,Hold,6773.381633198109,6871.447028423956
Hold,2021-02-13 18:00:00,215.67,6866.669252758433,Hold,6866.669252758465,6966.085271318015
Hold,2021-02-13 19:00:00,222.02,7068.845493102553,Hold,7068.845493102586,7171.188630491147
Hold,2021-02-13 20:00:00,224.3,7141.437906958393,Hold,7141.4379069584265,7244.832041343863
Hold,2021-02-13 21:00:00,221.61,7055.791594119704,Hold,7055.791594119738,7157.9457364343
Hold,2021-02-13 22:00:00,223.15,7104.823312250403,Hold,7104.823312250437,7207.687338501484
Hold,2021-02-13 23:00:00,225.76,7187.922522848537,Hold,7187.92252284857,7291.989664082881
Hold,2021-02-14 00:00:00,221.17,7041.782531796646,Hold,7041.782531796679,7143.733850129388
Hold,2021-02-14 01:00:00,222.51,7084.446494325956,Hold,7084.446494325989,7187.0155038761595
Hold,2021-02-14 02:00:00,221.99,7067.890329762345,Hold,7067.890329762377,7170.219638243085
Hold,2021-02-14 03:00:00,215.37,6857.11761935635,Hold,6857.1176193563815,6956.3953488373945
Hold,2021-02-14 04:00:00,219.3,6982.244016923654,Hold,6982.244016923686,7083.333333333522
Hold,2021-02-14 05:00:00,217.59,6927.799706531774,Hold,6927.799706531806,7028.100775193986
Hold,2021-02-14 06:00:00,223.15,7104.823312250403,Hold,7104.823312250437,7207.687338501484
Hold,2021-02-14 07:00:00,228.82,7285.349183549797,Hold,7285.349183549832,7390.82687338521
Hold,2021-02-14 08:00:00,224.64,7152.263091480754,Hold,7152.263091480788,7255.813953488565
Hold,2021-02-14 09:00:00,224.55,7149.39760146013,Hold,7149.397601460164,7252.90697674438
Hold,2021-02-14 10:00:00,223.01,7100.365883329429,Hold,7100.365883329463,7203.165374677194
Hold,2021-02-14 11:00:00,222.21,7074.894860923872,Hold,7074.894860923905,7177.325581395541
Hold,2021-02-14 12:00:00,224.8,7157.357295961867,Hold,7157.3572959619,7260.981912144898
Hold,2021-02-14 13:00:00,216.61,6896.597704084965,Hold,6896.597704084997,6996.4470284239615
Hold,2021-02-14 14:00:00,215.17,6850.749863754959,Hold,6850.749863754991,6949.9354005169835
Hold,2021-02-14 15:00:00,212.5,6765.740326476409,Hold,6765.740326476441,6863.695090439462
Hold,2021-02-14 16:00:00,217.45,6923.3422776108,Hold,6923.342277610832,7023.578811369698
Hold,2021-02-14 17:00:00,213.0,6781.659715479883,Hold,6781.659715479915,6879.844961240496
Hold,2021-02-14 18:00:00,214.65,6834.193699191347,Hold,6834.193699191379,6933.139534883909
Hold,2021-02-14 19:00:00,212.71,6772.426469857868,Hold,6772.4264698579,6870.478036175898
Hold,2021-02-14 20:00:00,216.0,6877.176049500727,Hold,6877.176049500758,6976.744186046701
Hold,2021-02-14 21:00:00,218.27,6949.450075576498,Hold,6949.45007557653,7050.064599483395
Hold,2021-02-14 22:00:00,218.59,6959.638484538721,Hold,6959.638484538753,7060.400516796058
Hold,2021-02-14 23:00:00,213.49,6797.2607167032875,Hold,6797.260716703318,6895.671834625511
Hold,2021-02-15 00:00:00,214.03,6814.453656827039,Hold,6814.45365682707,6913.1136950906275
Trailing-Stop,2021-02-15 01:00:00,205.15,6531.725308125343,Trailing stop 10.0% hit,6531.725308125372,6626.291989664263
Buy,2021-02-15 22:00:00,213.58,6531.725308125343,Sinal: Compra,6531.725308125372,6898.578811369698
Hold,2021-02-15 23:00:00,207.83,6343.172822055368,Hold,6343.172822055396,6712.8552971578065
Hold,2021-02-16 00:00:00,206.76,6310.515386075964,Hold,6310.515386075992,6678.294573643592
Hold,2021-02-16 01:00:00,215.09,6564.755051224024,Hold,6564.755051224053,6947.3514211888205
Hold,2021-02-16 02:00:00,214.57,6548.884147757398,Hold,6548.884147757427,6930.555555555745
Hold,2021-02-16 03:00:00,217.57,6640.447052372546,Hold,6640.447052372575,7027.454780361949
Hold,2021-02-16 04:00:00,215.16,6566.891518998377,Hold,6566.891518998405,6949.612403100965
Hold,2021-02-16 05:00:00,214.2,6537.59138952153,Hold,6537.591389521558,6918.604651162979
Hold,2021-02-16 06:00:00,213.57,6518.36317955235,Hold,6518.363179552378,6898.255813953676
Hold,2021-02-16 07:00:00,214.67,6551.936244577903,Hold,6551.9362445779325,6933.78552971595
Hold,2021-02-16 08:00:00,217.27,6631.290761911032,Hold,6631.290761911062,7017.76485788133
Hold,2021-02-16 09:00:00,216.53,6608.705245439294,Hold,6608.705245439324,6993.8630490957985
Hold,2021-02-16 10:00:00,214.54,6547.968518711247,Hold,6547.968518711276,6929.586563307683
Hold,2021-02-16 11:00:00,213.27,6509.206889090835,Hold,6509.206889090864,6888.565891473057
Hold,2021-02-16 12:00:00,215.7,6583.372841829104,Hold,6583.372841829133,6967.054263566083
Hold,2021-02-16 13:00:00,211.74,6462.509807737109,Hold,6462.5098077371385,6839.147286821893
Hold,2021-02-16 14:00:00,212.64,6489.978679121654,Hold,6489.978679121683,6868.217054263754
Hold,2021-02-16 15:00:00,209.93,6407.26685528597,Hold,6407.266855286,6780.684754522151
Hold,2021-02-16 16:00:00,203.23,6202.776368312141,Hold,6202.776368312169,6564.276485788294
Hold,2021-02-16 17:00:00,206.58,6305.021611799056,Hold,6305.021611799084,6672.480620155223
Hold,2021-02-16 18:00:00,208.0,6348.3613866502255,Hold,6348.361386650254,6718.346253230159
Sell,2021-02-16 19:00:00,206.64,6306.852869891358,Sinal: Venda,6306.852869891386,6674.418604651346
Buy,2021-02-18 04:00:00,231.43,6306.852869891358,Sinal: Compra,6306.852869891386,7475.129198966614
Hold,2021-02-18 05:00:00,233.9,6361.422528055738,Hold,6361.422528055767,7554.909560723723
Hold,2021-02-18 06:00:00,229.6,6244.47461497049,Hold,6244.474614970517,7416.02067183483
Hold,2021-02-18 07:00:00,230.02,6255.897434388119,Hold,6255.8974343881455,7429.586563307699
Hold,2021-02-18 08:00:00,230.2,6260.7929284242455,Hold,6260.792928424273,7435.400516796072
Hold,2021-02-18 09:00:00,232.88,6333.681395184353,Hold,6333.681395184381,7521.963824289614
Hold,2021-02-18 10:00:00,231.59,6298.597021258779,Hold,6298.597021258806,7480.2971576229465
Hold,2021-02-18 11:00:00,225.16,6123.719095412698,Hold,6123.719095412725,7272.609819121649
Hold,2021-02-18 12:00:00,228.1,6203.6788313361,Hold,6203.678831336127,7367.571059431728
Hold,2021-02-18 13:00:00,228.61,6217.549397771793,Hold,6217.54939777182,7384.043927648783
Hold,2021-02-18 14:00:00,230.59,6271.399832169186,Hold,6271.3998321692125,7447.9974160208785
Hold,2021-02-18 15:00:00,225.14,6123.175151630906,Hold,6123.175151630931,7271.963824289607
Hold,2021-02-18 16:00:00,227.13,6177.297557919195,Hold,6177.297557919222,7336.240310077723
Hold,2021-02-18 17:00:00,224.7,6111.208388431485,Hold,6111.208388431511,7257.751937984697
Hold,2021-02-18 18:00:00,225.22,6125.350926758074,Hold,6125.350926758099,7274.547803617774
Hold,2021-02-18 19:00:00,224.3,6100.329512795648,Hold,6100.3295127956735,7244.832041343871
Hold,2021-02-18 20:00:00,228.26,6208.030381590435,Hold,6208.030381590462,7372.739018088059
Hold,2021-02-18 21:00:00,229.08,6230.332076643902,Hold,6230.332076643927,7399.224806201755
Hold,2021-02-18 22:00:00,227.17,6178.385445482779,Hold,6178.385445482804,7337.532299741805
Hold,2021-02-18 23:00:00,226.59,6162.611075810815,Hold,6162.611075810841,7318.7984496126055
Hold,2021-02-19 00:00:00,226.65,6164.242907156191,Hold,6164.2429071562165,7320.7364341087305
Hold,2021-02-19 01:00:00,224.32,6100.87345657744,Hold,6100.873456577466,7245.478036175911
Hold,2021-02-19 02:00:00,225.42,6130.790364575992,Hold,6130.790364576017,7281.007751938186
Hold,2021-02-19 03:00:00,225.05,6120.727404612843,Hold,6120.727404612868,7269.05684754542
Hold,2021-02-19 04:00:00,223.87,6088.634721487124,Hold,6088.634721487149,7230.94315245498
Hold,2021-02-19 05:00:00,225.75,6139.765436975557,Hold,6139.765436975583,7291.666666666868
Hold,2021-02-19 06:00:00,233.34,6346.192102165567,Hold,6346.1921021655935,7536.821705426564
Hold,2021-02-19 07:00:00,231.99,6309.475896894617,Hold,6309.475896894643,7493.217054263772
Hold,2021-02-19 08:00:00,233.03,6337.760973547793,Hold,6337.760973547819,7526.808785529924
Hold,2021-02-19 09:00:00,233.88,6360.878584273946,Hold,6360.878584273973,7554.2635658916815
Hold,2021-02-19 10:00:00,231.09,6284.998426713983,Hold,6284.998426714009,7464.147286821912
Hold,2021-02-19 11:00:00,232.9,6334.2253389661455,Hold,6334.225338966173,7522.609819121655
Hold,2021-02-19 12:00:00,231.16,6286.902229950255,Hold,6286.902229950281,7466.408268734057
Hold,2021-02-19 13:00:00,229.43,6239.851092825259,Hold,6239.851092825285,7410.529715762479
Hold,2021-02-19 14:00:00,226.76,6167.234597956046,Hold,6167.234597956072,7324.289405684957
Hold,2021-02-19 15:00:00,231.59,6298.597021258779,Hold,6298.597021258805,7480.297157622945
Hold,2021-02-19 16:00:00,230.91,6280.102932677856,Hold,6280.102932677882,7458.3333333335395
Hold,2021-02-19 17:00:00,237.06,6447.365645578851,Hold,6447.365645578879,7656.976744186259
Hold,2021-02-19 18:00:00,238.84,6495.7766421583265,Hold,6495.776642158356,7714.47028423794
Hold,2021-02-19 19:00:00,236.08,6420.712400271051,Hold,6420.71240027108,7625.322997416233
Hold,2021-02-19 20:00:00,239.22,6506.111574012371,Hold,6506.1115740124,7726.744186046726
Hold,2021-02-19 21:00:00,238.07,6474.83480655934,Hold,6474.834806559368,7689.599483204348
Hold,2021-02-19 22:00:00,239.12,6503.391855103413,Hold,6503.391855103442,7723.514211886519
Hold,2021-02-19 23:00:00,236.5,6432.13521968868,Hold,6432.135219688708,7638.8888888891
Hold,2021-02-20 00:00:00,235.0,6391.339436054291,Hold,6391.339436054319,7590.439276485998
Hold,2021-02-20 01:00:00,237.34,6454.980858523937,Hold,6454.980858523966,7666.020671834837
Hold,2021-02-20 02:00:00,244.49,6649.440760514525,Hold,6649.440760514555,7896.9638242896235
Hold,2021-02-20 03:00:00,243.2,6614.35638658895,Hold,6614.35638658898,7855.297157622955
Hold,2021-02-20 04:00:00,243.37,6618.979908734182,Hold,6618.979908734211,7860.7881136953065
Hold,2021-02-20 05:00:00,242.41,6592.870607208172,Hold,6592.870607208201,7829.780361757322
Hold,2021-02-20 06:00:00,243.46,6621.427655752245,Hold,6621.427655752274,7863.6950904394935
Hold,2021-02-20 07:00:00,237.25,6452.533111505874,Hold,6452.533111505903,7663.11369509065
Hold,2021-02-20 08:00:00,237.56,6460.964240123648,Hold,6460.964240123676,7673.12661498729
Hold,2021-02-20 09:00:00,238.58,6488.705372995033,Hold,6488.705372995062,7706.0723514214005
Hold,2021-02-20 10:00:00,241.35,6564.041586773204,Hold,6564.041586773234,7795.542635659127
Hold,2021-02-20 11:00:00,240.93,6552.618767355576,Hold,6552.618767355606,7781.97674418626
Hold,2021-02-20 12:00:00,242.9,6606.197229862073,Hold,6606.197229862103,7845.607235142334
Hold,2021-02-20 13:00:00,243.0,6608.916948771032,Hold,6608.916948771062,7848.83720930254
Hold,2021-02-20 14:00:00,233.71,6356.2550621287155,Hold,6356.255062128744,7548.772609819328
Hold,2021-02-20 15:00:00,232.85,6332.865479511666,Hold,6332.8654795116945,7520.99483204155
Hold,2021-02-20 16:00:00,236.47,6431.319304015992,Hold,6431.3193040160195,7637.919896641035
Hold,2021-02-20 17:00:00,237.15,6449.813392596915,Hold,6449.813392596943,7659.883720930442
Hold,2021-02-20 18:00:00,235.27,6398.682677108481,Hold,6398.682677108509,7599.160206718555
Hold,2021-02-20 19:00:00,234.6,6380.4605604184535,Hold,6380.460560418482,7577.519379845168
Hold,2021-02-20 20:00:00,233.19,6342.112523802128,Hold,6342.112523802156,7531.976744186252
Hold,2021-02-20 21:00:00,232.08,6311.92364391268,Hold,6311.923643912707,7496.124031007958
Hold,2021-02-20 22:00:00,225.57,6134.86994293943,Hold,6134.869942939456,7285.852713178494
Hold,2021-02-20 23:00:00,226.65,6164.242907156191,Hold,6164.242907156217,7320.736434108729
Hold,2021-02-21 00:00:00,229.33,6237.131373916301,Hold,6237.131373916328,7407.299741602271
Hold,2021-02-21 01:00:00,228.94,6226.524470171358,Hold,6226.5244701713855,7394.702842377465
Sell,2021-02-21 02:00:00,230.37,6265.416450569477,Sinal: Venda,6265.416450569505,7440.891472868422
Buy,2021-03-02 04:00:00,174.15,6265.416450569477,Sinal: Compra,6265.416450569505,5625.0000000001555
Hold,2021-03-02 05:00:00,172.86,6206.574165432309,Hold,6206.574165432337,5583.333333333489
Hold,2021-03-02 06:00:00,172.23,6183.953884718307,Hold,6183.953884718334,5562.984496124184
Hold,2021-03-02 07:00:00,172.3,6186.467249242086,Hold,6186.467249242112,5565.2454780363305
Hold,2021-03-02 08:00:00,175.4,6297.773392437968,Hold,6297.773392437996,5665.374677002741
Hold,2021-03-02 09:00:00,182.52,6553.418469713671,Hold,6553.4184697137,5895.348837209466
Hold,2021-03-02 10:00:00,179.85,6457.551565735282,Hold,6457.55156573531,5809.108527131944
Hold,2021-03-02 11:00:00,181.0,6498.842554340205,Hold,6498.842554340234,5846.253229974323
Hold,2021-03-02 12:00:00,181.1,6502.43307508846,Hold,6502.433075088489,5849.483204134529
Hold,2021-03-02 13:00:00,182.23,6543.005959543732,Hold,6543.005959543761,5885.981912144866
Hold,2021-03-02 14:00:00,180.68,6487.352887945793,Hold,6487.352887945822,5835.9173126616615
Hold,2021-03-02 15:00:00,179.13,6431.699816347851,Hold,6431.69981634788,5785.852713178455
Hold,2021-03-02 16:00:00,174.06,6249.66041441136,Hold,6249.660414411387,5622.09302325597
Hold,2021-03-02 17:00:00,174.06,6249.66041441136,Hold,6249.660414411387,5622.09302325597
Hold,2021-03-02 18:00:00,172.61,6197.597863561674,Hold,6197.597863561701,5575.258397932972
Hold,2021-03-02 19:00:00,172.13,6180.363363970053,Hold,6180.36336397008,5559.754521963979
Hold,2021-03-02 20:00:00,172.82,6205.137957133007,Hold,6205.137957133034,5582.041343669405
Hold,2021-03-02 21:00:00,172.58,6196.520707337198,Hold,6196.520707337225,5574.289405684909
Hold,2021-03-02 22:00:00,175.18,6289.874246791807,Hold,6289.874246791835,5658.268733850286
Hold,2021-03-02 23:00:00,179.08,6429.904555973725,Hold,6429.904555973753,5784.237726098351
Hold,2021-03-03 00:00:00,179.52,6445.702847266043,Hold,6445.70284726607,5798.449612403262
Hold,2021-03-03 01:00:00,182.92,6567.780552706687,Hold,6567.780552706715,5908.268733850293
Hold,2021-03-03 02:00:00,181.7,6523.9761995779845,Hold,6523.976199578013,5868.863049095769
Hold,2021-03-03 03:00:00,185.0,6642.463384270376,Hold,6642.463384270404,5975.452196382595
Hold,2021-03-03 04:00:00,188.73,6776.389808180259,Hold,6776.389808180287,6095.9302325583085
Hold,2021-03-03 05:00:00,190.28,6832.042879778201,Hold,6832.04287977823,6145.994832041514
Hold,2021-03-03 06:00:00,193.64,6952.684376919543,Hold,6952.684376919573,6254.521963824463
Hold,2021-03-03 07:00:00,193.65,6953.04342899437,Hold,6953.0434289944,6254.844961240483
Hold,2021-03-03 08:00:00,193.92,6962.737835014655,Hold,6962.737835014684,6263.565891473041
Hold,2021-03-03 09:00:00,194.46,6982.126647055229,Hold,6982.126647055259,6281.007751938158
Hold,2021-03-03 10:00:00,193.43,6945.144283348211,Hold,6945.14428334824,6247.739018088029
Hold,2021-03-03 11:00:00,192.2,6900.980878144682,Hold,6900.980878144711,6208.010335917485
Hold,2021-03-03 12:00:00,196.13,7042.088343551075,Hold,7042.088343551105,6334.948320413612
Hold,2021-03-03 13:00:00,189.84,6816.244588485882,Hold,6816.244588485911,6131.782945736604
Hold,2021-03-03 14:00:00,188.68,6774.594547806133,Hold,6774.594547806162,6094.315245478205
Hold,2021-03-03 15:00:00,193.91,6962.378782939831,Hold,6962.378782939861,6263.242894057022
Hold,2021-03-03 16:00:00,191.71,6883.387326478237,Hold,6883.387326478267,6192.183462532472
Hold,2021-03-03 17:00:00,192.75,6920.728742260081,Hold,6920.728742260111,6225.775193798623
Hold,2021-03-03 18:00:00,191.33,6869.743347634871,Hold,6869.743347634901,6179.909560723688
Hold,2021-03-03 19:00:00,190.03,6823.066577907565,Hold,6823.066577907595,6137.919896640998
Hold,2021-03-03 20:00:00,187.97,6749.101850493527,Hold,6749.101850493557,6071.382428940738
Hold,2021-03-03 21:00:00,189.55,6805.832078315945,Hold,6805.832078315974,6122.416020672006
Hold,2021-03-03 22:00:00,187.47,6731.149246752256,Hold,6731.149246752286,6055.2325581397035
Hold,2021-03-03 23:00:00,187.64,6737.253132024288,Hold,6737.253132024317,6060.723514212054
Hold,2021-03-04 00:00:00,192.07,6896.313201171952,Hold,6896.313201171982,6203.811369509216
Hold,2021-03-04 01:00:00,193.09,6932.936512804145,Hold,6932.936512804175,6236.757105943326
Hold,2021-03-04 02:00:00,191.36,6870.820503859347,Hold,6870.820503859378,6180.878552971748
Hold,2021-03-04 03:00:00,185.26,6651.798738215837,Hold,6651.798738215866,5983.8501291991315
Hold,2021-03-04 04:00:00,183.83,6600.454291515801,Hold,6600.454291515829,5937.661498708176
Hold,2021-03-04 05:00:00,188.37,6763.463933486545,Hold,6763.463933486575,6084.302325581564
Hold,2021-03-04 06:00:00,185.02,6643.181488420027,Hold,6643.181488420056,5976.098191214636
Hold,2021-03-04 07:00:00,188.04,6751.615215017306,Hold,6751.615215017336,6073.643410852881
Hold,2021-03-04 08:00:00,188.04,6751.615215017306,Hold,6751.615215017336,6073.643410852881
Hold,2021-03-04 09:00:00,184.94,6640.3090718214235,Hold,6640.3090718214535,5973.51421188647
Hold,2021-03-04 10:00:00,185.74,6669.033237807457,Hold,6669.033237807487,5999.354005168124
Hold,2021-03-04 11:00:00,184.86,6637.43665522282,Hold,6637.43665522285,5970.930232558304
Hold,2021-03-04 12:00:00,184.75,6633.487082399741,Hold,6633.487082399771,5967.377260982077
Hold,2021-03-04 13:00:00,185.48,6659.697883861996,Hold,6659.697883862027,5990.956072351586
Hold,2021-03-04 14:00:00,185.27,6652.157790290663,Hold,6652.157790290693,5984.173126615152
Hold,2021-03-04 15:00:00,185.19,6649.285373692059,Hold,6649.28537369209,5981.589147286987
Hold,2021-03-04 16:00:00,186.42,6693.448778895586,Hold,6693.448778895617,6021.31782945753
Hold,2021-03-04 17:00:00,183.34,6582.860739849355,Hold,6582.860739849385,5921.834625323161
Hold,2021-03-04 18:00:00,177.51,6373.533380226131,Hold,6373.533380226161,5733.527131783103
Hold,2021-03-04 19:00:00,178.92,6424.159722776516,Hold,6424.159722776546,5779.069767442019
Hold,2021-03-04 20:00:00,180.3,6473.708909102426,Hold,6473.708909102456,5823.643410852873
Hold,2021-03-04 21:00:00,179.24,6435.6493891709315,Hold,6435.6493891709615,5789.405684754681
Hold,2021-03-04 22:00:00,179.81,6456.1153574359805,Hold,6456.115357436011,5807.816537467859
Hold,2021-03-04 23:00:00,180.67,6486.993835870966,Hold,6486.993835870996,5835.594315245638
Trailing-Stop,2021-03-05 00:00:00,172.7,6200.829332235102,Trailing stop 10.0% hit,6200.829332235131,5578.165374677155
Buy,2021-03-08 03:00:00,188.7,6200.829332235102,Sinal: Compra,6200.829332235131,6094.961240310246
Hold,2021-03-08 04:00:00,188.45,6180.235101381416,Hold,6180.235101381444,6086.886304909728
Hold,2021-03-08 05:00:00,191.3,6273.701113792862,Hold,6273.701113792891,6178.940568475623
Hold,2021-03-08 06:00:00,187.15,6137.601481684967,Hold,6137.601481684996,6044.89664082704
Hold,2021-03-08 07:00:00,184.95,6065.452279121745,Hold,6065.452279121773,5973.83720930249
Hold,2021-03-08 08:00:00,182.48,5984.448401698492,Hold,5984.44840169852,5894.056847545381
Hold,2021-03-08 09:00:00,182.37,5980.840941570331,Hold,5980.840941570358,5890.503875969154
Hold,2021-03-08 10:00:00,183.4,6014.619886406748,Hold,6014.619886406776,5923.772609819283
Hold,2021-03-08 11:00:00,184.29,6043.807518352778,Hold,6043.807518352805,5952.519379845123
Sell,2021-03-08 12:00:00,181.97,5967.722904740654,Sinal: Venda,5967.72290474068,5877.583979328326
Buy,2021-03-09 07:00:00,196.69,5967.722904740654,Sinal: Compra,5967.72290474068,6353.0361757107685
Hold,2021-03-09 08:00:00,199.87,6052.08415366999,Hold,6052.084153670016,6455.749354005345
Hold,2021-03-09 09:00:00,198.61,6013.931224097648,Hold,6013.931224097673,6415.05167958674
Hold,2021-03-09 10:00:00,198.66,6015.445229239406,Hold,6015.445229239432,6416.666666666843
Hold,2021-03-09 11:00:00,199.62,6044.514127961192,Hold,6044.514127961217,6447.674418604829
Hold,2021-03-09 12:00:00,196.48,5949.434605058686,Hold,5949.434605058712,6346.253229974334
Hold,2021-03-09 13:00:00,200.67,6076.308235938143,Hold,6076.30823593817,6481.589147286999
Hold,2021-03-09 14:00:00,199.08,6028.162872430187,Hold,6028.162872430214,6430.232558139712
Hold,2021-03-09 15:00:00,199.99,6055.717766010213,Hold,6055.71776601024,6459.625322997594
Hold,2021-03-09 16:00:00,199.14,6029.979678600299,Hold,6029.979678600325,6432.170542635835
Hold,2021-03-09 17:00:00,197.65,5984.862325375862,Hold,5984.862325375889,6384.043927648754
Hold,2021-03-09 18:00:00,197.15,5969.722273958265,Hold,5969.72227395829,6367.894056847721
Hold,2021-03-09 19:00:00,198.18,6000.910779878514,Hold,6000.91077987854,6401.162790697851
Hold,2021-03-09 20:00:00,199.09,6028.465673458539,Hold,6028.465673458564,6430.555555555734
Hold,2021-03-09 21:00:00,199.18,6031.190882713707,Hold,6031.190882713732,6433.46253229992
Hold,2021-03-09 22:00:00,204.58,6194.703438023748,Hold,6194.703438023775,6607.881136951088
Hold,2021-03-09 23:00:00,203.81,6171.387758840649,Hold,6171.387758840675,6583.010335917495
Hold,2021-03-10 00:00:00,205.61,6225.891943943997,Hold,6225.891943944022,6641.149870801218
Hold,2021-03-10 01:00:00,201.59,6104.165930546522,Hold,6104.165930546546,6511.304909560904
Hold,2021-03-10 02:00:00,196.51,5950.343008143741,Hold,5950.343008143765,6347.222222222397
Hold,2021-03-10 03:00:00,193.39,5855.86908729794,Hold,5855.869087297963,6246.447028423945
Hold,2021-03-10 04:00:00,194.99,5904.317251834248,Hold,5904.317251834272,6298.1266149872545
Hold,2021-03-10 05:00:00,195.76,5927.632931017347,Hold,5927.6329310173705,6322.997416020846
Hold,2021-03-10 06:00:00,197.0,5965.180258532986,Hold,5965.180258533011,6363.049095607411
Sell,2021-03-10 07:00:00,197.71,5986.679131545973,Sinal: Venda,5986.679131545997,6385.98191214488
Buy,2021-03-10 21:00:00,203.17,5986.679131545973,Sinal: Compra,5986.679131545997,6562.338501292171
Hold,2021-03-10 22:00:00,204.84,6023.82220264123,Hold,6023.822202641254,6616.279069767625
Hold,2021-03-10 23:00:00,200.29,5890.018301928392,Hold,5890.018301928415,6469.315245478215
Hold,2021-03-11 00:00:00,197.69,5813.558930092486,Hold,5813.5589300925085,6385.335917312837
Hold,2021-03-11 01:00:00,198.88,5848.553796432767,Hold,5848.55379643279,6423.772609819298
Hold,2021-03-11 02:00:00,200.76,5903.839803760268,Hold,5903.839803760291,6484.496124031186
Sell,2021-03-11 03:00:00,199.64,5870.903458969416,Sinal: Venda,5870.903458969438,6448.320413436871
Buy,2021-03-11 05:00:00,197.28,5870.903458969416,Sinal: Compra,5870.903458969438,6372.09302325599
Hold,2021-03-11 06:00:00,198.65,5899.856186308789,Hold,5899.8561863088125,6416.343669250824
Hold,2021-03-11 07:00:00,194.51,5776.899203619041,Hold,5776.899203619064,6282.622739018261
Hold,2021-03-11 08:00:00,194.39,5773.335233106294,Hold,5773.335233106318,6278.746770026013
Hold,2021-03-11 09:00:00,191.55,5688.9879309713,Hold,5688.987930971323,6187.015503876141
Hold,2021-03-11 10:00:00,195.96,5819.963847314727,Hold,5819.963847314751,6329.457364341261
Hold,2021-03-11 11:00:00,197.48,5865.107473809513,Hold,5865.107473809536,6378.552971576404
Hold,2021-03-11 12:00:00,198.1,5883.521321458702,Hold,5883.521321458725,6398.578811369686
Hold,2021-03-11 13:00:00,201.62,5988.064456499261,Hold,5988.064456499284,6512.273901808967
Hold,2021-03-11 14:00:00,201.01,5969.9476063928005,Hold,5969.947606392822,6492.571059431705
Sell,2021-03-11 15:00:00,197.92,5878.175365689582,Sinal: Venda,5878.1753656896035,6392.764857881315
Buy,2021-03-12 11:00:00,209.35,5878.175365689582,Sinal: Compra,5878.1753656896035,6761.950904392954
Hold,2021-03-12 12:00:00,208.99,5856.3369401288965,Hold,5856.336940128918,6750.32299741621
Hold,2021-03-12 13:00:00,204.71,5736.402387740018,Hold,5736.40238774004,6612.080103359358
Hold,2021-03-12 14:00:00,205.73,5764.984921253255,Hold,5764.984921253277,6645.025839793467
Hold,2021-03-12 15:00:00,210.2,5890.243671061266,Hold,5890.243671061288,6789.405684754711
Hold,2021-03-12 16:00:00,212.69,5960.0186793435805,Hold,5960.018679343603,6869.8320413438605
Hold,2021-03-12 17:00:00,210.98,5912.100902571388,Hold,5912.100902571411,6814.599483204324
Hold,2021-03-12 18:00:00,211.26,5919.947088241689,Hold,5919.947088241713,6823.643410852904
Hold,2021-03-12 19:00:00,210.32,5893.606322062823,Hold,5893.606322062846,6793.28165374696
Hold,2021-03-12 20:00:00,216.98,6080.233452649255,Hold,6080.233452649278,7008.3979328167325
Hold,2021-03-12 21:00:00,222.85,6244.7231308087685,Hold,6244.723130808793,7197.997416020872
Hold,2021-03-12 22:00:00,218.82,6131.7941013398,Hold,6131.794101339824,7067.829457364538
Hold,2021-03-12 23:00:00,220.84,6188.398726532683,Hold,6188.398726532706,7133.074935400717
Hold,2021-03-13 00:00:00,217.02,6081.354336316442,Hold,6081.3543363164645,7009.689922480816
Hold,2021-03-13 01:00:00,215.19,6030.073908542692,Hold,6030.073908542715,6950.5813953490315
Hold,2021-03-13 02:00:00,217.51,6095.085161239467,Hold,6095.08516123949,7025.516795865829
Hold,2021-03-13 03:00:00,216.84,6076.310359814105,Hold,6076.310359814128,7003.8759689924445
Hold,2021-03-13 04:00:00,218.04,6109.9368698296785,Hold,6109.936869829701,7042.635658914925
Hold,2021-03-13 05:00:00,216.51,6067.063069559822,Hold,6067.063069559844,6993.217054263761
Hold,2021-03-13 06:00:00,218.18,6113.859962664828,Hold,6113.85996266485,7047.157622739216
Hold,2021-03-13 07:00:00,220.77,6186.437180115108,Hold,6186.43718011513,7130.813953488572
Hold,2021-03-13 08:00:00,219.94,6163.178844021003,Hold,6163.178844021025,7104.005167958856
Hold,2021-03-13 09:00:00,220.31,6173.547017942471,Hold,6173.547017942493,7115.9560723516215
Hold,2021-03-13 10:00:00,224.08,6279.190303574732,Hold,6279.190303574754,7237.726098191419
Hold,2021-03-13 11:00:00,224.83,6300.2068723344655,Hold,6300.206872334487,7261.95090439297
Hold,2021-03-13 12:00:00,225.23,6311.415709006322,Hold,6311.4157090063445,7274.870801033796
Hold,2021-03-13 13:00:00,224.78,6298.805767750482,Hold,6298.805767750505,7260.335917312866
Hold,2021-03-13 14:00:00,225.06,6306.651953420783,Hold,6306.651953420805,7269.379844961444
Hold,2021-03-13 15:00:00,228.18,6394.080879461274,Hold,6394.080879461297,7370.155038759897
Hold,2021-03-13 16:00:00,226.01,6333.272940516445,Hold,6333.272940516467,7300.0645994834085
Hold,2021-03-13 17:00:00,228.92,6414.817227304209,Hold,6414.817227304232,7394.0568475454265
Hold,2021-03-13 18:00:00,227.56,6376.7071826198935,Hold,6376.707182619915,7350.129198966614
Hold,2021-03-13 19:00:00,226.32,6341.959788937134,Hold,6341.959788937156,7310.07751938005
Hold,2021-03-13 20:00:00,229.14,6420.982087473732,Hold,6420.982087473754,7401.162790697881
Hold,2021-03-13 21:00:00,226.43,6345.042219021896,Hold,6345.042219021918,7313.630490956276
Hold,2021-03-13 22:00:00,224.97,6304.129965169615,Hold,6304.129965169638,7266.472868217256
Hold,2021-03-13 23:00:00,226.06,6334.674045100427,Hold,6334.674045100449,7301.679586563511
Hold,2021-03-14 00:00:00,226.11,6336.07514968441,Hold,6336.075149684431,7303.294573643615
Hold,2021-03-14 01:00:00,224.82,6299.926651417668,Hold,6299.92665141769,7261.627906976947
Hold,2021-03-14 02:00:00,223.97,6276.10787348997,Hold,6276.107873489992,7234.173126615189
Hold,2021-03-14 03:00:00,224.23,6283.3936173266775,Hold,6283.3936173267,7242.571059431727
Hold,2021-03-14 04:00:00,223.97,6276.10787348997,Hold,6276.107873489993,7234.173126615189
Hold,2021-03-14 05:00:00,222.17,6225.66810846661,Hold,6225.668108466632,7176.033591731467
Hold,2021-03-14 06:00:00,221.23,6199.327342287744,Hold,6199.3273422877655,7145.671834625523
Hold,2021-03-14 07:00:00,218.83,6132.074322256598,Hold,6132.07432225662,7068.152454780559
Hold,2021-03-14 08:00:00,221.34,6202.409772372505,Hold,6202.409772372527,7149.22480620175
Hold,2021-03-14 09:00:00,223.3,6257.333072064609,Hold,6257.333072064632,7212.532299741803
Hold,2021-03-14 10:00:00,219.19,6142.16227526127,Hold,6142.162275261292,7079.780361757304
Hold,2021-03-14 11:00:00,219.81,6159.53597210265,Hold,6159.535972102672,7099.806201550587
Hold,2021-03-14 12:00:00,220.42,6176.629448027232,Hold,6176.629448027253,7119.509043927848
Hold,2021-03-14 13:00:00,217.83,6104.052230576954,Hold,6104.052230576975,7035.852713178492
Hold,2021-03-14 14:00:00,219.15,6141.041391594084,Hold,6141.041391594105,7078.488372093222
Hold,2021-03-14 15:00:00,217.04,6081.914778150034,Hold,6081.914778150055,7010.335917312858
Hold,2021-03-14 16:00:00,216.46,6065.66196497584,Hold,6065.661964975861,6991.602067183659
Hold,2021-03-14 17:00:00,216.58,6069.024615977398,Hold,6069.024615977418,6995.478036175906
Hold,2021-03-14 18:00:00,219.11,6139.920507926899,Hold,6139.9205079269195,7077.196382429139
Hold,2021-03-14 19:00:00,219.59,6153.371111933127,Hold,6153.371111933147,7092.700258398132
Hold,2021-03-14 20:00:00,218.75,6129.832554922226,Hold,6129.832554922246,7065.5684754523945
Hold,2021-03-14 21:00:00,217.97,6107.9753234121035,Hold,6107.9753234121235,7040.374677002782
Hold,2021-03-14 22:00:00,218.67,6127.590787587854,Hold,6127.590787587875,7062.984496124229
Hold,2021-03-14 23:00:00,213.94,5995.046293943136,Hold,5995.046293943156,6910.206718346448
Hold,2021-03-15 00:00:00,216.01,6053.05202372,Hold,6053.05202372002,6977.067183462729
Hold,2021-03-15 01:00:00,218.29,6116.942392749589,Hold,6116.94239274961,7050.710594315445
Hold,2021-03-15 02:00:00,218.59,6125.349020253483,Hold,6125.349020253503,7060.400516796065
Hold,2021-03-15 03:00:00,220.0,6164.860169521781,Hold,6164.8601695218,7105.943152454981
Hold,2021-03-15 04:00:00,218.31,6117.502834583182,Hold,6117.502834583202,7051.356589147486
Hold,2021-03-15 05:00:00,214.1,5999.52982861188,Hold,5999.529828611898,6915.37467700278
Hold,2021-03-15 06:00:00,212.18,5945.727412586963,Hold,5945.727412586981,6853.35917312681
Hold,2021-03-15 07:00:00,208.46,5841.485231538685,Hold,5841.485231538703,6733.204134367117
Hold,2021-03-15 08:00:00,208.09,5831.117057617216,Hold,5831.117057617234,6721.253229974352
Trailing-Stop,2021-03-15 09:00:00,204.95,5743.127689743133,Trailing stop 10.0% hit,5743.127689743151,6619.832041343857
Buy,2021-03-29 06:00:00,193.33,5743.127689743133,Sinal: Compra,5743.127689743151,6244.5090439278265
Hold,2021-03-29 07:00:00,194.1,5754.4753382872195,Hold,5754.475338287239,6269.379844961419
Hold,2021-03-29 08:00:00,195.27,5789.162283912135,Hold,5789.162283912154,6307.170542635839
Hold,2021-03-29 09:00:00,195.91,5808.136339638584,Hold,5808.136339638603,6327.842377261163
Hold,2021-03-29 10:00:00,195.76,5803.689295327697,Hold,5803.6892953277165,6322.997416020852
Hold,2021-03-29 11:00:00,195.15,5785.604648463426,Hold,5785.604648463445,6303.294573643591
Hold,2021-03-29 12:00:00,195.61,5799.242251016812,Hold,5799.24225101683,6318.152454780543
Hold,2021-03-29 13:00:00,193.94,5749.731824355607,Hold,5749.731824355626,6264.211886305088
Hold,2021-03-29 14:00:00,194.23,5758.329443356654,Hold,5758.329443356672,6273.578811369687
Hold,2021-03-29 15:00:00,193.58,5739.05891800948,Hold,5739.0589180094985,6252.583979328344
Hold,2021-03-29 16:00:00,195.39,5792.719919360844,Hold,5792.719919360863,6311.046511628087
Hold,2021-03-29 17:00:00,194.77,5774.338802875846,Hold,5774.338802875865,6291.020671834805
Hold,2021-03-29 18:00:00,195.55,5797.463433292457,Hold,5797.463433292476,6316.214470284419
Hold,2021-03-29 19:00:00,194.27,5759.515321839558,Hold,5759.515321839577,6274.870801033771
Hold,2021-03-29 20:00:00,194.22,5758.032973735929,Hold,5758.032973735947,6273.255813953668
Hold,2021-03-29 21:00:00,194.34,5761.590609184638,Hold,5761.590609184656,6277.131782945917
Hold,2021-03-29 22:00:00,195.02,5781.7505433939905,Hold,5781.75054339401,6299.095607235324
Hold,2021-03-29 23:00:00,193.73,5743.505962320365,Hold,5743.505962320384,6257.428940568656
Hold,2021-03-30 00:00:00,194.61,5769.595288944234,Hold,5769.595288944253,6285.852713178477
Hold,2021-03-30 01:00:00,191.63,5681.2473419679545,Hold,5681.247341967973,6189.599483204313
Hold,2021-03-30 02:00:00,191.08,5664.941512828037,Hold,5664.941512828055,6171.834625323177
Hold,2021-03-30 03:00:00,191.05,5664.05210396586,Hold,5664.052103965879,6170.865633075115
Hold,2021-03-30 04:00:00,191.5,5677.393236898519,Hold,5677.393236898538,6185.400516796047
Hold,2021-03-30 05:00:00,191.18,5667.9062090352945,Hold,5667.906209035314,6175.064599483385
Hold,2021-03-30 06:00:00,191.9,5689.2520217275505,Hold,5689.2520217275705,6198.320413436873
Hold,2021-03-30 07:00:00,192.61,5710.30136479908,Hold,5710.3013647991,6221.253229974341
Hold,2021-03-30 08:00:00,192.93,5719.788392662304,Hold,5719.788392662325,6231.589147287003
Hold,2021-03-30 09:00:00,195.94,5809.025748500761,Hold,5809.025748500782,6328.811369509227
Hold,2021-03-30 10:00:00,197.01,5840.747997918419,Hold,5840.74799791844,6363.372093023439
Hold,2021-03-30 11:00:00,199.7,5920.498325893651,Hold,5920.498325893672,6450.258397933003
Hold,2021-03-30 12:00:00,197.8,5864.169097955755,Hold,5864.169097955775,6388.888888889074
Hold,2021-03-30 13:00:00,196.38,5822.070411812695,Hold,5822.070411812715,6343.023255814137
Hold,2021-03-30 14:00:00,196.94,5838.672710573338,Hold,5838.672710573357,6361.111111111295
Hold,2021-03-30 15:00:00,195.92,5808.43280925931,Hold,5808.432809259329,6328.165374677185
Hold,2021-03-30 16:00:00,196.63,5829.48215233084,Hold,5829.482152330858,6351.098191214654
Hold,2021-03-30 17:00:00,196.35,5821.181002950518,Hold,5821.181002950536,6342.054263566076
Hold,2021-03-30 18:00:00,196.37,5821.77394219197,Hold,5821.773942191989,6342.7002583981175
Hold,2021-03-30 19:00:00,196.63,5829.48215233084,Hold,5829.482152330859,6351.098191214655
Hold,2021-03-30 20:00:00,194.35,5761.887078805364,Hold,5761.887078805384,6277.454780361939
Hold,2021-03-30 21:00:00,195.34,5791.237571257216,Hold,5791.237571257235,6309.431524547987
Hold,2021-03-30 22:00:00,194.92,5778.785847186733,Hold,5778.785847186752,6295.865633075116
Hold,2021-03-30 23:00:00,195.74,5803.0963560862465,Hold,5803.096356086266,6322.351421188814
Hold,2021-03-31 00:00:00,197.59,5857.943235920514,Hold,5857.943235920533,6382.105943152639
Hold,2021-03-31 01:00:00,196.96,5839.265649814791,Hold,5839.265649814809,6361.757105943336
Hold,2021-03-31 02:00:00,195.91,5808.136339638584,Hold,5808.136339638603,6327.842377261164
Hold,2021-03-31 03:00:00,193.64,5740.837735733834,Hold,5740.837735733852,6254.521963824469
Hold,2021-03-31 04:00:00,193.31,5731.054238249884,Hold,5731.0542382499025,6243.863049095788
Hold,2021-03-31 05:00:00,194.76,5774.042333255121,Hold,5774.04233325514,6290.697674418785
Hold,2021-03-31 06:00:00,197.36,5851.124434643822,Hold,5851.124434643842,6374.677002584163
Hold,2021-03-31 07:00:00,192.36,5702.889624280936,Hold,5702.889624280955,6213.178294573822
Hold,2021-03-31 08:00:00,190.79,5656.343893826989,Hold,5656.343893827007,6162.467700258575
Hold,2021-03-31 09:00:00,190.42,5645.374517860136,Hold,5645.374517860154,6150.51679586581
Hold,2021-03-31 10:00:00,188.95,5601.793483613447,Hold,5601.7934836134655,6103.036175710769
Hold,2021-03-31 11:00:00,190.62,5651.303910274651,Hold,5651.303910274669,6156.976744186224
Hold,2021-03-31 12:00:00,191.21,5668.795617897472,Hold,5668.79561789749,6176.033591731444
Hold,2021-03-31 13:00:00,193.0,5721.863680007385,Hold,5721.863680007402,6233.850129199146
Sell,2021-03-31 14:00:00,192.49,5706.743729350371,Sinal: Venda,5706.743729350388,6217.377260982092
Buy,2021-04-01 06:00:00,195.79,5706.743729350371,Sinal: Compra,5706.743729350388,6323.966408268916
Hold,2021-04-01 07:00:00,197.31,5739.551233593394,Hold,5739.551233593412,6373.062015504061
Hold,2021-04-01 08:00:00,197.78,5753.223065126458,Hold,5753.223065126477,6388.242894057032
Hold,2021-04-01 09:00:00,196.97,5729.660972484369,Hold,5729.660972484388,6362.080103359356
Hold,2021-04-01 10:00:00,195.79,5695.335948635399,Hold,5695.335948635418,6323.966408268916
Hold,2021-04-01 11:00:00,196.13,5705.226209744424,Hold,5705.226209744443,6334.948320413619
Hold,2021-04-01 12:00:00,195.8,5695.626838668018,Hold,5695.626838668037,6324.289405684936
Hold,2021-04-01 13:00:00,196.4,5713.0802406251205,Hold,5713.08024062514,6343.669250646177
Hold,2021-04-01 14:00:00,201.79,5869.869968206432,Hold,5869.8699682064525,6517.764857881324
Hold,2021-04-01 15:00:00,204.03,5935.02933551295,Hold,5935.029335512971,6590.116279069957
Hold,2021-04-01 16:00:00,202.62,5894.013840913758,Hold,5894.013840913779,6544.573643411041
Hold,2021-04-01 17:00:00,199.19,5794.238559725651,Hold,5794.238559725671,6433.785529715948
Hold,2021-04-01 18:00:00,200.29,5826.236463313673,Hold,5826.236463313694,6469.315245478223
Hold,2021-04-01 19:00:00,201.68,5866.670177847629,Hold,5866.67017784765,6514.211886305097
Hold,2021-04-01 20:00:00,201.18,5852.12567621671,Hold,5852.12567621673,6498.062015504063
Hold,2021-04-01 21:00:00,200.93,5844.85342540125,Hold,5844.85342540127,6489.987080103546
Hold,2021-04-01 22:00:00,202.76,5898.086301370415,Hold,5898.086301370436,6549.09560723533
Hold,2021-04-01 23:00:00,202.86,5900.995201696599,Hold,5900.995201696619,6552.3255813955375
Hold,2021-04-02 00:00:00,201.39,5858.2343669016955,Hold,5858.2343669017155,6504.844961240497
Hold,2021-04-02 01:00:00,204.78,5956.8460879593285,Hold,5956.846087959349,6614.341085271507
Hold,2021-04-02 02:00:00,206.53,6007.751843667547,Hold,6007.751843667567,6670.8656330751255
Hold,2021-04-02 03:00:00,206.13,5996.116242362811,Hold,5996.116242362832,6657.945736434298
Hold,2021-04-02 04:00:00,205.5,5977.790170307853,Hold,5977.790170307874,6637.596899224996
Hold,2021-04-02 05:00:00,204.97,5962.372998579079,Hold,5962.3729985791,6620.4780361759
Hold,2021-04-02 06:00:00,204.47,5947.828496948159,Hold,5947.82849694818,6604.328165374866
Hold,2021-04-02 07:00:00,204.98,5962.663888611696,Hold,5962.663888611717,6620.801033591921
Hold,2021-04-02 08:00:00,205.45,5976.335720144761,Hold,5976.335720144781,6635.981912144892
Hold,2021-04-02 09:00:00,205.6,5980.699070634037,Hold,5980.6990706340575,6640.826873385203
Hold,2021-04-02 10:00:00,204.87,5959.4640982528945,Hold,5959.4640982529145,6617.248062015693
Hold,2021-04-02 11:00:00,205.83,5987.38954138426,Hold,5987.38954138428,6648.255813953679
Hold,2021-04-02 12:00:00,204.81,5957.7187580571845,Hold,5957.718758057204,6615.310077519569
Hold,2021-04-02 13:00:00,202.82,5899.831641566126,Hold,5899.831641566145,6551.033591731452
Hold,2021-04-02 14:00:00,207.45,6034.513726668438,Hold,6034.513726668458,6700.581395349028
Hold,2021-04-02 15:00:00,207.97,6049.640008364594,Hold,6049.640008364613,6717.3772609821035
Hold,2021-04-02 16:00:00,208.87,6075.820111300249,Hold,6075.820111300268,6746.447028423964
Hold,2021-04-02 17:00:00,206.92,6019.096554939663,Hold,6019.096554939682,6683.462532299932
Hold,2021-04-02 18:00:00,205.9,5989.4257716125885,Hold,5989.425771612607,6650.516795865823
Hold,2021-04-02 19:00:00,205.18,5968.481689264065,Hold,5968.481689264083,6627.260981912334
Hold,2021-04-02 20:00:00,206.98,6020.841895135374,Hold,6020.841895135392,6685.400516796055
Hold,2021-04-02 21:00:00,208.42,6062.730059832421,Hold,6062.73005983244,6731.912144703033
Hold,2021-04-02 22:00:00,207.38,6032.4774964401095,Hold,6032.477496440129,6698.320413436882
Hold,2021-04-02 23:00:00,211.46,6151.160629748411,Hold,6151.16062974843,6830.10335917332
Hold,2021-04-03 00:00:00,213.42,6208.175076141615,Hold,6208.175076141634,6893.410852713374
Hold,2021-04-03 01:00:00,211.35,6147.96083938961,Hold,6147.960839389629,6826.5503875970935
Hold,2021-04-03 02:00:00,211.46,6151.160629748411,Hold,6151.16062974843,6830.103359173321
Hold,2021-04-03 03:00:00,210.89,6134.5798978891635,Hold,6134.579897889182,6811.692506460142
Hold,2021-04-03 04:00:00,212.35,6177.049842651448,Hold,6177.049842651466,6858.8501291991615
Hold,2021-04-03 05:00:00,212.04,6168.0322516402775,Hold,6168.032251640296,6848.837209302521
Hold,2021-04-03 06:00:00,216.32,6292.533185600948,Hold,6292.533185600966,6987.0801033593725
Hold,2021-04-03 07:00:00,215.59,6271.298213219806,Hold,6271.298213219824,6963.501291989864
Hold,2021-04-03 08:00:00,213.13,6199.7392651956825,Hold,6199.7392651957,6884.043927648776
Hold,2021-04-03 09:00:00,214.31,6234.0642890446525,Hold,6234.06428904467,6922.157622739216
Hold,2021-04-03 10:00:00,214.5,6239.591199664401,Hold,6239.591199664418,6928.2945736436095
Hold,2021-04-03 11:00:00,213.37,6206.7206259785235,Hold,6206.720625978541,6891.795865633273
Hold,2021-04-03 12:00:00,214.1,6227.955598359666,Hold,6227.955598359682,6915.374677002782
Hold,2021-04-03 13:00:00,214.66,6244.245440186295,Hold,6244.2454401863115,6933.462532299939
Hold,2021-04-03 14:00:00,211.36,6148.251729422228,Hold,6148.251729422244,6826.873385013115
Hold,2021-04-03 15:00:00,207.25,6028.69592601607,Hold,6028.695926016087,6694.121447028614
Hold,2021-04-03 16:00:00,206.8,6015.605874548243,Hold,6015.6058745482605,6679.586563307685
Hold,2021-04-03 17:00:00,203.46,5918.448603653702,Hold,5918.448603653719,6571.705426356777
Hold,2021-04-03 18:00:00,206.6,6009.788073895876,Hold,6009.788073895892,6673.126614987271
Hold,2021-04-03 19:00:00,206.07,5994.370902167101,Hold,5994.3709021671175,6656.007751938175
Hold,2021-04-03 20:00:00,202.58,5892.850280783284,Hold,5892.850280783301,6543.281653746957
Hold,2021-04-03 21:00:00,198.72,5780.566728192586,Hold,5780.566728192603,6418.604651162975
Hold,2021-04-03 22:00:00,198.83,5783.76651855139,Hold,5783.766518551405,6422.157622739202
Hold,2021-04-03 23:00:00,195.23,5679.046106808769,Hold,5679.046106808784,6305.878552971757
Hold,2021-04-04 00:00:00,195.6,5689.809038015649,Hold,5689.8090380156655,6317.829457364523
Hold,2021-04-04 01:00:00,197.91,5757.0046355504965,Hold,5757.004635550514,6392.441860465301
Hold,2021-04-04 02:00:00,199.93,5815.764422139412,Hold,5815.7644221394285,6457.687338501479
Sell,2021-04-04 03:00:00,199.25,5795.983899921362,Sinal: Venda,5795.983899921378,6435.723514212072
Buy,2021-04-06 03:00:00,218.32,5795.983899921362,Sinal: Compra,5795.983899921378,7051.6795865635095
Hold,2021-04-06 04:00:00,222.81,5903.360469948555,Hold,5903.360469948571,7196.705426356796
Hold,2021-04-06 05:00:00,222.66,5899.386213539541,Hold,5899.386213539558,7191.860465116486
Hold,2021-04-06 06:00:00,223.0,5908.3945280666385,Hold,5908.394528066657,7202.842377261189
Hold,2021-04-06 07:00:00,219.42,5813.542275104851,Hold,5813.542275104869,7087.209302325786
Hold,2021-04-06 08:00:00,220.57,5844.011574240621,Hold,5844.011574240638,7124.354005168164
Hold,2021-04-06 09:00:00,225.99,5987.614705819639,Hold,5987.614705819657,7299.418604651374
Hold,2021-04-06 10:00:00,223.8,5929.590562248043,Hold,5929.59056224806,7228.682170542846
Hold,2021-04-06 11:00:00,233.23,6179.438815161354,Hold,6179.438815161371,7533.268733850347
Hold,2021-04-06 12:00:00,232.68,6164.866541661639,Hold,6164.866541661657,7515.50387596921
Hold,2021-04-06 13:00:00,229.44,6079.022603226948,Hold,6079.022603226967,7410.852713178509
Hold,2021-04-06 14:00:00,224.93,5959.529960529278,Hold,5959.529960529295,7265.180878553181
Hold,2021-04-06 15:00:00,234.59,6215.472073269743,Hold,6215.4720732697615,7577.196382429159
Hold,2021-04-06 16:00:00,241.73,6404.646678338781,Hold,6404.6466783388005,7807.816537467925
Hold,2021-04-06 17:00:00,241.12,6388.484702275462,Hold,6388.484702275481,7788.113695090664
Hold,2021-04-06 18:00:00,239.21,6337.879170667357,Hold,6337.8791706673765,7726.421188630714
Hold,2021-04-06 19:00:00,238.95,6330.990459558399,Hold,6330.990459558418,7718.023255814176
Hold,2021-04-06 20:00:00,242.62,6428.227266365595,Hold,6428.227266365615,7836.563307493767
Hold,2021-04-06 21:00:00,237.64,6296.281953586349,Hold,6296.281953586368,7675.710594315467
Hold,2021-04-06 22:00:00,237.58,6294.692251022744,Hold,6294.692251022764,7673.772609819343
Hold,2021-04-06 23:00:00,237.04,6280.384927950296,Hold,6280.384927950316,7656.330749354226
Hold,2021-04-07 00:00:00,232.88,6170.16555020699,Hold,6170.16555020701,7521.963824289623
Hold,2021-04-07 01:00:00,237.02,6279.85502709576,Hold,6279.85502709578,7655.684754522186
Hold,2021-04-07 02:00:00,238.87,6328.870856140259,Hold,6328.870856140279,7715.439276486013
Hold,2021-04-07 03:00:00,240.48,6371.527874930336,Hold,6371.527874930356,7767.441860465342
Hold,2021-04-07 04:00:00,240.55,6373.382527921211,Hold,6373.382527921231,7769.702842377487
Hold,2021-04-07 05:00:00,239.2,6337.614220240089,Hold,6337.614220240109,7726.098191214695
Hold,2021-04-07 06:00:00,234.89,6223.420586087769,Hold,6223.420586087789,7586.886304909781
Hold,2021-04-07 07:00:00,232.26,6153.7386237164,Hold,6153.738623716419,7501.937984496342
Hold,2021-04-07 08:00:00,229.22,6073.193693827062,Hold,6073.193693827081,7403.746770026055
Hold,2021-04-07 09:00:00,226.21,5993.443615219527,Hold,5993.443615219546,7306.5245478038305
Trailing-Stop,2021-04-07 10:00:00,217.25,5756.04803238779,Trailing stop 10.0% hit,5756.048032387809,7017.1188630493
Buy,2021-04-07 11:00:00,218.57,5756.04803238779,Sinal: Compra,5756.048032387809,7059.754521964029
Hold,2021-04-07 12:00:00,221.78,5828.908160013042,Hold,5828.908160013061,7163.436692506668
Sell,2021-04-07 13:00:00,225.85,5935.877481914265,Sinal: Venda,5935.8774819142845,7294.896640827084
Buy,2021-04-07 16:00:00,223.92,5935.877481914265,Sinal: Compra,5935.8774819142845,7232.558139535093
Hold,2021-04-07 17:00:00,217.27,5748.079733755904,Hold,5748.0797337559225,7017.7648578813405
Hold,2021-04-07 18:00:00,217.32,5749.402530215092,Hold,5749.402530215111,7019.379844961444
Hold,2021-04-07 19:00:00,220.97,5845.966671735823,Hold,5845.966671735842,7137.273901808993
Hold,2021-04-07 20:00:00,220.42,5831.415910684754,Hold,5831.415910684774,7119.509043927855
Hold,2021-04-07 21:00:00,220.5,5833.532385019455,Hold,5833.5323850194745,7122.093023256021
Hold,2021-04-07 22:00:00,223.89,5923.217984952406,Hold,5923.217984952426,7231.589147287032
Sell,2021-04-07 23:00:00,219.05,5795.171287703001,Sinal: Venda,5795.171287703021,7075.258397933023
Buy,2021-04-08 10:00:00,219.86,5795.171287703001,Sinal: Compra,5795.171287703021,7101.4211886306975
Hold,2021-04-08 11:00:00,218.77,5754.913450264654,Hold,5754.913450264674,7066.2144702844425
Hold,2021-04-08 12:00:00,223.85,5888.546765286568,Hold,5888.546765286588,7230.297157622948
Hold,2021-04-08 13:00:00,223.49,5879.076687844071,Hold,5879.076687844092,7218.669250646204
Hold,2021-04-08 14:00:00,223.54,5880.391976377751,Hold,5880.391976377772,7220.284237726308
Hold,2021-04-08 15:00:00,224.96,5917.746170734271,Hold,5917.746170734292,7266.149870801245
Hold,2021-04-08 16:00:00,225.23,5924.848728816144,Hold,5924.848728816165,7274.870801033802
Hold,2021-04-08 17:00:00,224.04,5893.544861714553,Hold,5893.544861714574,7236.434108527341
Hold,2021-04-08 18:00:00,224.45,5904.330227690732,Hold,5904.3302276907525,7249.677002584189
Hold,2021-04-08 19:00:00,222.8,5860.925706079283,Hold,5860.925706079303,7196.382428940777
Hold,2021-04-08 20:00:00,223.72,5885.127015098999,Hold,5885.127015099019,7226.098191214679
Hold,2021-04-08 21:00:00,225.02,5919.324516974687,Hold,5919.324516974708,7268.087855297367
Hold,2021-04-08 22:00:00,226.64,5961.939865465927,Hold,5961.939865465949,7320.413436692717
Hold,2021-04-08 23:00:00,226.11,5947.997807008917,Hold,5947.997807008939,7303.294573643622
Hold,2021-04-09 00:00:00,228.16,6001.9246368898075,Hold,6001.924636889828,7369.509043927862
Hold,2021-04-09 01:00:00,225.7,5937.212441032739,Hold,5937.21244103276,7290.051679586774
Hold,2021-04-09 02:00:00,225.26,5925.637901936352,Hold,5925.637901936373,7275.839793281864
Hold,2021-04-09 03:00:00,224.25,5899.06907355601,Hold,5899.06907355603,7243.217054263776
Hold,2021-04-09 04:00:00,225.03,5919.587574681423,Hold,5919.587574681444,7268.410852713389
Hold,2021-04-09 05:00:00,223.52,5879.865860964279,Hold,5879.8658609643,7219.638242894266
Hold,2021-04-09 06:00:00,223.74,5885.653130512472,Hold,5885.653130512493,7226.744186046722
Hold,2021-04-09 07:00:00,225.2,5924.059555695935,Hold,5924.059555695957,7273.90180878574
Hold,2021-04-09 08:00:00,223.09,5868.554379574629,Hold,5868.554379574651,7205.7493540053765
Hold,2021-04-09 09:00:00,225.41,5929.583767537393,Hold,5929.583767537415,7280.684754522175
Hold,2021-04-09 10:00:00,227.52,5985.088943658701,Hold,5985.088943658723,7348.837209302539
Hold,2021-04-09 11:00:00,227.5,5984.562828245228,Hold,5984.56282824525,7348.1912144704975
Hold,2021-04-09 12:00:00,225.38,5928.794594417185,Hold,5928.794594417207,7279.715762274112
Hold,2021-04-09 13:00:00,225.72,5937.73855644621,Hold,5937.738556446232,7290.697674418817
Hold,2021-04-09 14:00:00,225.0,5918.798401561215,Hold,5918.798401561236,7267.441860465327
Hold,2021-04-09 15:00:00,224.11,5895.386265661706,Hold,5895.386265661727,7238.695090439487
Hold,2021-04-09 16:00:00,223.99,5892.229573180874,Hold,5892.2295731808945,7234.819121447239
Hold,2021-04-09 17:00:00,224.94,5917.220055320799,Hold,5917.22005532082,7265.503875969202
Hold,2021-04-09 18:00:00,223.77,5886.442303632681,Hold,5886.442303632702,7227.713178294783
Hold,2021-04-09 19:00:00,223.89,5889.598996113512,Hold,5889.598996113534,7231.589147287031
Hold,2021-04-09 20:00:00,223.44,5877.76139931039,Hold,5877.7613993104105,7217.0542635661
Hold,2021-04-09 21:00:00,223.96,5891.4404000606655,Hold,5891.440400060687,7233.850129199176
Hold,2021-04-09 22:00:00,221.79,5834.356877698941,Hold,5834.356877698963,7163.759689922687
Hold,2021-04-09 23:00:00,221.12,5816.732011347626,Hold,5816.732011347647,7142.1188630493025
Hold,2021-04-10 00:00:00,220.5,5800.4224335299905,Hold,5800.422433530011,7122.0930232560195
Hold,2021-04-10 01:00:00,222.67,5857.505955891714,Hold,5857.505955891735,7192.183462532507
Hold,2021-04-10 02:00:00,224.83,5914.326420546702,Hold,5914.326420546724,7261.950904392977
Hold,2021-04-10 03:00:00,226.66,5962.4659808793995,Hold,5962.46598087942,7321.059431524761
Hold,2021-04-10 04:00:00,232.89,6126.350932175961,Hold,6126.350932175982,7522.286821705644
Hold,2021-04-10 05:00:00,233.29,6136.873240445403,Hold,6136.873240445425,7535.2067183464715
Hold,2021-04-10 06:00:00,232.1,6105.569373343813,Hold,6105.569373343835,7496.770025840011
Hold,2021-04-10 07:00:00,232.46,6115.039450786311,Hold,6115.039450786332,7508.397932816757
Hold,2021-04-10 08:00:00,231.1,6079.263602670208,Hold,6079.2636026702285,7464.470284237944
Hold,2021-04-10 09:00:00,232.59,6118.45920097388,Hold,6118.459200973901,7512.596899225026
Hold,2021-04-10 10:00:00,231.69,6094.784007367634,Hold,6094.784007367655,7483.527131783165
Hold,2021-04-10 11:00:00,232.56,6117.670027853672,Hold,6117.670027853693,7511.627906976964
Hold,2021-04-10 12:00:00,229.28,6031.387100044246,Hold,6031.387100044267,7405.684754522181
Hold,2021-04-10 13:00:00,231.36,6086.103103045346,Hold,6086.103103045368,7472.868217054482
Hold,2021-04-10 14:00:00,233.88,6152.393645142831,Hold,6152.393645142853,7554.263565891693
Hold,2021-04-10 15:00:00,234.52,6169.229338373939,Hold,6169.229338373961,7574.935400517017
Hold,2021-04-10 16:00:00,236.26,6215.001379346011,Hold,6215.001379346034,7631.136950904614
Hold,2021-04-10 17:00:00,241.38,6349.686925194871,Hold,6349.686925194894,7796.511627907204
Hold,2021-04-10 18:00:00,247.65,6514.624107318377,Hold,6514.624107318401,7999.031007752171
Hold,2021-04-10 19:00:00,243.16,6396.511196993889,Hold,6396.511196993913,7854.005167958885
Hold,2021-04-10 20:00:00,238.51,6274.189363361624,Hold,6274.189363361646,7703.811369509268
Hold,2021-04-10 21:00:00,247.19,6502.523452808518,Hold,6502.523452808542,7984.173126615218
Hold,2021-04-10 22:00:00,242.47,6378.360215229101,Hold,6378.360215229124,7831.718346253457
Hold,2021-04-10 23:00:00,256.34,6743.221254472008,Hold,6743.221254472031,8279.71576227414
Hold,2021-04-11 00:00:00,253.9,6679.035174028411,Hold,6679.035174028434,8200.904392765095
Hold,2021-04-11 01:00:00,251.5,6615.901324411758,Hold,6615.9013244117805,8123.385012920132
Hold,2021-04-11 02:00:00,253.93,6679.824347148619,Hold,6679.824347148641,8201.873385013156
Hold,2021-04-11 03:00:00,250.27,6583.545226483224,Hold,6583.545226483246,8083.656330749587
Hold,2021-04-11 04:00:00,252.13,6632.473959936129,Hold,6632.47395993615,8143.733850129434
Hold,2021-04-11 05:00:00,259.69,6831.3455862285855,Hold,6831.345586228606,8387.919896641071
Hold,2021-04-11 06:00:00,256.06,6735.855638683399,Hold,6735.85563868342,8270.671834625564
Hold,2021-04-11 07:00:00,257.67,6778.207929467903,Hold,6778.207929467924,8322.674418604895
Hold,2021-04-11 08:00:00,258.67,6804.51370014151,Hold,6804.5137001415305,8354.97416020696
Hold,2021-04-11 09:00:00,256.21,6739.801504284439,Hold,6739.801504284459,8275.516795865873
Hold,2021-04-11 10:00:00,254.66,6699.027559740351,Hold,6699.027559740371,8225.452196382666
Hold,2021-04-11 11:00:00,257.94,6785.310487549777,Hold,6785.310487549797,8331.395348837452
Hold,2021-04-11 12:00:00,253.51,6668.775923465705,Hold,6668.775923465725,8188.307493540289
Hold,2021-04-11 13:00:00,248.75,6543.560455059343,Hold,6543.5604550593625,8034.560723514445
Hold,2021-04-11 14:00:00,251.96,6628.001978921616,Hold,6628.001978921635,8138.242894057084
Hold,2021-04-11 15:00:00,252.55,6643.5223836190435,Hold,6643.522383619062,8157.299741602305
Hold,2021-04-11 16:00:00,246.38,6481.215778562899,Hold,6481.215778562916,7958.010335917545
Hold,2021-04-11 17:00:00,249.14,6553.819705622049,Hold,6553.819705622065,8047.1576227392525
Hold,2021-04-11 18:00:00,251.1,6605.379016142316,Hold,6605.379016142333,8110.465116279306
Hold,2021-04-11 19:00:00,250.21,6581.966880242808,Hold,6581.966880242825,8081.718346253466
Hold,2021-04-11 20:00:00,250.94,6601.170092834539,Hold,6601.170092834555,8105.297157622975
Hold,2021-04-11 21:00:00,247.51,6510.941299424072,Hold,6510.941299424089,7994.50904392788
Hold,2021-04-11 22:00:00,250.48,6589.06943832468,Hold,6589.069438324697,8090.439276486021
Hold,2021-04-11 23:00:00,252.31,6637.208998657378,Hold,6637.208998657396,8149.547803617806
Hold,2021-04-12 00:00:00,248.85,6546.191032126703,Hold,6546.19103212672,8037.790697674648
Hold,2021-04-12 01:00:00,254.21,6687.189962937228,Hold,6687.189962937245,8210.917312661733
Hold,2021-04-12 02:00:00,250.44,6588.017207497736,Hold,6588.017207497752,8089.147286821935
Hold,2021-04-12 03:00:00,254.1,6684.296328163132,Hold,6684.296328163147,8207.364341085506
Hold,2021-04-12 04:00:00,252.26,6635.893710123698,Hold,6635.893710123713,8147.932816537699
Hold,2021-04-12 05:00:00,255.09,6710.3390411300015,Hold,6710.339041130016,8239.341085271551
Hold,2021-04-12 06:00:00,257.55,6775.05123698707,Hold,6775.051236987085,8318.79844961264
Hold,2021-04-12 07:00:00,255.55,6722.43969563986,Hold,6722.439695639874,8254.198966408503
Hold,2021-04-12 08:00:00,255.58,6723.2288687600685,Hold,6723.228868760083,8255.167958656564
Hold,2021-04-12 09:00:00,250.2,6581.703822536071,Hold,6581.703822536086,8081.395348837437
Hold,2021-04-12 10:00:00,247.56,6512.256587957753,Hold,6512.256587957768,7996.124031007978
Hold,2021-04-12 11:00:00,249.35,6559.343917463506,Hold,6559.3439174635205,8053.940568475679
Hold,2021-04-12 12:00:00,251.71,6621.425536253215,Hold,6621.4255362532285,8130.167958656562
Hold,2021-04-12 13:00:00,251.65,6619.847190012799,Hold,6619.8471900128125,8128.229974160438
Hold,2021-04-12 14:00:00,245.52,6458.592815783598,Hold,6458.5928157836115,7930.232558139761
Hold,2021-04-12 15:00:00,244.31,6426.762833268535,Hold,6426.762833268548,7891.149870801258
Hold,2021-04-12 16:00:00,245.44,6456.4883541297095,Hold,6456.488354129722,7927.648578811594
Hold,2021-04-12 17:00:00,243.4,6402.824581955554,Hold,6402.824581955566,7861.757105943376
Hold,2021-04-12 18:00:00,244.48,6431.234814283048,Hold,6431.23481428306,7896.6408268736095
Hold,2021-04-12 19:00:00,243.47,6404.665985902706,Hold,6404.665985902718,7864.018087855521
Hold,2021-04-12 20:00:00,244.42,6429.656468042631,Hold,6429.656468042643,7894.702842377485
Hold,2021-04-12 21:00:00,245.42,6455.962238716237,Hold,6455.962238716249,7927.002583979553
Hold,2021-04-12 22:00:00,247.53,6511.467414837544,Hold,6511.467414837556,7995.155038759916
Hold,2021-04-12 23:00:00,244.42,6429.656468042631,Hold,6429.656468042643,7894.702842377484
Hold,2021-04-13 00:00:00,252.05,6630.369498282242,Hold,6630.369498282253,8141.149870801264
Hold,2021-04-13 01:00:00,251.4,6613.270747344398,Hold,6613.270747344409,8120.15503875992
Hold,2021-04-13 02:00:00,251.22,6608.535708623148,Hold,6608.535708623158,8114.341085271548
Hold,2021-04-13 03:00:00,250.41,6587.228034377527,Hold,6587.2280343775365,8088.178294573872
Hold,2021-04-13 04:00:00,248.78,6544.349628179551,Hold,6544.34962817956,8035.529715762502
Hold,2021-04-13 05:00:00,249.47,6562.500609944339,Hold,6562.500609944347,8057.816537467928
Hold,2021-04-13 06:00:00,250.21,6581.966880242808,Hold,6581.966880242816,8081.71834625346
Hold,2021-04-13 07:00:00,261.59,6881.3265505084355,Hold,6881.326550508444,8449.289405684993
Hold,2021-04-13 08:00:00,262.57,6907.10620576857,Hold,6907.106205768579,8480.94315245502
Take-Profit,2021-04-13 09:00:00,264.4,6955.245766101267,TP 20.0% hit,6955.245766101276,8540.051679586802
Buy,2021-04-13 22:00:00,263.51,6955.245766101267,Sinal: Compra,6955.245766101276,8511.304909560962
Hold,2021-04-13 23:00:00,267.59,7048.816998505372,Hold,7048.816998505381,8643.087855297399
Hold,2021-04-14 00:00:00,272.53,7178.945762557154,Hold,7178.945762557164,8802.648578811615
Hold,2021-04-14 01:00:00,272.96,7190.272760237775,Hold,7190.2727602377845,8816.537467700504
Hold,2021-04-14 02:00:00,272.27,7172.09688023864,Hold,7172.096880238649,8794.250645995078
Hold,2021-04-14 03:00:00,279.41,7360.177725447088,Hold,7360.177725447097,9024.870801033845
Hold,2021-04-14 04:00:00,280.65,7392.841625735388,Hold,7392.841625735397,9064.92248062041
Hold,2021-04-14 05:00:00,276.62,7286.683949798408,Hold,7286.6839497984165,8934.754521964076
Hold,2021-04-14 06:00:00,276.14,7274.039859364227,Hold,7274.039859364235,8919.250645995082
Hold,2021-04-14 07:00:00,275.75,7263.766535886455,Hold,7263.766535886463,8906.653746770276
Hold,2021-04-14 08:00:00,270.32,7120.730262849778,Hold,7120.730262849786,8731.266149871048
Hold,2021-04-14 09:00:00,268.65,7076.739364880856,Hold,7076.739364880864,8677.325581395593
Hold,2021-04-14 10:00:00,271.17,7143.120839660308,Hold,7143.120839660316,8758.720930232806
Hold,2021-04-14 11:00:00,273.0,7191.326434440624,Hold,7191.3264344406325,8817.829457364593
Sell,2021-04-14 12:00:00,265.82,7002.191915029329,Sinal: Venda,7002.191915029338,8585.917312661742
Buy,2021-04-14 14:00:00,262.64,7002.191915029329,Sinal: Compra,7002.191915029338,8483.204134367164
Hold,2021-04-14 15:00:00,265.55,7065.622366517017,Hold,7065.6223665170255,8577.196382429183
Hold,2021-04-14 16:00:00,270.16,7188.282954389899,Hold,7188.282954389907,8726.09819121472
Sell,2021-04-14 17:00:00,263.31,7006.021560262081,Sinal: Venda,7006.021560262089,8504.844961240553
Buy,2021-04-16 11:00:00,278.31,7006.021560262081,Sinal: Compra,7006.021560262089,8989.341085271575
Hold,2021-04-16 12:00:00,275.77,6928.203789273445,Hold,6928.2037892734525,8907.29974160232
Hold,2021-04-16 13:00:00,268.84,6754.1005428736735,Hold,6754.100542873681,8683.462532299987
Hold,2021-04-16 14:00:00,277.15,6962.8736998119275,Hold,6962.873699811935,8951.873385013172
Hold,2021-04-16 15:00:00,299.03,7512.567643711927,Hold,7512.567643711936,9658.591731266422
Hold,2021-04-16 16:00:00,310.58,7802.739721044881,Hold,7802.739721044891,10031.65374677031
Hold,2021-04-16 17:00:00,303.77,7631.651249474543,Hold,7631.651249474553,9811.692506460226
Hold,2021-04-16 18:00:00,308.44,7748.976236586654,Hold,7748.976236586663,9962.532299741884
Hold,2021-04-16 19:00:00,311.72,7831.380081924498,Hold,7831.380081924507,10068.47545219667
Hold,2021-04-16 20:00:00,308.94,7761.537798375959,Hold,7761.537798375968,9978.68217054292
Hold,2021-04-16 21:00:00,309.33,7771.335816571617,Hold,7771.335816571627,9991.279069767726
Hold,2021-04-16 22:00:00,306.08,7689.685664941133,Hold,7689.685664941142,9886.304909561006
Hold,2021-04-16 23:00:00,308.43,7748.725005350869,Hold,7748.725005350879,9962.209302325866
Hold,2021-04-17 00:00:00,322.47,8101.453660394562,Hold,8101.453660394573,10415.697674418903
Hold,2021-04-17 01:00:00,324.38,8149.438826429708,Hold,8149.438826429718,10477.39018087885
Hold,2021-04-17 02:00:00,329.55,8279.325375331126,Hold,8279.325375331135,10644.379844961544
Hold,2021-04-17 03:00:00,323.51,8127.581708916316,Hold,8127.581708916326,10449.289405685053
Hold,2021-04-17 04:00:00,322.1,8092.158104670476,Hold,8092.158104670485,10403.746770026137
Hold,2021-04-17 05:00:00,325.05,8166.271319227378,Hold,8166.271319227386,10499.031007752239
Hold,2021-04-17 06:00:00,323.94,8138.384652055119,Hold,8138.384652055127,10463.178294573941
Hold,2021-04-17 07:00:00,326.93,8213.502791555164,Hold,8213.502791555171,10559.754521964125
Hold,2021-04-17 08:00:00,330.86,8312.236667219104,Hold,8312.236667219113,10686.692506460255
Hold,2021-04-17 09:00:00,318.05,7990.409454177103,Hold,7990.409454177112,10272.932816537761
Hold,2021-04-17 10:00:00,315.1,7916.296239620201,Hold,7916.296239620209,10177.648578811659
Hold,2021-04-17 11:00:00,310.5,7800.729871158592,Hold,7800.729871158599,10029.069767442144
Hold,2021-04-17 12:00:00,319.55,8028.094139545019,Hold,8028.094139545027,10321.382428940862
Hold,2021-04-17 13:00:00,324.3,8147.428976543419,Hold,8147.428976543427,10474.806201550684
Hold,2021-04-17 14:00:00,314.45,7899.966209294104,Hold,7899.966209294113,10156.653746770313
Hold,2021-04-17 15:00:00,306.0,7687.675815054845,Hold,7687.675815054853,9883.72093023284
Hold,2021-04-17 16:00:00,310.7,7805.754495874315,Hold,7805.754495874323,10035.52971576256
Hold,2021-04-17 17:00:00,302.05,7588.439476919333,Hold,7588.439476919341,9756.13695090467
Hold,2021-04-17 18:00:00,308.15,7741.690530748857,Hold,7741.690530748864,9953.165374677283
Hold,2021-04-17 19:00:00,312.4,7848.463805957952,Hold,7848.46380595796,10090.439276486073
Hold,2021-04-17 20:00:00,313.67,7880.370172902788,Hold,7880.370172902797,10131.459948320702
Sell,2021-04-17 21:00:00,314.61,7903.985909066682,Sinal: Venda,7903.985909066691,10161.821705426644
Buy,2021-04-18 01:00:00,290.17,7903.985909066682,Sinal: Compra,7903.985909066691,9372.4160206721
Hold,2021-04-18 02:00:00,284.57,7735.95149340073,Hold,7735.951493400739,9191.537467700518
Hold,2021-04-18 03:00:00,265.01,7204.218664181492,Hold,7204.218664181501,8559.754521964067
Stop-Loss,2021-04-18 04:00:00,251.83,6845.924252672826,SL 10.0% hit,6845.924252672834,8134.04392764881
Buy,2021-04-26 21:00:00,242.06,6845.924252672826,Sinal: Compra,6845.924252672834,7818.475452196604
Hold,2021-04-26 22:00:00,242.35,6840.424614805137,Hold,6840.424614805145,7827.842377261203
Hold,2021-04-26 23:00:00,247.42,6983.527370311891,Hold,6983.527370311899,7991.602067183688
Hold,2021-04-27 00:00:00,244.67,6905.9075325123695,Hold,6905.907532512378,7902.777777777999
Hold,2021-04-27 01:00:00,249.45,7040.82492330572,Hold,7040.824923305729,8057.170542635886
Hold,2021-04-27 02:00:00,249.78,7050.139303841664,Hold,7050.139303841672,8067.829457364569
Hold,2021-04-27 03:00:00,248.02,7000.462607649969,Hold,7000.462607649976,8010.981912144929
Hold,2021-04-27 04:00:00,247.8,6994.253020626008,Hold,6994.253020626015,8003.875968992475
Hold,2021-04-27 05:00:00,250.58,7072.719620292433,Hold,7072.71962029244,8093.669250646224
Hold,2021-04-27 06:00:00,254.43,7181.387393211763,Hold,7181.3873932117685,8218.023255814187
Hold,2021-04-27 07:00:00,252.1,7115.622221548896,Hold,7115.622221548902,8142.764857881368
Hold,2021-04-27 08:00:00,250.82,7079.493715227664,Hold,7079.493715227671,8101.42118863072
Hold,2021-04-27 09:00:00,251.96,7111.670666170011,Hold,7111.670666170016,8138.242894057077
Hold,2021-04-27 10:00:00,255.63,7215.257867887919,Hold,7215.257867887924,8256.782945736668
Hold,2021-04-27 11:00:00,257.02,7254.491167721131,Hold,7254.491167721136,8301.679586563541
Hold,2021-04-27 12:00:00,254.12,7172.637520587091,Hold,7172.637520587095,8208.010335917545
Hold,2021-04-27 13:00:00,251.54,7099.816000033357,Hold,7099.816000033362,8124.677002584209
Hold,2021-04-27 14:00:00,256.88,7250.539612342247,Hold,7250.539612342252,8297.157622739252
Hold,2021-04-27 15:00:00,257.57,7270.015135281036,Hold,7270.015135281042,8319.44444444468
Hold,2021-04-27 16:00:00,256.5,7239.813962028131,Hold,7239.813962028136,8284.883720930466
Hold,2021-04-27 17:00:00,258.53,7297.111515021959,Hold,7297.111515021966,8350.452196382663
Hold,2021-04-27 18:00:00,258.12,7285.53910284094,Hold,7285.539102840947,8337.209302325817
Hold,2021-04-27 19:00:00,257.07,7255.902437499304,Hold,7255.90243749931,8303.294573643645
Hold,2021-04-27 20:00:00,260.13,7342.2721479235,Hold,7342.272147923506,8402.131782945975
Hold,2021-04-27 21:00:00,261.84,7390.53757433702,Hold,7390.537574337026,8457.364341085511
Hold,2021-04-27 22:00:00,258.81,7305.01462577973,Hold,7305.014625779736,8359.496124031246
Hold,2021-04-27 23:00:00,259.77,7332.111005520653,Hold,7332.111005520659,8390.503875969232
Hold,2021-04-28 00:00:00,263.66,7441.907794262524,Hold,7441.90779426253,8516.149870801279
Hold,2021-04-28 01:00:00,265.07,7481.705602007005,Hold,7481.705602007011,8561.692506460193
Hold,2021-04-28 02:00:00,260.33,7347.917227036191,Hold,7347.917227036197,8408.591731266391
Hold,2021-04-28 03:00:00,255.2,7203.120947795629,Hold,7203.1209477956345,8242.894056847781
Hold,2021-04-28 04:00:00,254.47,7182.516409034302,Hold,7182.516409034308,8219.315245478272
Hold,2021-04-28 05:00:00,253.97,7168.403711252571,Hold,7168.403711252577,8203.165374677239
Hold,2021-04-28 06:00:00,251.72,7104.89657123478,Hold,7104.8965712347845,8130.490956072585
Hold,2021-04-28 07:00:00,253.9,7166.427933563129,Hold,7166.4279335631345,8200.904392765093
Hold,2021-04-28 08:00:00,251.1,7087.396825985434,Hold,7087.39682598544,8110.4651162793025
Hold,2021-04-28 09:00:00,252.13,7116.4689834158,Hold,7116.468983415805,8143.7338501294325
Hold,2021-04-28 10:00:00,254.29,7177.435837832879,Hold,7177.435837832885,8213.5012919899
Hold,2021-04-28 11:00:00,255.78,7219.491677222438,Hold,7219.491677222445,8261.62790697698
Hold,2021-04-28 12:00:00,257.26,7261.265262656362,Hold,7261.2652626563695,8309.431524548043
Hold,2021-04-28 13:00:00,256.3,7234.168882915439,Hold,7234.168882915447,8278.423772610058
Hold,2021-04-28 14:00:00,253.79,7163.323140051148,Hold,7163.323140051156,8197.351421188867
Hold,2021-04-28 15:00:00,251.83,7108.001364746761,Hold,7108.0013647467695,8134.043927648813
Hold,2021-04-28 16:00:00,254.2,7174.895552232168,Hold,7174.895552232176,8210.594315245713
Hold,2021-04-28 17:00:00,253.83,7164.452155873686,Hold,7164.452155873694,8198.643410852948
Hold,2021-04-28 18:00:00,256.05,7227.112534024573,Hold,7227.112534024581,8270.34883720954
Hold,2021-04-28 19:00:00,258.03,7282.998817240228,Hold,7282.998817240237,8334.302325581632
Hold,2021-04-28 20:00:00,252.7,7132.557458886973,Hold,7132.557458886982,8162.14470284261
Hold,2021-04-28 21:00:00,255.88,7222.314216778785,Hold,7222.314216778795,8264.857881137188
Hold,2021-04-28 22:00:00,256.28,7233.604375004169,Hold,7233.604375004179,8277.777777778016
Hold,2021-04-28 23:00:00,258.51,7296.547007110691,Hold,7296.547007110702,8349.806201550628
Hold,2021-04-29 00:00:00,255.5,7211.5885664646685,Hold,7211.588566464679,8252.583979328403
Hold,2021-04-29 01:00:00,255.97,7224.854502379496,Hold,7224.854502379507,8267.764857881375
Hold,2021-04-29 02:00:00,255.62,7214.975613932284,Hold,7214.975613932295,8256.45994832065
Hold,2021-04-29 03:00:00,253.95,7167.839203341301,Hold,7167.839203341313,8202.519379845196
Hold,2021-04-29 04:00:00,251.22,7090.783873453049,Hold,7090.783873453061,8114.34108527155
Hold,2021-04-29 05:00:00,255.86,7221.749708867515,Hold,7221.749708867527,8264.211886305146
Hold,2021-04-29 06:00:00,255.22,7203.685455706899,Hold,7203.685455706911,8243.540051679822
Hold,2021-04-29 07:00:00,256.0,7225.7012642464,Hold,7225.701264246411,8268.733850129434
Hold,2021-04-29 08:00:00,254.01,7169.5327270751095,Hold,7169.53272707512,8204.457364341319
Hold,2021-04-29 09:00:00,257.37,7264.370056168344,Hold,7264.370056168354,8312.984496124267
Hold,2021-04-29 10:00:00,257.71,7273.9666906599205,Hold,7273.9666906599305,8323.96640826897
Hold,2021-04-29 11:00:00,258.19,7287.5148805303825,Hold,7287.5148805303925,8339.470284237965
Hold,2021-04-29 12:00:00,261.43,7378.9651621560015,Hold,7378.9651621560115,8444.121447028665
Hold,2021-04-29 13:00:00,254.74,7190.137265836437,Hold,7190.137265836447,8228.03617571083
Hold,2021-04-29 14:00:00,255.34,7207.072503174514,Hold,7207.072503174523,8247.416020672072
Hold,2021-04-29 15:00:00,255.86,7221.749708867515,Hold,7221.749708867525,8264.211886305146
Hold,2021-04-29 16:00:00,251.22,7090.783873453049,Hold,7090.783873453059,8114.34108527155
Hold,2021-04-29 17:00:00,250.7,7076.106667760048,Hold,7076.106667760058,8097.545219638473
Hold,2021-04-29 18:00:00,252.45,7125.501109996108,Hold,7125.5011099961175,8154.069767442092
Hold,2021-04-29 19:00:00,252.14,7116.751237371434,Hold,7116.751237371444,8144.05684754545
Hold,2021-04-29 20:00:00,250.73,7076.953429626952,Hold,7076.953429626962,8098.514211886533
Hold,2021-04-29 21:00:00,253.22,7147.234664579974,Hold,7147.234664579984,8178.940568475683
Hold,2021-04-29 22:00:00,254.19,7174.613298276532,Hold,7174.613298276541,8210.27131782969
Hold,2021-04-29 23:00:00,255.31,7206.22574130761,Hold,7206.225741307619,8246.447028424007
Sell,2021-04-30 00:00:00,253.32,7150.05720413632,Sinal: Venda,7150.057204136328,8182.170542635891
Buy,2021-05-01 09:00:00,268.09,7150.05720413632,Sinal: Compra,7150.057204136328,8659.237726098438
Hold,2021-05-01 10:00:00,269.0,7159.985752927126,Hold,7159.985752927135,8688.63049095632
Hold,2021-05-01 11:00:00,272.2,7245.160304634809,Hold,7245.160304634818,8791.98966408294
Hold,2021-05-01 12:00:00,270.82,7208.428779210871,Hold,7208.428779210881,8747.416020672086
Hold,2021-05-01 13:00:00,270.06,7188.199823180296,Hold,7188.199823180306,8722.868217054514
Hold,2021-05-01 14:00:00,268.37,7143.217013059676,Hold,7143.217013059686,8668.281653747019
Hold,2021-05-01 15:00:00,268.91,7157.590218660348,Hold,7157.590218660357,8685.723514212137
Hold,2021-05-01 16:00:00,270.37,7196.451107876977,Hold,7196.451107876987,8732.881136951155
Hold,2021-05-01 17:00:00,269.92,7184.473436543085,Hold,7184.473436543095,8718.346253230226
Hold,2021-05-01 18:00:00,272.78,7260.598192131826,Hold,7260.598192131836,8810.723514212137
Hold,2021-05-01 19:00:00,273.45,7278.431613895622,Hold,7278.431613895633,8832.364341085524
Hold,2021-05-01 20:00:00,272.96,7265.3892606653835,Hold,7265.389260665394,8816.53746770051
Hold,2021-05-01 21:00:00,270.33,7195.386425980631,Hold,7195.386425980642,8731.589147287072
Hold,2021-05-01 22:00:00,274.01,7293.3371604444665,Hold,7293.337160444477,8850.452196382681
Hold,2021-05-01 23:00:00,276.78,7367.06638176643,Hold,7367.06638176644,8939.92248062041
Hold,2021-05-02 00:00:00,273.56,7281.359489110574,Hold,7281.359489110584,8835.917312661752
Hold,2021-05-02 01:00:00,273.95,7291.740137599947,Hold,7291.740137599958,8848.514211886557
Hold,2021-05-02 02:00:00,274.61,7309.307388889659,Hold,7309.30738888967,8869.832041343923
Hold,2021-05-02 03:00:00,267.57,7121.923375132755,Hold,7121.923375132765,8642.441860465362
Hold,2021-05-02 04:00:00,271.0,7213.219847744427,Hold,7213.219847744437,8753.229974160458
Hold,2021-05-02 05:00:00,271.24,7219.607939122504,Hold,7219.607939122514,8760.981912144956
Hold,2021-05-02 06:00:00,271.49,7226.2622009746665,Hold,7226.2622009746765,8769.056847545473
Sell,2021-05-02 07:00:00,268.74,7153.0653206008765,Sinal: Venda,7153.0653206008865,8680.232558139785
Buy,2021-05-03 14:00:00,280.22,7153.0653206008765,Sinal: Compra,7153.0653206008865,9051.033591731528
Hold,2021-05-03 15:00:00,282.84,7205.512356224357,Hold,7205.512356224367,9135.658914728945
Hold,2021-05-03 16:00:00,291.13,7416.70489417196,Hold,7416.704894171971,9403.42377261009
Hold,2021-05-03 17:00:00,296.34,7549.432653243975,Hold,7549.432653243986,9571.705426356864
Hold,2021-05-03 18:00:00,293.88,7486.762732453734,Hold,7486.762732453745,9492.248062015777
Hold,2021-05-03 19:00:00,294.08,7491.857847965136,Hold,7491.857847965148,9498.708010336191
Hold,2021-05-03 20:00:00,289.72,7380.784329816578,Hold,7380.784329816589,9357.881136951175
Hold,2021-05-03 21:00:00,293.41,7474.789211001941,Hold,7474.789211001953,9477.067183462806
Hold,2021-05-03 22:00:00,296.73,7559.36812849121,Hold,7559.368128491223,9584.302325581673
Hold,2021-05-03 23:00:00,294.87,7511.983554235173,Hold,7511.983554235186,9524.224806201826
Hold,2021-05-04 00:00:00,277.87,7078.898735766024,Hold,7078.898735766036,8975.129198966668
Hold,2021-05-04 01:00:00,281.87,7180.801045994059,Hold,7180.801045994071,9104.328165374942
Hold,2021-05-04 02:00:00,276.92,7054.6969370868665,Hold,7054.696937086877,8944.444444444704
Hold,2021-05-04 03:00:00,276.46,7042.978171410641,Hold,7042.978171410652,8929.586563307752
Hold,2021-05-04 04:00:00,283.87,7231.752201108077,Hold,7231.752201108087,9168.927648579076
Hold,2021-05-04 05:00:00,283.69,7227.166597147815,Hold,7227.166597147826,9163.113695090704
Hold,2021-05-04 06:00:00,287.08,7313.528805066075,Hold,7313.528805066085,9272.609819121713
Hold,2021-05-04 07:00:00,282.87,7206.276623551068,Hold,7206.276623551077,9136.627906977008
Hold,2021-05-04 08:00:00,287.83,7332.635488233831,Hold,7332.635488233841,9296.834625323265
Hold,2021-05-04 09:00:00,308.08,7848.515933763258,Hold,7848.515933763269,9950.904392765144
Hold,2021-05-04 10:00:00,318.33,8109.640603722598,Hold,8109.640603722609,10281.976744186342
Hold,2021-05-04 11:00:00,317.54,8089.514897452563,Hold,8089.514897452574,10256.459948320711
Hold,2021-05-04 12:00:00,322.46,8214.854739033044,Hold,8214.854739033057,10415.374677002885
Hold,2021-05-04 13:00:00,322.89,8225.809237382558,Hold,8225.809237382571,10429.263565891773
Hold,2021-05-04 14:00:00,305.39,7779.986630134906,Hold,7779.986630134917,9864.01808785558
Hold,2021-05-04 15:00:00,297.31,7574.143963474275,Hold,7574.143963474286,9603.036175710871
Hold,2021-05-04 16:00:00,299.51,7630.190234099693,Hold,7630.190234099705,9674.09560723542
Hold,2021-05-04 17:00:00,307.4,7831.192541024492,Hold,7831.192541024504,9928.940568475738
Hold,2021-05-04 18:00:00,306.0,7795.52673244468,Hold,7795.526732444692,9883.720930232845
Hold,2021-05-04 19:00:00,307.25,7827.371204390941,Hold,7827.371204390954,9924.09560723543
Hold,2021-05-04 20:00:00,315.51,8037.799475011834,Hold,8037.799475011848,10190.89147286851
Hold,2021-05-04 21:00:00,309.43,7882.907963465221,Hold,7882.907963465235,9994.509043927937
Hold,2021-05-04 22:00:00,311.02,7923.414131780864,Hold,7923.414131780879,10045.865633075226
Hold,2021-05-04 23:00:00,305.23,7775.910537725784,Hold,7775.910537725797,9858.850129199252
Hold,2021-05-05 00:00:00,325.18,8284.14830998811,Hold,8284.148309988124,10503.229974160511
Hold,2021-05-05 01:00:00,333.91,8506.550102060795,Hold,8506.55010206081,10785.206718346566
Hold,2021-05-05 02:00:00,329.75,8400.571699423639,Hold,8400.571699423654,10650.839793281963
Hold,2021-05-05 03:00:00,332.32,8466.04393374515,Hold,8466.043933745166,10733.850129199278
Hold,2021-05-05 04:00:00,326.59,8320.068874343491,Hold,8320.068874343508,10548.772609819427
Hold,2021-05-05 05:00:00,333.55,8497.378894140273,Hold,8497.378894140289,10773.578811369824
Hold,2021-05-05 06:00:00,328.53,8369.491494804086,Hold,8369.491494804102,10611.434108527441
Hold,2021-05-05 07:00:00,330.87,8429.10434628749,Hold,8429.104346287504,10687.01550387628
Hold,2021-05-05 08:00:00,327.69,8348.0920096562,Hold,8348.092009656215,10584.302325581702
Hold,2021-05-05 09:00:00,332.35,8466.80820107186,Hold,8466.808201071875,10734.819121447343
Take-Profit,2021-05-05 10:00:00,341.08,8689.209993144548,TP 20.0% hit,8689.209993144563,11016.795865633394
Buy,2021-05-06 05:00:00,337.91,8689.209993144548,Sinal: Compra,8689.209993144563,10914.40568475484
Hold,2021-05-06 06:00:00,328.52,8430.863138093628,Hold,8430.863138093642,10611.111111111419
Hold,2021-05-06 07:00:00,335.41,8607.682348557117,Hold,8607.68234855713,10833.656330749669
Hold,2021-05-06 08:00:00,334.36,8580.73602475644,Hold,8580.736024756452,10799.741602067497
Hold,2021-05-06 09:00:00,341.28,8758.32513018566,Hold,8758.325130185674,11023.255813953809
Hold,2021-05-06 10:00:00,345.89,8876.632323253394,Hold,8876.63232325341,11172.157622739343
Hold,2021-05-06 11:00:00,347.25,8911.534228366652,Hold,8911.534228366669,11216.085271318158
Hold,2021-05-06 12:00:00,348.58,8945.666238514175,Hold,8945.66623851419,11259.043927648907
Sell,2021-05-06 13:00:00,343.69,8820.173359099595,Sinal: Venda,8820.173359099612,11101.098191214794
Buy,2021-05-07 20:00:00,348.5,8820.173359099595,Sinal: Compra,8820.173359099612,11256.45994832074
Hold,2021-05-07 21:00:00,340.0,8587.845690297321,Hold,8587.845690297336,10981.912144703161
Hold,2021-05-07 22:00:00,336.52,8499.946563820162,Hold,8499.946563820176,10869.509043927963
Hold,2021-05-07 23:00:00,344.89,8711.359118019538,Hold,8711.359118019553,11139.857881137274
Hold,2021-05-08 00:00:00,345.81,8734.596818122698,Hold,8734.596818122713,11169.573643411179
Hold,2021-05-08 01:00:00,353.47,8928.07592985116,Hold,8928.075929851175,11416.989664083021
Sell,2021-05-08 02:00:00,352.63,8906.85889932219,Sinal: Venda,8906.858899322204,11389.857881137283
Buy,2021-05-08 12:00:00,340.71,8906.85889932219,Sinal: Compra,8906.858899322204,11004.844961240631
Hold,2021-05-08 13:00:00,342.88,8945.668943748564,Hold,8945.668943748578,11074.935400517119
Hold,2021-05-08 14:00:00,345.0,9000.979309359702,Hold,9000.979309359718,11143.410852713507
Hold,2021-05-08 15:00:00,334.89,8737.211480902812,Hold,8737.211480902828,10816.860465116595
Hold,2021-05-08 16:00:00,337.66,8809.480213328687,Hold,8809.480213328703,10906.330749354327
Hold,2021-05-08 17:00:00,343.99,8974.628616309112,Hold,8974.62861630913,11110.788113695418
Hold,2021-05-08 18:00:00,349.37,9114.991713944924,Hold,9114.991713944943,11284.560723514547
Hold,2021-05-08 19:00:00,350.39,9141.603304946508,Hold,9141.603304946524,11317.506459948656
Hold,2021-05-08 20:00:00,345.73,9020.024859782405,Hold,9020.024859782421,11166.989664083021
Hold,2021-05-08 21:00:00,346.28,9034.37424708718,Hold,9034.374247087197,11184.754521964158
Hold,2021-05-08 22:00:00,346.86,9049.506328244946,Hold,9049.506328244963,11203.48837209336
Hold,2021-05-08 23:00:00,347.1,9055.767879068848,Hold,9055.767879068864,11211.240310077856
Hold,2021-05-09 00:00:00,344.01,8975.150412211104,Hold,8975.15041221112,11111.434108527463
Hold,2021-05-09 01:00:00,345.29,9008.545349938584,Hold,9008.5453499386,11152.777777778112
Hold,2021-05-09 02:00:00,348.01,9079.509592609478,Hold,9079.509592609496,11240.633074935737
Hold,2021-05-09 03:00:00,340.81,8891.663067892407,Hold,8891.663067892423,11008.074935400848
Hold,2021-05-09 04:00:00,340.48,8883.05343550954,Hold,8883.053435509557,10997.416020672166
Hold,2021-05-09 05:00:00,343.23,8954.800372033422,Hold,8954.80037203344,11086.240310077852
Hold,2021-05-09 06:00:00,349.0,9105.338489758075,Hold,9105.338489758093,11272.609819121784
Hold,2021-05-09 07:00:00,343.88,8971.758738848157,Hold,8971.758738848175,11107.235142119196
Hold,2021-05-09 08:00:00,347.58,9068.29098071665,Hold,9068.29098071667,11226.744186046848
Hold,2021-05-09 09:00:00,367.0,9574.954801550755,Hold,9574.954801550773,11854.005167959012
Hold,2021-05-09 10:00:00,361.68,9436.157091620918,Hold,9436.157091620938,11682.17054263601
Hold,2021-05-09 11:00:00,357.66,9331.276115320554,Hold,9331.276115320574,11552.325581395697
Hold,2021-05-09 12:00:00,344.67,8992.369676976836,Hold,8992.369676976856,11132.75193798483
Hold,2021-05-09 13:00:00,352.72,9202.392527528562,Hold,9202.392527528582,11392.764857881479
Hold,2021-05-09 14:00:00,357.76,9333.885094830512,Hold,9333.885094830532,11555.555555555902
Hold,2021-05-09 15:00:00,366.71,9567.388760971871,Hold,9567.388760971893,11844.638242894413
Hold,2021-05-09 16:00:00,364.64,9513.382885115714,Hold,9513.382885115736,11777.777777778132
Hold,2021-05-09 17:00:00,360.87,9415.024357590248,Hold,9415.02435759027,11656.007751938336
Hold,2021-05-09 18:00:00,363.04,9471.639212956365,Hold,9471.639212956386,11726.098191214824
Hold,2021-05-09 19:00:00,359.76,9386.064685029698,Hold,9386.06468502972,11620.15503876004
Hold,2021-05-09 20:00:00,361.37,9428.069255140044,Hold,9428.069255140066,11672.157622739367
Hold,2021-05-09 21:00:00,367.55,9589.30418885553,Hold,9589.304188855554,11871.77002584015
Hold,2021-05-09 22:00:00,383.64,10009.088992007988,Hold,10009.088992008012,12391.472868217426
Hold,2021-05-09 23:00:00,387.8,10117.622539622296,Hold,10117.622539622322,12525.839793282032
Hold,2021-05-10 00:00:00,395.2,10310.687023359285,Hold,10310.68702335931,12764.857881137335
Hold,2021-05-10 01:00:00,401.91,10485.749548477559,Hold,10485.749548477585,12981.589147287214
Take-Profit,2021-05-10 02:00:00,409.84,10692.641623617334,TP 20.0% hit,10692.64162361736,13237.726098191612
Buy,2021-05-10 11:00:00,389.84,10692.641623617334,Sinal: Compra,10692.64162361736,12591.73126615025
Hold,2021-05-10 12:00:00,390.92,10700.830362571678,Hold,10700.830362571705,12626.614987080486
Hold,2021-05-10 13:00:00,382.39,10467.33480595463,Hold,10467.334805954657,12351.098191214844
Hold,2021-05-10 14:00:00,378.29,10355.10364743999,Hold,10355.103647440015,12218.669250646364
Hold,2021-05-10 15:00:00,401.24,10983.324400589023,Hold,10983.32440058905,12959.948320413827
Hold,2021-05-10 16:00:00,392.24,10736.963320922734,Hold,10736.96332092276,12669.250645995215
Hold,2021-05-10 17:00:00,382.62,10473.630700212769,Hold,10473.630700212792,12358.52713178332
Hold,2021-05-10 18:00:00,382.67,10474.99937287758,Hold,10474.999372877604,12360.142118863423
Hold,2021-05-10 19:00:00,366.73,10038.66652733529,Hold,10038.666527335312,11845.284237726459
Trailing-Stop,2021-05-10 20:00:00,360.75,9874.973276623688,Trailing stop 10.0% hit,9874.97327662371,11652.13178294609
Buy,2021-05-12 11:00:00,375.89,9874.973276623688,Sinal: Compra,9874.97327662371,12141.149870801399
Hold,2021-05-12 12:00:00,372.76,9773.169622794157,Hold,9773.169622794177,12040.051679586928
Hold,2021-05-12 13:00:00,373.43,9790.735948707003,Hold,9790.735948707023,12061.692506460313
Hold,2021-05-12 14:00:00,369.28,9681.929601634904,Hold,9681.929601634924,11927.648578811728
Hold,2021-05-12 15:00:00,358.98,9411.88011372102,Hold,9411.880113721038,11594.96124031043
Hold,2021-05-12 16:00:00,353.8,9276.068817857531,Hold,9276.06881785755,11427.648578811715
Hold,2021-05-12 17:00:00,352.82,9250.374788910385,Hold,9250.374788910403,11395.994832041688
Hold,2021-05-12 18:00:00,347.09,9100.143374760231,Hold,9100.14337476025,11210.917312661837
Hold,2021-05-12 19:00:00,354.8,9302.287214742373,Hold,9302.287214742391,11459.948320413783
Hold,2021-05-12 20:00:00,356.86,9356.29711232515,Hold,9356.297112325168,11526.485788114043
Hold,2021-05-12 21:00:00,357.01,9360.229871857877,Hold,9360.229871857895,11531.33074935435
Sell,2021-05-12 22:00:00,349.15,9154.153272343008,Sinal: Venda,9154.153272343025,11277.454780362095
Buy,2021-05-27 17:00:00,199.0,9154.153272343008,Sinal: Compra,9154.153272343025,6427.648578811562
Hold,2021-05-27 18:00:00,198.83,9128.049621457165,Hold,9128.049621457181,6422.157622739212
Hold,2021-05-27 19:00:00,197.08,9047.709195779198,Hold,9047.709195779214,6365.633074935592
Hold,2021-05-27 20:00:00,192.31,8828.724149788399,Hold,8828.724149788415,6211.563307493727
Hold,2021-05-27 21:00:00,196.93,9040.82287357823,Hold,9040.822873578249,6360.788113695281
Hold,2021-05-27 22:00:00,193.76,8895.291931064427,Hold,8895.291931064443,6258.397932816725
Hold,2021-05-27 23:00:00,194.32,8921.000867281376,Hold,8921.000867281395,6276.485788113882
Hold,2021-05-28 00:00:00,190.33,8737.824696735614,Hold,8737.82469673563,6147.6098191216315
Hold,2021-05-28 01:00:00,192.3,8828.265061641669,Hold,8828.265061641685,6211.2403100777055
Hold,2021-05-28 02:00:00,194.32,8921.000867281376,Hold,8921.000867281395,6276.485788113882
Hold,2021-05-28 03:00:00,193.76,8895.291931064427,Hold,8895.291931064445,6258.397932816724
Hold,2021-05-28 04:00:00,187.38,8602.393693449898,Hold,8602.393693449916,6052.325581395528
Hold,2021-05-28 05:00:00,182.09,8359.536063829075,Hold,8359.536063829091,5881.459948320588
Hold,2021-05-28 06:00:00,180.35,8279.65472629784,Hold,8279.654726297857,5825.258397932989
Hold,2021-05-28 07:00:00,181.66,8339.795273519632,Hold,8339.795273519649,5867.5710594317
Stop-Loss,2021-05-28 08:00:00,175.2,8043.224330731254,SL 10.0% hit,8043.22433073127,5658.914728682339
Buy,2021-06-01 03:00:00,182.89,8043.224330731254,Sinal: Compra,8043.22433073127,5907.299741602244
Hold,2021-06-01 04:00:00,183.24,8042.507623986522,Hold,8042.507623986539,5918.604651162968
Hold,2021-06-01 05:00:00,186.44,8182.957440602746,Hold,8182.957440602765,6021.963824289585
Hold,2021-06-01 06:00:00,184.9,8115.365966356188,Hold,8115.365966356208,5972.222222222401
Hold,2021-06-01 07:00:00,183.06,8034.60732180186,Hold,8034.607321801881,5912.790697674594
Hold,2021-06-01 08:00:00,179.13,7862.1173907700595,Hold,7862.1173907700795,5785.852713178467
Hold,2021-06-01 09:00:00,179.07,7859.483956708505,Hold,7859.483956708525,5783.914728682343
Hold,2021-06-01 10:00:00,180.89,7939.364789908982,Hold,7939.364789909003,5842.700258398107
Hold,2021-06-01 11:00:00,181.74,7976.6717724476675,Hold,7976.671772447688,5870.155038759865
Hold,2021-06-01 12:00:00,178.62,7839.73320124685,Hold,7839.7332012468705,5769.379844961412
Hold,2021-06-01 13:00:00,183.6,8058.308228355847,Hold,8058.308228355868,5930.232558139712
Hold,2021-06-01 14:00:00,181.68,7974.0383383861135,Hold,7974.0383383861345,5868.2170542637405
Hold,2021-06-01 15:00:00,179.06,7859.0450510315795,Hold,7859.0450510316,5783.591731266321
Hold,2021-06-01 16:00:00,178.06,7815.15448333901,Hold,7815.15448333903,5751.291989664253
Hold,2021-06-01 17:00:00,178.75,7845.438975046884,Hold,7845.438975046904,5773.578811369681
Hold,2021-06-01 18:00:00,180.16,7907.324675493406,Hold,7907.324675493426,5819.121447028596
Hold,2021-06-01 19:00:00,178.55,7836.660861508369,Hold,7836.66086150839,5767.118863049266
Hold,2021-06-01 20:00:00,180.84,7937.170261524354,Hold,7937.170261524376,5841.085271318001
Hold,2021-06-01 21:00:00,181.88,7982.8164519246275,Hold,7982.816451924649,5874.6770025841515
Hold,2021-06-01 22:00:00,181.51,7966.576941878376,Hold,7966.5769418783975,5862.726098191387
Hold,2021-06-01 23:00:00,182.99,8031.53498206338,Hold,8031.534982063402,5910.529715762449
Hold,2021-06-02 00:00:00,180.19,7908.641392524184,Hold,7908.641392524205,5820.090439276658
Hold,2021-06-02 01:00:00,180.49,7921.808562831955,Hold,7921.808562831977,5829.780361757279
Hold,2021-06-02 02:00:00,181.12,7949.459620478275,Hold,7949.459620478297,5850.129198966581
Hold,2021-06-02 03:00:00,182.24,7998.617056293952,Hold,7998.617056293974,5886.304909560898
Hold,2021-06-02 04:00:00,182.82,8024.073585555642,Hold,8024.073585555664,5905.038759690096
Hold,2021-06-02 05:00:00,182.77,8021.879057171014,Hold,8021.879057171036,5903.423772609994
Hold,2021-06-02 06:00:00,182.26,7999.494867647803,Hold,7999.494867647825,5886.950904392939
Hold,2021-06-02 07:00:00,185.71,8150.91732618717,Hold,8150.917326187193,5998.385012920075
Hold,2021-06-02 08:00:00,186.44,8182.957440602746,Hold,8182.957440602769,6021.963824289584
Hold,2021-06-02 09:00:00,184.45,8095.615210894532,Hold,8095.6152108945535,5957.687338501469
Hold,2021-06-02 10:00:00,183.47,8052.602454555813,Hold,8052.602454555835,5926.033591731442
Hold,2021-06-02 11:00:00,182.5,8010.02860389402,Hold,8010.028603894042,5894.702842377436
Hold,2021-06-02 12:00:00,184.4,8093.420682509904,Hold,8093.420682509926,5956.072351421367
Hold,2021-06-02 13:00:00,185.76,8153.111854571798,Hold,8153.111854571822,6000.000000000179
Hold,2021-06-02 14:00:00,186.14,8169.790270294975,Hold,8169.790270295,6012.273901808966
Hold,2021-06-02 15:00:00,187.72,8239.137367249235,Hold,8239.13736724926,6063.307493540233
Hold,2021-06-02 16:00:00,189.1,8299.706350664983,Hold,8299.706350665008,6107.881136951087
Hold,2021-06-02 17:00:00,188.3,8264.593896510927,Hold,8264.593896510953,6082.0413436694325
Hold,2021-06-02 18:00:00,188.6,8277.761066818697,Hold,8277.761066818723,6091.731266150053
Hold,2021-06-02 19:00:00,187.57,8232.55378209535,Hold,8232.553782095376,6058.462532299922
Hold,2021-06-02 20:00:00,186.2,8172.423704356529,Hold,8172.423704356555,6014.211886305088
Hold,2021-06-02 21:00:00,187.62,8234.748310479978,Hold,8234.748310480005,6060.0775193800255
Hold,2021-06-02 22:00:00,186.38,8180.324006541192,Hold,8180.324006541218,6020.025839793461
Hold,2021-06-02 23:00:00,187.14,8213.680837987544,Hold,8213.680837987571,6044.573643411032
Hold,2021-06-03 00:00:00,185.42,8138.189061556324,Hold,8138.189061556352,5989.018087855475
Hold,2021-06-03 01:00:00,182.8,8023.195774201792,Hold,8023.1957742018185,5904.392764858057
Hold,2021-06-03 02:00:00,184.49,8097.3708336022355,Hold,8097.370833602263,5958.979328165551
Hold,2021-06-03 03:00:00,186.19,8171.984798679603,Hold,8171.984798679629,6013.888888889067
Hold,2021-06-03 04:00:00,188.92,8291.806048480319,Hold,8291.806048480346,6102.067183462713
Hold,2021-06-03 05:00:00,191.83,8419.527600465699,Hold,8419.527600465728,6196.059431524732
Hold,2021-06-03 06:00:00,192.69,8457.273488681309,Hold,8457.273488681338,6223.83720930251
Hold,2021-06-03 07:00:00,190.91,8379.148278188533,Hold,8379.148278188562,6166.3436692508285
Hold,2021-06-03 08:00:00,193.38,8487.557980389181,Hold,8487.55798038921,6246.1240310079365
Hold,2021-06-03 09:00:00,194.73,8546.81024677415,Hold,8546.81024677418,6289.728682170729
Hold,2021-06-03 10:00:00,195.69,8588.94519175902,Hold,8588.945191759049,6320.736434108714
Hold,2021-06-03 11:00:00,192.19,8435.328204835023,Hold,8435.328204835052,6207.687338501476
Hold,2021-06-03 12:00:00,193.55,8495.019376896918,Hold,8495.019376896948,6251.614987080288
Hold,2021-06-03 13:00:00,188.89,8290.489331449542,Hold,8290.489331449571,6101.09819121465
Hold,2021-06-03 14:00:00,189.16,8302.339784726537,Hold,8302.339784726566,6109.819121447208
Hold,2021-06-03 15:00:00,188.59,8277.322161141772,Hold,8277.322161141801,6091.408268734029
Hold,2021-06-03 16:00:00,192.0,8426.988996973434,Hold,8426.988996973463,6201.550387597081
Hold,2021-06-03 17:00:00,191.46,8403.288090419448,Hold,8403.288090419477,6184.108527131964
Hold,2021-06-03 18:00:00,189.8,8330.42974804978,Hold,8330.429748049812,6130.490956072531
Hold,2021-06-03 19:00:00,189.63,8322.968351542044,Hold,8322.968351542075,6125.000000000179
Hold,2021-06-03 20:00:00,190.74,8371.686881680796,Hold,8371.68688168083,6160.852713178475
Hold,2021-06-03 21:00:00,189.57,8320.33491748049,Hold,8320.33491748052,6123.062015504055
Hold,2021-06-03 22:00:00,190.91,8379.148278188533,Hold,8379.148278188564,6166.343669250826
Hold,2021-06-03 23:00:00,193.5,8492.824848512291,Hold,8492.824848512322,6250.000000000182
Hold,2021-06-04 00:00:00,190.0,8339.207861588295,Hold,8339.207861588324,6136.950904392943
Hold,2021-06-04 01:00:00,182.95,8029.779359355676,Hold,8029.7793593557035,5909.237726098363
Hold,2021-06-04 02:00:00,182.38,8004.761735770912,Hold,8004.76173577094,5890.826873385185
Hold,2021-06-04 03:00:00,183.06,8034.60732180186,Hold,8034.607321801887,5912.790697674591
Hold,2021-06-04 04:00:00,181.78,7978.4273951553705,Hold,7978.427395155398,5871.447028423944
Trailing-Stop,2021-06-04 05:00:00,175.79,7715.522894676876,Trailing stop 10.0% hit,7715.522894676903,5677.9715762275555
Buy,2021-06-10 05:00:00,169.29,7715.522894676876,Sinal: Compra,7715.522894676903,5468.023255814113
Hold,2021-06-10 06:00:00,168.28,7654.160049022299,Hold,7654.160049022325,5435.400516796025
Hold,2021-06-10 07:00:00,168.93,7683.7250836780195,Hold,7683.725083678047,5456.395348837369
Hold,2021-06-10 08:00:00,166.16,7557.7325513759515,Hold,7557.732551375978,5366.925064599641
Hold,2021-06-10 09:00:00,169.82,7724.206438822004,Hold,7724.2064388220315,5485.142118863209
Hold,2021-06-10 10:00:00,172.01,7823.817863277428,Hold,7823.817863277457,5555.878552971739
Hold,2021-06-10 11:00:00,170.82,7769.69110752311,Hold,7769.691107523139,5517.441860465277
Hold,2021-06-10 12:00:00,169.4,7705.102877967539,Hold,7705.102877967567,5471.576227390341
Hold,2021-06-10 13:00:00,169.02,7687.818703861119,Hold,7687.818703861146,5459.302325581555
Hold,2021-06-10 14:00:00,167.12,7601.397833329015,Hold,7601.397833329042,5397.932816537625
Hold,2021-06-10 15:00:00,165.96,7548.635617635731,Hold,7548.6356176357585,5360.465116279227
Hold,2021-06-10 16:00:00,165.24,7515.886656170934,Hold,7515.886656170961,5337.209302325738
Hold,2021-06-10 17:00:00,164.66,7489.505548324291,Hold,7489.505548324319,5318.475452196537
Hold,2021-06-10 18:00:00,165.85,7543.632304078609,Hold,7543.632304078637,5356.912144702998
Hold,2021-06-10 19:00:00,164.87,7499.057328751524,Hold,7499.057328751553,5325.258397932972
Hold,2021-06-10 20:00:00,167.18,7604.126913451082,Hold,7604.126913451111,5399.87080103375
Hold,2021-06-10 21:00:00,167.43,7615.498080626358,Hold,7615.498080626387,5407.945736434267
Hold,2021-06-10 22:00:00,168.13,7647.337348717133,Hold,7647.337348717161,5430.555555555714
Hold,2021-06-10 23:00:00,168.16,7648.701888778166,Hold,7648.701888778194,5431.524547803776
Hold,2021-06-11 00:00:00,165.22,7514.976962796911,Hold,7514.976962796938,5336.563307493696
Hold,2021-06-11 01:00:00,166.5,7573.197338734329,Hold,7573.197338734356,5377.906976744343
Hold,2021-06-11 02:00:00,170.56,7757.865093660824,Hold,7757.865093660852,5509.043927648741
Hold,2021-06-11 03:00:00,171.28,7790.61405512562,Hold,7790.6140551256485,5532.29974160223
Hold,2021-06-11 04:00:00,171.28,7790.61405512562,Hold,7790.6140551256485,5532.29974160223
Hold,2021-06-11 05:00:00,171.45,7798.3464488048085,Hold,7798.346448804838,5537.790697674581
Hold,2021-06-11 06:00:00,169.95,7730.119445753147,Hold,7730.1194457531765,5489.341085271479
Hold,2021-06-11 07:00:00,170.37,7749.223006607614,Hold,7749.223006607643,5502.906976744348
Hold,2021-06-11 08:00:00,170.16,7739.6712261803805,Hold,7739.67122618041,5496.124031007913
Hold,2021-06-11 09:00:00,170.8,7768.78141414909,Hold,7768.78141414912,5516.795865633237
Hold,2021-06-11 10:00:00,171.61,7805.6239957969865,Hold,7805.6239957970165,5542.958656330912
Hold,2021-06-11 11:00:00,171.1,7782.426814759421,Hold,7782.426814759451,5526.485788113856
Hold,2021-06-11 12:00:00,169.26,7698.735024349384,Hold,7698.735024349414,5467.05426356605
Hold,2021-06-11 13:00:00,171.27,7790.15920843861,Hold,7790.15920843864,5531.976744186208
Hold,2021-06-11 14:00:00,169.13,7692.822017418241,Hold,7692.822017418271,5462.855297157782
Hold,2021-06-11 15:00:00,166.31,7564.5552516811185,Hold,7564.555251681149,5371.77002583995
Hold,2021-06-11 16:00:00,165.21,7514.522116109901,Hold,7514.52211610993,5336.2403100776755
Hold,2021-06-11 17:00:00,165.19,7513.612422735878,Hold,7513.612422735908,5335.594315245634
Hold,2021-06-11 18:00:00,165.14,7511.338189300823,Hold,7511.338189300853,5333.979328165529
Hold,2021-06-11 19:00:00,164.2,7468.582600721782,Hold,7468.582600721811,5303.617571059586
Hold,2021-06-11 20:00:00,163.43,7433.55940582193,Hold,7433.5594058219585,5278.746770025994
Hold,2021-06-11 21:00:00,161.14,7329.399514496395,Hold,7329.399514496423,5204.780361757257
Hold,2021-06-11 22:00:00,162.93,7410.817071471377,Hold,7410.817071471404,5262.59689922496
Hold,2021-06-11 23:00:00,162.83,7406.268604601266,Hold,7406.268604601293,5259.366925064753
Hold,2021-06-12 00:00:00,161.22,7333.038287992483,Hold,7333.03828799251,5207.364341085422
Hold,2021-06-12 01:00:00,156.49,7117.895805036247,Hold,7117.8958050362735,5054.58656330764
Hold,2021-06-12 02:00:00,155.06,7052.852728793663,Hold,7052.852728793689,5008.397932816682
Hold,2021-06-12 03:00:00,156.66,7125.628198715435,Hold,7125.628198715461,5060.07751937999
Hold,2021-06-12 04:00:00,154.84,7042.846101679421,Hold,7042.846101679446,5001.291989664226
Hold,2021-06-12 05:00:00,155.4,7068.31751615204,Hold,7068.317516152066,5019.379844961385
Hold,2021-06-12 06:00:00,156.88,7135.634825829678,Hold,7135.634825829704,5067.183462532446
Hold,2021-06-12 07:00:00,157.22,7151.099613188055,Hold,7151.09961318808,5078.165374677149
Hold,2021-06-12 08:00:00,156.19,7104.250404425915,Hold,7104.25040442594,5044.896640827019
Hold,2021-06-12 09:00:00,157.22,7151.099613188055,Hold,7151.09961318808,5078.165374677148
Hold,2021-06-12 10:00:00,160.51,7300.744173214696,Hold,7300.744173214723,5184.431524547952
Hold,2021-06-12 11:00:00,159.42,7251.1658843304895,Hold,7251.165884330516,5149.224806201697
Hold,2021-06-12 12:00:00,161.76,7357.60000909108,Hold,7357.6000090911075,5224.806201550537
Hold,2021-06-12 13:00:00,162.17,7376.2487232585345,Hold,7376.248723258562,5238.0490956073845
Hold,2021-06-12 14:00:00,161.72,7355.780622343037,Hold,7355.780622343064,5223.514211886454
Hold,2021-06-12 15:00:00,161.14,7329.399514496395,Hold,7329.399514496422,5204.780361757254
Hold,2021-06-12 16:00:00,161.18,7331.21890124444,Hold,7331.218901244467,5206.072351421337
Hold,2021-06-12 17:00:00,163.27,7426.281858829753,Hold,7426.281858829781,5273.578811369659
Hold,2021-06-12 18:00:00,163.32,7428.556092264808,Hold,7428.5560922648365,5275.193798449761
Hold,2021-06-12 19:00:00,162.55,7393.532897364957,Hold,7393.532897364985,5250.322997416169
Hold,2021-06-12 20:00:00,162.44,7388.529583807835,Hold,7388.529583807863,5246.770025839941
Hold,2021-06-12 21:00:00,163.03,7415.365538341487,Hold,7415.365538341516,5265.826873385161
Hold,2021-06-12 22:00:00,162.78,7403.994371166211,Hold,7403.994371166239,5257.751937984644
Hold,2021-06-12 23:00:00,161.8,7359.419395839126,Hold,7359.419395839154,5226.098191214618
Hold,2021-06-13 00:00:00,162.47,7389.894123868867,Hold,7389.894123868895,5247.739018088003
Hold,2021-06-13 01:00:00,162.57,7394.442590738978,Hold,7394.442590739005,5250.96899224821
Hold,2021-06-13 02:00:00,160.86,7316.663807260085,Hold,7316.663807260113,5195.736434108674
Hold,2021-06-13 03:00:00,157.52,7164.745013798388,Hold,7164.745013798414,5087.855297157767
Hold,2021-06-13 04:00:00,158.29,7199.7682086982395,Hold,7199.768208698266,5112.726098191359
Hold,2021-06-13 05:00:00,157.61,7168.838633981487,Hold,7168.838633981513,5090.762273901953
Hold,2021-06-13 06:00:00,159.26,7243.888337338313,Hold,7243.88833733834,5144.056847545366
Hold,2021-06-13 07:00:00,158.66,7216.597536117649,Hold,7216.597536117675,5124.677002584125
Hold,2021-06-13 08:00:00,160.34,7293.011779535509,Hold,7293.011779535535,5178.9405684756
Sell,2021-06-13 09:00:00,160.92,7319.392887382151,Sinal: Venda,7319.392887382177,5197.674418604799
Buy,2021-06-14 04:00:00,168.8,7319.392887382151,Sinal: Compra,7319.392887382177,5452.196382429096
Hold,2021-06-14 05:00:00,169.38,7329.86071972172,Hold,7329.860719721746,5470.930232558296
Hold,2021-06-14 06:00:00,169.8,7348.036073968285,Hold,7348.036073968311,5484.496124031164
Hold,2021-06-14 07:00:00,168.9,7309.088886297074,Hold,7309.0888862971005,5455.4263565893025
Hold,2021-06-14 08:00:00,167.78,7260.621274972902,Hold,7260.621274972928,5419.250645994986
Hold,2021-06-14 09:00:00,166.71,7214.3173962971305,Hold,7214.317396297156,5384.689922480773
Hold,2021-06-14 10:00:00,167.95,7267.977965977463,Hold,7267.977965977489,5424.741602067336
Hold,2021-06-14 11:00:00,167.05,7229.030778306254,Hold,7229.03077830628,5395.671834625476
Hold,2021-06-14 12:00:00,168.21,7279.229375749147,Hold,7279.2293757491725,5433.139534883875
Hold,2021-06-14 13:00:00,172.71,7473.965314105198,Hold,7473.965314105223,5578.488372093181
Hold,2021-06-14 14:00:00,174.67,7558.783633922498,Hold,7558.783633922524,5641.795865633234
Hold,2021-06-14 15:00:00,176.04,7618.069908488674,Hold,7618.069908488699,5686.0465116280675
Hold,2021-06-14 16:00:00,175.52,7595.567088945309,Hold,7595.567088945335,5669.250645994993
Hold,2021-06-14 17:00:00,175.6,7599.029061182749,Hold,7599.029061182775,5671.834625323158
Hold,2021-06-14 18:00:00,174.25,7540.608279675934,Hold,7540.60827967596,5628.2299741603665
Hold,2021-06-14 19:00:00,174.69,7559.649126981858,Hold,7559.649126981885,5642.4418604652765
Hold,2021-06-14 20:00:00,173.65,7514.643487895128,Hold,7514.643487895155,5608.850129199125
Hold,2021-06-14 21:00:00,175.09,7576.958988169064,Hold,7576.95898816909,5655.361757106103
Hold,2021-06-14 22:00:00,175.28,7585.181172232985,Hold,7585.181172233011,5661.498708010496
Hold,2021-06-14 23:00:00,179.89,7784.677322415515,Hold,7784.677322415541,5810.4005167960295
Hold,2021-06-15 00:00:00,179.35,7761.30900981279,Hold,7761.309009812816,5792.958656330913
Hold,2021-06-15 01:00:00,177.84,7695.964283831093,Hold,7695.964283831119,5744.18604651179
Hold,2021-06-15 02:00:00,179.06,7748.759360452067,Hold,7748.7593604520935,5783.591731266313
Hold,2021-06-15 03:00:00,178.55,7726.689287438382,Hold,7726.689287438408,5767.11886304926
Hold,2021-06-15 04:00:00,180.08,7792.899506479439,Hold,7792.899506479464,5816.537467700425
Hold,2021-06-15 05:00:00,179.21,7755.250558397269,Hold,7755.250558397295,5788.436692506624
Hold,2021-06-15 06:00:00,179.14,7752.221332689508,Hold,7752.221332689534,5786.175710594479
Hold,2021-06-15 07:00:00,179.29,7758.71253063471,Hold,7758.712530634736,5791.02067183479
Hold,2021-06-15 08:00:00,176.59,7641.870967621079,Hold,7641.870967621105,5703.811369509207
Hold,2021-06-15 09:00:00,177.14,7665.672026753486,Hold,7665.672026753512,5721.576227390344
Hold,2021-06-15 10:00:00,175.99,7615.906175840274,Hold,7615.9061758403,5684.431524547966
Hold,2021-06-15 11:00:00,176.46,7636.245262735239,Hold,7636.245262735265,5699.612403100938
Hold,2021-06-15 12:00:00,176.29,7628.888571730676,Hold,7628.888571730703,5694.121447028586
Hold,2021-06-15 13:00:00,176.17,7623.695613374515,Hold,7623.6956133745425,5690.245478036337
Hold,2021-06-15 14:00:00,173.6,7512.479755246726,Hold,7512.4797552467535,5607.2351421190215
Hold,2021-06-15 15:00:00,174.06,7532.386095612012,Hold,7532.386095612038,5622.093023255973
Hold,2021-06-15 16:00:00,174.23,7539.742786616573,Hold,7539.742786616599,5627.583979328324
Hold,2021-06-15 17:00:00,175.56,7597.298075064028,Hold,7597.2980750640545,5670.542635659075
Hold,2021-06-15 18:00:00,175.65,7601.192793831149,Hold,7601.192793831177,5673.449612403262
Hold,2021-06-15 19:00:00,173.75,7518.970953191928,Hold,7518.970953191955,5612.0801033593325
Hold,2021-06-15 20:00:00,173.12,7491.7079218220815,Hold,7491.707921822108,5591.731266150029
Hold,2021-06-15 21:00:00,174.12,7534.982574790093,Hold,7534.98257479012,5624.031007752097
Hold,2021-06-15 22:00:00,175.24,7583.450186114265,Hold,7583.450186114293,5660.206718346413
Hold,2021-06-15 23:00:00,175.15,7579.555467347143,Hold,7579.555467347171,5657.299741602227
Hold,2021-06-16 00:00:00,174.07,7532.818842141692,Hold,7532.818842141719,5622.416020671993
Hold,2021-06-16 01:00:00,173.53,7509.450529538966,Hold,7509.450529538994,5604.974160206875
Hold,2021-06-16 02:00:00,172.61,7469.6378488083965,Hold,7469.637848808423,5575.258397932974
Hold,2021-06-16 03:00:00,172.29,7455.789959858632,Hold,7455.789959858658,5564.922480620311
Hold,2021-06-16 04:00:00,173.65,7514.643487895128,Hold,7514.643487895154,5608.850129199123
Hold,2021-06-16 05:00:00,174.48,7550.561449858576,Hold,7550.561449858602,5635.65891472884
Hold,2021-06-16 06:00:00,174.82,7565.2748318676995,Hold,7565.274831867725,5646.640826873542
Hold,2021-06-16 07:00:00,174.23,7539.742786616573,Hold,7539.742786616598,5627.583979328322
Hold,2021-06-16 08:00:00,174.86,7567.005817986421,Hold,7567.005817986446,5647.9328165376255
Hold,2021-06-16 09:00:00,173.86,7523.73116501841,Hold,7523.731165018435,5615.633074935558
Hold,2021-06-16 10:00:00,172.06,7445.836789675989,Hold,7445.836789676014,5557.493540051835
Hold,2021-06-16 11:00:00,169.57,7338.082903785641,Hold,7338.082903785665,5477.0671834626855
Hold,2021-06-16 12:00:00,168.86,7307.357900178355,Hold,7307.357900178377,5454.134366925218
Hold,2021-06-16 13:00:00,169.29,7325.966000954598,Hold,7325.9660009546205,5468.023255814107
Hold,2021-06-16 14:00:00,166.94,7224.270566479772,Hold,7224.270566479795,5392.118863049248
Hold,2021-06-16 15:00:00,167.0,7226.867045657854,Hold,7226.8670456578775,5394.056847545373
Hold,2021-06-16 16:00:00,165.68,7169.7445037400785,Hold,7169.744503740102,5351.421188630643
Hold,2021-06-16 17:00:00,167.6,7252.83183743866,Hold,7252.8318374386845,5413.436692506612
Hold,2021-06-16 18:00:00,167.89,7265.381486799382,Hold,7265.381486799407,5422.803617571212
Hold,2021-06-16 19:00:00,168.85,7306.925153648674,Hold,7306.925153648698,5453.811369509197
Sell,2021-06-16 20:00:00,167.9,7265.814233329063,Sinal: Venda,7265.814233329087,5423.126614987233
Buy,2021-06-28 11:00:00,130.75,7265.814233329063,Sinal: Compra,7265.814233329087,4223.191214470402
Hold,2021-06-28 12:00:00,131.24,7278.464876692941,Hold,7278.464876692965,4239.018087855416
Hold,2021-06-28 13:00:00,130.32,7227.442416417433,Hold,7227.442416417457,4209.302325581513
Hold,2021-06-28 14:00:00,132.14,7328.378153049414,Hold,7328.378153049438,4268.087855297277
Hold,2021-06-28 15:00:00,136.84,7589.036374022112,Hold,7589.036374022136,4419.896640826997
Hold,2021-06-28 16:00:00,138.65,7689.417518694577,Hold,7689.4175186946,4478.359173126741
Hold,2021-06-28 17:00:00,136.32,7560.19759212726,Hold,7560.197592127282,4403.100775193921
Hold,2021-06-28 18:00:00,135.36,7506.956764013689,Hold,7506.956764013713,4372.093023255938
Hold,2021-06-28 19:00:00,136.45,7567.407287600973,Hold,7567.407287600996,4407.299741602191
Hold,2021-06-28 20:00:00,137.06,7601.237397131473,Hold,7601.2373971314955,4427.0025839794525
Hold,2021-06-28 21:00:00,138.67,7690.526702613608,Hold,7690.526702613633,4479.005167958781
Hold,2021-06-28 22:00:00,137.62,7632.29454686439,Hold,7632.294546864414,4445.090439276611
Hold,2021-06-28 23:00:00,137.69,7636.176690581005,Hold,7636.176690581028,4447.351421188754
Hold,2021-06-29 00:00:00,140.96,7817.52826134286,Hold,7817.5282613428835,4552.971576227517
Hold,2021-06-29 01:00:00,140.28,7779.816008095746,Hold,7779.81600809577,4531.007751938111
Hold,2021-06-29 02:00:00,137.51,7626.194035309709,Hold,7626.1940353097325,4441.537467700383
Hold,2021-06-29 03:00:00,138.54,7683.317007139896,Hold,7683.31700713992,4474.806201550513
Hold,2021-06-29 04:00:00,139.55,7739.330795051052,Hold,7739.330795051075,4507.428940568602
Hold,2021-06-29 05:00:00,138.96,7706.609869439585,Hold,7706.609869439609,4488.372093023382
Hold,2021-06-29 06:00:00,141.18,7829.729284452221,Hold,7829.729284452244,4560.077519379973
Hold,2021-06-29 07:00:00,139.27,7723.802220184592,Hold,7723.802220184616,4498.385012920022
Hold,2021-06-29 08:00:00,143.24,7943.975228112594,Hold,7943.9752281126175,4626.614987080233
Hold,2021-06-29 09:00:00,143.01,7931.219613043717,Hold,7931.2196130437405,4619.186046511756
Hold,2021-06-29 10:00:00,145.13,8048.793108461189,Hold,8048.793108461213,4687.661498708141
Hold,2021-06-29 11:00:00,145.06,8044.910964744575,Hold,8044.9109647445985,4685.400516795997
Hold,2021-06-29 12:00:00,144.7,8024.945654201984,Hold,8024.945654202007,4673.772609819252
Hold,2021-06-29 13:00:00,148.48,8234.581414899176,Hold,8234.5814148992,4795.86563307507
Hold,2021-06-29 14:00:00,147.2,8163.593644081078,Hold,8163.593644081102,4754.5219638244225
Hold,2021-06-29 15:00:00,147.98,8206.851816923356,Hold,8206.85181692338,4779.715762274035
Hold,2021-06-29 16:00:00,148.6,8241.236518413372,Hold,8241.236518413396,4799.741602067317
Hold,2021-06-29 17:00:00,148.21,8219.607431992234,Hold,8219.607431992257,4787.144702842511
Hold,2021-06-29 18:00:00,147.61,8186.331914421251,Hold,8186.331914421274,4767.7648578812705
Hold,2021-06-29 19:00:00,147.9,8202.415081247227,Hold,8202.41508124725,4777.13178294587
Hold,2021-06-29 20:00:00,144.77,8028.8277979186005,Hold,8028.827797918623,4676.033591731398
Hold,2021-06-29 21:00:00,146.34,8115.898735562671,Hold,8115.898735562695,4726.744186046645
Hold,2021-06-29 22:00:00,143.87,7978.914521562126,Hold,7978.914521562148,4646.963824289536
Hold,2021-06-29 23:00:00,144.2,7997.216056226166,Hold,7997.216056226189,4657.622739018219
Hold,2021-06-30 00:00:00,145.16,8050.456884339737,Hold,8050.456884339761,4688.630490956204
Hold,2021-06-30 01:00:00,145.04,8043.801780825542,Hold,8043.801780825566,4684.754521963956
Hold,2021-06-30 02:00:00,145.23,8054.339028056352,Hold,8054.339028056377,4690.8914728683485
Hold,2021-06-30 03:00:00,142.23,7887.9614402014395,Hold,7887.961440201465,4593.992248062144
Hold,2021-06-30 04:00:00,140.42,7787.580295528975,Hold,7787.580295529001,4535.529715762401
Hold,2021-06-30 05:00:00,141.46,7845.257859318679,Hold,7845.2578593187045,4569.121447028552
Hold,2021-06-30 06:00:00,142.17,7884.63388844434,Hold,7884.633888444365,4592.054263566019
Hold,2021-06-30 07:00:00,143.01,7931.219613043717,Hold,7931.219613043742,4619.186046511756
Hold,2021-06-30 08:00:00,140.09,7769.278760864935,Hold,7769.2787608649605,4524.870801033718
Hold,2021-06-30 09:00:00,139.66,7745.43130660573,Hold,7745.431306605755,4510.981912144828
Hold,2021-06-30 10:00:00,140.81,7809.209381950114,Hold,7809.20938195014,4548.126614987206
Hold,2021-06-30 11:00:00,141.49,7846.921635197228,Hold,7846.921635197254,4570.0904392766115
Hold,2021-06-30 12:00:00,140.04,7766.505801067353,Hold,7766.505801067378,4523.255813953613
Hold,2021-06-30 13:00:00,140.15,7772.606312622033,Hold,7772.60631262206,4526.808785529841
Hold,2021-06-30 14:00:00,139.22,7721.029260387009,Hold,7721.029260387035,4496.770025839917
Hold,2021-06-30 15:00:00,136.92,7593.473109698243,Hold,7593.473109698269,4422.48062015516
Hold,2021-06-30 16:00:00,137.12,7604.56494888857,Hold,7604.564948888595,4428.940568475574
Hold,2021-06-30 17:00:00,139.28,7724.3568121441085,Hold,7724.356812144134,4498.708010336041
Hold,2021-06-30 18:00:00,140.79,7808.100198031081,Hold,7808.100198031107,4547.480620155164
Hold,2021-06-30 19:00:00,141.55,7850.249186954326,Hold,7850.249186954352,4572.028423772736
Hold,2021-06-30 20:00:00,142.16,7884.079296484825,Hold,7884.079296484851,4591.731266149996
Hold,2021-06-30 21:00:00,143.25,7944.52982007211,Hold,7944.529820072136,4626.9379844962505
Hold,2021-06-30 22:00:00,143.5,7958.39461906002,Hold,7958.394619060046,4635.012919896767
Hold,2021-06-30 23:00:00,144.26,8000.543607983264,Hold,8000.543607983291,4659.560723514339
Hold,2021-07-01 00:00:00,142.59,7907.926750744029,Hold,7907.926750744055,4605.620155038886
Hold,2021-07-01 01:00:00,143.74,7971.704826088413,Hold,7971.704826088439,4642.764857881264
Hold,2021-07-01 02:00:00,140.9,7814.200709585762,Hold,7814.200709585787,4551.0335917313905
Hold,2021-07-01 03:00:00,138.98,7707.719053358616,Hold,7707.719053358641,4489.018087855418
Hold,2021-07-01 04:00:00,140.18,7774.2700885005825,Hold,7774.270088500608,4527.777777777901
Hold,2021-07-01 05:00:00,140.25,7778.152232217197,Hold,7778.152232217222,4530.0387596900455
Hold,2021-07-01 06:00:00,136.36,7562.415959965327,Hold,7562.415959965351,4404.392764858001
Hold,2021-07-01 07:00:00,135.56,7518.048603204015,Hold,7518.04860320404,4378.552971576347
Hold,2021-07-01 08:00:00,136.53,7571.8440232771045,Hold,7571.844023277129,4409.883720930353
Hold,2021-07-01 09:00:00,135.41,7509.72972381127,Hold,7509.729723811294,4373.708010336037
Hold,2021-07-01 10:00:00,135.36,7506.956764013689,Hold,7506.956764013714,4372.093023255934
Hold,2021-07-01 11:00:00,137.11,7604.010356929055,Hold,7604.0103569290795,4428.617571059553
Hold,2021-07-01 12:00:00,136.79,7586.26341422453,Hold,7586.263414224555,4418.28165374689
Hold,2021-07-01 13:00:00,135.79,7530.804218272892,Hold,7530.804218272917,4385.981912144822
Hold,2021-07-01 14:00:00,135.51,7515.275643406434,Hold,7515.275643406458,4376.937984496242
Hold,2021-07-01 15:00:00,136.53,7571.8440232771045,Hold,7571.844023277128,4409.883720930353
Hold,2021-07-01 16:00:00,135.26,7501.410844418524,Hold,7501.410844418548,4368.863049095726
Hold,2021-07-01 17:00:00,136.7,7581.272086588882,Hold,7581.272086588906,4415.374677002704
Hold,2021-07-01 18:00:00,136.58,7574.616983074688,Hold,7574.616983074711,4411.4987080104565
Hold,2021-07-01 19:00:00,135.08,7491.428189147231,Hold,7491.428189147255,4363.0490956073545
Hold,2021-07-01 20:00:00,136.3,7559.088408208228,Hold,7559.088408208252,4402.454780361877
Hold,2021-07-01 21:00:00,137.18,7607.892500645669,Hold,7607.892500645694,4430.878552971697
Hold,2021-07-01 22:00:00,138.21,7665.015472475857,Hold,7665.015472475881,4464.147286821827
Hold,2021-07-01 23:00:00,137.02,7599.019029293408,Hold,7599.019029293432,4425.7105943153665
Hold,2021-07-02 00:00:00,138.85,7700.509357884904,Hold,7700.509357884928,4484.81912144715
Hold,2021-07-02 01:00:00,135.69,7525.258298677729,Hold,7525.2582986777525,4382.751937984615
Hold,2021-07-02 02:00:00,135.59,7519.712379082565,Hold,7519.71237908259,4379.521963824408
Trailing-Stop,2021-07-02 03:00:00,132.39,7342.242952037323,Trailing stop 10.0% hit,7342.242952037347,4276.16279069779
Buy,2021-07-03 22:00:00,139.26,7342.242952037323,Sinal: Compra,7342.242952037347,4498.062015503998
Hold,2021-07-03 23:00:00,140.17,7375.448078127905,Hold,7375.448078127931,4527.45478036188
Hold,2021-07-04 00:00:00,138.85,7305.99247804851,Hold,7305.992478048534,4484.81912144715
Hold,2021-07-04 01:00:00,137.23,7220.751514314707,Hold,7220.751514314731,4432.4935400518
Hold,2021-07-04 02:00:00,138.17,7270.212320431851,Hold,7270.212320431876,4462.855297157744
Hold,2021-07-04 03:00:00,138.32,7278.105002259056,Hold,7278.10500225908,4467.700258398054
Hold,2021-07-04 04:00:00,139.2,7324.408735645319,Hold,7324.408735645344,4496.124031007874
Hold,2021-07-04 05:00:00,142.05,7474.369690362197,Hold,7474.369690362222,4588.178294573768
Hold,2021-07-04 06:00:00,143.44,7547.508541960952,Hold,7547.508541960978,4633.074935400643
Hold,2021-07-04 07:00:00,143.77,7564.872441980802,Hold,7564.8724419808295,4643.733850129325
Hold,2021-07-04 08:00:00,143.96,7574.869838961927,Hold,7574.869838961954,4649.870801033719
Hold,2021-07-04 09:00:00,143.79,7565.924799557762,Hold,7565.924799557789,4644.379844961367
Hold,2021-07-04 10:00:00,144.07,7580.657805635209,Hold,7580.657805635236,4653.423772609945
Hold,2021-07-04 11:00:00,143.61,7556.453581365118,Hold,7556.4535813651455,4638.565891472995
Hold,2021-07-04 12:00:00,142.82,7514.885457075176,Hold,7514.885457075204,4613.049095607361
Hold,2021-07-04 13:00:00,145.52,7656.953729964849,Hold,7656.953729964876,4700.258397932944
Hold,2021-07-04 14:00:00,145.23,7641.69454509892,Hold,7641.694545098947,4690.891472868344
Hold,2021-07-04 15:00:00,145.89,7676.422345138618,Hold,7676.422345138645,4712.209302325709
Hold,2021-07-04 16:00:00,145.82,7672.739093619256,Hold,7672.739093619283,4709.948320413565
Hold,2021-07-04 17:00:00,146.26,7695.890960312388,Hold,7695.890960312415,4724.160206718475
Hold,2021-07-04 18:00:00,145.85,7674.317629984697,Hold,7674.317629984725,4710.917312661627
Hold,2021-07-04 19:00:00,146.67,7717.464290640079,Hold,7717.464290640106,4737.403100775322
Hold,2021-07-04 20:00:00,146.12,7688.524457273665,Hold,7688.524457273692,4719.638242894184
Hold,2021-07-04 21:00:00,147.72,7772.713063430508,Hold,7772.713063430535,4771.317829457494
Hold,2021-07-04 22:00:00,145.0,7629.592432963875,Hold,7629.592432963902,4683.462532299869
Hold,2021-07-04 23:00:00,144.95,7626.961539021473,Hold,7626.9615390215,4681.8475452197645
Hold,2021-07-05 00:00:00,143.35,7542.772932864631,Hold,7542.772932864657,4630.167958656456
Hold,2021-07-05 01:00:00,141.33,7436.484817591617,Hold,7436.484817591643,4564.922480620279
Hold,2021-07-05 02:00:00,141.72,7457.005790342347,Hold,7457.005790342373,4577.5193798450855
Hold,2021-07-05 03:00:00,141.25,7432.275387283775,Hold,7432.275387283801,4562.338501292114
Hold,2021-07-05 04:00:00,140.11,7372.2910053970245,Hold,7372.291005397051,4525.516795865757
Hold,2021-07-05 05:00:00,140.63,7399.652302397998,Hold,7399.652302398024,4542.312661498831
Hold,2021-07-05 06:00:00,140.78,7407.544984225202,Hold,7407.544984225228,4547.157622739142
Hold,2021-07-05 07:00:00,140.54,7394.916693301675,Hold,7394.9166933017,4539.405684754645
Hold,2021-07-05 08:00:00,140.2,7377.026614493346,Hold,7377.026614493371,4528.423772609943
Hold,2021-07-05 09:00:00,140.03,7368.081575089182,Hold,7368.081575089207,4522.932816537591
Hold,2021-07-05 10:00:00,141.03,7420.699453937209,Hold,7420.6994539372345,4555.232558139659
Hold,2021-07-05 11:00:00,135.17,7112.358683887772,Hold,7112.358683887796,4365.95607235154
Hold,2021-07-05 12:00:00,135.83,7147.08648392747,Hold,7147.086483927495,4387.273901808905
Hold,2021-07-05 13:00:00,136.56,7185.49753548653,Hold,7185.497535486554,4410.852713178415
Hold,2021-07-05 14:00:00,137.07,7212.332653699023,Hold,7212.332653699046,4427.325581395469
Sell,2021-07-05 15:00:00,136.77,7196.547290044616,Sinal: Venda,7196.547290044638,4417.63565891485
Buy,2021-07-11 20:00:00,133.7,7196.547290044616,Sinal: Compra,7196.547290044638,4318.4754521965
Hold,2021-07-11 21:00:00,135.98,7304.63953691673,Hold,7304.639536916754,4392.118863049215
Hold,2021-07-11 22:00:00,134.45,7222.45025546738,Hold,7222.450255467403,4342.700258398051
Hold,2021-07-11 23:00:00,134.28,7213.318113084119,Hold,7213.318113084143,4337.2093023257
Hold,2021-07-12 00:00:00,134.01,7198.814122240116,Hold,7198.814122240139,4328.488372093141
Hold,2021-07-12 01:00:00,134.43,7221.375885775233,Hold,7221.3758857752555,4342.05426356601
Hold,2021-07-12 02:00:00,135.75,7292.284285457025,Hold,7292.28428545705,4384.689922480739
Hold,2021-07-12 03:00:00,135.49,7278.317479459097,Hold,7278.3174794591205,4376.291989664202
Hold,2021-07-12 04:00:00,136.04,7307.862645993176,Hold,7307.862645993199,4394.056847545338
Hold,2021-07-12 05:00:00,135.92,7301.416427840285,Hold,7301.416427840309,4390.180878553091
Hold,2021-07-12 06:00:00,137.69,7396.498145595416,Hold,7396.49814559544,4447.351421188751
Hold,2021-07-12 07:00:00,137.68,7395.960960749342,Hold,7395.960960749367,4447.028423772731
Hold,2021-07-12 08:00:00,138.53,7441.621672665648,Hold,7441.621672665672,4474.483204134488
Hold,2021-07-12 09:00:00,137.36,7378.771045674968,Hold,7378.771045674992,4436.692506460069
Hold,2021-07-12 10:00:00,136.64,7340.093736757626,Hold,7340.09373675765,4413.436692506579
Hold,2021-07-12 11:00:00,135.97,7304.102352070656,Hold,7304.102352070679,4391.795865633194
Hold,2021-07-12 12:00:00,136.52,7333.647518604737,Hold,7333.647518604761,4409.560723514332
Hold,2021-07-12 13:00:00,136.62,7339.019367065478,Hold,7339.019367065502,4412.790697674538
Hold,2021-07-12 14:00:00,136.65,7340.630921603702,Hold,7340.630921603726,4413.7596899226
Hold,2021-07-12 15:00:00,138.32,7430.340790898089,Hold,7430.340790898114,4467.700258398053
Hold,2021-07-12 16:00:00,136.37,7325.589745913624,Hold,7325.589745913649,4404.715762274021
Hold,2021-07-12 17:00:00,135.15,7260.053194692574,Hold,7260.0531946925985,4365.310077519497
Hold,2021-07-12 18:00:00,134.04,7200.425676778339,Hold,7200.425676778364,4329.457364341201
Hold,2021-07-12 19:00:00,133.67,7180.549837473594,Hold,7180.549837473619,4317.506459948437
Hold,2021-07-12 20:00:00,132.72,7129.517277096547,Hold,7129.517277096571,4286.821705426472
Hold,2021-07-12 21:00:00,132.74,7130.5916467886955,Hold,7130.59164678872,4287.467700258514
Hold,2021-07-12 22:00:00,133.48,7170.343325398185,Hold,7170.34332539821,4311.369509044043
Hold,2021-07-12 23:00:00,133.38,7164.971476937443,Hold,7164.971476937469,4308.139534883837
Hold,2021-07-13 00:00:00,133.98,7197.202567701894,Hold,7197.20256770192,4327.519379845077
Hold,2021-07-13 01:00:00,133.61,7177.32672839715,Hold,7177.326728397176,4315.568475452314
Hold,2021-07-13 02:00:00,133.38,7164.971476937443,Hold,7164.97147693747,4308.139534883838
Hold,2021-07-13 03:00:00,133.32,7161.748367860998,Hold,7161.748367861024,4306.201550387713
Hold,2021-07-13 04:00:00,133.45,7168.731770859962,Hold,7168.7317708599885,4310.400516795981
Hold,2021-07-13 05:00:00,130.11,6989.312032271187,Hold,6989.312032271212,4202.5193798450755
Hold,2021-07-13 06:00:00,131.51,7064.51791072157,Hold,7064.517910721596,4247.739018087969
Hold,2021-07-13 07:00:00,133.09,7149.393116401292,Hold,7149.393116401318,4298.772609819237
Hold,2021-07-13 08:00:00,133.03,7146.170007324847,Hold,7146.170007324874,4296.834625323113
Sell,2021-07-13 09:00:00,133.58,7175.715173858927,Sinal: Venda,7175.7151738589555,4314.599483204252
Buy,2021-07-21 19:00:00,116.32,7175.715173858927,Sinal: Compra,7175.7151738589555,3757.105943152556
Hold,2021-07-21 20:00:00,116.43,7168.143192275859,Hold,7168.1431922758875,3760.658914728783
Hold,2021-07-21 21:00:00,116.77,7189.075672610597,Hold,7189.075672610626,3771.640826873486
Hold,2021-07-21 22:00:00,117.8,7252.488774801134,Hold,7252.488774801163,3804.909560723616
Hold,2021-07-21 23:00:00,117.74,7248.794807683239,Hold,7248.794807683268,3802.971576227492
Hold,2021-07-22 00:00:00,117.33,7223.552699044288,Hold,7223.552699044317,3789.7286821706443
Hold,2021-07-22 01:00:00,116.17,7152.136001431645,Hold,7152.136001431673,3752.2609819122454
Hold,2021-07-22 02:00:00,115.85,7132.434843469537,Hold,7132.434843469564,3741.925064599583
Hold,2021-07-22 03:00:00,116.66,7182.303399561123,Hold,7182.303399561151,3768.087855297258
Hold,2021-07-22 04:00:00,117.51,7234.634600397974,Hold,7234.634600398003,3795.5426356590165
Hold,2021-07-22 05:00:00,116.25,7157.061290922172,Hold,7157.061290922201,3754.8449612404106
Hold,2021-07-22 06:00:00,118.05,7267.880304459031,Hold,7267.8803044590595,3812.9844961241324
Hold,2021-07-22 07:00:00,117.66,7243.869518192711,Hold,7243.86951819274,3800.387596899326
Hold,2021-07-22 08:00:00,118.11,7271.5742715769275,Hold,7271.574271576957,3814.922480620257
Hold,2021-07-22 09:00:00,116.82,7192.153978542177,Hold,7192.1539785422065,3773.2558139535886
Hold,2021-07-22 10:00:00,117.08,7208.161169386391,Hold,7208.16116938642,3781.6537467701264
Hold,2021-07-22 11:00:00,117.27,7219.8587319263925,Hold,7219.858731926422,3787.7906976745194
Hold,2021-07-22 12:00:00,118.46,7293.122413097983,Hold,7293.122413098012,3826.2273901809804
Hold,2021-07-22 13:00:00,118.98,7325.136794786409,Hold,7325.136794786439,3843.0232558140556
Hold,2021-07-22 14:00:00,119.58,7362.076465965362,Hold,7362.076465965392,3862.403100775297
Hold,2021-07-22 15:00:00,121.42,7475.358124247486,Hold,7475.358124247516,3921.8346253231016
Hold,2021-07-22 16:00:00,121.21,7462.429239334851,Hold,7462.429239334881,3915.051679586667
Hold,2021-07-22 17:00:00,121.54,7482.746058483276,Hold,7482.746058483305,3925.710594315349
Hold,2021-07-22 18:00:00,120.93,7445.190726118008,Hold,7445.190726118036,3906.0077519380875
Hold,2021-07-22 19:00:00,120.45,7415.638989174844,Hold,7415.638989174872,3890.5038759690947
Hold,2021-07-22 20:00:00,120.12,7395.32217002642,Hold,7395.3221700264485,3879.8449612404124
Hold,2021-07-22 21:00:00,119.13,7334.371712581147,Hold,7334.3717125811745,3847.868217054365
Hold,2021-07-22 22:00:00,119.55,7360.229482406415,Hold,7360.229482406442,3861.4341085272335
Hold,2021-07-22 23:00:00,120.67,7429.1835352737935,Hold,7429.183535273821,3897.6098191215497
Hold,2021-07-23 00:00:00,120.36,7410.098038498001,Hold,7410.098038498029,3887.5968992249086
Hold,2021-07-23 01:00:00,121.22,7463.044900521168,Hold,7463.044900521196,3915.3746770026873
Hold,2021-07-23 02:00:00,121.41,7474.742463061169,Hold,7474.742463061197,3921.51162790708
Hold,2021-07-23 03:00:00,120.58,7423.642584596951,Hold,7423.642584596978,3894.702842377363
Hold,2021-07-23 04:00:00,121.15,7458.735272216957,Hold,7458.735272216984,3913.1136950905425
Hold,2021-07-23 05:00:00,121.03,7451.347337981166,Hold,7451.347337981193,3909.237726098294
Hold,2021-07-23 06:00:00,120.57,7423.0269234106345,Hold,7423.026923410662,3894.3798449613423
Hold,2021-07-23 07:00:00,120.34,7408.86671612537,Hold,7408.866716125397,3886.950904392867
Hold,2021-07-23 08:00:00,119.31,7345.453613934833,Hold,7345.45361393486,3853.682170542737
Hold,2021-07-23 09:00:00,119.34,7347.3005974937805,Hold,7347.300597493809,3854.651162790799
Hold,2021-07-23 10:00:00,119.12,7333.756051394831,Hold,7333.756051394859,3847.545219638344
Hold,2021-07-23 11:00:00,119.24,7341.1439856306215,Hold,7341.14398563065,3851.421188630592
Hold,2021-07-23 12:00:00,119.86,7379.314979182207,Hold,7379.314979182235,3871.447028423874
Hold,2021-07-23 13:00:00,120.63,7426.720890528531,Hold,7426.72089052856,3896.317829457466
Hold,2021-07-23 14:00:00,120.03,7389.7812193495765,Hold,7389.781219349606,3876.937984496226
Hold,2021-07-23 15:00:00,118.68,7306.666959196933,Hold,7306.666959196962,3833.333333333434
Hold,2021-07-23 16:00:00,117.78,7251.257452428503,Hold,7251.257452428532,3804.2635658915724
Hold,2021-07-23 17:00:00,117.94,7261.108031409557,Hold,7261.108031409586,3809.4315245479033
Hold,2021-07-23 18:00:00,118.0,7264.801998527452,Hold,7264.801998527481,3811.3695090440274
Hold,2021-07-23 19:00:00,118.8,7314.0548934327235,Hold,7314.0548934327535,3837.2093023256816
Hold,2021-07-23 20:00:00,119.9,7381.777623927471,Hold,7381.777623927501,3872.7390180879565
Hold,2021-07-23 21:00:00,120.39,7411.945022056949,Hold,7411.945022056979,3888.5658914729693
Hold,2021-07-23 22:00:00,122.23,7525.226680339072,Hold,7525.226680339103,3947.9974160207753
Hold,2021-07-23 23:00:00,124.24,7648.974578788565,Hold,7648.974578788596,4012.9198966409313
Hold,2021-07-24 00:00:00,125.3,7714.234664538049,Hold,7714.23466453808,4047.157622739124
Hold,2021-07-24 01:00:00,125.35,7717.312970469628,Hold,7717.312970469659,4048.7726098192265
Hold,2021-07-24 02:00:00,126.04,7759.793592325425,Hold,7759.793592325455,4071.0594315246544
Hold,2021-07-24 03:00:00,126.29,7775.1851219833225,Hold,7775.185121983353,4079.134366925172
Hold,2021-07-24 04:00:00,126.3,7775.800783169637,Hold,7775.800783169669,4079.4573643411923
Hold,2021-07-24 05:00:00,126.52,7789.345329268586,Hold,7789.345329268618,4086.5633074936472
Hold,2021-07-24 06:00:00,127.1,7825.053678074908,Hold,7825.053678074941,4105.2971576228465
Hold,2021-07-24 07:00:00,126.54,7790.5766516412195,Hold,7790.576651641251,4087.2093023256884
Hold,2021-07-24 08:00:00,125.52,7727.779210636999,Hold,7727.779210637031,4054.2635658915788
Hold,2021-07-24 09:00:00,126.08,7762.256237070687,Hold,7762.25623707072,4072.351421188737
Hold,2021-07-24 10:00:00,125.99,7756.715286393845,Hold,7756.715286393878,4069.4444444445503
Hold,2021-07-24 11:00:00,125.72,7740.092434363316,Hold,7740.092434363349,4060.7235142119926
Hold,2021-07-24 12:00:00,125.67,7737.014128431737,Hold,7737.01412843177,4059.1085271318893
Hold,2021-07-24 13:00:00,125.54,7729.01053300963,Hold,7729.010533009663,4054.909560723621
Hold,2021-07-24 14:00:00,125.52,7727.779210636999,Hold,7727.779210637032,4054.2635658915797
Hold,2021-07-24 15:00:00,125.38,7719.159954028576,Hold,7719.159954028609,4049.7416020672904
Hold,2021-07-24 16:00:00,127.29,7836.751240614911,Hold,7836.751240614944,4111.434108527241
Hold,2021-07-24 17:00:00,126.62,7795.501941131746,Hold,7795.50194113178,4089.793281653855
Hold,2021-07-24 18:00:00,125.83,7746.86470741279,Hold,7746.864707412824,4064.2764857882216
Hold,2021-07-24 19:00:00,124.03,7636.045693875932,Hold,7636.045693875965,4006.136950904499
Hold,2021-07-24 20:00:00,123.99,7633.583049130668,Hold,7633.5830491307015,4004.8449612404156
Hold,2021-07-24 21:00:00,124.74,7679.757638104359,Hold,7679.757638104393,4029.0697674419666
Hold,2021-07-24 22:00:00,124.92,7690.839539458045,Hold,7690.8395394580775,4034.883720930339
Hold,2021-07-24 23:00:00,125.99,7756.715286393845,Hold,7756.715286393879,4069.444444444552
Hold,2021-07-25 00:00:00,124.54,7667.444414378042,Hold,7667.444414378076,4022.6098191215538
Hold,2021-07-25 01:00:00,123.97,7632.351726758036,Hold,7632.35172675807,4004.1989664083744
Hold,2021-07-25 02:00:00,125.28,7713.003342165417,Hold,7713.003342165451,4046.5116279070844
Hold,2021-07-25 03:00:00,124.86,7687.1455723401505,Hold,7687.145572340184,4032.9457364342156
Hold,2021-07-25 04:00:00,125.51,7727.163549450683,Hold,7727.163549450717,4053.9405684755598
Hold,2021-07-25 05:00:00,125.02,7696.996151321204,Hold,7696.996151321237,4038.113695090546
Hold,2021-07-25 06:00:00,125.47,7724.700904705419,Hold,7724.7009047054535,4052.6485788114765
Hold,2021-07-25 07:00:00,126.57,7792.423635200166,Hold,7792.4236352002,4088.1782945737514
Hold,2021-07-25 08:00:00,126.1,7763.48755944332,Hold,7763.487559443353,4072.9974160207785
Hold,2021-07-25 09:00:00,126.71,7801.042891808589,Hold,7801.042891808623,4092.7002583980407
Hold,2021-07-25 10:00:00,125.53,7728.394871823314,Hold,7728.394871823348,4054.5865633076
Hold,2021-07-25 11:00:00,125.66,7736.398467245421,Hold,7736.398467245455,4058.785529715869
Hold,2021-07-25 12:00:00,125.06,7699.458796066468,Hold,7699.458796066501,4039.4056847546285
Hold,2021-07-25 13:00:00,124.61,7671.754042682253,Hold,7671.754042682287,4024.870801033698
Hold,2021-07-25 14:00:00,124.48,7663.750447260146,Hold,7663.7504472601795,4020.6718346254293
Hold,2021-07-25 15:00:00,125.05,7698.843134880152,Hold,7698.843134880186,4039.0826873386077
Hold,2021-07-25 16:00:00,124.49,7664.366108446462,Hold,7664.366108446496,4020.99483204145
Hold,2021-07-25 17:00:00,125.64,7735.167144872788,Hold,7735.167144872822,4058.1395348838287
Hold,2021-07-25 18:00:00,125.43,7722.238259960156,Hold,7722.23825996019,4051.356589147394
Hold,2021-07-25 19:00:00,124.83,7685.298588781203,Hold,7685.298588781236,4031.976744186153
Hold,2021-07-25 20:00:00,124.75,7680.373299290674,Hold,7680.373299290707,4029.3927648579875
Hold,2021-07-25 21:00:00,125.21,7708.693713861206,Hold,7708.6937138612375,4044.250645994938
Hold,2021-07-25 22:00:00,125.4,7720.391276401208,Hold,7720.391276401242,4050.3875968993316
Hold,2021-07-25 23:00:00,127.68,7860.76202688123,Hold,7860.762026881263,4124.031007752047
Hold,2021-07-26 00:00:00,132.12,8134.115593605484,Hold,8134.115593605518,4267.441860465229
Hold,2021-07-26 01:00:00,136.35,8394.540275417103,Hold,8394.540275417137,4404.069767441977
Hold,2021-07-26 02:00:00,136.03,8374.839117454994,Hold,8374.839117455029,4393.733850129315
Hold,2021-07-26 03:00:00,136.85,8425.323334732897,Hold,8425.323334732931,4420.219638243012
Hold,2021-07-26 04:00:00,136.6,8409.931805074999,Hold,8409.931805075035,4412.144702842495
Hold,2021-07-26 05:00:00,137.87,8488.120775737118,Hold,8488.120775737154,4453.165374677122
Hold,2021-07-26 06:00:00,137.63,8473.344907265535,Hold,8473.34490726557,4445.4134366926255
Hold,2021-07-26 07:00:00,136.55,8406.853499143423,Hold,8406.853499143457,4410.529715762393
Hold,2021-07-26 08:00:00,137.11,8441.33052557711,Hold,8441.330525577145,4428.617571059551
Hold,2021-07-26 09:00:00,137.71,8478.270196756064,Hold,8478.270196756099,4447.997416020792
Hold,2021-07-26 10:00:00,138.24,8510.900239630806,Hold,8510.90023963084,4465.116279069887
Hold,2021-07-26 11:00:00,137.85,8486.889453364485,Hold,8486.889453364522,4452.51937984508
Hold,2021-07-26 12:00:00,137.77,8481.96416387396,Hold,8481.964163873994,4449.935400516915
Hold,2021-07-26 13:00:00,137.49,8464.725650657116,Hold,8464.72565065715,4440.891472868336
Hold,2021-07-26 14:00:00,137.12,8441.946186763427,Hold,8441.946186763462,4428.940568475571
Hold,2021-07-26 15:00:00,137.58,8470.266601333957,Hold,8470.266601333991,4443.798449612524
Hold,2021-07-26 16:00:00,137.99,8495.50870997291,Hold,8495.508709972946,4457.041343669372
Hold,2021-07-26 17:00:00,138.06,8499.81833827712,Hold,8499.818338277155,4459.302325581517
Hold,2021-07-26 18:00:00,138.14,8504.743627767644,Hold,8504.743627767679,4461.886304909682
Hold,2021-07-26 19:00:00,136.52,8405.006515584473,Hold,8405.006515584508,4409.560723514332
Hold,2021-07-26 20:00:00,133.08,8193.21906749181,Hold,8193.219067491844,4298.4496124032175
Hold,2021-07-26 21:00:00,131.71,8108.873484966532,Hold,8108.873484966565,4254.198966408384
Hold,2021-07-26 22:00:00,132.38,8150.122784449695,Hold,8150.12278444973,4275.83979328177
Hold,2021-07-26 23:00:00,131.06,8068.855507855999,Hold,8068.855507856034,4233.20413436704
Hold,2021-07-27 00:00:00,131.15,8074.396458532843,Hold,8074.396458532878,4236.111111111225
Hold,2021-07-27 01:00:00,128.75,7926.6377738170295,Hold,7926.637773817063,4158.591731266262
Hold,2021-07-27 02:00:00,128.16,7890.313763824392,Hold,7890.313763824426,4139.534883721041
Hold,2021-07-27 03:00:00,128.84,7932.178724493872,Hold,7932.178724493907,4161.498708010448
Hold,2021-07-27 04:00:00,128.87,7934.02570805282,Hold,7934.0257080528545,4162.46770025851
Hold,2021-07-27 05:00:00,129.46,7970.349718045458,Hold,7970.349718045493,4181.5245478037305
Hold,2021-07-27 06:00:00,128.21,7893.3920697559715,Hold,7893.392069756007,4141.149870801146
Hold,2021-07-27 07:00:00,128.89,7935.257030425451,Hold,7935.257030425486,4163.113695090552
Hold,2021-07-27 08:00:00,129.28,7959.267816691771,Hold,7959.267816691807,4175.710594315359
Hold,2021-07-27 09:00:00,129.87,7995.591826684409,Hold,7995.591826684444,4194.76744186058
Hold,2021-07-27 10:00:00,130.55,8037.456787353889,Hold,8037.456787353923,4216.7312661499855
Hold,2021-07-27 11:00:00,132.15,8135.962577164431,Hold,8135.962577164467,4268.410852713294
Hold,2021-07-27 12:00:00,133.62,8226.464771552866,Hold,8226.4647715529,4315.891472868335
Hold,2021-07-27 13:00:00,133.84,8240.009317651815,Hold,8240.00931765185,4322.9974160207885
Hold,2021-07-27 14:00:00,133.35,8209.841919522338,Hold,8209.841919522374,4307.170542635775
Hold,2021-07-27 15:00:00,133.42,8214.151547826548,Hold,8214.151547826585,4309.43152454792
Hold,2021-07-27 16:00:00,131.68,8107.026501407585,Hold,8107.026501407622,4253.229974160321
Hold,2021-07-27 17:00:00,132.48,8156.279396312854,Hold,8156.279396312892,4279.069767441974
Hold,2021-07-27 18:00:00,132.83,8177.827537833912,Hold,8177.827537833949,4290.374677002699
Hold,2021-07-27 19:00:00,132.92,8183.368488510753,Hold,8183.368488510789,4293.281653746884
Hold,2021-07-27 20:00:00,133.11,8195.066051050757,Hold,8195.066051050793,4299.418604651279
Hold,2021-07-27 21:00:00,133.71,8232.00572222971,Hold,8232.005722229746,4318.798449612519
Hold,2021-07-27 22:00:00,134.67,8291.109196116035,Hold,8291.109196116071,4349.806201550504
Hold,2021-07-27 23:00:00,134.74,8295.418824420245,Hold,8295.418824420281,4352.067183462649
Hold,2021-07-28 00:00:00,133.47,8217.229853758126,Hold,8217.229853758163,4311.046511628023
Hold,2021-07-28 01:00:00,135.97,8371.145150337099,Hold,8371.145150337137,4391.795865633193
Hold,2021-07-28 02:00:00,136.02,8374.223456268679,Hold,8374.223456268717,4393.410852713297
Hold,2021-07-28 03:00:00,135.4,8336.052462717094,Hold,8336.052462717133,4373.385012920015
Hold,2021-07-28 04:00:00,134.5,8280.642955948664,Hold,8280.642955948702,4344.315245478153
Hold,2021-07-28 05:00:00,135.21,8324.354900177092,Hold,8324.354900177128,4367.248062015622
Hold,2021-07-28 06:00:00,133.51,8219.692498503391,Hold,8219.692498503427,4312.338501292106
Hold,2021-07-28 07:00:00,137.69,8477.038874383432,Hold,8477.038874383468,4447.3514211887505
Hold,2021-07-28 08:00:00,136.16,8382.8427128771,Hold,8382.842712877136,4397.932816537586
Hold,2021-07-28 09:00:00,138.4,8520.750818611861,Hold,8520.750818611898,4470.2842377262195
Hold,2021-07-28 10:00:00,138.21,8509.053256071858,Hold,8509.053256071895,4464.147286821826
Hold,2021-07-28 11:00:00,139.54,8590.93619385187,Hold,8590.936193851909,4507.1059431525755
Hold,2021-07-28 12:00:00,136.78,8421.013706428686,Hold,8421.013706428723,4417.9586563308685
Hold,2021-07-28 13:00:00,136.97,8432.711268968687,Hold,8432.711268968724,4424.095607235262
Hold,2021-07-28 14:00:00,137.26,8450.565443371846,Hold,8450.565443371883,4433.462532299862
Hold,2021-07-28 15:00:00,137.66,8475.191890824484,Hold,8475.19189082452,4446.382428940689
Hold,2021-07-28 16:00:00,138.76,8542.91462131923,Hold,8542.914621319267,4481.912144702964
Hold,2021-07-28 17:00:00,134.55,8283.721261880244,Hold,8283.721261880279,4345.9302325582585
Hold,2021-07-28 18:00:00,138.97,8555.843506231866,Hold,8555.843506231902,4488.695090439398
Hold,2021-07-28 19:00:00,138.04,8498.587015904486,Hold,8498.58701590452,4458.656330749474
Hold,2021-07-28 20:00:00,138.2,8508.43759488554,Hold,8508.437594885574,4463.824289405805
Take-Profit,2021-07-28 21:00:00,141.55,8714.684092301364,TP 20.0% hit,8714.6840923014,4572.028423772734
Buy,2021-07-30 09:00:00,137.39,8714.684092301364,Sinal: Compra,8714.6840923014,4437.66149870813
Hold,2021-07-30 10:00:00,137.38,8696.630404123016,Hold,8696.630404123052,4437.33850129211
Hold,2021-07-30 11:00:00,136.24,8624.464450849615,Hold,8624.464450849651,4400.516795865752
Hold,2021-07-30 12:00:00,136.43,8636.492109728515,Hold,8636.492109728551,4406.6537467701455
Hold,2021-07-30 13:00:00,136.36,8632.060866983657,Hold,8632.060866983693,4404.392764858001
Hold,2021-07-30 14:00:00,137.18,8683.96971056628,Hold,8683.969710566316,4430.878552971697
Hold,2021-07-30 15:00:00,137.58,8709.291097679756,Hold,8709.291097679794,4443.798449612525
Hold,2021-07-30 16:00:00,137.6,8710.55716703543,Hold,8710.557167035468,4444.444444444565
Hold,2021-07-30 17:00:00,139.48,8829.567686468761,Hold,8829.567686468801,4505.167958656453
Hold,2021-07-30 18:00:00,139.8,8849.824796159543,Hold,8849.82479615958,4515.503875969115
Hold,2021-07-30 19:00:00,140.86,8916.926472010251,Hold,8916.926472010291,4549.741602067307
Hold,2021-07-30 20:00:00,142.37,9012.514708363618,Hold,9012.514708363658,4598.51421188643
Hold,2021-07-30 21:00:00,143.5,9084.047626959185,Hold,9084.047626959225,4635.012919896766
Hold,2021-07-30 22:00:00,144.21,9128.993089085605,Hold,9128.993089085647,4657.945736434234
Hold,2021-07-30 23:00:00,145.51,9211.287597204398,Hold,9211.287597204438,4699.935400516922
Hold,2021-07-31 00:00:00,146.03,9244.205400451916,Hold,9244.205400451958,4716.731266149997
Hold,2021-07-31 01:00:00,145.72,9224.581325438972,Hold,9224.581325439014,4706.718346253356
Hold,2021-07-31 02:00:00,145.65,9220.150082694116,Hold,9220.150082694156,4704.457364341212
Hold,2021-07-31 03:00:00,144.84,9168.874273789328,Hold,9168.874273789366,4678.294573643538
Hold,2021-07-31 04:00:00,144.77,9164.44303104447,Hold,9164.443031044508,4676.033591731393
Hold,2021-07-31 05:00:00,142.92,9047.331615644647,Hold,9047.331615644685,4616.279069767566
Hold,2021-07-31 06:00:00,143.39,9077.08424550298,Hold,9077.084245503018,4631.459948320538
Hold,2021-07-31 07:00:00,143.41,9078.350314858655,Hold,9078.350314858691,4632.10594315258
Hold,2021-07-31 08:00:00,144.34,9137.222539897484,Hold,9137.222539897522,4662.144702842504
Hold,2021-07-31 09:00:00,143.76,9100.506528582944,Hold,9100.50652858298,4643.410852713304
Hold,2021-07-31 10:00:00,144.18,9127.093985052095,Hold,9127.093985052132,4656.976744186172
Hold,2021-07-31 11:00:00,143.48,9082.781557603512,Hold,9082.781557603548,4634.3669250647245
Hold,2021-07-31 12:00:00,143.84,9105.57080600564,Hold,9105.570806005677,4645.99483204147
Hold,2021-07-31 13:00:00,142.92,9047.331615644647,Hold,9047.331615644684,4616.279069767566
Hold,2021-07-31 14:00:00,142.94,9048.59768500032,Hold,9048.597685000357,4616.925064599608
Hold,2021-07-31 15:00:00,143.74,9099.240459227272,Hold,9099.24045922731,4642.764857881263
Hold,2021-07-31 16:00:00,142.52,9022.010228531171,Hold,9022.01022853121,4603.359173126741
Hold,2021-07-31 17:00:00,142.22,9003.019188196065,Hold,9003.019188196104,4593.66925064612
Hold,2021-07-31 18:00:00,143.31,9072.019968080287,Hold,9072.019968080325,4628.875968992375
Hold,2021-07-31 19:00:00,142.97,9050.496789033832,Hold,9050.49678903387,4617.894056847672
Hold,2021-07-31 20:00:00,143.78,9101.772597938618,Hold,9101.772597938656,4644.0568475453465
Hold,2021-07-31 21:00:00,145.64,9219.517048016276,Hold,9219.517048016314,4704.134366925193
Hold,2021-07-31 22:00:00,145.62,9218.250978660604,Hold,9218.250978660642,4703.488372093152
Hold,2021-07-31 23:00:00,144.37,9139.121643930994,Hold,9139.12164393103,4663.1136950905675
Hold,2021-08-01 00:00:00,147.88,9361.316815851738,Hold,9361.316815851776,4776.485788113826
Hold,2021-08-01 01:00:00,146.84,9295.481209356703,Hold,9295.48120935674,4742.894056847675
Hold,2021-08-01 02:00:00,147.84,9358.784677140391,Hold,9358.784677140427,4775.193798449743
Hold,2021-08-01 03:00:00,149.6,9470.198780439681,Hold,9470.198780439718,4832.0413436693825
Hold,2021-08-01 04:00:00,148.63,9408.794416689505,Hold,9408.794416689541,4800.7105943153765
Hold,2021-08-01 05:00:00,148.64,9409.427451367339,Hold,9409.427451367375,4801.033591731396
Hold,2021-08-01 06:00:00,148.7,9413.225659434362,Hold,9413.225659434398,4802.971576227519
Hold,2021-08-01 07:00:00,148.0,9368.91323198578,Hold,9368.913231985816,4780.361757106072
Hold,2021-08-01 08:00:00,148.3,9387.904272320888,Hold,9387.904272320926,4790.051679586692
Hold,2021-08-01 09:00:00,148.94,9428.418491702447,Hold,9428.418491702485,4810.723514212016
Hold,2021-08-01 10:00:00,146.62,9281.554446444292,Hold,9281.55444644433,4735.788113695219
Hold,2021-08-01 11:00:00,147.2,9318.270457758828,Hold,9318.270457758865,4754.521963824418
Hold,2021-08-01 12:00:00,146.79,9292.316035967518,Hold,9292.316035967555,4741.27906976757
Hold,2021-08-01 13:00:00,145.36,9201.792077036846,Hold,9201.792077036884,4695.090439276613
Hold,2021-08-01 14:00:00,145.54,9213.186701237908,Hold,9213.186701237944,4700.9043927649855
Hold,2021-08-01 15:00:00,145.91,9236.608984317874,Hold,9236.60898431791,4712.85529715775
Hold,2021-08-01 16:00:00,145.89,9235.342914962199,Hold,9235.342914962237,4712.209302325709
Hold,2021-08-01 17:00:00,144.38,9139.754678608831,Hold,9139.754678608868,4663.436692506586
Hold,2021-08-01 18:00:00,144.89,9172.039447178511,Hold,9172.039447178548,4679.90956072364
Hold,2021-08-01 19:00:00,145.67,9221.416152049787,Hold,9221.416152049826,4705.103359173253
Hold,2021-08-01 20:00:00,146.27,9259.398232720003,Hold,9259.39823272004,4724.483204134494
Hold,2021-08-01 21:00:00,145.94,9238.508088351384,Hold,9238.50808835142,4713.824289405812
Hold,2021-08-01 22:00:00,142.75,9036.570026121419,Hold,9036.570026121455,4610.7881136952155
Hold,2021-08-01 23:00:00,140.31,8882.109564729222,Hold,8882.109564729257,4531.9767441861695
Hold,2021-08-02 00:00:00,139.34,8820.705200979046,Hold,8820.70520097908,4500.6459948321635
Hold,2021-08-02 01:00:00,139.7,8843.494449381173,Hold,8843.494449381207,4512.273901808908
Hold,2021-08-02 02:00:00,140.92,8920.724680077272,Hold,8920.724680077308,4551.679586563431
Hold,2021-08-02 03:00:00,141.24,8940.981789768051,Hold,8940.981789768088,4562.015503876094
Sell,2021-08-02 04:00:00,141.06,8929.587165566989,Sinal: Venda,8929.587165567027,4556.201550387722
Buy,2021-08-06 01:00:00,144.11,8929.587165566989,Sinal: Compra,8929.587165567027,4654.715762274029
Hold,2021-08-06 02:00:00,144.13,8912.973717286946,Hold,8912.973717286985,4655.36175710607
Hold,2021-08-06 03:00:00,146.03,9030.469381359973,Hold,9030.469381360012,4716.73126615
Hold,2021-08-06 04:00:00,145.6,9003.878257385551,Hold,9003.87825738559,4702.84237726111
Hold,2021-08-06 05:00:00,146.34,9049.639726550833,Hold,9049.639726550871,4726.7441860466415
Hold,2021-08-06 06:00:00,146.26,9044.692540695129,Hold,9044.692540695169,4724.160206718476
Hold,2021-08-06 07:00:00,145.41,8992.128690978248,Hold,8992.128690978287,4696.705426356719
Hold,2021-08-06 08:00:00,145.56,9001.404664457697,Hold,9001.404664457736,4701.550387597028
Hold,2021-08-06 09:00:00,144.85,8957.498389988305,Hold,8957.498389988343,4678.61757105956
Hold,2021-08-06 10:00:00,144.65,8945.13042534904,Hold,8945.130425349078,4672.157622739147
Hold,2021-08-06 11:00:00,144.05,8908.026531431242,Hold,8908.026531431278,4652.777777777906
Hold,2021-08-06 12:00:00,144.99,8966.15596523579,Hold,8966.155965235828,4683.13953488385
Hold,2021-08-06 13:00:00,145.52,8998.931071529845,Hold,8998.931071529885,4700.258397932946
Hold,2021-08-06 14:00:00,144.77,8952.551204132598,Hold,8952.551204132638,4676.033591731395
Hold,2021-08-06 15:00:00,149.09,9219.69924034074,Hold,9219.69924034078,4815.568475452329
Hold,2021-08-06 16:00:00,148.78,9200.528895149879,Hold,9200.528895149919,4805.5555555556875
Hold,2021-08-06 17:00:00,149.0,9214.13365625307,Hold,9214.13365625311,4812.661498708143
Hold,2021-08-06 18:00:00,147.96,9149.820240128889,Hold,9149.820240128929,4779.069767441993
Hold,2021-08-06 19:00:00,148.55,9186.305735814722,Hold,9186.305735814762,4798.126614987213
Hold,2021-08-06 20:00:00,148.57,9187.542532278649,Hold,9187.542532278687,4798.772609819253
Hold,2021-08-06 21:00:00,148.29,9170.227381783676,Hold,9170.227381783714,4789.728682170675
Hold,2021-08-06 22:00:00,148.22,9165.898594159933,Hold,9165.898594159971,4787.4677002585295
Hold,2021-08-06 23:00:00,147.95,9149.201841896926,Hold,9149.201841896964,4778.746770025971
Hold,2021-08-07 00:00:00,150.63,9314.932568063086,Hold,9314.932568063126,4865.3100775195135
Hold,2021-08-07 01:00:00,150.73,9321.11655038272,Hold,9321.11655038276,4868.540051679721
Hold,2021-08-07 02:00:00,153.48,9491.176064172625,Hold,9491.176064172665,4957.364341085407
Hold,2021-08-07 03:00:00,153.39,9485.610480084955,Hold,9485.610480084995,4954.45736434122
Hold,2021-08-07 04:00:00,152.25,9415.11308164114,Hold,9415.11308164118,4917.635658914864
Hold,2021-08-07 05:00:00,152.55,9433.66502860004,Hold,9433.66502860008,4927.325581395486
Hold,2021-08-07 06:00:00,151.67,9379.245984187268,Hold,9379.245984187306,4898.901808785665
Hold,2021-08-07 07:00:00,152.12,9407.073904625619,Hold,9407.073904625657,4913.436692506596
Hold,2021-08-07 08:00:00,152.7,9442.941002079488,Hold,9442.941002079526,4932.170542635795
Hold,2021-08-07 09:00:00,154.36,9545.595108585398,Hold,9545.595108585436,4985.788113695228
Hold,2021-08-07 10:00:00,154.3,9541.884719193617,Hold,9541.884719193655,4983.850129199104
Hold,2021-08-07 11:00:00,154.65,9563.528657312332,Hold,9563.528657312372,4995.155038759828
Hold,2021-08-07 12:00:00,150.99,9337.194904413767,Hold,9337.194904413804,4876.937984496259
Hold,2021-08-07 13:00:00,150.18,9287.10464762474,Hold,9287.104647624776,4850.775193798583
Hold,2021-08-07 14:00:00,152.48,9429.336240976296,Hold,9429.336240976334,4925.064599483339
Hold,2021-08-07 15:00:00,153.72,9506.017621739746,Hold,9506.017621739784,4965.116279069904
Hold,2021-08-07 16:00:00,154.7,9566.620648472148,Hold,9566.620648472186,4996.77002583993
Hold,2021-08-07 17:00:00,152.61,9437.37541799182,Hold,9437.375417991858,4929.263565891609
Hold,2021-08-07 18:00:00,153.13,9469.53212605391,Hold,9469.532126053948,4946.0594315246835
Hold,2021-08-07 19:00:00,153.91,9517.767188147047,Hold,9517.767188147083,4971.253229974296
Hold,2021-08-07 20:00:00,154.56,9557.963073224662,Hold,9557.963073224699,4992.248062015641
Hold,2021-08-07 21:00:00,152.88,9454.072170254827,Hold,9454.072170254864,4937.984496124167
Hold,2021-08-07 22:00:00,154.23,9537.555931569872,Hold,9537.555931569908,4981.589147286958
Hold,2021-08-07 23:00:00,155.92,9642.065232771669,Hold,9642.065232771707,5036.175710594453
Hold,2021-08-08 00:00:00,156.45,9674.840339065724,Hold,9674.840339065762,5053.2945736435495
Sell,2021-08-08 01:00:00,152.98,9460.25615257446,Sinal: Venda,9460.256152574497,4941.214470284373
Buy,2021-08-08 03:00:00,154.18,9460.25615257446,Sinal: Compra,9460.256152574497,4979.974160206855
Hold,2021-08-08 04:00:00,153.66,9409.502452631616,Hold,9409.502452631652,4963.17829457378
Hold,2021-08-08 05:00:00,154.8,9479.311334552742,Hold,9479.311334552778,5000.000000000137
Hold,2021-08-08 06:00:00,156.34,9573.614561007595,Hold,9573.614561007631,5049.741602067324
Hold,2021-08-08 07:00:00,155.2,9503.805679086468,Hold,9503.805679086505,5012.919896640965
Hold,2021-08-08 08:00:00,153.63,9407.665376791587,Hold,9407.665376791621,4962.209302325718
Hold,2021-08-08 09:00:00,155.11,9498.294451566382,Hold,9498.294451566419,5010.01291989678
Hold,2021-08-08 10:00:00,153.23,9383.171032257858,Hold,9383.171032257893,4949.289405684891
Hold,2021-08-08 11:00:00,153.33,9389.294618391292,Hold,9389.294618391326,4952.519379845099
Hold,2021-08-08 12:00:00,155.0,9491.558506819605,Hold,9491.558506819641,5006.459948320552
Hold,2021-08-08 13:00:00,153.96,9427.873211031914,Hold,9427.87321103195,4972.8682170544025
Hold,2021-08-08 14:00:00,150.65,9225.182510015315,Hold,9225.182510015351,4865.956072351556
Hold,2021-08-08 15:00:00,150.89,9239.879116735548,Hold,9239.879116735585,4873.708010336051
Hold,2021-08-08 16:00:00,148.74,9108.222014866762,Hold,9108.222014866798,4804.263565891606
Hold,2021-08-08 17:00:00,148.86,9115.57031822688,Hold,9115.570318226917,4808.139534883854
Hold,2021-08-08 18:00:00,148.84,9114.345601000196,Hold,9114.345601000232,4807.493540051813
Hold,2021-08-08 19:00:00,148.95,9121.081545746967,Hold,9121.081545747003,4811.046511628039
Hold,2021-08-08 20:00:00,148.62,9100.873711506643,Hold,9100.87371150668,4800.387596899357
Hold,2021-08-08 21:00:00,149.76,9170.682593427768,Hold,9170.682593427802,4837.209302325714
Hold,2021-08-08 22:00:00,151.05,9249.676854549041,Hold,9249.676854549076,4878.875968992383
Sell,2021-08-08 23:00:00,149.69,9166.396083134367,Sinal: Venda,9166.396083134401,4834.94832041357
Buy,2021-08-09 21:00:00,165.98,9166.396083134367,Sinal: Compra,9166.396083134401,5361.111111111259
Hold,2021-08-09 22:00:00,168.49,9286.412389090801,Hold,9286.412389090836,5442.183462532452
Hold,2021-08-09 23:00:00,166.31,9166.260575878041,Hold,9166.260575878076,5371.770025839943
Hold,2021-08-10 00:00:00,163.28,8999.260578614434,Hold,8999.260578614469,5273.901808785676
Hold,2021-08-10 01:00:00,163.31,9000.914043933875,Hold,9000.91404393391,5274.870801033738
Hold,2021-08-10 02:00:00,165.0,9094.059256929087,Hold,9094.059256929124,5329.457364341233
Hold,2021-08-10 03:00:00,162.86,8976.112064142251,Hold,8976.112064142286,5260.335917312808
Hold,2021-08-10 04:00:00,161.06,8876.904144975751,Hold,8876.904144975786,5202.196382429085
Hold,2021-08-10 05:00:00,162.79,8972.253978396886,Hold,8972.25397839692,5258.074935400663
Hold,2021-08-10 06:00:00,165.95,9146.418992044739,Hold,9146.418992044775,5360.142118863198
Hold,2021-08-10 07:00:00,166.02,9150.277077790104,Hold,9150.27707779014,5362.403100775343
Hold,2021-08-10 08:00:00,165.1,9099.570807993894,Hold,9099.57080799393,5332.6873385014405
Hold,2021-08-10 09:00:00,164.28,9054.376089262489,Hold,9054.376089262525,5306.201550387744
Hold,2021-08-10 10:00:00,161.79,8917.138467748831,Hold,8917.138467748868,5225.775193798594
Hold,2021-08-10 11:00:00,163.26,8998.158268401472,Hold,8998.158268401508,5273.255813953634
Hold,2021-08-10 12:00:00,167.29,9220.273776313135,Hold,9220.273776313172,5403.423772609968
Hold,2021-08-10 13:00:00,164.86,9086.343085438362,Hold,9086.343085438399,5324.935400516943
Hold,2021-08-10 14:00:00,163.37,9004.220974572758,Hold,9004.220974572794,5276.808785529862
Hold,2021-08-10 15:00:00,162.69,8966.742427332081,Hold,8966.742427332118,5254.844961240455
Hold,2021-08-10 16:00:00,159.51,8791.475103471266,Hold,8791.475103471303,5152.131782945878
Hold,2021-08-10 17:00:00,161.45,8898.399194128493,Hold,8898.399194128531,5214.79328165389
Hold,2021-08-10 18:00:00,163.43,9007.527905211642,Hold,9007.527905211682,5278.746770025985
Hold,2021-08-10 19:00:00,164.73,9079.178069054113,Hold,9079.178069054151,5320.736434108672
Hold,2021-08-10 20:00:00,167.01,9204.841433331678,Hold,9204.841433331718,5394.379844961388
Hold,2021-08-10 21:00:00,167.44,9228.541102910343,Hold,9228.541102910382,5408.268733850277
Hold,2021-08-10 22:00:00,164.97,9092.405791609646,Hold,9092.405791609686,5328.488372093168
Hold,2021-08-10 23:00:00,165.38,9115.003150975348,Hold,9115.003150975386,5341.731266150017
Hold,2021-08-11 00:00:00,167.03,9205.94374354464,Hold,9205.94374354468,5395.0258397934285
Hold,2021-08-11 01:00:00,166.25,9162.953645239157,Hold,9162.953645239195,5369.832041343815
Hold,2021-08-11 02:00:00,165.72,9133.742424595688,Hold,9133.742424595728,5352.713178294719
Hold,2021-08-11 03:00:00,165.77,9136.498200128091,Hold,9136.498200128131,5354.328165374823
Hold,2021-08-11 04:00:00,166.37,9169.567506516923,Hold,9169.567506516963,5373.708010336064
Hold,2021-08-11 05:00:00,169.73,9354.755622294388,Hold,9354.75562229443,5482.235142119012
Hold,2021-08-11 06:00:00,172.09,9484.828227423799,Hold,9484.828227423843,5558.462532299894
Hold,2021-08-11 07:00:00,172.74,9520.653309345034,Hold,9520.653309345078,5579.457364341239
Hold,2021-08-11 08:00:00,171.5,9452.310076141446,Hold,9452.31007614149,5539.4056847546735
Hold,2021-08-11 09:00:00,170.36,9389.478394002663,Hold,9389.478394002706,5502.583979328317
Hold,2021-08-11 10:00:00,170.64,9404.910736984119,Hold,9404.910736984162,5511.627906976894
Hold,2021-08-11 11:00:00,169.72,9354.204467187908,Hold,9354.204467187952,5481.912144702992
Hold,2021-08-11 12:00:00,170.84,9415.93383911373,Hold,9415.933839113775,5518.087855297309
Hold,2021-08-11 13:00:00,172.25,9493.646709127486,Hold,9493.646709127532,5563.630490956225
Hold,2021-08-11 14:00:00,173.1,9540.494893178335,Hold,9540.494893178382,5591.085271317983
Hold,2021-08-11 15:00:00,172.21,9491.442088701566,Hold,9491.442088701613,5562.338501292143
Hold,2021-08-11 16:00:00,173.27,9549.864529988505,Hold,9549.864529988552,5596.576227390336
Hold,2021-08-11 17:00:00,174.16,9598.917334465274,Hold,9598.91733446532,5625.322997416176
Hold,2021-08-11 18:00:00,173.39,9556.47839126627,Hold,9556.478391266317,5600.452196382583
Hold,2021-08-11 19:00:00,174.51,9618.207763192091,Hold,9618.207763192138,5636.6279069769
Hold,2021-08-11 20:00:00,174.09,9595.059248719908,Hold,9595.059248719956,5623.062015504031
Hold,2021-08-11 21:00:00,172.72,9519.550999132072,Hold,9519.550999132118,5578.811369509197
Hold,2021-08-11 22:00:00,170.06,9372.943740808247,Hold,9372.943740808292,5492.894056847697
Hold,2021-08-11 23:00:00,170.6,9402.706116558196,Hold,9402.706116558242,5510.335917312814
Hold,2021-08-12 00:00:00,176.08,9704.739114909538,Hold,9704.739114909586,5687.338501292147
Hold,2021-08-12 01:00:00,178.36,9830.402479187103,Hold,9830.402479187152,5760.981912144862
Hold,2021-08-12 02:00:00,178.69,9848.590597700962,Hold,9848.59059770101,5771.640826873543
Hold,2021-08-12 03:00:00,174.98,9644.112053196677,Hold,9644.112053196724,5651.808785529871
Hold,2021-08-12 04:00:00,172.71,9518.999844025593,Hold,9518.999844025642,5578.488372093177
Hold,2021-08-12 05:00:00,170.26,9383.966842937858,Hold,9383.966842937905,5499.35400516811
Hold,2021-08-12 06:00:00,169.6,9347.590605910142,Hold,9347.590605910189,5478.036175710745
Hold,2021-08-12 07:00:00,170.22,9381.762222511936,Hold,9381.762222511985,5498.062015504028
Hold,2021-08-12 08:00:00,169.65,9350.346381442543,Hold,9350.346381442592,5479.6511627908485
Hold,2021-08-12 09:00:00,170.92,9420.343079965574,Hold,9420.343079965622,5520.671834625475
Hold,2021-08-12 10:00:00,171.12,9431.366182095186,Hold,9431.366182095233,5527.131782945889
Sell,2021-08-12 11:00:00,168.31,9276.49159717415,Sinal: Venda,9276.491597174198,5436.369509044078
Buy,2021-08-12 23:00:00,165.38,9276.49159717415,Sinal: Compra,9276.491597174198,5341.731266150018
Hold,2021-08-13 00:00:00,167.3,9365.429205924931,Hold,9365.429205924978,5403.746770025989
Hold,2021-08-13 01:00:00,167.62,9383.34275850052,Hold,9383.342758500568,5414.08268733865
Hold,2021-08-13 06:00:00,174.62,9775.201721091522,Hold,9775.201721091573,5640.1808785531275
Hold,2021-08-13 07:00:00,176.85,9900.036790602653,Hold,9900.036790602706,5712.209302325739
Hold,2021-08-13 08:00:00,181.04,10134.592369639267,Hold,10134.59236963932,5847.545219638405
Hold,2021-08-13 09:00:00,181.42,10155.864713322779,Hold,10155.864713322831,5859.81912144719
Hold,2021-08-13 10:00:00,181.47,10158.663705912715,Hold,10158.663705912768,5861.434108527294
Hold,2021-08-13 11:00:00,179.07,10024.3120615958,Hold,10024.31206159585,5783.914728682331
Hold,2021-08-13 12:00:00,181.5,10160.343101466677,Hold,10160.34310146673,5862.403100775356
Hold,2021-08-13 13:00:00,180.19,10087.00949561036,Hold,10087.009495610413,5820.090439276647
Hold,2021-08-13 14:00:00,179.06,10023.752263077813,Hold,10023.752263077868,5783.5917312663105
Hold,2021-08-13 15:00:00,175.97,9850.774521019785,Hold,9850.774521019837,5683.785529715919
Hold,2021-08-13 16:00:00,177.8,9953.217649811433,Hold,9953.217649811486,5742.894056847705
Hold,2021-08-13 17:00:00,177.66,9945.380470559612,Hold,9945.380470559665,5738.372093023415
Hold,2021-08-13 18:00:00,176.85,9900.036790602653,Hold,9900.036790602706,5712.209302325739
Hold,2021-08-13 19:00:00,176.28,9868.128275077386,Hold,9868.128275077439,5693.798449612561
Hold,2021-08-13 20:00:00,181.31,10149.706929624921,Hold,10149.706929624974,5856.266149870962
Hold,2021-08-13 21:00:00,181.13,10139.63055630115,Hold,10139.630556301205,5850.45219638259
Hold,2021-08-13 22:00:00,181.15,10140.750153337125,Hold,10140.75015333718,5851.098191214632
Hold,2021-08-13 23:00:00,183.31,10261.66663322235,Hold,10261.666633222407,5920.865633075099
Hold,2021-08-14 00:00:00,182.56,10219.681744373313,Hold,10219.681744373367,5896.640826873548
Hold,2021-08-14 01:00:00,182.56,10219.681744373313,Hold,10219.681744373367,5896.640826873548
Hold,2021-08-14 02:00:00,181.98,10187.213430330059,Hold,10187.213430330114,5877.906976744348
Hold,2021-08-14 03:00:00,179.18,10030.46984529366,Hold,10030.469845293714,5787.467700258559
Hold,2021-08-14 04:00:00,178.73,10005.278911984236,Hold,10005.278911984291,5772.932816537626
Hold,2021-08-14 05:00:00,180.53,10106.042645221922,Hold,10106.042645221978,5831.07235142135
Hold,2021-08-14 06:00:00,182.12,10195.05060958188,Hold,10195.050609581935,5882.428940568637
Hold,2021-08-14 07:00:00,182.62,10223.040535481237,Hold,10223.040535481292,5898.578811369671
Hold,2021-08-14 08:00:00,182.42,10211.844565121492,Hold,10211.844565121548,5892.118863049257
Hold,2021-08-14 09:00:00,177.7,9947.61966463156,Hold,9947.619664631615,5739.6640826874955
Hold,2021-08-14 10:00:00,176.31,9869.80767063135,Hold,9869.807670631404,5694.767441860621
Hold,2021-08-14 11:00:00,178.62,9999.121128286379,Hold,9999.121128286433,5769.379844961399
Hold,2021-08-14 12:00:00,177.17,9917.950343178241,Hold,9917.950343178296,5722.545219638399
Hold,2021-08-14 13:00:00,179.18,10030.46984529366,Hold,10030.469845293714,5787.467700258558
Hold,2021-08-14 14:00:00,182.54,10218.562147337338,Hold,10218.562147337394,5895.994832041505
Hold,2021-08-14 15:00:00,182.01,10188.892825884019,Hold,10188.892825884075,5878.875968992409
Hold,2021-08-14 16:00:00,181.24,10145.788339999011,Hold,10145.788339999068,5854.005167958817
Hold,2021-08-14 17:00:00,180.99,10131.793377049333,Hold,10131.79337704939,5845.9302325582985
Hold,2021-08-14 18:00:00,180.97,10130.673780013358,Hold,10130.673780013414,5845.284237726257
Hold,2021-08-14 19:00:00,181.39,10154.185317768815,Hold,10154.185317768872,5858.850129199125
Hold,2021-08-14 20:00:00,178.67,10001.920120876313,Hold,10001.920120876368,5770.994832041501
Hold,2021-08-14 21:00:00,181.38,10153.62551925083,Hold,10153.625519250885,5858.527131783106
Hold,2021-08-14 22:00:00,180.31,10093.727077826206,Hold,10093.727077826261,5823.966408268893
Hold,2021-08-14 23:00:00,182.76,10230.877714733057,Hold,10230.877714733111,5903.100775193959
Hold,2021-08-15 00:00:00,186.38,10433.524778244402,Hold,10433.524778244459,6020.025839793445
Hold,2021-08-15 01:00:00,183.38,10265.58522284826,Hold,10265.585222848316,5923.126614987241
Hold,2021-08-15 02:00:00,185.01,10356.832381280163,Hold,10356.832381280217,5975.775193798611
Hold,2021-08-15 03:00:00,182.59,10221.361139927276,Hold,10221.36113992733,5897.609819121607
Hold,2021-08-15 04:00:00,181.56,10163.701892574598,Hold,10163.701892574652,5864.341085271477
Hold,2021-08-15 05:00:00,180.76,10118.918011135627,Hold,10118.918011135682,5838.501291989822
Hold,2021-08-15 06:00:00,179.87,10069.095943034772,Hold,10069.095943034827,5809.7545219639815
Hold,2021-08-15 07:00:00,177.23,9921.309134286164,Hold,9921.309134286219,5724.483204134521
Hold,2021-08-15 08:00:00,177.95,9961.614627581239,Hold,9961.614627581293,5747.739018088009
Hold,2021-08-15 09:00:00,179.33,10038.866823063467,Hold,10038.86682306352,5792.312661498864
Hold,2021-08-15 10:00:00,178.02,9965.53321720715,Hold,9965.533217207205,5750.0000000001555
Hold,2021-08-15 11:00:00,179.37,10041.106017135415,Hold,10041.10601713547,5793.6046511629465
Hold,2021-08-15 12:00:00,177.47,9934.744298717857,Hold,9934.74429871791,5732.235142119018
Hold,2021-08-15 13:00:00,178.71,10004.159314948263,Hold,10004.159314948318,5772.286821705583
Hold,2021-08-15 14:00:00,178.17,9973.930194976958,Hold,9973.930194977012,5754.844961240466
Hold,2021-08-15 15:00:00,180.42,10099.884861524064,Hold,10099.884861524117,5827.519379845118
Hold,2021-08-15 16:00:00,179.01,10020.953270487877,Hold,10020.95327048793,5781.976744186202
Hold,2021-08-15 17:00:00,180.34,10095.406473380166,Hold,10095.40647338022,5824.9354005169525
Hold,2021-08-15 18:00:00,181.14,10140.190354819139,Hold,10140.190354819193,5850.775193798607
Hold,2021-08-15 19:00:00,182.33,10206.80637845961,Hold,10206.806378459663,5889.211886305069
Hold,2021-08-15 20:00:00,183.26,10258.867640632414,Hold,10258.867640632468,5919.250645994992
Hold,2021-08-15 21:00:00,183.13,10251.59025989858,Hold,10251.590259898634,5915.051679586723
Hold,2021-08-15 22:00:00,185.69,10394.89868050329,Hold,10394.898680503344,5997.7390180880175
Hold,2021-08-15 23:00:00,184.6,10333.880642042692,Hold,10333.880642042746,5962.532299741763
Hold,2021-08-16 00:00:00,186.17,10421.769009366672,Hold,10421.769009366728,6013.24289405701
Hold,2021-08-16 01:00:00,186.51,10440.802158978235,Hold,10440.802158978291,6024.224806201713
Hold,2021-08-16 02:00:00,186.75,10454.237323409927,Hold,10454.237323409983,6031.97674418621
Hold,2021-08-16 03:00:00,183.64,10280.139984315925,Hold,10280.139984315982,5931.524547803779
Hold,2021-08-16 04:00:00,185.4,10378.664523481662,Hold,10378.664523481719,5988.37209302342
Hold,2021-08-16 05:00:00,186.63,10447.51974119408,Hold,10447.519741194139,6028.100775193963
Hold,2021-08-16 06:00:00,186.23,10425.127800474595,Hold,10425.127800474653,6015.180878553136
Hold,2021-08-16 07:00:00,185.48,10383.14291162556,Hold,10383.142911625619,5990.956072351585
Hold,2021-08-16 08:00:00,185.15,10364.669560531986,Hold,10364.669560532044,5980.297157622903
Hold,2021-08-16 09:00:00,185.64,10392.099687913353,Hold,10392.099687913409,5996.124031007916
Hold,2021-08-16 10:00:00,187.13,10475.509667093438,Hold,10475.509667093498,6044.250645994997
Hold,2021-08-16 11:00:00,187.36,10488.385033007144,Hold,10488.385033007204,6051.679586563473
Hold,2021-08-16 12:00:00,186.08,10416.730822704789,Hold,10416.730822704847,6010.3359173128265
Hold,2021-08-16 13:00:00,181.22,10144.668742963035,Hold,10144.668742963091,5853.359173126774
Hold,2021-08-16 14:00:00,180.23,10089.248689682308,Hold,10089.248689682365,5821.382428940728
Hold,2021-08-16 15:00:00,182.33,10206.80637845961,Hold,10206.806378459665,5889.211886305071
Hold,2021-08-16 16:00:00,184.35,10319.885679093011,Hold,10319.885679093068,5954.457364341248
Sell,2021-08-16 17:00:00,183.78,10287.977163567744,Sinal: Venda,10287.977163567799,5936.046511628069
Buy,2021-08-22 15:00:00,182.27,10287.977163567744,Sinal: Compra,10287.977163567799,5887.273901808946
Hold,2021-08-22 16:00:00,181.94,10248.82233940748,Hold,10248.822339407534,5876.614987080264
Hold,2021-08-22 17:00:00,181.6,10229.669873784756,Hold,10229.669873784811,5865.633074935561
Hold,2021-08-22 18:00:00,180.56,10171.085861291715,Hold,10171.08586129177,5832.041343669411
Hold,2021-08-22 19:00:00,180.93,10191.92825035174,Hold,10191.928250351795,5843.992248062175
Hold,2021-08-22 20:00:00,179.51,10111.93854098624,Hold,10111.938540986293,5798.126614987238
Hold,2021-08-22 21:00:00,180.94,10192.491558164173,Hold,10192.491558164227,5844.315245478196
Hold,2021-08-22 22:00:00,183.31,10325.995509710814,Hold,10325.995509710869,5920.865633075097
Hold,2021-08-22 23:00:00,185.91,10472.455540943414,Hold,10472.455540943469,6004.844961240473
Hold,2021-08-23 00:00:00,186.39,10499.494315940201,Hold,10499.494315940257,6020.348837209465
Hold,2021-08-23 01:00:00,187.49,10561.45817530784,Hold,10561.458175307898,6055.878552971742
Hold,2021-08-23 02:00:00,189.33,10665.10681279553,Hold,10665.106812795588,6115.310077519546
Hold,2021-08-23 03:00:00,188.69,10629.055112799811,Hold,10629.055112799868,6094.638242894222
Hold,2021-08-23 04:00:00,189.27,10661.726965920929,Hold,10661.726965920987,6113.372093023421
Hold,2021-08-23 05:00:00,188.83,10636.941422173875,Hold,10636.941422173933,6099.160206718511
Hold,2021-08-23 06:00:00,187.67,10571.597715931635,Hold,10571.597715931694,6061.692506460111
Hold,2021-08-23 07:00:00,187.84,10581.173948742999,Hold,10581.173948743057,6067.183462532464
Hold,2021-08-23 08:00:00,189.2,10657.783811233898,Hold,10657.783811233958,6111.111111111276
Hold,2021-08-23 09:00:00,190.02,10703.975051853411,Hold,10703.975051853473,6137.596899224972
Hold,2021-08-23 10:00:00,189.23,10659.473734671197,Hold,10659.473734671257,6112.080103359338
Hold,2021-08-23 11:00:00,190.26,10717.494439351804,Hold,10717.494439351864,6145.348837209468
Hold,2021-08-23 12:00:00,189.8,10691.582279979884,Hold,10691.582279979946,6130.490956072517
Hold,2021-08-23 13:00:00,188.82,10636.378114361441,Hold,10636.378114361502,6098.83720930249
Hold,2021-08-23 14:00:00,186.39,10499.494315940201,Hold,10499.494315940261,6020.348837209464
Hold,2021-08-23 15:00:00,186.44,10502.310855002368,Hold,10502.310855002428,6021.963824289569
Hold,2021-08-23 16:00:00,188.39,10612.155878426818,Hold,10612.15587842688,6084.948320413601
Sell,2021-08-23 17:00:00,186.73,10518.646781562926,Sinal: Venda,10518.646781562988,6031.330749354169
Buy,2021-08-23 19:00:00,185.31,10518.646781562926,Sinal: Compra,10518.646781562988,5985.4651162792325
Hold,2021-08-23 20:00:00,186.19,10547.471097283076,Hold,10547.471097283138,6013.888888889052
Hold,2021-08-23 21:00:00,186.54,10567.298235604409,Hold,10567.29823560447,6025.193798449776
Hold,2021-08-23 22:00:00,187.05,10596.189208586926,Hold,10596.189208586988,6041.666666666832
Hold,2021-08-23 23:00:00,187.01,10593.923249921629,Hold,10593.92324992169,6040.374677002748
Hold,2021-08-24 00:00:00,185.26,10494.78755831496,Hold,10494.787558315022,5983.850129199129
Hold,2021-08-24 01:00:00,183.42,10390.553459711378,Hold,10390.55345971144,5924.418604651324
Hold,2021-08-24 02:00:00,184.81,10469.295523330391,Hold,10469.295523330453,5969.315245478198
Hold,2021-08-24 03:00:00,185.19,10490.822130650695,Hold,10490.822130650757,5981.589147286984
Hold,2021-08-24 04:00:00,186.19,10547.471097283076,Hold,10547.47109728314,6013.888888889052
Hold,2021-08-24 05:00:00,186.09,10541.80620061984,Hold,10541.806200619903,6010.658914728847
Hold,2021-08-24 06:00:00,187.33,10612.050919243991,Hold,10612.050919244057,6050.710594315411
Hold,2021-08-24 07:00:00,187.49,10621.114753905173,Hold,10621.114753905238,6055.878552971742
Hold,2021-08-24 08:00:00,186.72,10577.49504959824,Hold,10577.495049598303,6031.007751938148
Hold,2021-08-24 09:00:00,186.93,10589.391332591038,Hold,10589.3913325911,6037.7906976745835
Hold,2021-08-24 10:00:00,185.25,10494.221068648638,Hold,10494.2210686487,5983.527131783108
Hold,2021-08-24 11:00:00,186.08,10541.239710953516,Hold,10541.23971095358,6010.335917312826
Hold,2021-08-24 12:00:00,184.71,10463.630626667153,Hold,10463.630626667216,5966.085271317992
Hold,2021-08-24 13:00:00,181.37,10274.423078114998,Hold,10274.42307811506,5858.204134367084
Hold,2021-08-24 14:00:00,180.26,10211.542725153055,Hold,10211.542725153116,5822.351421188788
Hold,2021-08-24 15:00:00,177.29,10043.295294254882,Hold,10043.295294254942,5726.421188630646
Hold,2021-08-24 16:00:00,173.94,9853.521256036405,Hold,9853.521256036465,5618.217054263718
Hold,2021-08-24 17:00:00,175.01,9914.135650333052,Hold,9914.135650333114,5652.777777777929
Hold,2021-08-24 18:00:00,175.37,9934.52927832071,Hold,9934.529278320771,5664.405684754674
Hold,2021-08-24 19:00:00,176.26,9984.94685862353,Hold,9984.946858623594,5693.152454780515
Hold,2021-08-24 20:00:00,176.88,10020.069217935607,Hold,10020.069217935668,5713.178294573798
Sell,2021-08-24 21:00:00,175.12,9920.367036662616,Sinal: Venda,9920.367036662677,5656.330749354158
Buy,2021-08-29 03:00:00,176.4,9920.367036662616,Sinal: Compra,9920.367036662677,5697.674418604805
Hold,2021-08-29 04:00:00,177.0,9934.21151623169,Hold,9934.21151623175,5717.054263566046
Hold,2021-08-29 05:00:00,177.5,9962.274260627823,Hold,9962.274260627884,5733.204134367079
Hold,2021-08-29 06:00:00,178.6,10024.012298299318,Hold,10024.01229829938,5768.7338501293525
Hold,2021-08-29 07:00:00,179.1,10052.075042695455,Hold,10052.075042695518,5784.883720930387
Hold,2021-08-29 08:00:00,178.6,10024.012298299318,Hold,10024.012298299382,5768.733850129353
Hold,2021-08-29 09:00:00,178.7,10029.624847178546,Hold,10029.624847178608,5771.963824289561
Hold,2021-08-29 10:00:00,178.1,9995.949553903185,Hold,9995.949553903247,5752.58397932832
Hold,2021-08-29 11:00:00,175.9,9872.473478560192,Hold,9872.473478560254,5681.5245478037705
Hold,2021-08-29 12:00:00,176.8,9922.986418473236,Hold,9922.986418473296,5710.594315245633
Hold,2021-08-29 13:00:00,175.8,9866.860929680966,Hold,9866.860929681026,5678.294573643565
Hold,2021-08-29 14:00:00,174.0,9765.835049854879,Hold,9765.835049854939,5620.155038759842
Hold,2021-08-29 15:00:00,174.5,9793.897794251016,Hold,9793.897794251076,5636.304909560876
Hold,2021-08-29 16:00:00,175.3,9838.798185284832,Hold,9838.798185284892,5662.14470284253
Sell,2021-08-29 17:00:00,174.6,9799.510343130241,Sinal: Venda,9799.510343130303,5639.534883721082
Buy,2021-09-03 01:00:00,181.4,9799.510343130241,Sinal: Compra,9799.510343130303,5859.1731266151455
Hold,2021-09-03 02:00:00,184.0,9920.096397131178,Hold,9920.096397131241,5943.152454780521
Hold,2021-09-03 03:00:00,185.7,10011.74946166989,Hold,10011.749461669951,5998.062015504036
Hold,2021-09-03 04:00:00,187.3,10098.011169471032,Hold,10098.011169471094,6049.741602067346
Hold,2021-09-03 05:00:00,186.3,10044.097602095319,Hold,10044.09760209538,6017.441860465278
Hold,2021-09-03 06:00:00,185.5,10000.966748194747,Hold,10000.966748194809,5991.602067183623
Hold,2021-09-03 07:00:00,184.1,9925.487753868749,Hold,9925.48775386881,5946.3824289407285
Hold,2021-09-03 08:00:00,187.9,10130.35930989646,Hold,10130.359309896525,6069.121447028587
Hold,2021-09-03 09:00:00,191.5,10324.448152449026,Hold,10324.448152449091,6185.400516796031
Hold,2021-09-03 10:00:00,190.6,10275.925941810883,Hold,10275.925941810949,6156.330749354171
Hold,2021-09-03 11:00:00,195.0,10513.14563826402,Hold,10513.145638264088,6298.449612403271
Hold,2021-09-03 12:00:00,197.4,10642.538199965731,Hold,10642.538199965798,6375.968992248235
Hold,2021-09-03 13:00:00,199.6,10761.1480481923,Hold,10761.14804819237,6447.028423772785
Hold,2021-09-03 14:00:00,205.1,11057.672668758722,Hold,11057.67266875879,6624.67700258416
Hold,2021-09-03 15:00:00,206.8,11149.325733297434,Hold,11149.325733297504,6679.5865633076755
Hold,2021-09-03 16:00:00,207.5,11187.065230460432,Hold,11187.065230460503,6702.196382429122
Hold,2021-09-03 17:00:00,213.3,11499.763921239568,Hold,11499.76392123964,6889.534883721119
Hold,2021-09-03 18:00:00,216.9,11693.852763792134,Hold,11693.852763792207,7005.813953488563
Hold,2021-09-03 19:00:00,214.5,11564.460202090424,Hold,11564.460202090497,6928.2945736435995
Hold,2021-09-03 20:00:00,212.4,11451.241710601425,Hold,11451.241710601495,6860.465116279257
Hold,2021-09-03 21:00:00,213.7,11521.32934818985,Hold,11521.329348189922,6902.454780361945
Hold,2021-09-03 22:00:00,208.5,11240.978797836146,Hold,11240.978797836215,6734.496124031192
Hold,2021-09-03 23:00:00,212.9,11478.198494289281,Hold,11478.198494289352,6876.614987080292
Hold,2021-09-04 00:00:00,213.9,11532.112061664995,Hold,11532.112061665064,6908.91472868236
Hold,2021-09-04 01:00:00,209.9,11316.457792162144,Hold,11316.457792162211,6779.715762274088
Hold,2021-09-04 02:00:00,213.0,11483.589851026853,Hold,11483.58985102692,6879.844961240499
Hold,2021-09-04 03:00:00,213.3,11499.763921239568,Hold,11499.763921239637,6889.5348837211195
Hold,2021-09-04 04:00:00,211.1,11381.154073012998,Hold,11381.154073013065,6818.47545219657
Hold,2021-09-04 05:00:00,211.7,11413.502213438425,Hold,11413.502213438494,6837.85529715781
Hold,2021-09-04 06:00:00,213.9,11532.112061664995,Hold,11532.112061665066,6908.91472868236
Hold,2021-09-04 07:00:00,213.6,11515.93799145228,Hold,11515.93799145235,6899.22480620174
Take-Profit,2021-09-04 08:00:00,223.1,12028.116881521553,TP 20.0% hit,12028.116881521628,7206.072351421385
Buy,2021-09-04 20:00:00,214.0,12028.116881521553,Sinal: Compra,12028.116881521628,6912.144702842566
Hold,2021-09-04 21:00:00,213.8,11992.853916365228,Hold,11992.853916365302,6905.6847545221535
Hold,2021-09-04 22:00:00,212.4,11914.322599794083,Hold,11914.322599794157,6860.465116279258
Hold,2021-09-04 23:00:00,211.9,11886.27570101867,Hold,11886.275701018745,6844.315245478224
Hold,2021-09-05 00:00:00,216.8,12161.135309017687,Hold,12161.135309017762,7002.583979328358
Hold,2021-09-05 01:00:00,215.7,12099.432131711785,Hold,12099.43213171186,6967.054263566082
Hold,2021-09-05 02:00:00,216.7,12155.525929262605,Hold,12155.52592926268,6999.354005168148
Hold,2021-09-05 03:00:00,213.2,11959.197637834735,Hold,11959.197637834808,6886.304909560911
Hold,2021-09-05 04:00:00,214.3,12020.90081514064,Hold,12020.900815140714,6921.834625323187
Hold,2021-09-05 05:00:00,212.6,11925.541359304243,Hold,11925.54135930432,6866.92506459967
Hold,2021-09-05 06:00:00,214.3,12020.90081514064,Hold,12020.900815140716,6921.834625323186
Hold,2021-09-05 07:00:00,214.6,12037.728954405884,Hold,12037.72895440596,6931.524547803806
Hold,2021-09-05 08:00:00,218.1,12234.057245833752,Hold,12234.05724583383,7044.573643411044
Hold,2021-09-05 09:00:00,217.5,12200.40096730326,Hold,12200.400967303338,7025.193798449804
Hold,2021-09-05 10:00:00,216.0,12116.26027097703,Hold,12116.260270977109,6976.7441860467015
Hold,2021-09-05 11:00:00,217.7,12211.619726813424,Hold,12211.619726813504,7031.653746770217
Hold,2021-09-05 12:00:00,221.4,12419.166777751458,Hold,12419.16677775154,7151.16279069787
Hold,2021-09-05 13:00:00,225.6,12654.760727464898,Hold,12654.760727464982,7286.821705426556
Hold,2021-09-05 14:00:00,225.9,12671.588866730146,Hold,12671.58886673023,7296.511627907176
Hold,2021-09-05 15:00:00,225.0,12621.104448934408,Hold,12621.10444893449,7267.441860465316
Hold,2021-09-05 16:00:00,226.5,12705.245145260636,Hold,12705.245145260718,7315.891472868417
Hold,2021-09-05 17:00:00,224.8,12609.885689424244,Hold,12609.885689424324,7260.981912144901
Hold,2021-09-05 18:00:00,224.4,12587.448170403915,Hold,12587.448170403995,7248.062015504073
Hold,2021-09-05 19:00:00,223.2,12520.13561334293,Hold,12520.13561334301,7209.302325581592
Hold,2021-09-05 20:00:00,225.1,12626.713828689488,Hold,12626.713828689568,7270.671834625521
Hold,2021-09-05 21:00:00,226.0,12677.198246485226,Hold,12677.198246485308,7299.741602067382
Hold,2021-09-05 22:00:00,225.4,12643.541967954736,Hold,12643.541967954816,7280.361757106141
Hold,2021-09-05 23:00:00,232.2,13024.979791300308,Hold,13024.979791300391,7500.000000000204
Hold,2021-09-06 00:00:00,228.3,12806.213980852113,Hold,12806.213980852195,7374.031007752138
Hold,2021-09-06 01:00:00,226.9,12727.682664280965,Hold,12727.682664281048,7328.8113695092425
Hold,2021-09-06 02:00:00,224.6,12598.66692991408,Hold,12598.666929914161,7254.521963824485
Hold,2021-09-06 03:00:00,224.5,12593.057550158997,Hold,12593.05755015908,7251.291989664279
Hold,2021-09-06 04:00:00,226.1,12682.80762624031,Hold,12682.807626240394,7302.971576227586
Hold,2021-09-06 05:00:00,227.3,12750.120183301295,Hold,12750.120183301378,7341.731266150069
Hold,2021-09-06 06:00:00,228.4,12811.823360607194,Hold,12811.823360607277,7377.260981912344
Hold,2021-09-06 07:00:00,228.7,12828.65149987244,Hold,12828.651499872525,7386.950904392963
Hold,2021-09-06 08:00:00,228.3,12806.213980852113,Hold,12806.213980852199,7374.031007752136
Hold,2021-09-06 09:00:00,230.5,12929.620335463915,Hold,12929.620335464004,7445.090439276686
Hold,2021-09-06 10:00:00,231.0,12957.667234239325,Hold,12957.667234239412,7461.240310077719
Hold,2021-09-06 11:00:00,223.6,12542.573132363259,Hold,12542.573132363344,7222.222222222415
Hold,2021-09-06 12:00:00,221.4,12419.166777751458,Hold,12419.166777751541,7151.1627906978665
Hold,2021-09-06 13:00:00,222.4,12475.260575302278,Hold,12475.260575302362,7183.4625322999345
Hold,2021-09-06 14:00:00,223.5,12536.963752608179,Hold,12536.963752608264,7218.992248062208
Sell,2021-09-06 15:00:00,221.3,12413.557397996376,Sinal: Venda,12413.55739799646,7147.932816537659
Buy,2021-09-16 18:00:00,187.4,12413.557397996376,Sinal: Compra,12413.55739799646,6052.971576227551
Hold,2021-09-16 19:00:00,185.7,12276.358157886445,Hold,12276.358157886529,5998.062015504035
Hold,2021-09-16 20:00:00,182.5,12064.810790599226,Hold,12064.810790599307,5894.702842377418
Hold,2021-09-16 21:00:00,184.4,12190.417039926013,Hold,12190.417039926097,5956.072351421348
Hold,2021-09-16 22:00:00,185.0,12230.082171292366,Hold,12230.08217129245,5975.452196382588
Hold,2021-09-16 23:00:00,185.2,12243.303881747815,Hold,12243.3038817479,5981.912144703002
Hold,2021-09-17 00:00:00,184.3,12183.806184698287,Hold,12183.80618469837,5952.842377261142
Hold,2021-09-17 01:00:00,186.5,12329.24499970825,Hold,12329.244999708331,6023.901808785692
Hold,2021-09-17 02:00:00,184.6,12203.638750381462,Hold,12203.638750381544,5962.5322997417625
Hold,2021-09-17 03:00:00,186.0,12296.190723569622,Hold,12296.190723569705,6007.751937984658
Hold,2021-09-17 04:00:00,186.6,12335.855854935975,Hold,12335.855854936059,6027.1317829458985
Hold,2021-09-17 05:00:00,186.7,12342.4667101637,Hold,12342.466710163784,6030.361757106105
Hold,2021-09-17 06:00:00,188.1,12435.01868335186,Hold,12435.018683351946,6075.581395349001
Hold,2021-09-17 07:00:00,185.2,12243.303881747815,Hold,12243.3038817479,5981.912144703003
Hold,2021-09-17 08:00:00,188.1,12435.01868335186,Hold,12435.018683351944,6075.5813953490015
Hold,2021-09-17 09:00:00,185.4,12256.525592203268,Hold,12256.52559220335,5988.372093023418
Hold,2021-09-17 10:00:00,182.0,12031.756514460598,Hold,12031.756514460678,5878.552971576386
Hold,2021-09-17 11:00:00,180.4,11925.982830816989,Hold,11925.982830817067,5826.873385013077
Hold,2021-09-17 12:00:00,181.1,11972.258817411068,Hold,11972.258817411146,5849.483204134524
Hold,2021-09-17 13:00:00,180.1,11906.15026513381,Hold,11906.15026513389,5817.183462532455
Hold,2021-09-17 14:00:00,181.5,11998.70223832197,Hold,11998.70223832205,5862.403100775351
Hold,2021-09-17 15:00:00,181.2,11978.869672638793,Hold,11978.869672638873,5852.713178294731
Hold,2021-09-17 16:00:00,181.9,12025.145659232872,Hold,12025.145659232952,5875.3229974161795
Hold,2021-09-17 17:00:00,180.2,11912.761120361536,Hold,11912.761120361616,5820.413436692664
Hold,2021-09-17 18:00:00,180.7,11945.815396500164,Hold,11945.815396500244,5836.563307493698
Hold,2021-09-17 19:00:00,181.8,12018.534804005147,Hold,12018.534804005227,5872.093023255974
Hold,2021-09-17 20:00:00,179.2,11846.65256808428,Hold,11846.65256808436,5788.113695090596
Hold,2021-09-17 21:00:00,180.4,11925.982830816989,Hold,11925.982830817067,5826.8733850130775
Hold,2021-09-17 22:00:00,178.6,11806.987436717925,Hold,11806.987436718004,5768.733850129354
Hold,2021-09-17 23:00:00,180.0,11899.539409906085,Hold,11899.539409906163,5813.95348837225
Hold,2021-09-18 00:00:00,181.8,12018.534804005147,Hold,12018.534804005223,5872.093023255973
Hold,2021-09-18 01:00:00,181.2,11978.869672638793,Hold,11978.86967263887,5852.713178294731
Hold,2021-09-18 02:00:00,181.3,11985.480527866519,Hold,11985.480527866597,5855.943152454937
Hold,2021-09-18 03:00:00,182.2,12044.978224916049,Hold,12044.978224916129,5885.012919896798
Hold,2021-09-18 04:00:00,183.4,12124.308487648757,Hold,12124.308487648837,5923.772609819279
Hold,2021-09-18 05:00:00,184.4,12190.417039926013,Hold,12190.417039926093,5956.072351421347
Hold,2021-09-18 06:00:00,184.3,12183.806184698287,Hold,12183.806184698367,5952.84237726114
Hold,2021-09-18 07:00:00,183.7,12144.141053331932,Hold,12144.141053332012,5933.462532299898
Hold,2021-09-18 08:00:00,184.1,12170.584474242836,Hold,12170.584474242916,5946.382428940726
Hold,2021-09-18 09:00:00,183.5,12130.919342876483,Hold,12130.919342876563,5927.002583979485
Hold,2021-09-18 10:00:00,183.2,12111.086777193303,Hold,12111.086777193384,5917.312661498864
Hold,2021-09-18 11:00:00,182.2,12044.978224916049,Hold,12044.97822491613,5885.012919896797
Hold,2021-09-18 12:00:00,181.3,11985.480527866519,Hold,11985.4805278666,5855.943152454935
Hold,2021-09-18 13:00:00,183.7,12144.141053331932,Hold,12144.141053332016,5933.462532299898
Hold,2021-09-18 14:00:00,182.7,12078.032501054677,Hold,12078.032501054759,5901.162790697829
Hold,2021-09-18 15:00:00,181.9,12025.145659232872,Hold,12025.145659232954,5875.322997416175
Hold,2021-09-18 16:00:00,180.8,11952.426251727891,Hold,11952.426251727973,5839.7932816539005
Hold,2021-09-18 17:00:00,181.3,11985.480527866519,Hold,11985.4805278666,5855.943152454934
Hold,2021-09-18 18:00:00,180.9,11959.037106955615,Hold,11959.037106955697,5843.023255814106
Hold,2021-09-18 19:00:00,181.2,11978.869672638793,Hold,11978.869672638873,5852.713178294726
Hold,2021-09-18 20:00:00,179.6,11873.095988995183,Hold,11873.095988995263,5801.033591731418
Hold,2021-09-18 21:00:00,180.3,11919.371975589262,Hold,11919.371975589343,5823.6434108528665
Hold,2021-09-18 22:00:00,181.0,11965.64796218334,Hold,11965.647962183422,5846.253229974313
Hold,2021-09-18 23:00:00,181.4,11992.091383094245,Hold,11992.091383094325,5859.173126615141
Hold,2021-09-19 00:00:00,179.2,11846.65256808428,Hold,11846.65256808436,5788.11369509059
Hold,2021-09-19 01:00:00,180.6,11939.204541272438,Hold,11939.20454127252,5833.333333333486
Hold,2021-09-19 02:00:00,180.4,11925.982830816989,Hold,11925.98283081707,5826.873385013072
Hold,2021-09-19 03:00:00,179.5,11866.485133767457,Hold,11866.485133767539,5797.803617571211
Hold,2021-09-19 04:00:00,179.9,11892.92855467836,Hold,11892.928554678441,5810.723514212039
Hold,2021-09-19 05:00:00,180.7,11945.815396500164,Hold,11945.815396500246,5836.563307493692
Hold,2021-09-19 06:00:00,180.8,11952.426251727891,Hold,11952.426251727973,5839.7932816539005
Hold,2021-09-19 07:00:00,181.0,11965.64796218334,Hold,11965.647962183422,5846.253229974314
Hold,2021-09-19 08:00:00,181.1,11972.258817411068,Hold,11972.258817411148,5849.48320413452
Hold,2021-09-19 09:00:00,181.1,11972.258817411068,Hold,11972.258817411148,5849.48320413452
Hold,2021-09-19 10:00:00,180.0,11899.539409906085,Hold,11899.539409906165,5813.953488372245
Hold,2021-09-19 11:00:00,176.7,11681.38118739114,Hold,11681.381187391218,5707.36434108542
Hold,2021-09-19 12:00:00,177.1,11707.824608302042,Hold,11707.824608302122,5720.284237726248
Hold,2021-09-19 13:00:00,177.5,11734.268029212946,Hold,11734.268029213026,5733.204134367074
Hold,2021-09-19 14:00:00,177.7,11747.489739668395,Hold,11747.489739668476,5739.664082687488
Sell,2021-09-19 15:00:00,178.2,11780.544015807025,Sinal: Venda,11780.544015807103,5755.813953488522
Buy,2021-09-24 07:00:00,160.8,11780.544015807025,Sinal: Compra,11780.544015807103,5193.798449612539
Hold,2021-09-24 08:00:00,159.9,11691.19063345943,Hold,11691.190633459508,5164.728682170678
Hold,2021-09-24 09:00:00,148.4,10850.360788026137,Hold,10850.36078802621,4793.281653746896
Hold,2021-09-24 10:00:00,146.6,10718.752638306143,Hold,10718.752638306216,4735.142118863173
Hold,2021-09-24 11:00:00,146.7,10726.064202179476,Hold,10726.064202179547,4738.372093023379
Hold,2021-09-24 12:00:00,145.2,10616.390744079483,Hold,10616.390744079552,4689.922480620277
Hold,2021-09-24 13:00:00,147.5,10784.556713166141,Hold,10784.556713166212,4764.211886305035
Hold,2021-09-24 14:00:00,148.9,10886.918607392803,Hold,10886.918607392876,4809.431524547929
Sell,2021-09-24 15:00:00,147.7,10799.179840912806,Sinal: Venda,10799.179840912877,4770.671834625447
Buy,2021-10-03 01:00:00,167.6,10799.179840912806,Sinal: Compra,10799.179840912877,5413.4366925066015
Hold,2021-10-03 02:00:00,167.2,10751.870103130603,Hold,10751.870103130674,5400.516795865774
Hold,2021-10-03 03:00:00,168.2,10816.175546331146,Hold,10816.175546331218,5432.816537467842
Hold,2021-10-03 04:00:00,167.9,10796.883913370984,Hold,10796.883913371057,5423.126614987222
Hold,2021-10-03 05:00:00,168.8,10854.758812251472,Hold,10854.758812251544,5452.196382429083
Sell,2021-10-03 06:00:00,168.4,10829.036634971253,Sinal: Venda,10829.036634971326,5439.276485788256
Buy,2021-10-03 21:00:00,169.5,10829.036634971253,Sinal: Compra,10829.036634971326,5474.80620155053
Hold,2021-10-03 22:00:00,170.7,10883.901881999807,Hold,10883.90188199988,5513.565891473011
Hold,2021-10-03 23:00:00,170.5,10871.14980012283,Hold,10871.149800122905,5507.105943152598
Hold,2021-10-04 00:00:00,168.9,10769.133145107016,Hold,10769.133145107091,5455.426356589289
Hold,2021-10-04 01:00:00,168.6,10750.005022291549,Hold,10750.005022291623,5445.736434108669
Hold,2021-10-04 02:00:00,166.8,10635.236285398758,Hold,10635.23628539883,5387.596899224946
Hold,2021-10-04 03:00:00,165.7,10565.099835075382,Hold,10565.099835075454,5352.067183462671
Hold,2021-10-04 04:00:00,166.3,10603.356080706315,Hold,10603.35608070639,5371.447028423912
Hold,2021-10-04 05:00:00,166.7,10628.860244460267,Hold,10628.860244460344,5384.36692506474
Hold,2021-10-04 06:00:00,166.2,10596.980039767825,Hold,10596.980039767901,5368.217054263705
Hold,2021-10-04 07:00:00,168.0,10711.748776660617,Hold,10711.748776660694,5426.356589147429
Hold,2021-10-04 08:00:00,166.7,10628.860244460267,Hold,10628.860244460344,5384.36692506474
Hold,2021-10-04 09:00:00,166.9,10641.612326337246,Hold,10641.612326337321,5390.826873385154
Hold,2021-10-04 10:00:00,166.3,10603.356080706315,Hold,10603.356080706391,5371.447028423914
Hold,2021-10-04 11:00:00,165.1,10526.843589444454,Hold,10526.84358944453,5332.687338501431
Hold,2021-10-04 12:00:00,166.3,10603.356080706315,Hold,10603.356080706391,5371.447028423914
Hold,2021-10-04 13:00:00,168.1,10718.124817599106,Hold,10718.12481759918,5429.586563307636
Sell,2021-10-04 14:00:00,164.4,10482.211302875034,Sinal: Venda,10482.211302875106,5310.077519379985
Buy,2021-10-05 13:00:00,172.0,10482.211302875034,Sinal: Compra,10482.211302875106,5555.555555555702
Hold,2021-10-05 14:00:00,168.9,10272.711444900997,Hold,10272.711444901068,5455.426356589291
Hold,2021-10-05 15:00:00,168.4,10242.30081303332,Hold,10242.300813033391,5439.276485788258
Hold,2021-10-05 16:00:00,168.9,10272.711444900997,Hold,10272.711444901066,5455.426356589292
Hold,2021-10-05 17:00:00,170.6,10376.107593251092,Hold,10376.107593251163,5510.3359173128065
Hold,2021-10-05 18:00:00,173.0,10522.07862621594,Hold,10522.07862621601,5587.85529715777
Hold,2021-10-05 19:00:00,174.5,10613.310521818968,Hold,10613.31052181904,5636.304909560872
Hold,2021-10-05 20:00:00,174.5,10613.310521818968,Hold,10613.31052181904,5636.304909560872
Hold,2021-10-05 21:00:00,174.8,10631.556900939575,Hold,10631.556900939646,5645.994832041492
Hold,2021-10-05 22:00:00,173.5,10552.489258083615,Hold,10552.489258083686,5604.005167958803
Hold,2021-10-05 23:00:00,173.8,10570.735637204221,Hold,10570.735637204292,5613.695090439423
Hold,2021-10-06 00:00:00,172.6,10497.750120721797,Hold,10497.750120721868,5574.935400516942
Hold,2021-10-06 01:00:00,171.4,10424.764604239375,Hold,10424.764604239446,5536.17571059446
Hold,2021-10-06 02:00:00,171.8,10449.093109733518,Hold,10449.093109733589,5549.095607235287
Hold,2021-10-06 03:00:00,171.7,10443.01098335998,Hold,10443.01098336005,5545.865633075079
Hold,2021-10-06 04:00:00,171.6,10436.928856986446,Hold,10436.928856986515,5542.635658914874
Hold,2021-10-06 05:00:00,174.0,10582.899889951292,Hold,10582.899889951363,5620.155038759836
Hold,2021-10-06 06:00:00,174.0,10582.899889951292,Hold,10582.899889951363,5620.155038759836
Hold,2021-10-06 07:00:00,171.5,10430.846730612911,Hold,10430.84673061298,5539.405684754666
Hold,2021-10-06 08:00:00,166.4,10120.658285562615,Hold,10120.658285562682,5374.67700258412
Hold,2021-10-06 09:00:00,165.1,10041.590642706655,Hold,10041.59064270672,5332.6873385014305
Hold,2021-10-06 10:00:00,166.8,10144.986791056755,Hold,10144.986791056823,5387.596899224946
Hold,2021-10-06 11:00:00,166.6,10132.822538309685,Hold,10132.822538309752,5381.136950904533
Hold,2021-10-06 12:00:00,177.1,10771.445807530883,Hold,10771.445807530956,5720.284237726247
Hold,2021-10-06 13:00:00,178.6,10862.677703133912,Hold,10862.677703133984,5768.733850129349
Hold,2021-10-06 14:00:00,180.1,10953.90959873694,Hold,10953.909598737013,5817.183462532452
Hold,2021-10-06 15:00:00,181.5,11039.059367966433,Hold,11039.059367966507,5862.4031007753465
Hold,2021-10-06 16:00:00,181.9,11063.387873460575,Hold,11063.38787346065,5875.322997416173
Hold,2021-10-06 17:00:00,181.3,11026.895115219362,Hold,11026.895115219437,5855.943152454933
Hold,2021-10-06 18:00:00,181.1,11014.730862472292,Hold,11014.730862472368,5849.483204134519
Hold,2021-10-06 19:00:00,181.6,11045.141494339969,Hold,11045.141494340043,5865.633074935553
Hold,2021-10-06 20:00:00,181.3,11026.895115219362,Hold,11026.895115219437,5855.943152454933
Hold,2021-10-06 21:00:00,181.9,11063.387873460575,Hold,11063.38787346065,5875.322997416173
Hold,2021-10-06 22:00:00,180.5,10978.238104231083,Hold,10978.238104231157,5830.1033591732785
Hold,2021-10-06 23:00:00,178.5,10856.595576760377,Hold,10856.59557676045,5765.503875969142
Hold,2021-10-07 00:00:00,176.4,10728.870922916136,Hold,10728.870922916207,5697.6744186048
Hold,2021-10-07 01:00:00,175.4,10668.049659180784,Hold,10668.049659180853,5665.374677002732
Hold,2021-10-07 02:00:00,176.4,10728.870922916136,Hold,10728.870922916207,5697.6744186048
Hold,2021-10-07 03:00:00,175.9,10698.460291048461,Hold,10698.46029104853,5681.524547803766
Hold,2021-10-07 04:00:00,178.3,10844.431324013307,Hold,10844.431324013376,5759.043927648729
Hold,2021-10-07 05:00:00,179.3,10905.25258774866,Hold,10905.25258774873,5791.343669250797
Sell,2021-10-07 06:00:00,178.3,10844.431324013307,Sinal: Venda,10844.431324013376,5759.043927648729
Buy,2021-10-07 11:00:00,183.7,10844.431324013307,Sinal: Compra,10844.431324013376,5933.462532299895
Hold,2021-10-07 12:00:00,180.0,10604.766440083771,Hold,10604.766440083838,5813.9534883722445
Hold,2021-10-07 13:00:00,183.0,10781.5125474185,Hold,10781.512547418568,5910.852713178448
Hold,2021-10-07 14:00:00,178.5,10516.393386416406,Hold,10516.393386416474,5765.5038759691415
Hold,2021-10-07 15:00:00,179.3,10563.52568170567,Hold,10563.525681705738,5791.343669250796
Hold,2021-10-07 16:00:00,179.9,10598.874903172615,Hold,10598.874903172682,5810.723514212036
Hold,2021-10-07 17:00:00,179.3,10563.52568170567,Hold,10563.525681705738,5791.343669250796
Hold,2021-10-07 18:00:00,179.0,10545.851070972196,Hold,10545.851070972261,5781.653746770175
Hold,2021-10-07 19:00:00,179.2,10557.63414479451,Hold,10557.634144794574,5788.1136950905875
Hold,2021-10-07 20:00:00,179.6,10581.200292439142,Hold,10581.200292439207,5801.033591731414
Hold,2021-10-07 21:00:00,179.9,10598.874903172615,Hold,10598.87490317268,5810.723514212035
Hold,2021-10-07 22:00:00,178.7,10528.176460238721,Hold,10528.176460238787,5771.963824289553
Hold,2021-10-07 23:00:00,178.6,10522.284923327565,Hold,10522.28492332763,5768.733850129346
Hold,2021-10-08 00:00:00,180.5,10634.22412463956,Hold,10634.224124639626,5830.103359173276
Hold,2021-10-08 01:00:00,180.1,10610.65797699493,Hold,10610.657976994995,5817.183462532448
Hold,2021-10-08 02:00:00,177.5,10457.478017304831,Hold,10457.478017304895,5733.204134367071
Hold,2021-10-08 03:00:00,176.3,10386.77957437094,Hold,10386.779574371003,5694.44444444459
Hold,2021-10-08 04:00:00,176.8,10416.237258926727,Hold,10416.237258926792,5710.594315245623
Hold,2021-10-08 05:00:00,177.4,10451.586480393673,Hold,10451.586480393738,5729.974160206863
Hold,2021-10-08 06:00:00,178.1,10492.827238771777,Hold,10492.827238771843,5752.58397932831
Hold,2021-10-08 07:00:00,179.8,10592.983366261456,Hold,10592.983366261524,5807.493540051826
Hold,2021-10-08 08:00:00,182.6,10757.94639977387,Hold,10757.946399773937,5897.9328165376155
Hold,2021-10-08 09:00:00,180.3,10622.441050817246,Hold,10622.441050817313,5823.643410852859
Hold,2021-10-08 10:00:00,180.8,10651.898735373035,Hold,10651.898735373105,5839.793281653893
Hold,2021-10-08 11:00:00,181.8,10710.81410448461,Hold,10710.81410448468,5872.093023255961
Hold,2021-10-08 12:00:00,180.9,10657.790272284192,Hold,10657.790272284261,5843.023255814101
Hold,2021-10-08 13:00:00,180.1,10610.65797699493,Hold,10610.657976994999,5817.183462532445
Hold,2021-10-08 14:00:00,181.9,10716.705641395769,Hold,10716.705641395838,5875.322997416167
Hold,2021-10-08 15:00:00,180.8,10651.898735373035,Hold,10651.898735373106,5839.793281653892
Hold,2021-10-08 16:00:00,180.6,10640.115661550719,Hold,10640.11566155079,5833.333333333478
Hold,2021-10-08 17:00:00,178.6,10522.284923327565,Hold,10522.284923327634,5768.733850129342
Hold,2021-10-08 18:00:00,179.0,10545.851070972196,Hold,10545.851070972265,5781.653746770169
Hold,2021-10-08 19:00:00,178.3,10504.610312594092,Hold,10504.610312594159,5759.043927648721
Hold,2021-10-08 20:00:00,175.3,10327.864205259362,Hold,10327.86420525943,5662.144702842517
Hold,2021-10-08 21:00:00,176.2,10380.888037459781,Hold,10380.888037459848,5691.214470284377
Hold,2021-10-08 22:00:00,176.7,10410.34572201557,Hold,10410.345722015638,5707.364341085412
Hold,2021-10-08 23:00:00,175.9,10363.213426726308,Hold,10363.213426726375,5681.524547803758
Hold,2021-10-09 00:00:00,177.0,10428.020332749042,Hold,10428.020332749109,5717.054263566031
Hold,2021-10-09 01:00:00,175.5,10339.647279081677,Hold,10339.647279081744,5668.604651162929
Hold,2021-10-09 02:00:00,176.8,10416.237258926727,Hold,10416.237258926796,5710.594315245618
Hold,2021-10-09 03:00:00,177.6,10463.369554215988,Hold,10463.369554216057,5736.434108527273
Hold,2021-10-09 04:00:00,177.3,10445.694943482516,Hold,10445.694943482584,5726.744186046652
Hold,2021-10-09 05:00:00,176.7,10410.34572201557,Hold,10410.345722015638,5707.364341085411
Hold,2021-10-09 06:00:00,177.5,10457.478017304831,Hold,10457.4780173049,5733.204134367065
Hold,2021-10-09 07:00:00,177.5,10457.478017304831,Hold,10457.4780173049,5733.204134367065
Hold,2021-10-09 08:00:00,176.1,10374.996500548623,Hold,10374.996500548692,5687.984496124171
Hold,2021-10-09 09:00:00,178.1,10492.827238771777,Hold,10492.827238771844,5752.583979328306
Hold,2021-10-09 10:00:00,181.2,10675.464883017663,Hold,10675.464883017732,5852.713178294717
Hold,2021-10-09 11:00:00,179.7,10587.091829350298,Hold,10587.091829350367,5804.263565891615
Hold,2021-10-09 12:00:00,180.0,10604.766440083771,Hold,10604.766440083838,5813.953488372235
Hold,2021-10-09 13:00:00,180.9,10657.790272284192,Hold,10657.79027228426,5843.023255814098
Hold,2021-10-09 14:00:00,180.5,10634.22412463956,Hold,10634.224124639628,5830.10335917327
Hold,2021-10-09 15:00:00,179.8,10592.983366261456,Hold,10592.983366261524,5807.4935400518225
Hold,2021-10-09 16:00:00,182.2,10734.38025212924,Hold,10734.380252129307,5885.012919896785
Hold,2021-10-09 17:00:00,180.8,10651.898735373035,Hold,10651.898735373103,5839.7932816538905
Hold,2021-10-09 18:00:00,181.5,10693.139493751136,Hold,10693.139493751203,5862.403100775338
Hold,2021-10-09 19:00:00,180.2,10616.549513906086,Hold,10616.549513906155,5820.413436692648
Hold,2021-10-09 20:00:00,181.3,10681.356419928821,Hold,10681.356419928888,5855.9431524549245
Hold,2021-10-09 21:00:00,180.9,10657.790272284192,Hold,10657.79027228426,5843.023255814097
Hold,2021-10-09 22:00:00,180.6,10640.115661550719,Hold,10640.115661550788,5833.333333333476
Hold,2021-10-09 23:00:00,179.9,10598.874903172615,Hold,10598.874903172684,5810.723514212029
Hold,2021-10-10 00:00:00,178.2,10498.718775682935,Hold,10498.718775683003,5755.813953488513
Hold,2021-10-10 01:00:00,177.6,10463.369554215988,Hold,10463.369554216055,5736.434108527273
Hold,2021-10-10 02:00:00,178.6,10522.284923327565,Hold,10522.284923327632,5768.733850129341
Hold,2021-10-10 03:00:00,181.9,10716.705641395769,Hold,10716.705641395836,5875.322997416165
Hold,2021-10-10 04:00:00,183.6,10816.861768885448,Hold,10816.861768885516,5930.232558139681
Hold,2021-10-10 05:00:00,182.9,10775.621010507344,Hold,10775.621010507413,5907.622739018233
Hold,2021-10-10 06:00:00,183.3,10799.187158151975,Hold,10799.187158152045,5920.542635659061
Hold,2021-10-10 07:00:00,182.8,10769.729473596186,Hold,10769.729473596253,5904.392764858027
Hold,2021-10-10 08:00:00,183.0,10781.5125474185,Hold,10781.512547418568,5910.85271317844
Hold,2021-10-10 09:00:00,180.9,10657.790272284192,Hold,10657.790272284257,5843.023255814098
Hold,2021-10-10 10:00:00,180.5,10634.22412463956,Hold,10634.224124639626,5830.10335917327
Hold,2021-10-10 11:00:00,180.6,10640.115661550719,Hold,10640.115661550786,5833.333333333476
Hold,2021-10-10 12:00:00,179.5,10575.308755527985,Hold,10575.308755528053,5797.803617571201
Hold,2021-10-10 13:00:00,179.9,10598.874903172615,Hold,10598.874903172682,5810.723514212029
Hold,2021-10-10 14:00:00,180.4,10628.332587728404,Hold,10628.332587728473,5826.873385013063
Hold,2021-10-10 15:00:00,180.6,10640.115661550719,Hold,10640.115661550788,5833.333333333476
Hold,2021-10-10 16:00:00,179.9,10598.874903172615,Hold,10598.874903172684,5810.723514212029
Hold,2021-10-10 17:00:00,178.7,10528.176460238721,Hold,10528.17646023879,5771.963824289546
Hold,2021-10-10 18:00:00,178.9,10539.959534061038,Hold,10539.959534061109,5778.423772609961
Hold,2021-10-10 19:00:00,178.7,10528.176460238721,Hold,10528.176460238792,5771.963824289547
Hold,2021-10-10 20:00:00,178.3,10504.610312594092,Hold,10504.61031259416,5759.0439276487205
Hold,2021-10-10 21:00:00,175.8,10357.321889815152,Hold,10357.32188981522,5678.29457364355
Hold,2021-10-10 22:00:00,177.1,10433.9118696602,Hold,10433.911869660269,5720.284237726238
Hold,2021-10-10 23:00:00,174.8,10298.406520703575,Hold,10298.406520703644,5645.994832041482
Hold,2021-10-11 00:00:00,176.0,10369.104963637466,Hold,10369.104963637536,5684.754521963963
Hold,2021-10-11 01:00:00,176.4,10392.671111282098,Hold,10392.671111282169,5697.67441860479
Hold,2021-10-11 02:00:00,177.3,10445.694943482516,Hold,10445.694943482587,5726.744186046651
Hold,2021-10-11 03:00:00,180.4,10628.332587728404,Hold,10628.332587728475,5826.873385013061
Hold,2021-10-11 04:00:00,181.2,10675.464883017663,Hold,10675.464883017736,5852.713178294715
Hold,2021-10-11 05:00:00,180.9,10657.790272284192,Hold,10657.790272284263,5843.023255814096
Hold,2021-10-11 06:00:00,180.9,10657.790272284192,Hold,10657.790272284263,5843.023255814096
Hold,2021-10-11 07:00:00,184.5,10869.885601085867,Hold,10869.885601085938,5959.30232558154
Hold,2021-10-11 08:00:00,183.6,10816.861768885448,Hold,10816.86176888552,5930.232558139679
Hold,2021-10-11 09:00:00,183.2,10793.295621240817,Hold,10793.295621240888,5917.312661498851
Hold,2021-10-11 10:00:00,181.8,10710.81410448461,Hold,10710.814104484682,5872.093023255957
Hold,2021-10-11 11:00:00,179.5,10575.308755527985,Hold,10575.308755528056,5797.8036175712
Hold,2021-10-11 12:00:00,180.1,10610.65797699493,Hold,10610.657976995,5817.183462532441
Hold,2021-10-11 13:00:00,183.3,10799.187158151975,Hold,10799.187158152048,5920.54263565906
Hold,2021-10-11 14:00:00,183.1,10787.404084329659,Hold,10787.404084329732,5914.082687338646
Hold,2021-10-11 15:00:00,182.5,10752.054862862715,Hold,10752.054862862788,5894.7028423774045
Hold,2021-10-11 16:00:00,181.5,10693.139493751136,Hold,10693.139493751207,5862.403100775337
Hold,2021-10-11 17:00:00,180.1,10610.65797699493,Hold,10610.657976995,5817.183462532442
Hold,2021-10-11 18:00:00,179.2,10557.63414479451,Hold,10557.634144794582,5788.113695090581
Hold,2021-10-11 19:00:00,177.6,10463.369554215988,Hold,10463.369554216059,5736.434108527273
Hold,2021-10-11 20:00:00,175.5,10339.647279081677,Hold,10339.647279081746,5668.60465116293
Hold,2021-10-11 21:00:00,176.7,10410.34572201557,Hold,10410.34572201564,5707.364341085412
Hold,2021-10-11 22:00:00,178.4,10510.50184950525,Hold,10510.501849505321,5762.273901808929
Sell,2021-10-11 23:00:00,179.1,10551.742607883354,Sinal: Venda,10551.742607883427,5784.883720930376
Buy,2021-10-14 21:00:00,180.4,10551.742607883354,Sinal: Compra,10551.742607883427,5826.873385013064
Hold,2021-10-14 22:00:00,180.1,10513.137507545876,Hold,10513.137507545947,5817.183462532444
Hold,2021-10-14 23:00:00,181.3,10583.186175003151,Hold,10583.186175003222,5855.943152454925
Hold,2021-10-15 00:00:00,178.6,10425.576673224283,Hold,10425.576673224352,5768.733850129342
Hold,2021-10-15 01:00:00,178.0,10390.552339495647,Hold,10390.552339495716,5749.354005168101
Hold,2021-10-15 02:00:00,183.6,10717.446120962924,Hold,10717.446120962995,5930.232558139682
Hold,2021-10-15 03:00:00,184.5,10769.98262155588,Hold,10769.98262155595,5959.302325581542
Hold,2021-10-15 04:00:00,185.2,10810.844344239289,Hold,10810.84434423936,5981.912144702989
Hold,2021-10-15 05:00:00,184.9,10793.332177374972,Hold,10793.332177375041,5972.22222222237
Hold,2021-10-15 06:00:00,183.8,10729.120898872472,Hold,10729.120898872541,5936.6925064600955
Hold,2021-10-15 07:00:00,182.3,10641.56006455088,Hold,10641.560064550948,5888.242894056993
Hold,2021-10-15 08:00:00,179.2,10460.60100695292,Hold,10460.601006952986,5788.113695090582
Hold,2021-10-15 09:00:00,179.7,10489.787951726783,Hold,10489.787951726848,5804.263565891616
Hold,2021-10-15 10:00:00,180.0,10507.300118591102,Hold,10507.300118591165,5813.953488372236
Hold,2021-10-15 11:00:00,180.6,10542.324452319739,Hold,10542.324452319805,5833.333333333478
Sell,2021-10-15 12:00:00,179.4,10472.275784862468,Sinal: Venda,10472.275784862532,5794.573643410996
Buy,2021-10-16 22:00:00,186.6,10472.275784862468,Sinal: Compra,10472.275784862532,6027.131782945886
Hold,2021-10-16 23:00:00,186.0,10417.736105229078,Hold,10417.736105229142,6007.751937984645
Hold,2021-10-17 00:00:00,185.5,10389.731438279538,Hold,10389.731438279603,5991.602067183611
Hold,2021-10-17 01:00:00,186.4,10440.139838788711,Hold,10440.139838788775,6020.671834625473
Hold,2021-10-17 02:00:00,186.5,10445.740772178618,Hold,10445.740772178682,6023.901808785678
Sell,2021-10-17 03:00:00,187.3,10490.548239297885,Sinal: Venda,10490.548239297948,6049.741602067334
Buy,2021-10-21 18:00:00,198.6,10490.548239297885,Sinal: Compra,10490.548239297948,6414.728682170702
Hold,2021-10-21 19:00:00,198.4,10459.034252065043,Hold,10459.034252065107,6408.268733850289
Hold,2021-10-21 20:00:00,198.4,10459.034252065043,Hold,10459.034252065107,6408.268733850289
Hold,2021-10-21 21:00:00,198.0,10437.947489460073,Hold,10437.947489460137,6395.348837209462
Hold,2021-10-21 22:00:00,197.0,10385.23058294765,Hold,10385.230582947714,6363.0490956073945
Hold,2021-10-21 23:00:00,196.8,10374.687201645165,Hold,10374.687201645229,6356.589147286981
Hold,2021-10-22 00:00:00,200.3,10559.19637443865,Hold,10559.196374438712,6469.638242894218
Hold,2021-10-22 01:00:00,198.4,10459.034252065043,Hold,10459.034252065105,6408.268733850288
Hold,2021-10-22 02:00:00,199.1,10495.93608662374,Hold,10495.936086623804,6430.878552971736
Hold,2021-10-22 03:00:00,200.6,10575.011446392378,Hold,10575.011446392444,6479.328165374838
Sell,2021-10-22 04:00:00,199.4,10511.751158577468,Sinal: Venda,10511.751158577532,6440.568475452356
Buy,2021-10-22 11:00:00,198.9,10511.751158577468,Sinal: Compra,10511.751158577532,6424.418604651322
Hold,2021-10-22 12:00:00,199.2,10506.561302503193,Hold,10506.561302503256,6434.1085271319425
Hold,2021-10-22 13:00:00,196.5,10364.153092077699,Hold,10364.15309207776,6346.89922480636
Hold,2021-10-22 14:00:00,195.0,10285.03741961909,Hold,10285.037419619151,6298.449612403258
Hold,2021-10-22 15:00:00,192.8,10169.001100013133,Hold,10169.001100013194,6227.3901808787095
Hold,2021-10-22 16:00:00,194.1,10237.568016143925,Hold,10237.568016143985,6269.379844961398
Hold,2021-10-22 17:00:00,192.2,10137.354831029686,Hold,10137.354831029746,6208.010335917468
Hold,2021-10-22 18:00:00,193.1,10184.824234504851,Hold,10184.824234504913,6237.08010335933
Hold,2021-10-22 19:00:00,193.0,10179.549856340946,Hold,10179.549856341007,6233.850129199122
Hold,2021-10-22 20:00:00,192.3,10142.629209193596,Hold,10142.629209193656,6211.2403100776755
Hold,2021-10-22 21:00:00,189.4,9989.672242440285,Hold,9989.672242440343,6117.571059431678
Hold,2021-10-22 22:00:00,191.1,10079.336671226707,Hold,10079.336671226767,6172.480620155193
Hold,2021-10-22 23:00:00,191.0,10074.062293062801,Hold,10074.062293062861,6169.250645994986
Hold,2021-10-23 00:00:00,192.6,10158.452343685316,Hold,10158.452343685376,6220.930232558295
Hold,2021-10-23 01:00:00,193.0,10179.549856340946,Hold,10179.549856341007,6233.8501291991215
Hold,2021-10-23 02:00:00,193.0,10179.549856340946,Hold,10179.549856341007,6233.8501291991215
Sell,2021-10-23 03:00:00,193.7,10216.470503488295,Sinal: Venda,10216.470503488355,6256.4599483205675
Buy,2021-10-27 02:00:00,203.2,10216.470503488295,Sinal: Compra,10216.470503488355,6563.307493540213
Hold,2021-10-27 03:00:00,202.5,10160.923598610947,Hold,10160.923598611007,6540.697674418766
Hold,2021-10-27 04:00:00,202.9,10180.994558805733,Hold,10180.994558805793,6553.6175710595935
Hold,2021-10-27 05:00:00,201.4,10105.728458075282,Hold,10105.728458075342,6505.1679586564915
Hold,2021-10-27 06:00:00,199.3,10000.355917052651,Hold,10000.35591705271,6437.338501292149
Hold,2021-10-27 07:00:00,190.9,9578.865752962121,Hold,9578.865752962178,6166.020671834777
Hold,2021-10-27 08:00:00,184.5,9257.730389845528,Hold,9257.730389845583,5959.302325581542
Hold,2021-10-27 09:00:00,184.1,9237.659429650741,Hold,9237.659429650797,5946.382428940715
Stop-Loss,2021-10-27 10:00:00,182.8,9172.428809017685,SL 10.0% hit,9172.428809017742,5904.3927648580275
Buy,2021-10-30 02:00:00,193.0,9172.428809017685,Sinal: Compra,9172.428809017742,6233.85012919912
Hold,2021-10-30 03:00:00,192.0,9106.662589508105,Hold,9106.662589508162,6201.550387597052
Hold,2021-10-30 04:00:00,192.1,9111.40564294014,Hold,9111.405642940197,6204.780361757258
Hold,2021-10-30 05:00:00,192.8,9144.607016964388,Hold,9144.607016964444,6227.390180878707
Hold,2021-10-30 06:00:00,193.1,9158.836177260495,Hold,9158.836177260551,6237.080103359327
Hold,2021-10-30 07:00:00,193.3,9168.322284124566,Hold,9168.322284124622,6243.540051679742
Hold,2021-10-30 08:00:00,191.8,9097.176482644034,Hold,9097.176482644089,6195.09043927664
Hold,2021-10-30 09:00:00,192.2,9116.148696372175,Hold,9116.148696372231,6208.010335917465
Hold,2021-10-30 10:00:00,193.3,9168.322284124566,Hold,9168.322284124622,6243.540051679741
Hold,2021-10-30 11:00:00,193.8,9192.037551284744,Hold,9192.0375512848,6259.689922480774
Sell,2021-10-30 12:00:00,193.2,9163.57923069253,Sinal: Venda,9163.579230692587,6240.310077519533
Buy,2021-11-01 19:00:00,194.4,9163.57923069253,Sinal: Compra,9163.579230692587,6279.069767442014
Hold,2021-11-01 20:00:00,193.4,9098.217710934807,Hold,9098.217710934863,6246.770025839946
Hold,2021-11-01 21:00:00,193.9,9121.73947337259,Hold,9121.739473372647,6262.919896640981
Hold,2021-11-01 22:00:00,196.6,9248.756990536625,Hold,9248.756990536682,6350.129198966564
Hold,2021-11-01 23:00:00,197.6,9295.800515412191,Hold,9295.800515412247,6382.428940568632
Hold,2021-11-02 00:00:00,196.2,9229.939580586397,Hold,9229.939580586453,6337.209302325737
Hold,2021-11-02 01:00:00,196.4,9239.348285561511,Hold,9239.348285561568,6343.66925064615
Hold,2021-11-02 02:00:00,195.7,9206.417818148613,Hold,9206.41781814867,6321.059431524702
Hold,2021-11-02 03:00:00,195.7,9206.417818148613,Hold,9206.41781814867,6321.059431524702
Hold,2021-11-02 04:00:00,196.8,9258.16569551174,Hold,9258.165695511796,6356.589147286977
Hold,2021-11-02 05:00:00,196.6,9248.756990536625,Hold,9248.756990536682,6350.129198966563
Hold,2021-11-02 06:00:00,197.1,9272.27875297441,Hold,9272.278752974466,6366.279069767596
Hold,2021-11-02 07:00:00,196.3,9234.643933073956,Hold,9234.64393307401,6340.439276485942
Hold,2021-11-02 08:00:00,196.9,9262.870047999295,Hold,9262.87004799935,6359.8191214471835
Hold,2021-11-02 09:00:00,199.9,9404.000622626,Hold,9404.000622626056,6456.718346253388
Hold,2021-11-02 10:00:00,201.3,9469.861557451793,Hold,9469.86155745185,6501.937984496281
Hold,2021-11-02 11:00:00,200.3,9422.818032576224,Hold,9422.81803257628,6469.638242894214
Hold,2021-11-02 12:00:00,200.2,9418.113680088669,Hold,9418.113680088725,6466.408268734006
Hold,2021-11-02 13:00:00,201.1,9460.45285247668,Hold,9460.452852476734,6495.478036175868
Hold,2021-11-02 14:00:00,200.0,9408.704975113555,Hold,9408.70497511361,6459.948320413593
Hold,2021-11-02 15:00:00,202.3,9516.905082327361,Hold,9516.905082327417,6534.23772609835
Hold,2021-11-02 16:00:00,202.3,9516.905082327361,Hold,9516.905082327417,6534.23772609835
Hold,2021-11-02 17:00:00,202.7,9535.722492277588,Hold,9535.722492277644,6547.157622739177
Hold,2021-11-02 18:00:00,203.2,9559.244254715371,Hold,9559.24425471543,6563.307493540211
Hold,2021-11-02 19:00:00,202.1,9507.496377352247,Hold,9507.496377352303,6527.7777777779365
Hold,2021-11-02 20:00:00,200.2,9418.113680088669,Hold,9418.113680088725,6466.408268734007
Hold,2021-11-02 21:00:00,200.0,9408.704975113555,Hold,9408.704975113611,6459.948320413593
Hold,2021-11-02 22:00:00,200.3,9422.818032576224,Hold,9422.81803257628,6469.638242894214
Hold,2021-11-02 23:00:00,200.9,9451.044147501567,Hold,9451.044147501623,6489.018087855454
Hold,2021-11-03 00:00:00,200.2,9418.113680088669,Hold,9418.113680088725,6466.408268734006
Hold,2021-11-03 01:00:00,201.6,9483.974614914463,Hold,9483.97461491452,6511.6279069769025
Hold,2021-11-03 02:00:00,202.9,9545.131197252702,Hold,9545.131197252758,6553.617571059592
Hold,2021-11-03 03:00:00,201.2,9465.157204964235,Hold,9465.157204964291,6498.708010336075
Hold,2021-11-03 04:00:00,200.2,9418.113680088669,Hold,9418.113680088725,6466.408268734007
Hold,2021-11-03 05:00:00,204.3,9610.992132078496,Hold,9610.992132078554,6598.837209302486
Hold,2021-11-03 06:00:00,205.9,9686.261771879404,Hold,9686.261771879463,6650.516795865795
Hold,2021-11-03 07:00:00,208.0,9785.053174118097,Hold,9785.053174118157,6718.346253230137
Hold,2021-11-03 08:00:00,205.8,9681.55741939185,Hold,9681.557419391907,6647.286821705588
Hold,2021-11-03 09:00:00,207.3,9752.1227067052,Hold,9752.12270670526,6695.73643410869
Hold,2021-11-03 10:00:00,205.5,9667.444361929178,Hold,9667.444361929236,6637.596899224967
Hold,2021-11-03 11:00:00,204.9,9639.218247003837,Hold,9639.218247003897,6618.217054263728
Hold,2021-11-03 12:00:00,200.3,9422.818032576224,Hold,9422.818032576282,6469.638242894215
Hold,2021-11-03 13:00:00,198.6,9342.844040287759,Hold,9342.844040287815,6414.728682170698
Hold,2021-11-03 14:00:00,199.8,9399.296270138442,Hold,9399.296270138499,6453.488372093181
Hold,2021-11-03 15:00:00,201.1,9460.45285247668,Hold,9460.452852476734,6495.4780361758685
Sell,2021-11-03 16:00:00,200.5,9432.226737551338,Sinal: Venda,9432.226737551395,6476.098191214627
Buy,2021-11-04 02:00:00,204.6,9432.226737551338,Sinal: Compra,9432.226737551395,6608.527131783107
Hold,2021-11-04 03:00:00,203.3,9353.560459063512,Hold,9353.560459063567,6566.537467700419
Hold,2021-11-04 04:00:00,204.0,9385.766520653991,Hold,9385.766520654048,6589.147286821865
Hold,2021-11-04 05:00:00,202.4,9312.152665590038,Hold,9312.152665590094,6537.467700258558
Hold,2021-11-04 06:00:00,203.5,9362.762190946507,Hold,9362.762190946563,6572.997416020831
Hold,2021-11-04 07:00:00,200.4,9220.135346760098,Hold,9220.135346760155,6472.86821705442
Hold,2021-11-04 08:00:00,201.1,9252.341408350576,Hold,9252.34140835063,6495.478036175868
Hold,2021-11-04 09:00:00,202.0,9293.74920182405,Hold,9293.749201824106,6524.54780361773
Hold,2021-11-04 10:00:00,202.5,9316.753531531534,Hold,9316.75353153159,6540.697674418764
Hold,2021-11-04 11:00:00,201.6,9275.34573805806,Hold,9275.345738058117,6511.627906976903
Hold,2021-11-04 12:00:00,203.3,9353.560459063512,Hold,9353.56045906357,6566.537467700419
Hold,2021-11-04 13:00:00,204.8,9422.573448185967,Hold,9422.573448186027,6614.98708010352
Sell,2021-11-04 14:00:00,201.5,9270.744872116564,Sinal: Venda,9270.744872116622,6508.397932816696
Buy,2021-11-10 00:00:00,259.3,9270.744872116564,Sinal: Compra,9270.744872116622,8375.322997416224
Hold,2021-11-10 01:00:00,259.1,9245.076353346192,Hold,9245.076353346249,8368.863049095811
Hold,2021-11-10 02:00:00,257.9,9202.258554720118,Hold,9202.258554720174,8330.103359173328
Hold,2021-11-10 03:00:00,257.3,9180.849655407083,Hold,9180.849655407139,8310.72351421209
Hold,2021-11-10 04:00:00,266.6,9512.687594759147,Hold,9512.687594759205,8611.111111111322
Hold,2021-11-10 05:00:00,261.6,9334.280100483844,Hold,9334.2801004839,8449.612403100982
Hold,2021-11-10 06:00:00,270.3,9644.709140522871,Hold,9644.70914052293,8730.620155038972
Hold,2021-11-10 07:00:00,269.0,9598.32319201129,Hold,9598.323192011349,8688.630490956284
Hold,2021-11-10 08:00:00,266.3,9501.983145102628,Hold,9501.983145102684,8601.4211886307
Hold,2021-11-10 09:00:00,267.2,9534.096494072182,Hold,9534.09649407224,8630.49095607256
Hold,2021-11-10 10:00:00,269.5,9616.163941438823,Hold,9616.163941438883,8704.780361757317
Hold,2021-11-10 11:00:00,287.8,10269.13537048643,Hold,10269.135370486496,9295.865633075162
Hold,2021-11-10 12:00:00,284.0,10133.5456748372,Hold,10133.545674837264,9173.126614987303
Hold,2021-11-10 13:00:00,285.1,10172.795323577768,Hold,10172.795323577831,9208.656330749578
Hold,2021-11-10 14:00:00,286.6,10226.317571860358,Hold,10226.317571860423,9257.105943152681
Hold,2021-11-10 15:00:00,287.1,10244.158321287889,Hold,10244.158321287956,9273.255813953714
Hold,2021-11-10 16:00:00,290.5,10365.475417395093,Hold,10365.47541739516,9383.074935400744
Hold,2021-11-10 17:00:00,287.5,10258.430920829913,Hold,10258.43092082998,9286.175710594542
Hold,2021-11-10 18:00:00,284.8,10162.09087392125,Hold,10162.090873921317,9198.966408268958
Hold,2021-11-10 19:00:00,278.8,9948.001880790885,Hold,9948.001880790951,9005.16795865655
Hold,2021-11-10 20:00:00,275.9,9844.525534111208,Hold,9844.525534111273,8911.498708010551
Trailing-Stop,2021-11-10 21:00:00,257.6,9191.554105063602,Trailing stop 10.0% hit,9191.554105063662,8320.413436692708
Buy,2021-11-10 22:00:00,260.4,9191.554105063602,Sinal: Compra,9191.554105063662,8410.852713178498
Hold,2021-11-10 23:00:00,260.4,9173.18018840758,Hold,9173.18018840764,8410.852713178498
Hold,2021-11-11 00:00:00,262.0,9229.543814757244,Hold,9229.543814757304,8462.532299741808
Hold,2021-11-11 01:00:00,258.8,9116.816562057918,Hold,9116.816562057977,8359.17312661519
Hold,2021-11-11 02:00:00,254.7,8972.384769536908,Hold,8972.384769536966,8226.74418604671
Hold,2021-11-11 03:00:00,257.1,9056.930209061402,Hold,9056.93020906146,8304.263565891673
Hold,2021-11-11 04:00:00,255.7,9007.612036005446,Hold,9007.612036005507,8259.043927648778
Hold,2021-11-11 05:00:00,257.9,9085.112022236231,Hold,9085.112022236292,8330.103359173327
Hold,2021-11-11 06:00:00,259.9,9155.56655517331,Hold,9155.56655517337,8394.702842377463
Hold,2021-11-11 07:00:00,265.3,9345.793794103423,Hold,9345.793794103485,8569.121447028632
Sell,2021-11-11 08:00:00,265.6,9356.361974043984,Sinal: Venda,9356.361974044046,8578.811369509252
Buy,2021-11-11 19:00:00,263.8,9356.361974043984,Sinal: Compra,9356.361974044046,8520.671834625527
Hold,2021-11-11 20:00:00,262.5,9291.64285138435,Hold,9291.642851384411,8478.68217054284
Hold,2021-11-11 21:00:00,265.2,9387.214034998586,Hold,9387.214034998648,8565.891472868423
Hold,2021-11-11 22:00:00,267.1,9454.467830875274,Hold,9454.467830875335,8627.260981912354
Hold,2021-11-11 23:00:00,262.3,9284.56350444996,Hold,9284.56350445002,8472.222222222428
Hold,2021-11-12 00:00:00,267.3,9461.547177809663,Hold,9461.547177809725,8633.720930232768
Hold,2021-11-12 01:00:00,274.7,9723.483014382022,Hold,9723.483014382085,8872.739018088068
Hold,2021-11-12 02:00:00,277.8,9833.212891865036,Hold,9833.2128918651,8972.86821705448
Hold,2021-11-12 03:00:00,275.7,9758.87974905396,Hold,9758.879749054024,8905.038759690136
Hold,2021-11-12 04:00:00,275.2,9741.181381717992,Hold,9741.181381718055,8888.888888889103
Hold,2021-11-12 05:00:00,271.3,9603.134116497424,Hold,9603.134116497486,8762.919896641039
Hold,2021-11-12 06:00:00,269.9,9553.578687956706,Hold,9553.57868795677,8717.700258398143
Hold,2021-11-12 07:00:00,270.4,9571.277055292676,Hold,9571.277055292738,8733.850129199176
Hold,2021-11-12 08:00:00,278.7,9865.069953069782,Hold,9865.069953069848,9001.93798449634
Hold,2021-11-12 09:00:00,265.8,9408.452075801752,Hold,9408.452075801813,8585.271317829664
Hold,2021-11-12 10:00:00,262.4,9288.103177917154,Hold,9288.103177917215,8475.452196382632
Hold,2021-11-12 11:00:00,259.0,9167.754280032555,Hold,9167.754280032615,8365.633074935602
Hold,2021-11-12 12:00:00,260.3,9213.770035106081,Hold,9213.770035106145,8407.62273901829
Hold,2021-11-12 13:00:00,265.4,9394.293381932976,Hold,9394.293381933041,8572.351421188836
Sell,2021-11-12 14:00:00,260.1,9206.690688171691,Sinal: Venda,9206.690688171757,8401.162790697876
Buy,2021-11-14 17:00:00,270.7,9206.690688171691,Sinal: Compra,9206.690688171757,8743.540051679796
Hold,2021-11-14 18:00:00,266.7,9052.515748602606,Hold,9052.51574860267,8614.341085271524
Hold,2021-11-14 19:00:00,271.1,9201.863589974379,Hold,9201.863589974444,8756.459948320624
Hold,2021-11-14 20:00:00,268.8,9123.795400166407,Hold,9123.795400166471,8682.170542635866
Hold,2021-11-14 21:00:00,272.8,9259.566165049837,Hold,9259.566165049902,8811.369509044138
Hold,2021-11-14 22:00:00,274.1,9303.691663636951,Hold,9303.691663637019,8853.359173126826
Hold,2021-11-14 23:00:00,279.3,9480.193657985408,Hold,9480.193657985476,9021.317829457577
Hold,2021-11-15 00:00:00,276.3,9378.365584322837,Hold,9378.365584322903,8924.418604651373
Hold,2021-11-15 01:00:00,276.7,9391.942660811177,Hold,9391.942660811244,8937.3385012922
Hold,2021-11-15 02:00:00,275.2,9341.028623979893,Hold,9341.02862397996,8888.8888888891
Hold,2021-11-15 03:00:00,278.3,9446.25096676455,Hold,9446.250966764617,8989.018087855511
Hold,2021-11-15 04:00:00,276.1,9371.577046078664,Hold,9371.577046078732,8917.958656330962
Hold,2021-11-15 05:00:00,274.2,9307.085932759035,Hold,9307.085932759102,8856.589147287032
Hold,2021-11-15 06:00:00,274.8,9327.45154749155,Hold,9327.451547491617,8875.968992248276
Hold,2021-11-15 07:00:00,273.7,9290.114587148606,Hold,9290.114587148671,8840.439276486
Hold,2021-11-15 08:00:00,272.6,9252.777626805666,Hold,9252.777626805731,8804.909560723727
Hold,2021-11-15 09:00:00,272.9,9262.96043417192,Hold,9262.960434171986,8814.599483204347
Hold,2021-11-15 10:00:00,273.3,9276.537510660264,Hold,9276.537510660328,8827.519379845175
Hold,2021-11-15 11:00:00,273.8,9293.508856270693,Hold,9293.508856270759,8843.669250646208
Hold,2021-11-15 12:00:00,271.2,9205.257859096464,Hold,9205.25785909653,8759.689922480831
Hold,2021-11-15 13:00:00,268.7,9120.40113104432,Hold,9120.401131044386,8678.940568475662
Hold,2021-11-15 14:00:00,269.1,9133.978207532666,Hold,9133.97820753273,8691.860465116491
Hold,2021-11-15 15:00:00,268.7,9120.40113104432,Hold,9120.401131044384,8678.940568475664
Hold,2021-11-15 16:00:00,267.6,9083.06417070138,Hold,9083.064170701442,8643.410852713389
Hold,2021-11-15 17:00:00,265.2,9001.601711771322,Hold,9001.601711771384,8565.891472868425
Hold,2021-11-15 18:00:00,263.8,8954.081944062122,Hold,8954.081944062184,8520.67183462553
Hold,2021-11-15 19:00:00,264.9,8991.418904405064,Hold,8991.418904405124,8556.201550387803
Hold,2021-11-15 20:00:00,261.4,8872.619485132063,Hold,8872.619485132123,8443.152454780564
Hold,2021-11-15 21:00:00,263.0,8926.927791085434,Hold,8926.927791085494,8494.832041343874
Hold,2021-11-15 22:00:00,264.7,8984.630366160893,Hold,8984.630366160953,8549.741602067388
Hold,2021-11-15 23:00:00,263.0,8926.927791085434,Hold,8926.927791085494,8494.832041343872
Hold,2021-11-16 00:00:00,252.5,8570.529533266435,Hold,8570.529533266494,8155.684754522159
Trailing-Stop,2021-11-16 01:00:00,250.9,8516.221227313064,Trailing stop 10.0% hit,8516.221227313123,8104.005167958851
Buy,2021-11-21 19:00:00,225.1,8516.221227313064,Sinal: Compra,8516.221227313123,7270.6718346254975
Hold,2021-11-21 20:00:00,226.2,8540.730473141804,Hold,8540.730473141863,7306.201550387772
Hold,2021-11-21 21:00:00,226.8,8563.384930630245,Hold,8563.384930630304,7325.581395349013
Hold,2021-11-21 22:00:00,224.6,8480.318586505966,Hold,8480.318586506024,7254.521963824464
Hold,2021-11-21 23:00:00,221.1,8348.167584490067,Hold,8348.167584490126,7141.472868217226
Hold,2021-11-22 00:00:00,216.2,8163.156181667808,Hold,8163.156181667866,6983.2041343670935
Hold,2021-11-22 01:00:00,217.2,8200.913610815207,Hold,8200.913610815265,7015.503875969161
Hold,2021-11-22 02:00:00,215.9,8151.828952923588,Hold,8151.828952923646,6973.514211886473
Hold,2021-11-22 03:00:00,215.0,8117.847266690928,Hold,8117.8472666909865,6944.444444444613
Hold,2021-11-22 04:00:00,211.9,8000.79923633399,Hold,8000.799236334048,6844.315245478202
Hold,2021-11-22 05:00:00,214.6,8102.744295031968,Hold,8102.7442950320265,6931.524547803786
Hold,2021-11-22 06:00:00,214.0,8080.089837543529,Hold,8080.089837543587,6912.1447028425455
Hold,2021-11-22 07:00:00,214.5,8098.968552117229,Hold,8098.968552117286,6928.294573643579
Hold,2021-11-22 08:00:00,215.2,8125.398752520408,Hold,8125.3987525204675,6950.9043927650255
Hold,2021-11-22 09:00:00,214.6,8102.744295031968,Hold,8102.7442950320265,6931.524547803785
Hold,2021-11-22 10:00:00,215.9,8151.828952923588,Hold,8151.828952923646,6973.514211886473
Hold,2021-11-22 11:00:00,214.5,8098.968552117229,Hold,8098.968552117286,6928.294573643579
Sell,2021-11-22 12:00:00,214.4,8095.192809202489,Sinal: Venda,8095.192809202547,6925.064599483371
Buy,2021-11-25 05:00:00,216.4,8095.192809202489,Sinal: Compra,8095.192809202547,6989.664082687507
Hold,2021-11-25 06:00:00,215.5,8045.410197765344,Hold,8045.410197765401,6960.594315245646
Hold,2021-11-25 07:00:00,217.4,8116.344208789725,Hold,8116.344208789784,7021.963824289575
Hold,2021-11-25 08:00:00,215.7,8052.876935767909,Hold,8052.876935767968,6967.0542635660595
Hold,2021-11-25 09:00:00,216.8,8093.943994782026,Hold,8093.943994782084,7002.583979328335
Hold,2021-11-25 10:00:00,221.8,8280.612444846187,Hold,8280.612444846247,7164.082687338674
Hold,2021-11-25 11:00:00,222.6,8310.479396856452,Hold,8310.479396856514,7189.922480620328
Hold,2021-11-25 12:00:00,229.8,8579.281964948845,Hold,8579.281964948908,7422.480620155219
Hold,2021-11-25 13:00:00,227.8,8504.61458492318,Hold,8504.614584923242,7357.881136951083
Hold,2021-11-25 14:00:00,227.6,8497.147846920614,Hold,8497.147846920676,7351.421188630669
Hold,2021-11-25 15:00:00,226.7,8463.547525909065,Hold,8463.547525909125,7322.351421188809
Hold,2021-11-25 16:00:00,226.7,8463.547525909065,Hold,8463.547525909125,7322.351421188809
Hold,2021-11-25 17:00:00,226.1,8441.147311901366,Hold,8441.147311901426,7302.971576227568
Hold,2021-11-25 18:00:00,225.7,8426.213835896231,Hold,8426.213835896291,7290.051679586741
Hold,2021-11-25 19:00:00,223.3,8336.612979865435,Hold,8336.612979865495,7212.532299741779
Hold,2021-11-25 20:00:00,223.4,8340.346348866718,Hold,8340.346348866777,7215.762273901985
Hold,2021-11-25 21:00:00,221.6,8273.14570684362,Hold,8273.145706843678,7157.622739018262
Hold,2021-11-25 22:00:00,223.6,8347.813086869284,Hold,8347.813086869344,7222.222222222398
Hold,2021-11-25 23:00:00,222.9,8321.679503860301,Hold,8321.679503860361,7199.612403100951
Hold,2021-11-26 00:00:00,221.2,8258.212230838488,Hold,8258.212230838546,7144.7028423774345
Hold,2021-11-26 01:00:00,221.1,8254.478861837204,Hold,8254.478861837264,7141.472868217227
Hold,2021-11-26 02:00:00,218.3,8149.944529801274,Hold,8149.944529801333,7051.033591731438
Hold,2021-11-26 03:00:00,216.2,8071.543780774326,Hold,8071.543780774384,6983.204134367094
Hold,2021-11-26 04:00:00,216.8,8093.943994782026,Hold,8093.943994782086,7002.583979328336
Hold,2021-11-26 05:00:00,217.1,8105.144101785875,Hold,8105.144101785935,7012.273901808957
Hold,2021-11-26 06:00:00,216.9,8097.6773637833085,Hold,8097.6773637833685,7005.813953488543
Hold,2021-11-26 07:00:00,211.5,7896.075437714015,Hold,7896.075437714073,6831.395348837375
Trailing-Stop,2021-11-26 08:00:00,196.9,7351.003563526664,Trailing stop 10.0% hit,7351.003563526718,6359.819121447183
Buy,2021-11-30 16:00:00,206.7,7351.003563526664,Sinal: Compra,7351.003563526718,6676.356589147449
Hold,2021-11-30 17:00:00,210.1,7456.983558032932,Hold,7456.983558032986,6786.17571059448
Hold,2021-11-30 18:00:00,212.9,7556.362682080967,Hold,7556.362682081023,6876.614987080271
Hold,2021-11-30 19:00:00,211.2,7496.025356766088,Hold,7496.025356766144,6821.705426356755
Hold,2021-11-30 20:00:00,209.8,7446.335794742071,Hold,7446.335794742126,6776.4857881138605
Hold,2021-11-30 21:00:00,209.1,7421.491013730062,Hold,7421.491013730118,6753.875968992413
Hold,2021-11-30 22:00:00,209.4,7432.138777020923,Hold,7432.138777020979,6763.565891473033
Hold,2021-11-30 23:00:00,207.8,7375.350706136332,Hold,7375.350706136388,6711.8863049097245
Hold,2021-12-01 00:00:00,210.6,7474.729830184366,Hold,7474.729830184423,6802.325581395515
Hold,2021-12-01 01:00:00,209.1,7421.491013730062,Hold,7421.491013730119,6753.875968992413
Hold,2021-12-01 02:00:00,211.0,7488.9268479055145,Hold,7488.926847905573,6815.245478036341
Hold,2021-12-01 03:00:00,212.5,7542.165664359819,Hold,7542.165664359878,6863.695090439443
Hold,2021-12-01 04:00:00,211.2,7496.025356766088,Hold,7496.025356766147,6821.705426356755
Hold,2021-12-01 05:00:00,209.8,7446.335794742071,Hold,7446.335794742129,6776.4857881138605
Hold,2021-12-01 06:00:00,212.9,7556.362682080967,Hold,7556.362682081025,6876.614987080271
Hold,2021-12-01 07:00:00,215.6,7652.192551698715,Hold,7652.192551698775,6963.824289405855
Hold,2021-12-01 08:00:00,212.7,7549.264173220392,Hold,7549.264173220451,6870.155038759857
Hold,2021-12-01 09:00:00,214.0,7595.404480814123,Hold,7595.404480814184,6912.1447028425455
Hold,2021-12-01 10:00:00,212.6,7545.714918790106,Hold,7545.714918790167,6866.92506459965
Hold,2021-12-01 11:00:00,212.2,7531.517901068958,Hold,7531.517901069018,6854.005167958822
Hold,2021-12-01 12:00:00,210.4,7467.631321323793,Hold,7467.631321323852,6795.865633075101
Hold,2021-12-01 13:00:00,213.2,7567.010445371828,Hold,7567.010445371889,6886.304909560889
Hold,2021-12-01 14:00:00,216.4,7680.5865871410115,Hold,7680.586587141072,6989.664082687507
Hold,2021-12-01 15:00:00,215.2,7637.995533977567,Hold,7637.995533977629,6950.904392765025
Hold,2021-12-01 16:00:00,214.0,7595.404480814123,Hold,7595.404480814184,6912.144702842543
Hold,2021-12-01 17:00:00,211.9,7520.870137778097,Hold,7520.870137778157,6844.3152454782
Hold,2021-12-01 18:00:00,211.1,7492.476102335801,Hold,7492.4761023358615,6818.475452196545
Hold,2021-12-01 19:00:00,210.9,7485.377593475228,Hold,7485.377593475288,6812.015503876131
Hold,2021-12-01 20:00:00,207.8,7375.350706136332,Hold,7375.350706136392,6711.886304909721
Hold,2021-12-01 21:00:00,207.1,7350.505925124322,Hold,7350.505925124381,6689.276485788273
Hold,2021-12-01 22:00:00,207.4,7361.153688415184,Hold,7361.153688415242,6698.966408268894
Hold,2021-12-01 23:00:00,208.8,7410.843250439202,Hold,7410.84325043926,6744.186046511789
Hold,2021-12-02 00:00:00,207.9,7378.899960566619,Hold,7378.899960566677,6715.116279069928
Hold,2021-12-02 01:00:00,209.1,7421.491013730062,Hold,7421.491013730119,6753.875968992409
Hold,2021-12-02 02:00:00,207.1,7350.505925124322,Hold,7350.505925124379,6689.276485788273
Hold,2021-12-02 03:00:00,202.2,7176.59245804026,Hold,7176.592458040315,6531.00775193814
Hold,2021-12-02 04:00:00,202.9,7201.437239052269,Hold,7201.437239052325,6553.617571059588
Hold,2021-12-02 05:00:00,204.1,7244.028292215713,Hold,7244.028292215769,6592.37726098207
Hold,2021-12-02 06:00:00,203.6,7226.282020064278,Hold,7226.282020064335,6576.227390181035
Hold,2021-12-02 07:00:00,203.9,7236.92978335514,Hold,7236.9297833551955,6585.917312661656
Hold,2021-12-02 08:00:00,205.0,7275.971582088296,Hold,7275.971582088353,6621.4470284239305
Sell,2021-12-02 09:00:00,204.8,7268.873073227723,Sinal: Venda,7268.87307322778,6614.987080103518
Buy,2021-12-08 10:00:00,158.2,7268.873073227723,Sinal: Compra,7268.87307322778,5109.81912144715
Hold,2021-12-08 11:00:00,158.8,7281.855905420666,Hold,7281.8559054207235,5129.198966408391
Hold,2021-12-08 12:00:00,160.1,7341.468075931036,Hold,7341.468075931093,5171.1886304910795
Hold,2021-12-08 13:00:00,159.9,7332.296972775595,Hold,7332.296972775653,5164.728682170667
Hold,2021-12-08 14:00:00,165.3,7579.91675797252,Hold,7579.916757972579,5339.147286821834
Hold,2021-12-08 15:00:00,165.9,7607.430067438844,Hold,7607.430067438904,5358.527131783076
Hold,2021-12-08 16:00:00,164.2,7529.47569061759,Hold,7529.475690617649,5303.61757105956
Hold,2021-12-08 17:00:00,163.3,7488.205726418103,Hold,7488.205726418162,5274.547803617698
Hold,2021-12-08 18:00:00,164.8,7556.989000083916,Hold,7556.989000083975,5322.997416020801
Hold,2021-12-08 19:00:00,164.7,7552.403448506194,Hold,7552.403448506253,5319.767441860594
Hold,2021-12-08 20:00:00,164.9,7561.574551661637,Hold,7561.574551661695,5326.227390181008
Hold,2021-12-08 21:00:00,164.4,7538.646793773032,Hold,7538.6467937730895,5310.077519379974
Hold,2021-12-08 22:00:00,162.7,7460.692416951777,Hold,7460.692416951834,5255.167958656458
Hold,2021-12-08 23:00:00,165.1,7570.745654817078,Hold,7570.745654817136,5332.687338501421
Hold,2021-12-09 00:00:00,163.6,7501.962381151265,Hold,7501.962381151323,5284.237726098319
Hold,2021-12-09 01:00:00,162.7,7460.692416951777,Hold,7460.692416951834,5255.167958656459
Hold,2021-12-09 02:00:00,161.4,7401.080246441407,Hold,7401.080246441465,5213.1782945737705
Hold,2021-12-09 03:00:00,159.7,7323.125869620153,Hold,7323.12586962021,5158.268733850255
Hold,2021-12-09 04:00:00,161.0,7382.738040130524,Hold,7382.738040130581,5200.258397932944
Hold,2021-12-09 05:00:00,161.4,7401.080246441407,Hold,7401.080246441465,5213.178294573771
Hold,2021-12-09 06:00:00,160.8,7373.566936975083,Hold,7373.56693697514,5193.79844961253
Hold,2021-12-09 07:00:00,161.9,7424.008004330012,Hold,7424.008004330071,5229.3281653748045
Hold,2021-12-09 08:00:00,160.0,7336.882524353316,Hold,7336.882524353373,5167.958656330875
Hold,2021-12-09 09:00:00,159.3,7304.783663309271,Hold,7304.783663309328,5145.348837209427
Hold,2021-12-09 10:00:00,159.5,7313.954766464712,Hold,7313.954766464769,5151.808785529841
Hold,2021-12-09 11:00:00,159.5,7313.954766464712,Hold,7313.954766464769,5151.808785529841
Hold,2021-12-09 12:00:00,160.2,7346.053627508757,Hold,7346.053627508814,5174.418604651289
Hold,2021-12-09 13:00:00,159.6,7318.540318042433,Hold,7318.54031804249,5155.038759690047
Hold,2021-12-09 14:00:00,153.9,7057.1638781123465,Hold,7057.163878112401,4970.930232558259
Hold,2021-12-09 15:00:00,155.6,7135.118254933599,Hold,7135.118254933654,5025.839793281775
Hold,2021-12-09 16:00:00,156.6,7180.973770710808,Hold,7180.973770710863,5058.139534883842
Hold,2021-12-09 17:00:00,154.7,7093.848290734111,Hold,7093.848290734165,4996.770025839913
Hold,2021-12-09 18:00:00,153.5,7038.821671801462,Hold,7038.821671801516,4958.010335917432
Hold,2021-12-09 19:00:00,153.9,7057.1638781123465,Hold,7057.1638781124,4970.9302325582585
Hold,2021-12-09 20:00:00,153.7,7047.992774956903,Hold,7047.992774956956,4964.470284237845
Hold,2021-12-09 21:00:00,154.5,7084.677187578671,Hold,7084.6771875787235,4990.310077519499
Hold,2021-12-09 22:00:00,154.6,7089.262739156391,Hold,7089.262739156444,4993.540051679705
Hold,2021-12-09 23:00:00,151.3,6937.9395370916045,Hold,6937.939537091655,4886.950904392882
Hold,2021-12-10 00:00:00,153.2,7025.065017068299,Hold,7025.065017068352,4948.32041343681
Hold,2021-12-10 01:00:00,154.7,7093.848290734111,Hold,7093.848290734164,4996.770025839911
Hold,2021-12-10 02:00:00,154.3,7075.506084423229,Hold,7075.506084423282,4983.850129199084
Hold,2021-12-10 03:00:00,153.7,7047.992774956903,Hold,7047.992774956956,4964.470284237843
Hold,2021-12-10 04:00:00,153.2,7025.065017068299,Hold,7025.065017068352,4948.320413436808
Hold,2021-12-10 05:00:00,152.8,7006.722810757417,Hold,7006.72281075747,4935.400516795981
Hold,2021-12-10 06:00:00,150.8,6915.0117792030005,Hold,6915.011779203052,4870.801033591846
Hold,2021-12-10 07:00:00,150.4,6896.669572892117,Hold,6896.669572892169,4857.881136951019
Hold,2021-12-10 08:00:00,152.1,6974.623949713371,Hold,6974.623949713424,4912.7906976745335
Hold,2021-12-10 09:00:00,153.6,7043.407223379183,Hold,7043.407223379237,4961.2403100776355
Hold,2021-12-10 10:00:00,152.7,7002.137259179695,Hold,7002.137259179749,4932.170542635775
Hold,2021-12-10 11:00:00,155.4,7125.9471517781585,Hold,7125.947151778214,5019.379844961359
Hold,2021-12-10 12:00:00,156.6,7180.973770710808,Hold,7180.973770710863,5058.1395348838405
Hold,2021-12-10 13:00:00,157.9,7240.5859412211785,Hold,7240.585941221235,5100.12919896653
Sell,2021-12-10 14:00:00,152.1,6974.623949713371,Sinal: Venda,6974.623949713425,4912.790697674534
Buy,2021-12-19 06:00:00,153.0,6974.623949713371,Sinal: Compra,6974.623949713425,4941.860465116395
Hold,2021-12-19 07:00:00,153.2,6969.780606733891,Hold,6969.780606733944,4948.320413436809
Hold,2021-12-19 08:00:00,153.2,6969.780606733891,Hold,6969.780606733944,4948.320413436809
Hold,2021-12-19 09:00:00,152.4,6933.384885549903,Hold,6933.384885549956,4922.480620155155
Hold,2021-12-19 10:00:00,152.1,6919.736490105906,Hold,6919.73649010596,4912.790697674534
Hold,2021-12-19 11:00:00,152.3,6928.835420401904,Hold,6928.835420401958,4919.250645994948
Hold,2021-12-19 12:00:00,154.4,7024.374188509874,Hold,7024.374188509929,4987.080103359291
Hold,2021-12-19 13:00:00,154.6,7033.473118805872,Hold,7033.473118805926,4993.540051679704
Hold,2021-12-19 14:00:00,154.2,7015.275258213876,Hold,7015.27525821393,4980.620155038877
Hold,2021-12-19 15:00:00,155.2,7060.769909693863,Hold,7060.769909693916,5012.919896640945
Hold,2021-12-19 16:00:00,155.9,7092.616165729854,Hold,7092.616165729908,5035.529715762394
Hold,2021-12-19 17:00:00,157.5,7165.407608097832,Hold,7165.407608097887,5087.209302325703
Hold,2021-12-19 18:00:00,157.5,7165.407608097832,Hold,7165.407608097887,5087.209302325703
Hold,2021-12-19 19:00:00,153.6,6987.9784673258855,Hold,6987.978467325939,4961.240310077637
Hold,2021-12-19 20:00:00,154.8,7042.57204910187,Hold,7042.572049101924,5000.00000000012
Hold,2021-12-19 21:00:00,154.2,7015.275258213876,Hold,7015.27525821393,4980.620155038879
Hold,2021-12-19 22:00:00,155.3,7065.3193748418635,Hold,7065.319374841918,5016.149870801154
Hold,2021-12-19 23:00:00,153.2,6969.780606733891,Hold,6969.780606733945,4948.320413436811
Hold,2021-12-20 00:00:00,154.9,7047.121514249868,Hold,7047.121514249922,5003.229974160327
Hold,2021-12-20 01:00:00,154.1,7010.725793065879,Hold,7010.725793065933,4977.390180878672
Hold,2021-12-20 02:00:00,154.2,7015.275258213876,Hold,7015.275258213931,4980.620155038879
Hold,2021-12-20 03:00:00,154.8,7042.57204910187,Hold,7042.572049101924,5000.000000000121
Hold,2021-12-20 04:00:00,157.0,7142.66028235784,Hold,7142.660282357894,5071.059431524669
Sell,2021-12-20 05:00:00,150.5,6846.945047737929,Sinal: Venda,6846.9450477379805,4861.111111111228
Buy,2021-12-20 14:00:00,150.4,6846.945047737929,Sinal: Compra,6846.9450477379805,4857.881136951021
Sell,2021-12-20 15:00:00,148.0,6724.216653450466,Sinal: Venda,6724.216653450517,4780.361757106058
Buy,2021-12-23 21:00:00,163.3,6724.216653450466,Sinal: Compra,6724.216653450517,5274.547803617698
Hold,2021-12-23 22:00:00,162.8,6690.227562411778,Hold,6690.227562411829,5258.397932816664
Hold,2021-12-23 23:00:00,163.6,6723.103373529281,Hold,6723.103373529333,5284.2377260983185
Hold,2021-12-24 00:00:00,165.4,6797.0739485436625,Hold,6797.073948543714,5342.377260982041
Hold,2021-12-24 01:00:00,166.4,6838.16871244054,Hold,6838.168712440593,5374.677002584108
Hold,2021-12-24 02:00:00,165.2,6788.854995764285,Hold,6788.854995764337,5335.917312661627
Hold,2021-12-24 03:00:00,165.6,6805.292901323038,Hold,6805.2929013230905,5348.8372093024545
Hold,2021-12-24 04:00:00,164.6,6764.198137426159,Hold,6764.198137426211,5316.5374677003865
Hold,2021-12-24 05:00:00,164.2,6747.760231867407,Hold,6747.760231867459,5303.617571059559
Hold,2021-12-24 06:00:00,163.5,6718.993897139593,Hold,6718.993897139645,5281.007751938111
Hold,2021-12-24 07:00:00,164.0,6739.541279088033,Hold,6739.5412790880855,5297.157622739145
Hold,2021-12-24 08:00:00,164.0,6739.541279088033,Hold,6739.5412790880855,5297.157622739145
Hold,2021-12-24 09:00:00,164.4,6755.979184646783,Hold,6755.979184646836,5310.077519379973
Hold,2021-12-24 10:00:00,163.8,6731.3223263086575,Hold,6731.32232630871,5290.697674418732
Hold,2021-12-24 11:00:00,163.1,6702.555991580841,Hold,6702.5559915808935,5268.0878552972845
Hold,2021-12-24 12:00:00,163.4,6714.884420749906,Hold,6714.884420749958,5277.777777777906
Hold,2021-12-24 13:00:00,162.2,6665.570704073651,Hold,6665.5707040737025,5239.018087855423
Hold,2021-12-24 14:00:00,162.1,6661.461227683963,Hold,6661.461227684014,5235.788113695217
Hold,2021-12-24 15:00:00,162.4,6673.789656853027,Hold,6673.789656853079,5245.478036175838
Hold,2021-12-24 16:00:00,162.5,6677.899133242715,Hold,6677.899133242767,5248.708010336045
Hold,2021-12-24 17:00:00,162.7,6686.11808602209,Hold,6686.118086022142,5255.167958656458
Hold,2021-12-24 18:00:00,164.3,6751.869708257096,Hold,6751.869708257149,5306.847545219767
Sell,2021-12-24 19:00:00,161.8,6649.132798514901,Sinal: Venda,6649.132798514953,5226.098191214597
Buy,2021-12-25 04:00:00,161.4,6649.132798514901,Sinal: Compra,6649.132798514953,5213.17829457377
Hold,2021-12-25 05:00:00,161.9,6656.398310867431,Hold,6656.398310867483,5229.3281653748045
Hold,2021-12-25 06:00:00,162.4,6676.955439684193,Hold,6676.955439684246,5245.478036175838
Hold,2021-12-25 07:00:00,162.4,6676.955439684193,Hold,6676.955439684246,5245.478036175838
Hold,2021-12-25 08:00:00,162.8,6693.401142737603,Hold,6693.401142737656,5258.397932816665
Hold,2021-12-25 09:00:00,162.2,6668.732588157488,Hold,6668.732588157541,5239.018087855424
Hold,2021-12-25 10:00:00,161.1,6623.506904760612,Hold,6623.506904760665,5203.488372093149
Hold,2021-12-25 11:00:00,161.5,6639.9526078140225,Hold,6639.952607814075,5216.408268733977
Hold,2021-12-25 12:00:00,162.8,6693.401142737603,Hold,6693.401142737656,5258.397932816665
Hold,2021-12-25 13:00:00,163.3,6713.958271554364,Hold,6713.9582715544175,5274.547803617699
Hold,2021-12-25 14:00:00,162.7,6689.28971697425,Hold,6689.289716974303,5255.167958656458
Hold,2021-12-25 15:00:00,162.9,6697.512568500955,Hold,6697.512568501008,5261.6279069768725
Hold,2021-12-25 16:00:00,162.2,6668.732588157488,Hold,6668.732588157541,5239.018087855424
Hold,2021-12-25 17:00:00,160.3,6590.615498653794,Hold,6590.615498653847,5177.648578811495
Hold,2021-12-25 18:00:00,161.2,6627.618330523965,Hold,6627.618330524018,5206.718346253356
Hold,2021-12-25 19:00:00,161.0,6619.39547899726,Hold,6619.395478997314,5200.258397932942
Hold,2021-12-25 20:00:00,161.3,6631.729756287318,Hold,6631.729756287371,5209.948320413564
Hold,2021-12-25 21:00:00,162.1,6664.621162394135,Hold,6664.621162394189,5235.788113695218
Hold,2021-12-25 22:00:00,159.4,6553.612666783623,Hold,6553.612666783676,5148.578811369635
Hold,2021-12-25 23:00:00,157.8,6487.829854569986,Hold,6487.829854570038,5096.899224806327
Hold,2021-12-26 00:00:00,156.8,6446.715596936463,Hold,6446.715596936515,5064.599483204259
Hold,2021-12-26 01:00:00,157.2,6463.161299989871,Hold,6463.161299989923,5077.5193798450855
Hold,2021-12-26 02:00:00,156.8,6446.715596936463,Hold,6446.715596936515,5064.599483204259
Hold,2021-12-26 03:00:00,153.7,6319.26139827254,Hold,6319.26139827259,4964.470284237848
Hold,2021-12-26 04:00:00,154.4,6348.041378616006,Hold,6348.041378616057,4987.080103359296
Hold,2021-12-26 05:00:00,154.5,6352.152804379359,Hold,6352.15280437941,4990.310077519503
Hold,2021-12-26 06:00:00,154.8,6364.4870816694165,Hold,6364.487081669467,5000.000000000124
Hold,2021-12-26 07:00:00,155.7,6401.489913539586,Hold,6401.489913539637,5029.0697674419835
Hold,2021-12-26 08:00:00,155.6,6397.378487776234,Hold,6397.378487776285,5025.839793281777
Hold,2021-12-26 09:00:00,156.0,6413.824190829643,Hold,6413.824190829694,5038.759689922605
Hold,2021-12-26 10:00:00,155.4,6389.155636249529,Hold,6389.155636249579,5019.379844961364
Hold,2021-12-26 11:00:00,154.4,6348.041378616006,Hold,6348.041378616056,4987.080103359296
Hold,2021-12-26 12:00:00,154.1,6335.707101325948,Hold,6335.707101325998,4977.390180878675
Hold,2021-12-26 13:00:00,154.9,6368.598507432768,Hold,6368.598507432819,5003.229974160329
Hold,2021-12-26 14:00:00,153.5,6311.038546745835,Hold,6311.0385467458855,4958.0103359174345
Hold,2021-12-26 15:00:00,155.0,6372.709933196121,Hold,6372.709933196172,5006.459948320537
Hold,2021-12-26 16:00:00,155.5,6393.267062012881,Hold,6393.267062012931,5022.60981912157
Hold,2021-12-26 17:00:00,156.0,6413.824190829643,Hold,6413.824190829693,5038.759689922604
Hold,2021-12-26 18:00:00,156.6,6438.492745409758,Hold,6438.492745409809,5058.139534883843
Hold,2021-12-26 19:00:00,156.4,6430.269893883054,Hold,6430.2698938831045,5051.67958656343
Hold,2021-12-26 20:00:00,156.0,6413.824190829643,Hold,6413.824190829694,5038.759689922604
Hold,2021-12-26 21:00:00,156.7,6442.6041711731095,Hold,6442.6041711731605,5061.369509044051
Hold,2021-12-26 22:00:00,156.8,6446.715596936463,Hold,6446.715596936515,5064.599483204258
Hold,2021-12-26 23:00:00,155.7,6401.489913539586,Hold,6401.489913539637,5029.069767441983
Hold,2021-12-27 00:00:00,155.4,6389.155636249529,Hold,6389.155636249579,5019.379844961363
Hold,2021-12-27 01:00:00,155.8,6405.601339302939,Hold,6405.60133930299,5032.299741602191
Hold,2021-12-27 02:00:00,156.0,6413.824190829643,Hold,6413.824190829694,5038.759689922605
Hold,2021-12-27 03:00:00,156.5,6434.381319646405,Hold,6434.381319646456,5054.909560723639
Hold,2021-12-27 04:00:00,156.4,6430.269893883054,Hold,6430.2698938831045,5051.679586563431
Hold,2021-12-27 05:00:00,156.0,6413.824190829643,Hold,6413.824190829694,5038.759689922605
Hold,2021-12-27 06:00:00,156.2,6422.047042356347,Hold,6422.047042356399,5045.2196382430175
Hold,2021-12-27 07:00:00,156.0,6413.824190829643,Hold,6413.824190829695,5038.759689922605
Hold,2021-12-27 08:00:00,155.7,6401.489913539586,Hold,6401.489913539638,5029.069767441984
Hold,2021-12-27 09:00:00,155.4,6389.155636249529,Hold,6389.15563624958,5019.379844961365
Hold,2021-12-27 10:00:00,156.3,6426.158468119701,Hold,6426.158468119753,5048.449612403227
Hold,2021-12-27 11:00:00,157.4,6471.384151516576,Hold,6471.384151516629,5083.979328165501
Hold,2021-12-27 12:00:00,158.5,6516.609834913452,Hold,6516.609834913506,5119.509043927775
Hold,2021-12-27 13:00:00,158.6,6520.7212606768035,Hold,6520.721260676857,5122.739018087982
Hold,2021-12-27 14:00:00,159.4,6553.612666783623,Hold,6553.612666783676,5148.578811369637
Hold,2021-12-27 15:00:00,159.2,6545.389815256918,Hold,6545.389815256972,5142.118863049223
Hold,2021-12-27 16:00:00,158.9,6533.055537966861,Hold,6533.055537966915,5132.428940568603
Hold,2021-12-27 17:00:00,160.2,6586.5040728904405,Hold,6586.504072890495,5174.418604651292
Hold,2021-12-27 18:00:00,160.4,6594.726924417147,Hold,6594.726924417201,5180.878552971706
Hold,2021-12-27 19:00:00,159.2,6545.389815256918,Hold,6545.389815256973,5142.118863049223
Hold,2021-12-27 20:00:00,160.7,6607.061201707203,Hold,6607.061201707257,5190.568475452325
Hold,2021-12-27 21:00:00,158.8,6528.944112203509,Hold,6528.944112203563,5129.198966408397
Hold,2021-12-27 22:00:00,157.4,6471.384151516576,Hold,6471.384151516629,5083.979328165501
Hold,2021-12-27 23:00:00,155.9,6409.7127650662915,Hold,6409.712765066343,5035.529715762399
Hold,2021-12-28 00:00:00,153.9,6327.484249799244,Hold,6327.484249799296,4970.930232558263
Hold,2021-12-28 01:00:00,152.1,6253.478586058903,Hold,6253.478586058954,4912.790697674541
Hold,2021-12-28 02:00:00,151.9,6245.255734532198,Hold,6245.255734532249,4906.330749354127
Hold,2021-12-28 03:00:00,151.2,6216.475754188731,Hold,6216.475754188782,4883.720930232679
Hold,2021-12-28 04:00:00,148.0,6084.910129761457,Hold,6084.910129761506,4780.361757106061
Hold,2021-12-28 05:00:00,149.8,6158.915793501799,Hold,6158.915793501848,4838.501291989784
Hold,2021-12-28 06:00:00,150.2,6175.361496555208,Hold,6175.361496555257,4851.42118863061
Hold,2021-12-28 07:00:00,150.5,6187.695773845266,Hold,6187.695773845315,4861.111111111231
Hold,2021-12-28 08:00:00,151.2,6216.475754188731,Hold,6216.475754188781,4883.720930232679
Hold,2021-12-28 09:00:00,150.8,6200.0300511353225,Hold,6200.030051135372,4870.8010335918525
Hold,2021-12-28 10:00:00,152.4,6265.81286334896,Hold,6265.81286334901,4922.480620155161
Sell,2021-12-28 11:00:00,152.9,6286.369992165722,Sinal: Venda,6286.369992165773,4938.630490956195
Buy,2022-01-03 04:00:00,149.8,6286.369992165722,Sinal: Compra,6286.369992165773,4838.5012919897845
Hold,2022-01-03 05:00:00,150.5,6303.120377516575,Hold,6303.120377516626,4861.111111111231
Hold,2022-01-03 06:00:00,149.7,6269.615418699212,Hold,6269.615418699262,4835.271317829576
Hold,2022-01-03 07:00:00,150.1,6286.367898107894,Hold,6286.367898107944,4848.191214470403
Hold,2022-01-03 08:00:00,149.7,6269.615418699212,Hold,6269.615418699262,4835.271317829575
Hold,2022-01-03 09:00:00,149.8,6273.803538551383,Hold,6273.803538551434,4838.501291989784
Hold,2022-01-03 10:00:00,150.3,6294.744137812235,Hold,6294.744137812285,4854.651162790818
Hold,2022-01-03 11:00:00,150.8,6315.6847370730875,Hold,6315.6847370731375,4870.8010335918525
Hold,2022-01-03 12:00:00,150.5,6303.120377516575,Hold,6303.120377516626,4861.111111111231
Hold,2022-01-03 13:00:00,150.4,6298.932257664405,Hold,6298.932257664455,4857.881136951025
Hold,2022-01-03 14:00:00,149.9,6277.991658403553,Hold,6277.991658403603,4841.731266149991
Hold,2022-01-03 15:00:00,148.8,6231.922340029678,Hold,6231.922340029728,4806.201550387716
Hold,2022-01-03 16:00:00,148.0,6198.417381212314,Hold,6198.417381212363,4780.361757106061
Hold,2022-01-03 17:00:00,148.4,6215.169860620996,Hold,6215.169860621045,4793.281653746889
Hold,2022-01-03 18:00:00,148.1,6202.605501064484,Hold,6202.605501064533,4783.591731266269
Hold,2022-01-03 19:00:00,147.9,6194.229261360143,Hold,6194.229261360192,4777.131782945855
Hold,2022-01-03 20:00:00,146.8,6148.159942986268,Hold,6148.159942986316,4741.6020671835795
Hold,2022-01-03 21:00:00,147.1,6160.724302542779,Hold,6160.724302542826,4751.2919896642
Hold,2022-01-03 22:00:00,148.1,6202.605501064484,Hold,6202.605501064532,4783.591731266268
Hold,2022-01-03 23:00:00,148.5,6219.357980473165,Hold,6219.357980473214,4796.511627907094
Hold,2022-01-04 00:00:00,147.5,6177.476781951461,Hold,6177.476781951509,4764.211886305026
Hold,2022-01-04 01:00:00,147.0,6156.536182690608,Hold,6156.5361826906565,4748.062015503992
Hold,2022-01-04 02:00:00,147.2,6164.912422394948,Hold,6164.912422394997,4754.521963824405
Hold,2022-01-04 03:00:00,147.7,6185.853021655802,Hold,6185.85302165585,4770.67183462544
Hold,2022-01-04 04:00:00,147.2,6164.912422394948,Hold,6164.912422394997,4754.521963824405
Hold,2022-01-04 05:00:00,148.0,6198.417381212314,Hold,6198.417381212361,4780.36175710606
Hold,2022-01-04 06:00:00,148.4,6215.169860620996,Hold,6215.169860621043,4793.281653746888
Hold,2022-01-04 07:00:00,148.7,6227.734220177506,Hold,6227.734220177555,4802.971576227508
Hold,2022-01-04 08:00:00,149.3,6252.8629392905295,Hold,6252.862939290578,4822.351421188749
Hold,2022-01-04 09:00:00,148.7,6227.734220177506,Hold,6227.734220177555,4802.971576227508
Hold,2022-01-04 10:00:00,149.9,6277.991658403553,Hold,6277.991658403601,4841.731266149989
Hold,2022-01-04 11:00:00,150.1,6286.367898107894,Hold,6286.367898107943,4848.191214470402
Hold,2022-01-04 12:00:00,149.7,6269.615418699212,Hold,6269.615418699261,4835.271317829574
Hold,2022-01-04 13:00:00,150.3,6294.744137812235,Hold,6294.744137812284,4854.651162790817
Hold,2022-01-04 14:00:00,151.0,6324.060976777428,Hold,6324.060976777477,4877.2609819122645
Hold,2022-01-04 15:00:00,150.3,6294.744137812235,Hold,6294.744137812284,4854.651162790817
Hold,2022-01-04 16:00:00,150.5,6303.120377516575,Hold,6303.120377516624,4861.1111111112305
Hold,2022-01-04 17:00:00,149.2,6248.674819438358,Hold,6248.674819438406,4819.121447028542
Hold,2022-01-04 18:00:00,146.1,6118.843104021074,Hold,6118.843104021122,4718.992248062132
Hold,2022-01-04 19:00:00,147.3,6169.10054224712,Hold,6169.100542247167,4757.751937984614
Hold,2022-01-04 20:00:00,147.5,6177.476781951461,Hold,6177.476781951509,4764.211886305027
Hold,2022-01-04 21:00:00,147.7,6185.853021655802,Hold,6185.85302165585,4770.671834625441
Hold,2022-01-04 22:00:00,147.2,6164.912422394948,Hold,6164.912422394997,4754.521963824406
Hold,2022-01-04 23:00:00,146.5,6135.595583429756,Hold,6135.595583429804,4731.912144702959
Hold,2022-01-05 00:00:00,147.7,6185.853021655802,Hold,6185.85302165585,4770.671834625441
Hold,2022-01-05 01:00:00,147.2,6164.912422394948,Hold,6164.912422394997,4754.521963824406
Hold,2022-01-05 02:00:00,148.0,6198.417381212314,Hold,6198.417381212361,4780.361757106061
Hold,2022-01-05 03:00:00,148.6,6223.546100325336,Hold,6223.546100325383,4799.741602067303
Hold,2022-01-05 04:00:00,148.5,6219.357980473165,Hold,6219.3579804732135,4796.511627907096
Hold,2022-01-05 05:00:00,147.9,6194.229261360143,Hold,6194.22926136019,4777.131782945856
Hold,2022-01-05 06:00:00,148.6,6223.546100325336,Hold,6223.546100325384,4799.741602067303
Sell,2022-01-05 07:00:00,148.4,6215.169860620996,Sinal: Venda,6215.169860621044,4793.28165374689
Buy,2022-01-13 12:00:00,138.5,6215.169860620996,Sinal: Compra,6215.169860621044,4473.514211886417
Hold,2022-01-13 13:00:00,138.7,6211.7027696235045,Hold,6211.702769623553,4479.974160206831
Hold,2022-01-13 14:00:00,140.1,6274.402004500743,Hold,6274.402004500792,4525.193798449725
Hold,2022-01-13 15:00:00,136.7,6122.132434084593,Hold,6122.132434084641,4415.374677002695
Hold,2022-01-13 16:00:00,136.8,6126.61095086154,Hold,6126.610950861588,4418.604651162903
Hold,2022-01-13 17:00:00,135.9,6086.30429986903,Hold,6086.304299869078,4389.53488372104
Hold,2022-01-13 18:00:00,135.9,6086.30429986903,Hold,6086.304299869078,4389.53488372104
Hold,2022-01-13 19:00:00,135.9,6086.30429986903,Hold,6086.304299869078,4389.53488372104
Hold,2022-01-13 20:00:00,136.7,6122.132434084593,Hold,6122.132434084642,4415.374677002695
Hold,2022-01-13 21:00:00,136.6,6117.653917307648,Hold,6117.653917307697,4412.144702842488
Hold,2022-01-13 22:00:00,136.3,6104.218366976812,Hold,6104.218366976861,4402.454780361868
Hold,2022-01-13 23:00:00,136.7,6122.132434084593,Hold,6122.132434084642,4415.374677002695
Hold,2022-01-14 00:00:00,138.1,6184.831668961831,Hold,6184.831668961881,4460.59431524559
Hold,2022-01-14 01:00:00,139.5,6247.53090383907,Hold,6247.530903839121,4505.813953488485
Hold,2022-01-14 02:00:00,139.0,6225.1383199543425,Hold,6225.138319954393,4489.664082687451
Hold,2022-01-14 03:00:00,138.3,6193.788702515723,Hold,6193.788702515774,4467.054263566004
Hold,2022-01-14 04:00:00,137.9,6175.874635407941,Hold,6175.874635407991,4454.134366925176
Hold,2022-01-14 05:00:00,139.7,6256.487937392961,Hold,6256.487937393011,4512.273901808898
Hold,2022-01-14 06:00:00,138.9,6220.6598031773965,Hold,6220.6598031774465,4486.4341085272445
Hold,2022-01-14 07:00:00,138.9,6220.6598031773965,Hold,6220.6598031774465,4486.4341085272445
Hold,2022-01-14 08:00:00,137.7,6166.917601854049,Hold,6166.917601854098,4447.674418604762
Hold,2022-01-14 09:00:00,137.4,6153.482051523213,Hold,6153.482051523262,4437.9844961241415
Hold,2022-01-14 10:00:00,136.9,6131.089467638485,Hold,6131.089467638534,4421.8346253231075
Hold,2022-01-14 11:00:00,138.6,6207.2242528465595,Hold,6207.2242528466095,4476.744186046623
Hold,2022-01-14 12:00:00,139.0,6225.1383199543425,Hold,6225.1383199543925,4489.664082687451
Hold,2022-01-14 13:00:00,142.8,6395.321957478274,Hold,6395.321957478325,4612.40310077531
Hold,2022-01-14 14:00:00,145.2,6502.806360124966,Hold,6502.806360125018,4689.922480620274
Hold,2022-01-14 15:00:00,144.7,6480.41377624024,Hold,6480.413776240292,4673.772609819239
Hold,2022-01-14 16:00:00,144.7,6480.41377624024,Hold,6480.413776240292,4673.772609819239
Hold,2022-01-14 17:00:00,143.9,6444.585642024675,Hold,6444.5856420247255,4647.9328165375855
Hold,2022-01-14 18:00:00,144.0,6449.064158801621,Hold,6449.064158801672,4651.162790697792
Hold,2022-01-14 19:00:00,144.6,6475.935259463293,Hold,6475.935259463344,4670.542635659032
Hold,2022-01-14 20:00:00,144.6,6475.935259463293,Hold,6475.935259463344,4670.542635659032
Hold,2022-01-14 21:00:00,144.9,6489.370809794131,Hold,6489.370809794182,4680.232558139653
Hold,2022-01-14 22:00:00,145.0,6493.849326571076,Hold,6493.849326571128,4683.46253229986
Hold,2022-01-14 23:00:00,144.7,6480.41377624024,Hold,6480.413776240292,4673.772609819239
Hold,2022-01-15 00:00:00,147.4,6601.333729217769,Hold,6601.333729217822,4760.981912144824
Hold,2022-01-15 01:00:00,147.0,6583.419662109988,Hold,6583.419662110041,4748.062015503996
Hold,2022-01-15 02:00:00,147.1,6587.898178886933,Hold,6587.898178886986,4751.291989664203
Hold,2022-01-15 03:00:00,147.2,6592.376695663878,Hold,6592.376695663931,4754.521963824409
Hold,2022-01-15 04:00:00,147.7,6614.769279548606,Hold,6614.769279548659,4770.671834625444
Hold,2022-01-15 05:00:00,148.7,6659.554447318062,Hold,6659.554447318115,4802.971576227511
Hold,2022-01-15 06:00:00,148.8,6664.0329640950085,Hold,6664.032964095061,4806.201550387719
Hold,2022-01-15 07:00:00,150.3,6731.210715749191,Hold,6731.210715749245,4854.65116279082
Hold,2022-01-15 08:00:00,147.8,6619.247796325552,Hold,6619.247796325605,4773.90180878565
Hold,2022-01-15 09:00:00,148.5,6650.597413764171,Hold,6650.597413764223,4796.511627907098
Hold,2022-01-15 10:00:00,148.3,6641.6403802102805,Hold,6641.640380210333,4790.051679586684
Hold,2022-01-15 11:00:00,148.2,6637.1618634333345,Hold,6637.161863433387,4786.821705426476
Hold,2022-01-15 12:00:00,146.1,6543.113011117477,Hold,6543.113011117529,4718.9922480621335
Hold,2022-01-15 13:00:00,146.4,6556.548561448315,Hold,6556.548561448367,4728.682170542754
Hold,2022-01-15 14:00:00,147.7,6614.769279548606,Hold,6614.769279548659,4770.671834625442
Hold,2022-01-15 15:00:00,149.0,6672.989997648899,Hold,6672.989997648952,4812.66149870813
Hold,2022-01-15 16:00:00,148.3,6641.6403802102805,Hold,6641.640380210333,4790.051679586683
Hold,2022-01-15 17:00:00,148.0,6628.2048298794425,Hold,6628.204829879495,4780.361757106062
Hold,2022-01-15 18:00:00,148.3,6641.6403802102805,Hold,6641.640380210333,4790.051679586683
Hold,2022-01-15 19:00:00,149.3,6686.425547979737,Hold,6686.425547979789,4822.351421188751
Hold,2022-01-15 20:00:00,148.4,6646.1188969872255,Hold,6646.118896987277,4793.28165374689
Hold,2022-01-15 21:00:00,147.8,6619.247796325552,Hold,6619.247796325604,4773.901808785648
Hold,2022-01-15 22:00:00,147.8,6619.247796325552,Hold,6619.247796325604,4773.901808785648
Hold,2022-01-15 23:00:00,147.7,6614.769279548606,Hold,6614.769279548658,4770.671834625441
Hold,2022-01-16 00:00:00,147.5,6605.812245994716,Hold,6605.812245994768,4764.211886305028
Hold,2022-01-16 01:00:00,147.8,6619.247796325552,Hold,6619.247796325604,4773.901808785648
Hold,2022-01-16 02:00:00,146.8,6574.462628556096,Hold,6574.462628556147,4741.60206718358
Hold,2022-01-16 03:00:00,145.7,6525.198944009694,Hold,6525.198944009745,4706.072351421305
Hold,2022-01-16 04:00:00,146.2,6547.591527894422,Hold,6547.591527894473,4722.22222222234
Hold,2022-01-16 05:00:00,145.4,6511.763393678859,Hold,6511.763393678909,4696.382428940687
Hold,2022-01-16 06:00:00,146.3,6552.070044671369,Hold,6552.07004467142,4725.452196382547
Hold,2022-01-16 07:00:00,146.3,6552.070044671369,Hold,6552.07004467142,4725.452196382547
Hold,2022-01-16 08:00:00,145.4,6511.763393678859,Hold,6511.763393678909,4696.382428940687
Hold,2022-01-16 09:00:00,145.6,6520.720427232749,Hold,6520.720427232798,4702.8423772611
Hold,2022-01-16 10:00:00,145.0,6493.849326571076,Hold,6493.849326571125,4683.46253229986
Hold,2022-01-16 11:00:00,144.8,6484.892293017186,Hold,6484.892293017235,4677.002583979446
Hold,2022-01-16 12:00:00,145.1,6498.327843348021,Hold,6498.32784334807,4686.6925064600655
Hold,2022-01-16 13:00:00,145.2,6502.806360124966,Hold,6502.806360125016,4689.922480620273
Hold,2022-01-16 14:00:00,146.3,6552.070044671369,Hold,6552.070044671419,4725.452196382548
Hold,2022-01-16 15:00:00,145.7,6525.198944009694,Hold,6525.198944009744,4706.072351421307
Hold,2022-01-16 16:00:00,146.8,6574.462628556096,Hold,6574.462628556147,4741.602067183582
Hold,2022-01-16 17:00:00,146.9,6578.941145333042,Hold,6578.941145333093,4744.83204134379
Hold,2022-01-16 18:00:00,146.9,6578.941145333042,Hold,6578.941145333093,4744.83204134379
Hold,2022-01-16 19:00:00,145.6,6520.720427232749,Hold,6520.7204272328,4702.8423772611
Hold,2022-01-16 20:00:00,146.0,6538.634494340532,Hold,6538.634494340584,4715.762273901928
Hold,2022-01-16 21:00:00,146.4,6556.548561448315,Hold,6556.548561448366,4728.682170542755
Hold,2022-01-16 22:00:00,146.6,6565.505595002205,Hold,6565.505595002256,4735.1421188631675
Hold,2022-01-16 23:00:00,146.4,6556.548561448315,Hold,6556.548561448366,4728.682170542755
Hold,2022-01-17 00:00:00,145.4,6511.763393678859,Hold,6511.76339367891,4696.3824289406875
Hold,2022-01-17 01:00:00,147.0,6583.419662109988,Hold,6583.419662110041,4748.062015503995
Hold,2022-01-17 02:00:00,150.1,6722.2536821953,Hold,6722.253682195354,4848.191214470406
Hold,2022-01-17 03:00:00,147.6,6610.290762771661,Hold,6610.290762771714,4767.441860465236
Hold,2022-01-17 04:00:00,147.3,6596.855212440824,Hold,6596.855212440877,4757.751937984616
Hold,2022-01-17 05:00:00,148.7,6659.554447318062,Hold,6659.554447318116,4802.971576227511
Hold,2022-01-17 06:00:00,148.0,6628.2048298794425,Hold,6628.204829879496,4780.361757106063
Hold,2022-01-17 07:00:00,147.8,6619.247796325552,Hold,6619.247796325606,4773.90180878565
Hold,2022-01-17 08:00:00,149.6,6699.861098310572,Hold,6699.861098310626,4832.0413436693725
Hold,2022-01-17 09:00:00,152.2,6816.302534511156,Hold,6816.302534511213,4916.020671834749
Hold,2022-01-17 10:00:00,151.9,6802.86698418032,Hold,6802.866984180376,4906.33074935413
Hold,2022-01-17 11:00:00,151.6,6789.431433849483,Hold,6789.431433849539,4896.640826873509
Hold,2022-01-17 12:00:00,150.8,6753.603299633919,Hold,6753.6032996339745,4870.801033591855
Hold,2022-01-17 13:00:00,152.1,6811.824017734211,Hold,6811.824017734267,4912.7906976745435
Hold,2022-01-17 14:00:00,153.0,6852.1306687267215,Hold,6852.130668726778,4941.860465116404
Hold,2022-01-17 15:00:00,148.8,6664.0329640950085,Hold,6664.032964095063,4806.201550387719
Hold,2022-01-17 16:00:00,148.2,6637.1618634333345,Hold,6637.161863433389,4786.821705426478
Hold,2022-01-17 17:00:00,146.1,6543.113011117477,Hold,6543.11301111753,4718.992248062135
Hold,2022-01-17 18:00:00,146.6,6565.505595002205,Hold,6565.505595002258,4735.142118863168
Hold,2022-01-17 19:00:00,150.5,6740.167749303083,Hold,6740.1677493031375,4861.111111111234
Hold,2022-01-17 20:00:00,149.0,6672.989997648899,Hold,6672.989997648953,4812.661498708132
Hold,2022-01-17 21:00:00,147.3,6596.855212440824,Hold,6596.855212440879,4757.751937984617
Hold,2022-01-17 22:00:00,151.8,6798.388467403375,Hold,6798.3884674034325,4903.100775193922
Hold,2022-01-17 23:00:00,151.2,6771.517366741701,Hold,6771.517366741758,4883.72093023268
Hold,2022-01-18 00:00:00,152.8,6843.173635172831,Hold,6843.173635172889,4935.4005167959895
Hold,2022-01-18 01:00:00,150.4,6735.689232526138,Hold,6735.689232526194,4857.881136951027
Hold,2022-01-18 02:00:00,149.8,6708.818131864465,Hold,6708.818131864521,4838.501291989786
Hold,2022-01-18 03:00:00,147.5,6605.812245994716,Hold,6605.812245994772,4764.211886305029
Hold,2022-01-18 04:00:00,145.5,6516.241910455804,Hold,6516.2419104558585,4699.612403100893
Hold,2022-01-18 05:00:00,145.8,6529.677460786642,Hold,6529.677460786696,4709.302325581514
Hold,2022-01-18 06:00:00,147.7,6614.769279548606,Hold,6614.769279548662,4770.671834625442
Hold,2022-01-18 07:00:00,146.1,6543.113011117477,Hold,6543.113011117532,4718.9922480621335
Hold,2022-01-18 08:00:00,142.7,6390.843440701327,Hold,6390.84344070138,4609.173126615103
Hold,2022-01-18 09:00:00,142.6,6386.364923924382,Hold,6386.364923924436,4605.943152454895
Hold,2022-01-18 10:00:00,142.6,6386.364923924382,Hold,6386.364923924436,4605.943152454895
Hold,2022-01-18 11:00:00,142.0,6359.493823262709,Hold,6359.493823262763,4586.563307493655
Hold,2022-01-18 12:00:00,141.4,6332.622722601036,Hold,6332.622722601089,4567.183462532415
Hold,2022-01-18 13:00:00,140.5,6292.316071608525,Hold,6292.316071608578,4538.113695090553
Hold,2022-01-18 14:00:00,139.8,6260.966454169907,Hold,6260.966454169959,4515.503875969106
Hold,2022-01-18 15:00:00,140.7,6301.273105162417,Hold,6301.27310516247,4544.573643410966
Hold,2022-01-18 16:00:00,141.0,6314.708655493253,Hold,6314.708655493307,4554.263565891588
Hold,2022-01-18 17:00:00,139.6,6252.009420616016,Hold,6252.009420616068,4509.043927648692
Hold,2022-01-18 18:00:00,140.0,6269.923487723798,Hold,6269.923487723851,4521.96382428952
Hold,2022-01-18 19:00:00,140.9,6310.230138716308,Hold,6310.230138716362,4551.0335917313805
Hold,2022-01-18 20:00:00,140.9,6310.230138716308,Hold,6310.230138716362,4551.0335917313805
Hold,2022-01-18 21:00:00,142.2,6368.450856816599,Hold,6368.450856816653,4593.023255814069
Hold,2022-01-18 22:00:00,142.9,6399.800474255219,Hold,6399.800474255274,4615.6330749355175
Hold,2022-01-18 23:00:00,141.5,6337.101239377981,Hold,6337.101239378036,4570.413436692622
Hold,2022-01-19 00:00:00,141.5,6337.101239377981,Hold,6337.101239378036,4570.413436692622
Hold,2022-01-19 01:00:00,142.0,6359.493823262709,Hold,6359.493823262764,4586.563307493656
Hold,2022-01-19 02:00:00,140.7,6301.273105162417,Hold,6301.2731051624705,4544.573643410968
Trailing-Stop,2022-01-19 03:00:00,136.9,6131.089467638485,Trailing stop 10.0% hit,6131.089467638537,4421.83462532311
Buy,2022-01-30 20:00:00,108.6,6131.089467638485,Sinal: Compra,6131.089467638537,3507.751937984585
Hold,2022-01-30 21:00:00,108.1,6090.6619952079955,Hold,6090.661995208047,3491.6020671835504
Hold,2022-01-30 22:00:00,107.9,6079.393425374124,Hold,6079.393425374175,3485.1421188631375
Hold,2022-01-30 23:00:00,108.6,6118.833419792676,Hold,6118.833419792728,3507.751937984584
Hold,2022-01-31 00:00:00,105.8,5961.073442118463,Hold,5961.073442118514,3417.3126614987937
Hold,2022-01-31 01:00:00,105.5,5944.170587367656,Hold,5944.1705873677065,3407.6227390181734
Hold,2022-01-31 02:00:00,105.7,5955.439157201527,Hold,5955.439157201579,3414.082687338587
Hold,2022-01-31 03:00:00,105.8,5961.073442118463,Hold,5961.073442118515,3417.3126614987937
Hold,2022-01-31 04:00:00,104.9,5910.364877866039,Hold,5910.36487786609,3388.242894056933
Hold,2022-01-31 05:00:00,104.9,5910.364877866039,Hold,5910.36487786609,3388.242894056933
Hold,2022-01-31 06:00:00,104.6,5893.462023115229,Hold,5893.46202311528,3378.5529715763123
Hold,2022-01-31 07:00:00,105.3,5932.902017533783,Hold,5932.902017533834,3401.1627906977596
Hold,2022-01-31 08:00:00,105.0,5915.999162782975,Hold,5915.999162783026,3391.4728682171394
Hold,2022-01-31 09:00:00,105.1,5921.63344769991,Hold,5921.633447699961,3394.702842377346
Hold,2022-01-31 10:00:00,105.4,5938.536302450719,Hold,5938.536302450771,3404.3927648579665
Hold,2022-01-31 11:00:00,105.6,5949.8048722845915,Hold,5949.804872284643,3410.8527131783794
Hold,2022-01-31 12:00:00,105.8,5961.073442118463,Hold,5961.073442118514,3417.312661498793
Hold,2022-01-31 13:00:00,106.3,5989.244866703144,Hold,5989.244866703195,3433.4625322998268
Hold,2022-01-31 14:00:00,107.4,6051.222000789443,Hold,6051.222000789494,3468.9922480621026
Hold,2022-01-31 15:00:00,108.3,6101.930565041867,Hold,6101.930565041919,3498.062015503963
Hold,2022-01-31 16:00:00,109.7,6180.810553878975,Hold,6180.810553879028,3543.2816537468584
Hold,2022-01-31 17:00:00,109.7,6180.810553878975,Hold,6180.810553879028,3543.2816537468584
Hold,2022-01-31 18:00:00,110.2,6208.981978463655,Hold,6208.9819784637075,3559.4315245478924
Hold,2022-01-31 19:00:00,109.8,6186.44483879591,Hold,6186.444838795963,3546.5116279070653
Hold,2022-01-31 20:00:00,109.8,6186.44483879591,Hold,6186.444838795963,3546.5116279070653
Hold,2022-01-31 21:00:00,109.1,6147.004844377358,Hold,6147.00484437741,3523.9018087856175
Hold,2022-01-31 22:00:00,109.6,6175.176268962037,Hold,6175.17626896209,3540.0516795866515
Hold,2022-01-31 23:00:00,109.5,6169.541984045101,Hold,6169.541984045154,3536.821705426445
Hold,2022-02-01 00:00:00,109.1,6147.004844377358,Hold,6147.00484437741,3523.9018087856175
Hold,2022-02-01 01:00:00,108.6,6118.833419792676,Hold,6118.833419792729,3507.7519379845835
Hold,2022-02-01 02:00:00,109.6,6175.176268962037,Hold,6175.17626896209,3540.051679586652
Hold,2022-02-01 03:00:00,111.4,6276.593397466889,Hold,6276.593397466943,3598.1912144703747
Hold,2022-02-01 04:00:00,110.6,6231.519118131399,Hold,6231.519118131453,3572.35142118872
Hold,2022-02-01 05:00:00,110.2,6208.981978463655,Hold,6208.9819784637075,3559.4315245478933
Hold,2022-02-01 06:00:00,110.4,6220.2505482975275,Hold,6220.25054829758,3565.891472868307
Hold,2022-02-01 07:00:00,110.6,6231.519118131399,Hold,6231.519118131453,3572.3514211887205
Hold,2022-02-01 08:00:00,111.4,6276.593397466889,Hold,6276.593397466942,3598.1912144703756
Hold,2022-02-01 09:00:00,109.6,6175.176268962037,Hold,6175.176268962089,3540.051679586653
Hold,2022-02-01 10:00:00,109.4,6163.907699128166,Hold,6163.907699128218,3533.5917312662395
Hold,2022-02-01 11:00:00,110.1,6203.347693546718,Hold,6203.34769354677,3556.201550387687
Hold,2022-02-01 12:00:00,111.2,6265.324827633017,Hold,6265.3248276330705,3591.731266149962
Hold,2022-02-01 13:00:00,111.9,6304.76482205157,Hold,6304.764822051625,3614.3410852714096
Hold,2022-02-01 14:00:00,111.1,6259.69054271608,Hold,6259.690542716134,3588.501291989755
Hold,2022-02-01 15:00:00,111.3,6270.959112549953,Hold,6270.9591125500065,3594.9612403101687
Hold,2022-02-01 16:00:00,114.0,6423.0848053072295,Hold,6423.084805307284,3682.1705426357526
Hold,2022-02-01 17:00:00,113.8,6411.816235473357,Hold,6411.816235473411,3675.7105943153388
Hold,2022-02-01 18:00:00,113.8,6411.816235473357,Hold,6411.816235473411,3675.7105943153388
Hold,2022-02-01 19:00:00,114.1,6428.7190902241655,Hold,6428.719090224219,3685.400516795959
Hold,2022-02-01 20:00:00,114.1,6428.7190902241655,Hold,6428.719090224219,3685.400516795959
Hold,2022-02-01 21:00:00,115.1,6485.061939393527,Hold,6485.061939393581,3717.7002583980266
Hold,2022-02-01 22:00:00,115.0,6479.427654476591,Hold,6479.427654476645,3714.47028423782
Hold,2022-02-01 23:00:00,115.0,6479.427654476591,Hold,6479.427654476645,3714.47028423782
Hold,2022-02-02 00:00:00,113.9,6417.450520390293,Hold,6417.450520390347,3678.9405684755457
Hold,2022-02-02 01:00:00,113.7,6406.181950556421,Hold,6406.181950556475,3672.480620155132
Hold,2022-02-02 02:00:00,114.5,6451.25622989191,Hold,6451.256229891966,3698.320413436786
Hold,2022-02-02 03:00:00,114.6,6456.890514808846,Hold,6456.8905148089025,3701.5503875969926
Hold,2022-02-02 04:00:00,114.3,6439.987660058037,Hold,6439.987660058094,3691.8604651163723
Hold,2022-02-02 05:00:00,114.2,6434.353375141101,Hold,6434.353375141158,3688.630490956166
Hold,2022-02-02 06:00:00,113.7,6406.181950556421,Hold,6406.181950556477,3672.480620155132
Hold,2022-02-02 07:00:00,113.6,6400.547665639484,Hold,6400.54766563954,3669.2506459949245
Hold,2022-02-02 08:00:00,114.4,6445.621944974974,Hold,6445.6219449750315,3695.090439276579
Hold,2022-02-02 09:00:00,115.1,6485.061939393527,Hold,6485.061939393584,3717.700258398026
Hold,2022-02-02 10:00:00,114.7,6462.524799725783,Hold,6462.52479972584,3704.7803617571994
Hold,2022-02-02 11:00:00,114.1,6428.7190902241655,Hold,6428.719090224223,3685.4005167959585
Hold,2022-02-02 12:00:00,115.7,6518.867648895145,Hold,6518.867648895203,3737.0801033592675
Hold,2022-02-02 13:00:00,113.9,6417.450520390293,Hold,6417.45052039035,3678.940568475545
Hold,2022-02-02 14:00:00,110.9,6248.421972882208,Hold,6248.4219728822645,3582.041343669341
Hold,2022-02-02 15:00:00,110.0,6197.713408629783,Hold,6197.713408629838,3552.97157622748
Hold,2022-02-02 16:00:00,110.0,6197.713408629783,Hold,6197.713408629838,3552.97157622748
Hold,2022-02-02 17:00:00,110.9,6248.421972882208,Hold,6248.4219728822645,3582.041343669341
Hold,2022-02-02 18:00:00,111.5,6282.227682383826,Hold,6282.227682383883,3601.421188630582
Hold,2022-02-02 19:00:00,111.8,6299.130537134633,Hold,6299.130537134691,3611.1111111112027
Hold,2022-02-02 20:00:00,112.1,6316.033391885442,Hold,6316.033391885499,3620.8010335918234
Hold,2022-02-02 21:00:00,108.5,6113.19913487574,Hold,6113.199134875795,3504.5219638243784
Hold,2022-02-02 22:00:00,108.7,6124.467704709613,Hold,6124.4677047096675,3510.981912144792
Hold,2022-02-02 23:00:00,108.3,6101.930565041867,Hold,6101.930565041922,3498.0620155039646
Hold,2022-02-03 00:00:00,108.4,6107.564849958804,Hold,6107.56484995886,3501.2919896641715
Hold,2022-02-03 01:00:00,107.6,6062.490570623314,Hold,6062.490570623369,3475.452196382517
Hold,2022-02-03 02:00:00,108.3,6101.930565041867,Hold,6101.930565041923,3498.062015503964
Hold,2022-02-03 03:00:00,107.8,6073.759140457187,Hold,6073.759140457242,3481.9121447029306
Hold,2022-02-03 04:00:00,107.9,6079.393425374124,Hold,6079.393425374179,3485.1421188631375
Hold,2022-02-03 05:00:00,108.2,6096.296280124931,Hold,6096.296280124987,3494.8320413437577
Hold,2022-02-03 06:00:00,108.9,6135.736274543485,Hold,6135.73627454354,3517.4418604652055
Hold,2022-02-03 07:00:00,109.0,6141.370559460421,Hold,6141.370559460477,3520.6718346254124
Hold,2022-02-03 08:00:00,108.8,6130.101989626548,Hold,6130.101989626604,3514.2118863049986
Hold,2022-02-03 09:00:00,106.4,5994.879151620081,Hold,5994.879151620136,3436.692506460036
Hold,2022-02-03 10:00:00,106.3,5989.244866703144,Hold,5989.2448667031995,3433.4625322998286
Hold,2022-02-03 11:00:00,107.9,6079.393425374124,Hold,6079.39342537418,3485.1421188631375
Hold,2022-02-03 12:00:00,108.2,6096.296280124931,Hold,6096.296280124988,3494.8320413437577
Hold,2022-02-03 13:00:00,108.3,6101.930565041867,Hold,6101.930565041924,3498.062015503964
Hold,2022-02-03 14:00:00,108.0,6085.0277102910595,Hold,6085.027710291116,3488.372093023344
Hold,2022-02-03 15:00:00,108.8,6130.101989626548,Hold,6130.101989626605,3514.211886304998
Hold,2022-02-03 16:00:00,107.3,6045.587715872506,Hold,6045.5877158725625,3465.762273901896
Hold,2022-02-03 17:00:00,107.9,6079.393425374124,Hold,6079.39342537418,3485.142118863137
Hold,2022-02-03 18:00:00,108.1,6090.6619952079955,Hold,6090.661995208052,3491.60206718355
Hold,2022-02-03 19:00:00,107.2,6039.95343095557,Hold,6039.953430955627,3462.5322997416893
Hold,2022-02-03 20:00:00,107.2,6039.95343095557,Hold,6039.953430955627,3462.5322997416893
Hold,2022-02-03 21:00:00,109.3,6158.2734142112295,Hold,6158.273414211286,3530.3617571060317
Hold,2022-02-03 22:00:00,109.7,6180.810553878975,Hold,6180.810553879032,3543.281653746859
Hold,2022-02-03 23:00:00,111.0,6254.056257799144,Hold,6254.056257799201,3585.271317829547
Hold,2022-02-04 00:00:00,109.7,6180.810553878975,Hold,6180.810553879032,3543.281653746859
Hold,2022-02-04 01:00:00,109.2,6152.6391292942935,Hold,6152.639129294351,3527.131782945825
Hold,2022-02-04 02:00:00,109.5,6169.541984045101,Hold,6169.54198404516,3536.821705426445
Hold,2022-02-04 03:00:00,108.9,6135.736274543485,Hold,6135.736274543542,3517.441860465204
Hold,2022-02-04 04:00:00,109.3,6158.2734142112295,Hold,6158.273414211287,3530.3617571060313
Hold,2022-02-04 05:00:00,111.3,6270.959112549953,Hold,6270.959112550012,3594.961240310167
Hold,2022-02-04 06:00:00,112.5,6338.570531553187,Hold,6338.570531553247,3633.7209302326487
Hold,2022-02-04 07:00:00,111.8,6299.130537134633,Hold,6299.130537134693,3611.111111111201
Hold,2022-02-04 08:00:00,113.2,6378.01052597174,Hold,6378.0105259718,3656.3307493540956
Hold,2022-02-04 09:00:00,112.8,6355.4733863039955,Hold,6355.473386304056,3643.4108527132685
Hold,2022-02-04 10:00:00,112.7,6349.83910138706,Hold,6349.83910138712,3640.1808785530616
Hold,2022-02-04 11:00:00,112.3,6327.301961719314,Hold,6327.301961719373,3627.260981912234
Hold,2022-02-04 12:00:00,112.6,6344.204816470122,Hold,6344.204816470181,3636.950904392854
Hold,2022-02-04 13:00:00,110.8,6242.787687965271,Hold,6242.7876879653295,3578.8113695091315
Hold,2022-02-04 14:00:00,112.4,6332.936246636251,Hold,6332.936246636311,3630.4909560724404
Hold,2022-02-04 15:00:00,114.7,6462.524799725783,Hold,6462.524799725844,3704.7803617571967
Hold,2022-02-04 16:00:00,117.2,6603.381922649187,Hold,6603.381922649249,3785.5297157623663
Hold,2022-02-04 17:00:00,117.7,6631.5533472338675,Hold,6631.55334723393,3801.6795865634
Hold,2022-02-04 18:00:00,117.5,6620.284777399996,Hold,6620.284777400058,3795.219638242986
Hold,2022-02-04 19:00:00,118.4,6670.993341652421,Hold,6670.993341652484,3824.289405684847
Hold,2022-02-04 20:00:00,118.3,6665.359056735484,Hold,6665.359056735547,3821.0594315246403
Hold,2022-02-04 21:00:00,119.1,6710.433336070973,Hold,6710.433336071036,3846.8992248062946
Hold,2022-02-04 22:00:00,119.5,6732.970475738719,Hold,6732.970475738781,3859.819121447122
Hold,2022-02-04 23:00:00,121.3,6834.3876042435695,Hold,6834.387604243632,3917.9586563308444
Hold,2022-02-05 00:00:00,118.8,6693.530481320166,Hold,6693.530481320227,3837.2093023256743
Hold,2022-02-05 01:00:00,120.1,6766.7761852403355,Hold,6766.776185240397,3879.1989664083626
Hold,2022-02-05 02:00:00,120.7,6800.581894741953,Hold,6800.581894742016,3898.5788113696035
Hold,2022-02-05 03:00:00,121.5,6845.656174077441,Hold,6845.656174077505,3924.4186046512577
Hold,2022-02-05 04:00:00,121.7,6856.924743911314,Hold,6856.924743911379,3930.878552971672
Hold,2022-02-05 05:00:00,122.4,6896.364738329868,Hold,6896.364738329933,3953.48837209312
Hold,2022-02-05 06:00:00,121.7,6856.924743911314,Hold,6856.92474391138,3930.8785529716724
Hold,2022-02-05 07:00:00,121.7,6856.924743911314,Hold,6856.92474391138,3930.8785529716724
Hold,2022-02-05 08:00:00,122.4,6896.364738329868,Hold,6896.364738329934,3953.4883720931202
Hold,2022-02-05 09:00:00,122.5,6901.9990232468035,Hold,6901.99902324687,3956.718346253327
Hold,2022-02-05 10:00:00,122.2,6885.096168495995,Hold,6885.096168496061,3947.028423772707
Hold,2022-02-05 11:00:00,122.0,6873.827598662123,Hold,6873.827598662189,3940.5684754522936
Hold,2022-02-05 12:00:00,121.7,6856.924743911314,Hold,6856.92474391138,3930.8785529716733
Hold,2022-02-05 13:00:00,122.4,6896.364738329868,Hold,6896.364738329934,3953.488372093121
Hold,2022-02-05 14:00:00,122.2,6885.096168495995,Hold,6885.096168496061,3947.0284237727074
Hold,2022-02-05 15:00:00,123.4,6952.707587499229,Hold,6952.707587499296,3985.788113695189
Hold,2022-02-05 16:00:00,121.3,6834.3876042435695,Hold,6834.387604243636,3917.958656330846
Hold,2022-02-05 17:00:00,122.7,6913.267593080675,Hold,6913.267593080743,3963.178294573741
Hold,2022-02-05 18:00:00,122.1,6879.461883579058,Hold,6879.461883579125,3943.7984496125005
Hold,2022-02-05 19:00:00,121.3,6834.3876042435695,Hold,6834.387604243637,3917.958656330846
Hold,2022-02-05 20:00:00,121.9,6868.193313745187,Hold,6868.193313745254,3937.3385012920876
Hold,2022-02-05 21:00:00,122.2,6885.096168495995,Hold,6885.096168496062,3947.028423772708
Hold,2022-02-05 22:00:00,122.2,6885.096168495995,Hold,6885.096168496062,3947.028423772708
Hold,2022-02-05 23:00:00,121.7,6856.924743911314,Hold,6856.9247439113815,3930.8785529716743
Hold,2022-02-06 00:00:00,122.6,6907.6333081637395,Hold,6907.633308163807,3959.948320413535
Hold,2022-02-06 01:00:00,123.3,6947.073302582292,Hold,6947.07330258236,3982.5581395349827
Hold,2022-02-06 02:00:00,122.8,6918.901877997611,Hold,6918.90187799768,3966.4082687339487
Hold,2022-02-06 03:00:00,122.3,6890.730453412932,Hold,6890.730453412999,3950.2583979329147
Hold,2022-02-06 04:00:00,122.1,6879.461883579058,Hold,6879.461883579125,3943.798449612501
Hold,2022-02-06 05:00:00,122.7,6913.267593080675,Hold,6913.267593080744,3963.1782945737423
Hold,2022-02-06 06:00:00,122.1,6879.461883579058,Hold,6879.461883579126,3943.7984496125014
Hold,2022-02-06 07:00:00,122.9,6924.536162914548,Hold,6924.536162914616,3969.638242894156
Hold,2022-02-06 08:00:00,127.5,7183.713269093611,Hold,7183.713269093682,4118.217054263669
Hold,2022-02-06 09:00:00,126.6,7133.004704841186,Hold,7133.004704841256,4089.147286821808
Hold,2022-02-06 10:00:00,124.9,7037.2218612532715,Hold,7037.221861253341,4034.2377260982926
Hold,2022-02-06 11:00:00,125.2,7054.124716004079,Hold,7054.1247160041485,4043.9276485789132
Hold,2022-02-06 12:00:00,124.3,7003.416151751654,Hold,7003.416151751723,4014.8578811370517
Hold,2022-02-06 13:00:00,124.4,7009.050436668591,Hold,7009.050436668659,4018.087855297258
Hold,2022-02-06 14:00:00,121.8,6862.55902882825,Hold,6862.5590288283165,3934.1085271318816
Hold,2022-02-06 15:00:00,122.7,6913.267593080675,Hold,6913.267593080742,3963.178294573743
Hold,2022-02-06 16:00:00,123.8,6975.2447271669735,Hold,6975.244727167042,3998.7080103360177
Hold,2022-02-06 17:00:00,123.6,6963.976157333101,Hold,6963.976157333169,3992.248062015604
Hold,2022-02-06 18:00:00,123.0,6930.170447831484,Hold,6930.170447831551,3972.868217054363
Hold,2022-02-06 19:00:00,124.2,6997.781866834719,Hold,6997.781866834788,4011.6279069768448
Hold,2022-02-06 20:00:00,123.7,6969.6104422500375,Hold,6969.610442250106,3995.4780361758108
Hold,2022-02-06 21:00:00,124.7,7025.953291419399,Hold,7025.953291419469,4027.777777777879
Hold,2022-02-06 22:00:00,124.2,6997.781866834719,Hold,6997.781866834789,4011.6279069768448
Hold,2022-02-06 23:00:00,127.6,7189.347554010547,Hold,7189.347554010619,4121.447028423876
Hold,2022-02-07 00:00:00,126.3,7116.101850090377,Hold,7116.101850090448,4079.4573643411873
Hold,2022-02-07 01:00:00,126.0,7099.19899533957,Hold,7099.1989953396405,4069.7674418605666
Hold,2022-02-07 02:00:00,126.5,7127.37041992425,Hold,7127.370419924321,4085.917312661601
Hold,2022-02-07 03:00:00,127.2,7166.810414342804,Hold,7166.8104143428745,4108.527131783048
Hold,2022-02-07 04:00:00,126.8,7144.273274675058,Hold,7144.273274675129,4095.6072351422204
Hold,2022-02-07 05:00:00,127.6,7189.347554010547,Hold,7189.347554010618,4121.447028423875
Hold,2022-02-07 06:00:00,128.1,7217.518978595228,Hold,7217.518978595299,4137.596899224909
Hold,2022-02-07 07:00:00,128.4,7234.421833346038,Hold,7234.421833346109,4147.286821705529
Hold,2022-02-07 08:00:00,128.3,7228.787548429102,Hold,7228.7875484291735,4144.056847545323
Hold,2022-02-07 09:00:00,127.5,7183.713269093611,Hold,7183.713269093682,4118.217054263668
Hold,2022-02-07 10:00:00,127.3,7172.4446992597395,Hold,7172.4446992598105,4111.757105943254
Hold,2022-02-07 11:00:00,127.7,7194.981838927483,Hold,7194.981838927554,4124.6770025840815
Hold,2022-02-07 12:00:00,128.3,7228.787548429102,Hold,7228.787548429173,4144.056847545323
Hold,2022-02-07 13:00:00,129.1,7273.86182776459,Hold,7273.861827764662,4169.896640826977
Take-Profit,2022-02-07 14:00:00,131.7,7420.35323560493,TP 20.0% hit,7420.353235605004,4253.875968992353
Buy,2022-02-07 21:00:00,136.7,7420.35323560493,Sinal: Compra,7420.353235605004,4415.374677002693
Hold,2022-02-07 22:00:00,137.1,7427.189356800744,Hold,7427.189356800816,4428.2945736435195
Hold,2022-02-07 23:00:00,137.4,7443.441412286085,Hold,7443.441412286159,4437.984496124141
Hold,2022-02-08 00:00:00,138.2,7486.78022691366,Hold,7486.780226913735,4463.824289405795
Hold,2022-02-08 01:00:00,138.2,7486.78022691366,Hold,7486.780226913735,4463.824289405795
Hold,2022-02-08 02:00:00,138.1,7481.362875085213,Hold,7481.362875085288,4460.594315245589
Hold,2022-02-08 03:00:00,140.7,7622.214022624833,Hold,7622.2140226249085,4544.573643410966
Hold,2022-02-08 04:00:00,141.0,7638.466078110175,Hold,7638.466078110251,4554.263565891588
Hold,2022-02-08 05:00:00,141.2,7649.300781767068,Hold,7649.300781767143,4560.723514212001
Hold,2022-02-08 06:00:00,139.6,7562.623152511917,Hold,7562.623152511992,4509.043927648691
Hold,2022-02-08 07:00:00,139.7,7568.040504340363,Hold,7568.040504340438,4512.273901808898
Hold,2022-02-08 08:00:00,136.9,7416.354653143851,Hold,7416.354653143923,4421.834625323108
Hold,2022-02-08 09:00:00,136.0,7367.598486687828,Hold,7367.5984866879,4392.764857881248
Hold,2022-02-08 10:00:00,135.3,7329.6770238887,Hold,7329.677023888772,4370.1550387598
Hold,2022-02-08 11:00:00,135.7,7351.346431202486,Hold,7351.346431202558,4383.074935400626
Hold,2022-02-08 12:00:00,133.5,7232.164690976654,Hold,7232.164690976726,4312.015503876077
Hold,2022-02-08 13:00:00,134.4,7280.920857432678,Hold,7280.920857432749,4341.085271317938
Hold,2022-02-08 14:00:00,133.3,7221.329987319761,Hold,7221.329987319832,4305.555555555664
Hold,2022-02-08 15:00:00,133.5,7232.164690976654,Hold,7232.164690976726,4312.015503876078
Hold,2022-02-08 16:00:00,130.8,7085.896191608588,Hold,7085.896191608658,4224.806201550494
Hold,2022-02-08 17:00:00,131.5,7123.817654407716,Hold,7123.817654407786,4247.416020671941
Hold,2022-02-08 18:00:00,131.7,7134.652358064609,Hold,7134.652358064678,4253.875968992354
Hold,2022-02-08 19:00:00,131.7,7134.652358064609,Hold,7134.652358064678,4253.875968992354
Hold,2022-02-08 20:00:00,134.5,7286.338209261124,Hold,7286.338209261195,4344.315245478145
Hold,2022-02-08 21:00:00,133.2,7215.912635491313,Hold,7215.912635491384,4302.325581395456
Hold,2022-02-08 22:00:00,133.8,7248.416746461996,Hold,7248.416746462068,4321.705426356697
Hold,2022-02-08 23:00:00,133.7,7242.999394633548,Hold,7242.99939463362,4318.47545219649
Hold,2022-02-09 00:00:00,134.3,7275.503505604231,Hold,7275.5035056043025,4337.855297157731
Sell,2022-02-09 01:00:00,134.1,7264.668801947336,Sinal: Venda,7264.668801947408,4331.395348837316
Buy,2022-02-10 03:00:00,137.1,7264.668801947336,Sinal: Compra,7264.668801947408,4428.2945736435195
Hold,2022-02-10 04:00:00,137.4,7266.011382686231,Hold,7266.011382686303,4437.984496124141
Hold,2022-02-10 05:00:00,138.1,7303.0289079255335,Hold,7303.028907925606,4460.5943152455875
Hold,2022-02-10 06:00:00,138.4,7318.893561599522,Hold,7318.893561599595,4470.284237726209
Hold,2022-02-10 07:00:00,138.4,7318.893561599522,Hold,7318.893561599595,4470.284237726209
Hold,2022-02-10 08:00:00,139.3,7366.487522621485,Hold,7366.487522621559,4499.354005168071
Hold,2022-02-10 09:00:00,139.4,7371.775740512813,Hold,7371.775740512887,4502.583979328278
Hold,2022-02-10 10:00:00,140.6,7435.234355208763,Hold,7435.234355208839,4541.343669250759
Hold,2022-02-10 11:00:00,142.1,7514.5576235787,Hold,7514.557623578776,4589.793281653861
Hold,2022-02-10 12:00:00,141.7,7493.404752013383,Hold,7493.404752013457,4576.873385013034
Hold,2022-02-10 13:00:00,136.2,7202.552767990281,Hold,7202.552767990353,4399.22480620166
Hold,2022-02-10 14:00:00,139.3,7366.487522621485,Hold,7366.48752262156,4499.354005168071
Hold,2022-02-10 15:00:00,139.9,7398.2168299694595,Hold,7398.216829969535,4518.733850129311
Hold,2022-02-10 16:00:00,140.7,7440.522573100092,Hold,7440.522573100167,4544.573643410965
Hold,2022-02-10 17:00:00,139.8,7392.92861207813,Hold,7392.928612078204,4515.503875969105
Hold,2022-02-10 18:00:00,138.3,7313.605343708193,Hold,7313.605343708267,4467.054263566003
Hold,2022-02-10 19:00:00,136.0,7191.976332207622,Hold,7191.976332207695,4392.764857881246
Hold,2022-02-10 20:00:00,136.1,7197.264550098952,Hold,7197.264550099025,4395.994832041452
Hold,2022-02-10 21:00:00,136.4,7213.12920377294,Hold,7213.129203773013,4405.684754522074
Hold,2022-02-10 22:00:00,136.6,7223.7056395555965,Hold,7223.705639555669,4412.144702842488
Hold,2022-02-10 23:00:00,134.6,7117.941281729015,Hold,7117.941281729088,4347.545219638351
Hold,2022-02-11 00:00:00,131.4,6948.718309206482,Hold,6948.718309206553,4244.186046511734
Hold,2022-02-11 01:00:00,131.9,6975.159398663129,Hold,6975.1593986632,4260.335917312767
Hold,2022-02-11 02:00:00,132.1,6985.735834445785,Hold,6985.735834445856,4266.795865633181
Hold,2022-02-11 03:00:00,132.7,7017.46514179376,Hold,7017.465141793832,4286.175710594422
Hold,2022-02-11 04:00:00,132.4,7001.600488119774,Hold,7001.600488119846,4276.485788113802
Hold,2022-02-11 05:00:00,131.5,6954.006527097812,Hold,6954.006527097883,4247.41602067194
Hold,2022-02-11 06:00:00,133.4,7054.482667033066,Hold,7054.482667033138,4308.7855297158685
Hold,2022-02-11 07:00:00,134.3,7102.076628055028,Hold,7102.076628055101,4337.85529715773
Hold,2022-02-11 08:00:00,131.5,6954.006527097812,Hold,6954.006527097883,4247.416020671939
Hold,2022-02-11 09:00:00,132.8,7022.753359685091,Hold,7022.753359685164,4289.405684754627
Hold,2022-02-11 10:00:00,133.1,7038.618013359078,Hold,7038.61801335915,4299.095607235247
Hold,2022-02-11 11:00:00,132.3,6996.312270228445,Hold,6996.312270228516,4273.255813953594
Hold,2022-02-11 12:00:00,133.6,7065.059102815722,Hold,7065.059102815794,4315.245478036281
Hold,2022-02-11 13:00:00,134.0,7086.21197438104,Hold,7086.211974381113,4328.165374677109
Hold,2022-02-11 14:00:00,132.8,7022.753359685091,Hold,7022.753359685163,4289.405684754628
Hold,2022-02-11 15:00:00,133.5,7059.7708849243945,Hold,7059.770884924466,4312.015503876076
Hold,2022-02-11 16:00:00,133.0,7033.329795467749,Hold,7033.329795467821,4295.865633075041
Hold,2022-02-11 17:00:00,132.9,7028.0415775764195,Hold,7028.041577576491,4292.6356589148345
Hold,2022-02-11 18:00:00,130.3,6890.547912401863,Hold,6890.547912401934,4208.656330749458
Hold,2022-02-11 19:00:00,129.3,6837.665733488571,Hold,6837.665733488641,4176.356589147391
Trailing-Stop,2022-02-11 20:00:00,126.1,6668.442760966039,Trailing stop 10.0% hit,6668.442760966108,4072.9974160207726
Buy,2022-02-15 18:00:00,129.9,6668.442760966039,Sinal: Compra,6668.442760966108,4195.736434108631
Hold,2022-02-15 19:00:00,129.6,6639.742768958721,Hold,6639.74276895879,4186.04651162801
Hold,2022-02-15 20:00:00,129.6,6639.742768958721,Hold,6639.74276895879,4186.04651162801
Hold,2022-02-15 21:00:00,129.3,6624.372994030577,Hold,6624.372994030645,4176.356589147391
Hold,2022-02-15 22:00:00,129.8,6649.989285577486,Hold,6649.989285577554,4192.506459948425
Hold,2022-02-15 23:00:00,131.5,6737.084676836975,Hold,6737.084676837044,4247.41602067194
Hold,2022-02-16 00:00:00,130.3,6675.605577124395,Hold,6675.605577124463,4208.656330749458
Hold,2022-02-16 01:00:00,129.7,6644.866027268103,Hold,6644.86602726817,4189.2764857882175
Hold,2022-02-16 02:00:00,129.9,6655.112543886868,Hold,6655.112543886936,4195.736434108632
Hold,2022-02-16 03:00:00,129.3,6624.372994030577,Hold,6624.372994030645,4176.356589147392
Hold,2022-02-16 04:00:00,128.5,6583.386927555523,Hold,6583.386927555591,4150.516795865737
Hold,2022-02-16 05:00:00,128.8,6598.756702483669,Hold,6598.756702483738,4160.206718346357
Hold,2022-02-16 06:00:00,129.3,6624.372994030577,Hold,6624.372994030647,4176.356589147391
Hold,2022-02-16 07:00:00,129.9,6655.112543886868,Hold,6655.1125438869385,4195.736434108631
Hold,2022-02-16 08:00:00,130.1,6665.359060505631,Hold,6665.359060505702,4202.196382429044
Hold,2022-02-16 09:00:00,129.7,6644.866027268103,Hold,6644.866027268174,4189.276485788217
Hold,2022-02-16 10:00:00,130.1,6665.359060505631,Hold,6665.3590605057025,4202.196382429043
Hold,2022-02-16 11:00:00,130.3,6675.605577124395,Hold,6675.6055771244655,4208.656330749458
Hold,2022-02-16 12:00:00,129.8,6649.989285577486,Hold,6649.989285577557,4192.506459948423
Hold,2022-02-16 13:00:00,127.7,6542.400861080469,Hold,6542.4008610805395,4124.677002584081
Hold,2022-02-16 14:00:00,127.0,6506.538052914797,Hold,6506.538052914866,4102.067183462633
Hold,2022-02-16 15:00:00,127.3,6521.907827842942,Hold,6521.907827843012,4111.757105943253
Hold,2022-02-16 16:00:00,126.3,6470.675244749124,Hold,6470.675244749193,4079.4573643411854
Hold,2022-02-16 17:00:00,126.0,6455.30546982098,Hold,6455.305469821048,4069.7674418605648
Hold,2022-02-16 18:00:00,126.4,6475.798503058507,Hold,6475.798503058575,4082.6873385013923
Hold,2022-02-16 19:00:00,129.2,6619.249735721194,Hold,6619.249735721264,4173.126614987182
Hold,2022-02-16 20:00:00,128.8,6598.756702483669,Hold,6598.75670248374,4160.206718346355
Hold,2022-02-16 21:00:00,128.6,6588.510185864904,Hold,6588.510185864974,4153.746770025941
Hold,2022-02-16 22:00:00,128.8,6598.756702483669,Hold,6598.756702483741,4160.206718346355
Hold,2022-02-16 23:00:00,127.7,6542.400861080469,Hold,6542.40086108054,4124.677002584081
Hold,2022-02-17 00:00:00,127.8,6547.52411938985,Hold,6547.52411938992,4127.906976744288
Hold,2022-02-17 01:00:00,127.4,6527.031086152325,Hold,6527.031086152396,4114.987080103461
Hold,2022-02-17 02:00:00,127.1,6511.6613112241785,Hold,6511.661311224249,4105.29715762284
Hold,2022-02-17 03:00:00,126.4,6475.798503058507,Hold,6475.798503058577,4082.6873385013932
Hold,2022-02-17 04:00:00,126.1,6460.428728130361,Hold,6460.428728130431,4072.9974160207726
Hold,2022-02-17 05:00:00,125.9,6450.182211511598,Hold,6450.182211511669,4066.5374677003597
Hold,2022-02-17 06:00:00,127.2,6516.784569533561,Hold,6516.784569533633,4108.5271317830475
Hold,2022-02-17 07:00:00,127.4,6527.031086152325,Hold,6527.0310861523985,4114.987080103461
Hold,2022-02-17 08:00:00,125.7,6439.935694892834,Hold,6439.935694892907,4060.077519379945
Hold,2022-02-17 09:00:00,125.1,6409.196145036543,Hold,6409.196145036615,4040.6976744187036
Hold,2022-02-17 10:00:00,124.6,6383.579853489636,Hold,6383.579853489708,4024.5478036176696
Hold,2022-02-17 11:00:00,125.3,6419.442661655307,Hold,6419.442661655379,4047.1576227391174
Hold,2022-02-17 12:00:00,125.6,6434.812436583453,Hold,6434.812436583525,4056.847545219738
Hold,2022-02-17 13:00:00,123.4,6322.100753777055,Hold,6322.100753777125,3985.7881136951887
Hold,2022-02-17 14:00:00,122.2,6260.621654064474,Hold,6260.621654064544,3947.0284237727074
Hold,2022-02-17 15:00:00,123.1,6306.730978848909,Hold,6306.730978848978,3976.098191214568
Hold,2022-02-17 16:00:00,122.9,6296.484462230146,Hold,6296.484462230215,3969.6382428941547
Hold,2022-02-17 17:00:00,121.5,6224.758845898802,Hold,6224.75884589887,3924.4186046512596
Hold,2022-02-17 18:00:00,119.1,6101.80064647364,Hold,6101.800646473707,3846.899224806296
Trailing-Stop,2022-02-17 19:00:00,118.1,6050.568063379823,Trailing stop 10.0% hit,6050.56806337989,3814.599483204228
Buy,2022-02-26 17:00:00,108.4,6050.568063379823,Sinal: Compra,6050.56806337989,3501.291989664169
Hold,2022-02-26 18:00:00,107.8,6005.049695656064,Hold,6005.049695656131,3481.9121447029283
Hold,2022-02-26 19:00:00,108.2,6027.331883766105,Hold,6027.331883766173,3494.832041343756
Hold,2022-02-26 20:00:00,109.1,6077.466807013698,Hold,6077.466807013765,3523.9018087856166
Hold,2022-02-26 21:00:00,109.0,6071.896259986188,Hold,6071.896259986255,3520.67183462541
Hold,2022-02-26 22:00:00,108.1,6021.761336738595,Hold,6021.761336738661,3491.602067183549
Hold,2022-02-26 23:00:00,108.2,6027.331883766105,Hold,6027.331883766173,3494.832041343756
Hold,2022-02-27 00:00:00,106.9,5954.914772408472,Hold,5954.914772408539,3452.842377261068
Hold,2022-02-27 01:00:00,105.0,5849.074378885777,Hold,5849.074378885842,3391.472868217139
Hold,2022-02-27 02:00:00,106.2,5915.9209432159005,Hold,5915.920943215967,3430.232558139621
Hold,2022-02-27 03:00:00,105.8,5893.63875510586,Hold,5893.638755105925,3417.312661498793
Hold,2022-02-27 04:00:00,105.7,5888.068208078349,Hold,5888.0682080784145,3414.082687338587
Hold,2022-02-27 05:00:00,106.1,5910.35039618839,Hold,5910.350396188455,3427.002583979414
Hold,2022-02-27 06:00:00,106.7,5943.773678353452,Hold,5943.773678353517,3446.382428940655
Hold,2022-02-27 07:00:00,106.7,5943.773678353452,Hold,5943.773678353517,3446.382428940655
Hold,2022-02-27 08:00:00,106.7,5943.773678353452,Hold,5943.773678353517,3446.382428940655
Hold,2022-02-27 09:00:00,107.4,5982.767507546024,Hold,5982.767507546089,3468.9922480621026
Hold,2022-02-27 10:00:00,108.6,6049.614071876146,Hold,6049.614071876213,3507.7519379845835
Hold,2022-02-27 11:00:00,109.2,6083.037354041208,Hold,6083.037354041276,3527.131782945825
Hold,2022-02-27 12:00:00,109.9,6122.03118323378,Hold,6122.0311832338475,3549.7416020672727
Hold,2022-02-27 13:00:00,107.7,5999.479148628555,Hold,5999.47914862862,3478.682170542723
Hold,2022-02-27 14:00:00,106.7,5943.773678353452,Hold,5943.773678353517,3446.382428940655
Hold,2022-02-27 15:00:00,108.8,6060.7551659311675,Hold,6060.755165931235,3514.2118863049977
Hold,2022-02-27 16:00:00,107.7,5999.479148628555,Hold,5999.479148628621,3478.6821705427237
Hold,2022-02-27 17:00:00,107.4,5982.767507546024,Hold,5982.76750754609,3468.9922480621035
Hold,2022-02-27 18:00:00,106.6,5938.203131325941,Hold,5938.203131326008,3443.1524547804484
Hold,2022-02-27 19:00:00,102.8,5726.522344280552,Hold,5726.5223442806155,3320.41343669259
Hold,2022-02-27 20:00:00,103.4,5759.945626445613,Hold,5759.945626445678,3339.7932816538305
Hold,2022-02-27 21:00:00,102.8,5726.522344280552,Hold,5726.522344280616,3320.4134366925896
Hold,2022-02-27 22:00:00,103.3,5754.375079418102,Hold,5754.375079418167,3336.5633074936236
Hold,2022-02-27 23:00:00,102.9,5732.0928913080625,Hold,5732.092891308127,3323.6434108527965
Hold,2022-02-28 00:00:00,102.3,5698.669609143,Hold,5698.669609143064,3304.263565891555
Hold,2022-02-28 01:00:00,103.7,5776.657267528144,Hold,5776.657267528209,3349.4832041344503
Hold,2022-02-28 02:00:00,103.2,5748.804532390593,Hold,5748.804532390656,3333.3333333334167
Hold,2022-02-28 03:00:00,103.2,5748.804532390593,Hold,5748.804532390656,3333.3333333334167
Hold,2022-02-28 04:00:00,102.9,5732.0928913080625,Hold,5732.092891308127,3323.643410852796
Hold,2022-02-28 05:00:00,103.3,5754.375079418102,Hold,5754.375079418166,3336.563307493623
Hold,2022-02-28 06:00:00,103.0,5737.663438335571,Hold,5737.663438335634,3326.873385013003
Hold,2022-02-28 07:00:00,104.4,5815.651096720716,Hold,5815.65109672078,3372.0930232558976
Sell,2022-02-28 08:00:00,104.1,5798.939455638185,Sinal: Venda,5798.939455638249,3362.4031007752765
Buy,2022-03-09 21:00:00,106.7,5798.939455638185,Sinal: Compra,5798.939455638249,3446.3824289406534
Hold,2022-03-09 22:00:00,106.7,5787.347375666364,Hold,5787.347375666428,3446.3824289406534
Hold,2022-03-09 23:00:00,106.9,5798.19526203125,Hold,5798.195262031315,3452.8423772610668
Hold,2022-03-10 00:00:00,106.6,5781.923432483921,Hold,5781.9234324839845,3443.1524547804456
Hold,2022-03-10 01:00:00,104.7,5678.86851201751,Hold,5678.868512017572,3381.782945736517
Hold,2022-03-10 02:00:00,104.4,5662.596682470182,Hold,5662.596682470245,3372.0930232558967
Hold,2022-03-10 03:00:00,104.5,5668.0206256526235,Hold,5668.020625652686,3375.322997416103
Hold,2022-03-10 04:00:00,101.7,5516.150216544229,Hold,5516.15021654429,3284.883720930313
Hold,2022-03-10 05:00:00,101.2,5489.030500632015,Hold,5489.030500632075,3268.7338501292793
Hold,2022-03-10 06:00:00,101.5,5505.302330179344,Hold,5505.302330179404,3278.423772609899
Hold,2022-03-10 07:00:00,101.4,5499.878386996901,Hold,5499.878386996961,3275.1937984496926
Hold,2022-03-10 08:00:00,101.3,5494.454443814458,Hold,5494.454443814518,3271.9638242894857
Hold,2022-03-10 09:00:00,101.4,5499.878386996901,Hold,5499.878386996961,3275.193798449692
Hold,2022-03-10 10:00:00,101.2,5489.030500632015,Hold,5489.030500632075,3268.733850129279
Hold,2022-03-10 11:00:00,101.6,5510.726273361785,Hold,5510.726273361846,3281.6537467701055
Hold,2022-03-10 12:00:00,101.9,5526.998102909114,Hold,5526.998102909175,3291.3436692507266
Hold,2022-03-10 13:00:00,101.1,5483.606557449572,Hold,5483.606557449633,3265.5038759690724
Hold,2022-03-10 14:00:00,103.0,5586.6614779159845,Hold,5586.661477916046,3326.873385013002
Hold,2022-03-10 15:00:00,102.5,5559.54176200377,Hold,5559.5417620038315,3310.723514211968
Hold,2022-03-10 16:00:00,102.2,5543.269932456443,Hold,5543.269932456505,3301.0335917313473
Hold,2022-03-10 17:00:00,102.3,5548.6938756388845,Hold,5548.693875638945,3304.263565891554
Hold,2022-03-10 18:00:00,102.5,5559.54176200377,Hold,5559.541762003831,3310.723514211968
Hold,2022-03-10 19:00:00,102.9,5581.237534733541,Hold,5581.237534733602,3323.643410852795
Hold,2022-03-10 20:00:00,102.9,5581.237534733541,Hold,5581.237534733602,3323.643410852795
Hold,2022-03-10 21:00:00,102.6,5564.965705186213,Hold,5564.965705186274,3313.9534883721744
Hold,2022-03-10 22:00:00,103.0,5586.6614779159845,Hold,5586.661477916045,3326.873385013002
Hold,2022-03-10 23:00:00,102.5,5559.54176200377,Hold,5559.541762003831,3310.723514211968
Hold,2022-03-11 00:00:00,102.1,5537.845989273998,Hold,5537.845989274059,3297.803617571141
Hold,2022-03-11 01:00:00,101.2,5489.030500632015,Hold,5489.030500632075,3268.7338501292797
Hold,2022-03-11 02:00:00,100.6,5456.486841537359,Hold,5456.486841537419,3249.354005168039
Hold,2022-03-11 03:00:00,101.1,5483.606557449572,Hold,5483.606557449633,3265.503875969073
Hold,2022-03-11 04:00:00,100.7,5461.910784719802,Hold,5461.910784719863,3252.583979328246
Hold,2022-03-11 05:00:00,101.9,5526.998102909114,Hold,5526.998102909175,3291.343669250728
Hold,2022-03-11 06:00:00,102.7,5570.389648368656,Hold,5570.389648368718,3317.1834625323822
Hold,2022-03-11 07:00:00,103.4,5608.357250645755,Hold,5608.357250645818,3339.7932816538296
Hold,2022-03-11 08:00:00,103.1,5592.085421098426,Hold,5592.085421098489,3330.103359173209
Hold,2022-03-11 09:00:00,103.3,5602.933307463311,Hold,5602.933307463373,3336.5633074936227
Hold,2022-03-11 10:00:00,103.2,5597.509364280869,Hold,5597.509364280931,3333.3333333334162
Hold,2022-03-11 11:00:00,106.0,5749.379773389264,Hold,5749.379773389328,3423.7726098192065
Hold,2022-03-11 12:00:00,106.0,5749.379773389264,Hold,5749.379773389328,3423.7726098192065
Hold,2022-03-11 13:00:00,104.9,5689.716398382395,Hold,5689.716398382458,3388.242894056932
Hold,2022-03-11 14:00:00,104.7,5678.86851201751,Hold,5678.868512017572,3381.7829457365183
Hold,2022-03-11 15:00:00,103.7,5624.629080193083,Hold,5624.629080193145,3349.4832041344503
Hold,2022-03-11 16:00:00,102.5,5559.54176200377,Hold,5559.54176200383,3310.723514211969
Hold,2022-03-11 17:00:00,103.0,5586.6614779159845,Hold,5586.6614779160445,3326.873385013003
Hold,2022-03-11 18:00:00,102.6,5564.965705186213,Hold,5564.965705186274,3313.9534883721753
Hold,2022-03-11 19:00:00,103.0,5586.6614779159845,Hold,5586.661477916045,3326.873385013003
Hold,2022-03-11 20:00:00,102.7,5570.389648368656,Hold,5570.389648368717,3317.1834625323822
Hold,2022-03-11 21:00:00,104.4,5662.596682470182,Hold,5662.596682470244,3372.0930232558976
Hold,2022-03-11 22:00:00,104.8,5684.292455199952,Hold,5684.292455200015,3385.0129198967243
Hold,2022-03-11 23:00:00,104.6,5673.444568835067,Hold,5673.444568835129,3378.552971576311
Hold,2022-03-12 00:00:00,105.8,5738.53188702438,Hold,5738.531887024444,3417.312661498793
Hold,2022-03-12 01:00:00,107.2,5814.467091578577,Hold,5814.467091578641,3462.532299741689
Hold,2022-03-12 02:00:00,106.6,5781.923432483921,Hold,5781.923432483984,3443.1524547804474
Hold,2022-03-12 03:00:00,106.4,5771.075546119036,Hold,5771.075546119098,3436.692506460034
Hold,2022-03-12 04:00:00,107.2,5814.467091578577,Hold,5814.46709157864,3462.532299741689
Hold,2022-03-12 05:00:00,107.2,5814.467091578577,Hold,5814.46709157864,3462.532299741689
Hold,2022-03-12 06:00:00,106.5,5776.499489301479,Hold,5776.499489301542,3439.922480620241
Hold,2022-03-12 07:00:00,106.7,5787.347375666364,Hold,5787.347375666427,3446.382428940655
Hold,2022-03-12 08:00:00,105.8,5738.53188702438,Hold,5738.531887024443,3417.312661498793
Hold,2022-03-12 09:00:00,106.0,5749.379773389264,Hold,5749.379773389327,3423.772609819207
Hold,2022-03-12 10:00:00,106.0,5749.379773389264,Hold,5749.379773389327,3423.772609819207
Hold,2022-03-12 11:00:00,105.4,5716.83611429461,Hold,5716.836114294672,3404.3927648579665
Hold,2022-03-12 12:00:00,105.8,5738.53188702438,Hold,5738.531887024443,3417.312661498793
Hold,2022-03-12 13:00:00,105.5,5722.260057477051,Hold,5722.260057477113,3407.6227390181725
Hold,2022-03-12 14:00:00,105.2,5705.9882279297235,Hold,5705.988227929785,3397.9328165375523
Hold,2022-03-12 15:00:00,105.4,5716.83611429461,Hold,5716.8361142946715,3404.392764857966
Hold,2022-03-12 16:00:00,105.2,5705.9882279297235,Hold,5705.988227929784,3397.9328165375523
Hold,2022-03-12 17:00:00,105.6,5727.684000659494,Hold,5727.684000659555,3410.8527131783794
Hold,2022-03-12 18:00:00,106.1,5754.803716571708,Hold,5754.80371657177,3427.0025839794125
Hold,2022-03-12 19:00:00,105.5,5722.260057477051,Hold,5722.260057477113,3407.6227390181725
Hold,2022-03-12 20:00:00,105.8,5738.53188702438,Hold,5738.531887024443,3417.3126614987927
Hold,2022-03-12 21:00:00,105.8,5738.53188702438,Hold,5738.531887024443,3417.3126614987927
Hold,2022-03-12 22:00:00,106.2,5760.22765975415,Hold,5760.227659754213,3430.23255813962
Hold,2022-03-12 23:00:00,105.6,5727.684000659494,Hold,5727.684000659557,3410.8527131783794
Hold,2022-03-13 00:00:00,106.5,5776.499489301479,Hold,5776.499489301543,3439.9224806202405
Hold,2022-03-13 01:00:00,106.9,5798.19526203125,Hold,5798.195262031315,3452.842377261068
Hold,2022-03-13 02:00:00,107.0,5803.619205213692,Hold,5803.619205213757,3456.072351421275
Hold,2022-03-13 03:00:00,106.8,5792.771318848806,Hold,5792.77131884887,3449.6124031008612
Hold,2022-03-13 04:00:00,106.1,5754.803716571708,Hold,5754.8037165717715,3427.0025839794134
Hold,2022-03-13 05:00:00,105.9,5743.955830206823,Hold,5743.955830206886,3420.542635659
Hold,2022-03-13 06:00:00,106.0,5749.379773389264,Hold,5749.379773389327,3423.772609819207
Hold,2022-03-13 07:00:00,106.0,5749.379773389264,Hold,5749.379773389327,3423.772609819207
Hold,2022-03-13 08:00:00,106.1,5754.803716571708,Hold,5754.80371657177,3427.002583979414
Hold,2022-03-13 09:00:00,106.1,5754.803716571708,Hold,5754.80371657177,3427.002583979414
Hold,2022-03-13 10:00:00,106.1,5754.803716571708,Hold,5754.80371657177,3427.002583979414
Hold,2022-03-13 11:00:00,105.4,5716.83611429461,Hold,5716.8361142946715,3404.392764857967
Hold,2022-03-13 12:00:00,103.7,5624.629080193083,Hold,5624.629080193144,3349.483204134451
Hold,2022-03-13 13:00:00,104.1,5646.324852922853,Hold,5646.324852922914,3362.4031007752783
Hold,2022-03-13 14:00:00,104.6,5673.444568835067,Hold,5673.444568835129,3378.5529715763123
Hold,2022-03-13 15:00:00,105.2,5705.9882279297235,Hold,5705.988227929785,3397.9328165375537
Hold,2022-03-13 16:00:00,105.0,5695.140341564838,Hold,5695.1403415649,3391.47286821714
Hold,2022-03-13 17:00:00,105.4,5716.83611429461,Hold,5716.836114294672,3404.3927648579674
Hold,2022-03-13 18:00:00,105.6,5727.684000659494,Hold,5727.684000659557,3410.8527131783803
Hold,2022-03-13 19:00:00,105.3,5711.412171112165,Hold,5711.412171112229,3401.16279069776
Hold,2022-03-13 20:00:00,104.2,5651.748796105297,Hold,5651.748796105359,3365.6330749354856
Hold,2022-03-13 21:00:00,104.5,5668.0206256526235,Hold,5668.020625652685,3375.322997416106
Hold,2022-03-13 22:00:00,102.1,5537.845989273998,Hold,5537.845989274059,3297.8036175711427
Hold,2022-03-13 23:00:00,101.7,5516.150216544229,Hold,5516.15021654429,3284.8837209303156
Hold,2022-03-14 00:00:00,101.6,5510.726273361785,Hold,5510.726273361846,3281.6537467701087
Hold,2022-03-14 01:00:00,101.8,5521.5741597266715,Hold,5521.574159726732,3288.1136950905225
Hold,2022-03-14 02:00:00,101.6,5510.726273361785,Hold,5510.726273361846,3281.653746770109
Hold,2022-03-14 03:00:00,102.0,5532.422046091557,Hold,5532.422046091617,3294.5736434109363
Hold,2022-03-14 04:00:00,103.4,5608.357250645755,Hold,5608.357250645817,3339.793281653831
Hold,2022-03-14 05:00:00,103.0,5586.6614779159845,Hold,5586.661477916045,3326.873385013004
Hold,2022-03-14 06:00:00,103.2,5597.509364280869,Hold,5597.509364280931,3333.3333333334176
Hold,2022-03-14 07:00:00,103.7,5624.629080193083,Hold,5624.629080193145,3349.483204134451
Hold,2022-03-14 08:00:00,105.2,5705.9882279297235,Hold,5705.988227929784,3397.932816537553
Hold,2022-03-14 09:00:00,105.2,5705.9882279297235,Hold,5705.988227929784,3397.932816537553
Hold,2022-03-14 10:00:00,105.3,5711.412171112165,Hold,5711.412171112228,3401.1627906977596
Hold,2022-03-14 11:00:00,104.9,5689.716398382395,Hold,5689.716398382457,3388.2428940569325
Hold,2022-03-14 12:00:00,104.8,5684.292455199952,Hold,5684.292455200014,3385.0129198967256
Hold,2022-03-14 13:00:00,105.0,5695.140341564838,Hold,5695.1403415649,3391.4728682171394
Hold,2022-03-14 14:00:00,105.2,5705.9882279297235,Hold,5705.988227929785,3397.9328165375528
Hold,2022-03-14 15:00:00,104.2,5651.748796105297,Hold,5651.748796105358,3365.6330749354843
Hold,2022-03-14 16:00:00,103.9,5635.476966557969,Hold,5635.47696655803,3355.943152454864
Hold,2022-03-14 17:00:00,102.4,5554.117818821328,Hold,5554.117818821388,3307.4935400517625
Hold,2022-03-14 18:00:00,102.0,5532.422046091557,Hold,5532.422046091616,3294.5736434109353
Hold,2022-03-14 19:00:00,102.7,5570.389648368656,Hold,5570.389648368716,3317.183462532383
Hold,2022-03-14 20:00:00,102.6,5564.965705186213,Hold,5564.965705186273,3313.953488372176
Hold,2022-03-14 21:00:00,103.4,5608.357250645755,Hold,5608.357250645815,3339.7932816538305
Hold,2022-03-14 22:00:00,104.9,5689.716398382395,Hold,5689.716398382456,3388.2428940569325
Hold,2022-03-14 23:00:00,105.6,5727.684000659494,Hold,5727.684000659555,3410.8527131783803
Hold,2022-03-15 00:00:00,106.4,5771.075546119036,Hold,5771.075546119097,3436.692506460035
Hold,2022-03-15 01:00:00,105.1,5700.56428474728,Hold,5700.564284747341,3394.7028423773468
Hold,2022-03-15 02:00:00,105.6,5727.684000659494,Hold,5727.684000659556,3410.8527131783812
Hold,2022-03-15 03:00:00,105.0,5695.140341564838,Hold,5695.140341564899,3391.4728682171403
Hold,2022-03-15 04:00:00,104.9,5689.716398382395,Hold,5689.716398382456,3388.2428940569334
Hold,2022-03-15 05:00:00,104.6,5673.444568835067,Hold,5673.444568835128,3378.5529715763128
Hold,2022-03-15 06:00:00,104.9,5689.716398382395,Hold,5689.716398382457,3388.242894056934
Hold,2022-03-15 07:00:00,103.4,5608.357250645755,Hold,5608.357250645816,3339.7932816538314
Hold,2022-03-15 08:00:00,102.8,5575.813591551098,Hold,5575.813591551159,3320.4134366925905
Hold,2022-03-15 09:00:00,103.3,5602.933307463311,Hold,5602.933307463373,3336.5633074936245
Hold,2022-03-15 10:00:00,103.8,5630.053023375525,Hold,5630.053023375587,3352.7131782946585
Hold,2022-03-15 11:00:00,103.9,5635.476966557969,Hold,5635.476966558031,3355.943152454866
Hold,2022-03-15 12:00:00,104.6,5673.444568835067,Hold,5673.444568835129,3378.552971576313
Hold,2022-03-15 13:00:00,103.7,5624.629080193083,Hold,5624.629080193145,3349.483204134452
Hold,2022-03-15 14:00:00,104.5,5668.0206256526235,Hold,5668.020625652685,3375.3229974161063
Hold,2022-03-15 15:00:00,104.8,5684.292455199952,Hold,5684.292455200015,3385.0129198967265
Hold,2022-03-15 16:00:00,106.9,5798.19526203125,Hold,5798.195262031315,3452.84237726107
Hold,2022-03-15 17:00:00,107.0,5803.619205213692,Hold,5803.619205213757,3456.072351421277
Hold,2022-03-15 18:00:00,107.5,5830.738921125905,Hold,5830.73892112597,3472.2222222223113
Hold,2022-03-15 19:00:00,108.3,5874.130466585447,Hold,5874.130466585511,3498.0620155039655
Hold,2022-03-15 20:00:00,107.5,5830.738921125905,Hold,5830.73892112597,3472.2222222223118
Hold,2022-03-15 21:00:00,107.6,5836.162864308348,Hold,5836.162864308412,3475.4521963825187
Hold,2022-03-15 22:00:00,106.9,5798.19526203125,Hold,5798.195262031315,3452.8423772610713
Hold,2022-03-15 23:00:00,106.8,5792.771318848806,Hold,5792.77131884887,3449.612403100864
Hold,2022-03-16 00:00:00,106.7,5787.347375666364,Hold,5787.347375666428,3446.3824289406575
Hold,2022-03-16 01:00:00,108.1,5863.282580220562,Hold,5863.282580220626,3491.6020671835518
Hold,2022-03-16 02:00:00,109.6,5944.6417279572015,Hold,5944.641727957268,3540.051679586654
Hold,2022-03-16 03:00:00,106.6,5781.923432483921,Hold,5781.9234324839845,3443.1524547804497
Hold,2022-03-16 04:00:00,106.0,5749.379773389264,Hold,5749.379773389328,3423.772609819209
Hold,2022-03-16 05:00:00,106.7,5787.347375666364,Hold,5787.347375666428,3446.382428940656
Hold,2022-03-16 06:00:00,107.3,5819.89103476102,Hold,5819.891034761084,3465.7622739018966
Hold,2022-03-16 07:00:00,107.1,5809.043148396135,Hold,5809.043148396199,3459.302325581483
Hold,2022-03-16 08:00:00,107.9,5852.434693855676,Hold,5852.434693855741,3485.1421188631375
Hold,2022-03-16 09:00:00,107.6,5836.162864308348,Hold,5836.162864308413,3475.4521963825173
Hold,2022-03-16 10:00:00,107.3,5819.89103476102,Hold,5819.891034761085,3465.762273901897
Hold,2022-03-16 11:00:00,107.8,5847.010750673234,Hold,5847.010750673299,3481.912144702931
Hold,2022-03-16 12:00:00,107.6,5836.162864308348,Hold,5836.162864308413,3475.4521963825173
Hold,2022-03-16 13:00:00,107.7,5841.586807490791,Hold,5841.586807490857,3478.682170542724
Hold,2022-03-16 14:00:00,109.0,5912.098068862546,Hold,5912.098068862613,3520.6718346254124
Hold,2022-03-16 15:00:00,108.5,5884.978352950333,Hold,5884.9783529504,3504.5219638243784
Hold,2022-03-16 16:00:00,108.5,5884.978352950333,Hold,5884.9783529504,3504.5219638243784
Hold,2022-03-16 17:00:00,108.4,5879.554409767889,Hold,5879.554409767956,3501.291989664172
Hold,2022-03-16 18:00:00,107.6,5836.162864308348,Hold,5836.162864308414,3475.4521963825173
Hold,2022-03-16 19:00:00,109.6,5944.6417279572015,Hold,5944.64172795727,3540.051679586653
Hold,2022-03-16 20:00:00,109.9,5960.91355750453,Hold,5960.913557504598,3549.7416020672736
Hold,2022-03-16 21:00:00,109.7,5950.065671139645,Hold,5950.065671139713,3543.28165374686
Hold,2022-03-16 22:00:00,110.5,5993.457216599187,Hold,5993.457216599255,3569.121447028514
Hold,2022-03-16 23:00:00,111.4,6042.272705241171,Hold,6042.27270524124,3598.191214470375
Hold,2022-03-17 00:00:00,111.0,6020.576932511401,Hold,6020.576932511469,3585.2713178295476
Hold,2022-03-17 01:00:00,110.6,5998.881159781629,Hold,5998.881159781698,3572.35142118872
Hold,2022-03-17 02:00:00,110.3,5982.609330234301,Hold,5982.60933023437,3562.6614987081
Hold,2022-03-17 03:00:00,110.0,5966.337500686973,Hold,5966.337500687041,3552.97157622748
Hold,2022-03-17 04:00:00,110.7,6004.305102964072,Hold,6004.305102964141,3575.5813953489273
Hold,2022-03-17 05:00:00,109.8,5955.489614322088,Hold,5955.489614322156,3546.511627907066
Hold,2022-03-17 06:00:00,109.3,5928.369898409875,Hold,5928.369898409942,3530.3617571060317
Hold,2022-03-17 07:00:00,109.2,5922.945955227431,Hold,5922.945955227498,3527.131782945825
Hold,2022-03-17 08:00:00,109.3,5928.369898409875,Hold,5928.369898409942,3530.3617571060317
Hold,2022-03-17 09:00:00,109.2,5922.945955227431,Hold,5922.945955227498,3527.131782945825
Hold,2022-03-17 10:00:00,109.5,5939.21778477476,Hold,5939.217784774826,3536.821705426445
Hold,2022-03-17 11:00:00,109.8,5955.489614322088,Hold,5955.489614322154,3546.5116279070653
Hold,2022-03-17 12:00:00,110.4,5988.033273416744,Hold,5988.0332734168105,3565.891472868306
Hold,2022-03-17 13:00:00,111.0,6020.576932511401,Hold,6020.576932511468,3585.271317829546
Hold,2022-03-17 14:00:00,110.0,5966.337500686973,Hold,5966.337500687039,3552.9715762274786
Hold,2022-03-17 15:00:00,110.1,5971.761443869415,Hold,5971.761443869483,3556.201550387685
Hold,2022-03-17 16:00:00,110.4,5988.033273416744,Hold,5988.033273416811,3565.891472868306
Hold,2022-03-17 17:00:00,111.3,6036.848762058728,Hold,6036.848762058797,3594.961240310167
Hold,2022-03-17 18:00:00,110.7,6004.305102964072,Hold,6004.305102964139,3575.581395348926
Hold,2022-03-17 19:00:00,110.7,6004.305102964072,Hold,6004.305102964139,3575.581395348926
Hold,2022-03-17 20:00:00,110.3,5982.609330234301,Hold,5982.609330234368,3562.661498708099
Hold,2022-03-17 21:00:00,110.5,5993.457216599187,Hold,5993.457216599254,3569.1214470285126
Hold,2022-03-17 22:00:00,110.3,5982.609330234301,Hold,5982.609330234368,3562.6614987080993
Hold,2022-03-17 23:00:00,110.2,5977.185387051859,Hold,5977.185387051926,3559.431524547893
Hold,2022-03-18 00:00:00,108.2,5868.706523403005,Hold,5868.706523403071,3494.8320413437564
Hold,2022-03-18 01:00:00,109.2,5922.945955227431,Hold,5922.9459552274975,3527.1317829458244
Hold,2022-03-18 02:00:00,108.8,5901.25018249766,Hold,5901.250182497725,3514.211886304997
Hold,2022-03-18 03:00:00,108.7,5895.826239315218,Hold,5895.826239315284,3510.9819121447904
Hold,2022-03-18 04:00:00,108.8,5901.25018249766,Hold,5901.250182497725,3514.211886304997
Hold,2022-03-18 05:00:00,109.4,5933.793841592317,Hold,5933.793841592384,3533.591731266238
Hold,2022-03-18 06:00:00,109.5,5939.21778477476,Hold,5939.217784774827,3536.8217054264446
Hold,2022-03-18 07:00:00,109.3,5928.369898409875,Hold,5928.369898409942,3530.361757106031
Hold,2022-03-18 08:00:00,109.4,5933.793841592317,Hold,5933.7938415923845,3533.5917312662377
Hold,2022-03-18 09:00:00,109.3,5928.369898409875,Hold,5928.369898409942,3530.3617571060304
Hold,2022-03-18 10:00:00,109.1,5917.5220120449885,Hold,5917.522012045056,3523.9018087856166
Hold,2022-03-18 11:00:00,108.9,5906.674125680104,Hold,5906.6741256801715,3517.4418604652033
Hold,2022-03-18 12:00:00,109.2,5922.945955227431,Hold,5922.945955227498,3527.1317829458235
Hold,2022-03-18 13:00:00,109.8,5955.489614322088,Hold,5955.489614322155,3546.5116279070644
Hold,2022-03-18 14:00:00,110.4,5988.033273416744,Hold,5988.033273416811,3565.8914728683053
Hold,2022-03-18 15:00:00,110.9,6015.152989328958,Hold,6015.152989329025,3582.041343669339
Hold,2022-03-18 16:00:00,111.3,6036.848762058728,Hold,6036.848762058797,3594.961240310166
Hold,2022-03-18 17:00:00,111.6,6053.120591606055,Hold,6053.120591606123,3604.651162790786
Hold,2022-03-18 18:00:00,111.4,6042.272705241171,Hold,6042.272705241238,3598.1912144703733
Hold,2022-03-18 19:00:00,112.4,6096.512137065598,Hold,6096.512137065665,3630.4909560724413
Hold,2022-03-18 20:00:00,112.0,6074.816364335827,Hold,6074.816364335893,3617.571059431614
Hold,2022-03-18 21:00:00,112.2,6085.664250700713,Hold,6085.66425070078,3624.0310077520276
Hold,2022-03-18 22:00:00,111.5,6047.696648423614,Hold,6047.69664842368,3601.4211886305798
Hold,2022-03-18 23:00:00,111.9,6069.392421153385,Hold,6069.392421153452,3614.3410852714073
Hold,2022-03-19 00:00:00,112.5,6101.9360802480405,Hold,6101.936080248109,3633.7209302326482
Hold,2022-03-19 01:00:00,112.5,6101.9360802480405,Hold,6101.936080248109,3633.7209302326482
Hold,2022-03-19 02:00:00,112.4,6096.512137065598,Hold,6096.512137065666,3630.490956072442
Hold,2022-03-19 03:00:00,112.2,6085.664250700713,Hold,6085.664250700781,3624.031007752028
Hold,2022-03-19 04:00:00,112.2,6085.664250700713,Hold,6085.664250700781,3624.031007752028
Hold,2022-03-19 05:00:00,112.3,6091.088193883155,Hold,6091.088193883224,3627.2609819122345
Hold,2022-03-19 06:00:00,112.6,6107.360023430483,Hold,6107.360023430552,3636.9509043928547
Hold,2022-03-19 07:00:00,112.9,6123.631852977812,Hold,6123.631852977882,3646.6408268734754
Hold,2022-03-19 08:00:00,112.7,6112.783966612926,Hold,6112.783966612995,3640.1808785530625
Hold,2022-03-19 09:00:00,112.7,6112.783966612926,Hold,6112.783966612995,3640.1808785530625
Hold,2022-03-19 10:00:00,112.3,6091.088193883155,Hold,6091.088193883224,3627.260981912235
Hold,2022-03-19 11:00:00,112.5,6101.9360802480405,Hold,6101.93608024811,3633.7209302326487
Hold,2022-03-19 12:00:00,113.1,6134.479739342696,Hold,6134.479739342765,3653.1007751938887
Hold,2022-03-19 13:00:00,112.4,6096.512137065598,Hold,6096.512137065667,3630.490956072442
Hold,2022-03-19 14:00:00,113.1,6134.479739342696,Hold,6134.479739342765,3653.1007751938887
Hold,2022-03-19 15:00:00,113.5,6156.175512072467,Hold,6156.175512072537,3666.0206718347163
Hold,2022-03-19 16:00:00,114.3,6199.567057532009,Hold,6199.567057532079,3691.8604651163705
Hold,2022-03-19 17:00:00,114.1,6188.719171167124,Hold,6188.719171167194,3685.4005167959567
Hold,2022-03-19 18:00:00,114.0,6183.29522798468,Hold,6183.29522798475,3682.1705426357503
Hold,2022-03-19 19:00:00,113.6,6161.59945525491,Hold,6161.59945525498,3669.250645994923
Hold,2022-03-19 20:00:00,113.8,6172.447341619795,Hold,6172.447341619866,3675.710594315337
Hold,2022-03-19 21:00:00,113.7,6167.0233984373535,Hold,6167.023398437424,3672.4806201551305
Hold,2022-03-19 22:00:00,113.2,6139.90368252514,Hold,6139.90368252521,3656.3307493540965
Hold,2022-03-19 23:00:00,116.8,6335.165637093076,Hold,6335.165637093148,3772.6098191215415
Hold,2022-03-20 00:00:00,117.2,6356.861409822847,Hold,6356.86140982292,3785.529715762369
Hold,2022-03-20 01:00:00,116.2,6302.62197799842,Hold,6302.621977998492,3753.229974160301
Hold,2022-03-20 02:00:00,116.3,6308.045921180863,Hold,6308.045921180935,3756.459948320508
Hold,2022-03-20 03:00:00,116.4,6313.4698643633055,Hold,6313.469864363377,3759.689922480715
Hold,2022-03-20 04:00:00,115.9,6286.3501484510925,Hold,6286.350148451164,3743.540051679681
Hold,2022-03-20 05:00:00,116.5,6318.893807545749,Hold,6318.893807545822,3762.9198966409217
Hold,2022-03-20 06:00:00,115.8,6280.92620526865,Hold,6280.926205268722,3740.310077519474
Hold,2022-03-20 07:00:00,115.4,6259.2304325388795,Hold,6259.230432538951,3727.390180878647
Hold,2022-03-20 08:00:00,115.0,6237.534659809108,Hold,6237.534659809179,3714.470284237819
Hold,2022-03-20 09:00:00,114.4,6204.991000714452,Hold,6204.991000714523,3695.090439276579
Hold,2022-03-20 10:00:00,114.5,6210.414943896895,Hold,6210.414943896966,3698.3204134367857
Hold,2022-03-20 11:00:00,114.2,6194.1431143495665,Hold,6194.143114349637,3688.6304909561654
Hold,2022-03-20 12:00:00,113.0,6129.055796160254,Hold,6129.055796160324,3649.8708010336836
Hold,2022-03-20 13:00:00,112.7,6112.783966612926,Hold,6112.783966612995,3640.1808785530634
Hold,2022-03-20 14:00:00,112.9,6123.631852977812,Hold,6123.631852977882,3646.640826873477
Hold,2022-03-20 15:00:00,112.4,6096.512137065598,Hold,6096.512137065668,3630.490956072443
Hold,2022-03-20 16:00:00,112.6,6107.360023430483,Hold,6107.360023430553,3636.950904392856
Hold,2022-03-20 17:00:00,112.1,6080.24030751827,Hold,6080.24030751834,3620.801033591822
Hold,2022-03-20 18:00:00,113.0,6129.055796160254,Hold,6129.055796160325,3649.870801033683
Hold,2022-03-20 19:00:00,115.3,6253.806489356436,Hold,6253.806489356509,3724.1602067184394
Hold,2022-03-20 20:00:00,114.9,6232.110716626666,Hold,6232.110716626738,3711.240310077613
Hold,2022-03-20 21:00:00,114.7,6221.26283026178,Hold,6221.262830261852,3704.780361757199
Hold,2022-03-20 22:00:00,116.0,6291.774091633535,Hold,6291.774091633608,3746.770025839887
Hold,2022-03-20 23:00:00,114.9,6232.110716626666,Hold,6232.110716626738,3711.2403100776123
Hold,2022-03-21 00:00:00,116.4,6313.4698643633055,Hold,6313.469864363379,3759.689922480714
Hold,2022-03-21 01:00:00,115.4,6259.2304325388795,Hold,6259.230432538952,3727.390180878646
Hold,2022-03-21 02:00:00,114.0,6183.29522798468,Hold,6183.295227984752,3682.1705426357507
Hold,2022-03-21 03:00:00,114.2,6194.1431143495665,Hold,6194.1431143496375,3688.6304909561645
Hold,2022-03-21 04:00:00,114.3,6199.567057532009,Hold,6199.56705753208,3691.8604651163714
Hold,2022-03-21 05:00:00,115.1,6242.95860299155,Hold,6242.958602991623,3717.7002583980257
Hold,2022-03-21 06:00:00,114.1,6188.719171167124,Hold,6188.719171167197,3685.4005167959576
Hold,2022-03-21 07:00:00,115.0,6237.534659809108,Hold,6237.534659809182,3714.470284237819
Hold,2022-03-21 08:00:00,114.6,6215.838887079337,Hold,6215.838887079411,3701.5503875969916
Hold,2022-03-21 09:00:00,114.9,6232.110716626666,Hold,6232.11071662674,3711.2403100776123
Hold,2022-03-21 10:00:00,115.0,6237.534659809108,Hold,6237.534659809183,3714.470284237819
Hold,2022-03-21 11:00:00,114.9,6232.110716626666,Hold,6232.11071662674,3711.240310077613
Hold,2022-03-21 12:00:00,114.9,6232.110716626666,Hold,6232.11071662674,3711.240310077613
Hold,2022-03-21 13:00:00,114.8,6226.686773444222,Hold,6226.686773444297,3708.010335917406
Hold,2022-03-21 14:00:00,114.2,6194.1431143495665,Hold,6194.143114349641,3688.630490956165
Hold,2022-03-21 15:00:00,115.3,6253.806489356436,Hold,6253.8064893565115,3724.16020671844
Hold,2022-03-21 16:00:00,114.5,6210.414943896895,Hold,6210.414943896971,3698.320413436786
Hold,2022-03-21 17:00:00,115.9,6286.3501484510925,Hold,6286.350148451168,3743.5400516796813
Hold,2022-03-21 18:00:00,115.9,6286.3501484510925,Hold,6286.350148451168,3743.5400516796813
Hold,2022-03-21 19:00:00,116.7,6329.741693910634,Hold,6329.741693910711,3769.379844961336
Hold,2022-03-21 20:00:00,116.2,6302.62197799842,Hold,6302.621977998496,3753.229974160302
Hold,2022-03-21 21:00:00,116.3,6308.045921180863,Hold,6308.045921180938,3756.459948320509
Hold,2022-03-21 22:00:00,116.2,6302.62197799842,Hold,6302.621977998496,3753.229974160302
Hold,2022-03-21 23:00:00,116.0,6291.774091633535,Hold,6291.774091633611,3746.7700258398886
Hold,2022-03-22 00:00:00,117.4,6367.709296187733,Hold,6367.70929618781,3791.9896640827837
Hold,2022-03-22 01:00:00,117.4,6367.709296187733,Hold,6367.70929618781,3791.9896640827837
Hold,2022-03-22 02:00:00,120.2,6519.579705296129,Hold,6519.579705296207,3882.4289405685745
Hold,2022-03-22 03:00:00,119.4,6476.188159836587,Hold,6476.188159836665,3856.5891472869203
Hold,2022-03-22 04:00:00,120.0,6508.731818931244,Hold,6508.731818931323,3875.9689922481602
Hold,2022-03-22 05:00:00,120.3,6525.0036484785705,Hold,6525.00364847865,3885.6589147287805
Hold,2022-03-22 06:00:00,119.1,6459.916330289258,Hold,6459.916330289337,3846.899224806299
Hold,2022-03-22 07:00:00,119.3,6470.764216654145,Hold,6470.764216654224,3853.3591731267134
Hold,2022-03-22 08:00:00,121.5,6590.090966667884,Hold,6590.090966667964,3924.418604651263
Hold,2022-03-22 09:00:00,121.8,6606.362796215211,Hold,6606.362796215291,3934.1085271318834
Hold,2022-03-22 10:00:00,121.8,6606.362796215211,Hold,6606.362796215291,3934.1085271318834
Hold,2022-03-22 11:00:00,122.3,6633.482512127425,Hold,6633.482512127506,3950.258397932917
Hold,2022-03-22 12:00:00,122.0,6617.2106825800975,Hold,6617.210682580179,3940.5684754522968
Hold,2022-03-22 13:00:00,121.7,6600.93885303277,Hold,6600.938853032851,3930.878552971677
Hold,2022-03-22 14:00:00,121.0,6562.971250755671,Hold,6562.9712507557515,3908.268733850229
Hold,2022-03-22 15:00:00,120.5,6535.851534843457,Hold,6535.851534843537,3892.118863049195
Hold,2022-03-22 16:00:00,121.0,6562.971250755671,Hold,6562.971250755751,3908.268733850229
Hold,2022-03-22 17:00:00,123.2,6682.2980007694105,Hold,6682.298000769492,3979.3281653747795
Hold,2022-03-22 18:00:00,122.5,6644.330398492311,Hold,6644.330398492393,3956.7183462533317
Hold,2022-03-22 19:00:00,121.0,6562.971250755671,Hold,6562.9712507557515,3908.2687338502296
Hold,2022-03-22 20:00:00,121.4,6584.667023485441,Hold,6584.667023485522,3921.188630491057
Hold,2022-03-22 21:00:00,122.1,6622.63462576254,Hold,6622.634625762621,3943.7984496125046
Hold,2022-03-22 22:00:00,122.2,6628.058568944983,Hold,6628.058568945064,3947.028423772712
Hold,2022-03-22 23:00:00,122.7,6655.178284857196,Hold,6655.1782848572775,3963.178294573746
Hold,2022-03-23 00:00:00,123.2,6682.2980007694105,Hold,6682.298000769492,3979.32816537478
Hold,2022-03-23 01:00:00,121.9,6611.786739397655,Hold,6611.786739397736,3937.338501292091
Hold,2022-03-23 02:00:00,121.1,6568.395193938112,Hold,6568.395193938192,3911.4987080104365
Hold,2022-03-23 03:00:00,119.9,6503.307875748801,Hold,6503.30787574888,3872.7390180879547
Hold,2022-03-23 04:00:00,119.7,6492.459989383916,Hold,6492.459989383994,3866.279069767541
Hold,2022-03-23 05:00:00,120.2,6519.579705296129,Hold,6519.579705296207,3882.4289405685754
Hold,2022-03-23 06:00:00,120.3,6525.0036484785705,Hold,6525.003648478649,3885.6589147287823
Hold,2022-03-23 07:00:00,120.1,6514.155762113686,Hold,6514.155762113764,3879.1989664083685
Hold,2022-03-23 08:00:00,119.8,6497.8839325663575,Hold,6497.883932566436,3869.5090439277483
Hold,2022-03-23 09:00:00,118.9,6449.068443924374,Hold,6449.0684439244515,3840.4392764858876
Hold,2022-03-23 10:00:00,119.3,6470.764216654145,Hold,6470.764216654223,3853.3591731267147
Hold,2022-03-23 11:00:00,119.4,6476.188159836587,Hold,6476.188159836666,3856.5891472869216
Hold,2022-03-23 12:00:00,120.5,6535.851534843457,Hold,6535.851534843536,3892.118863049196
Hold,2022-03-23 13:00:00,120.0,6508.731818931244,Hold,6508.731818931323,3875.968992248162
Hold,2022-03-23 14:00:00,121.8,6606.362796215211,Hold,6606.362796215291,3934.108527131884
Hold,2022-03-23 15:00:00,122.1,6622.63462576254,Hold,6622.63462576262,3943.7984496125046
Hold,2022-03-23 16:00:00,121.8,6606.362796215211,Hold,6606.3627962152905,3934.1085271318843
Hold,2022-03-23 17:00:00,120.6,6541.275478025899,Hold,6541.2754780259775,3895.348837209403
Hold,2022-03-23 18:00:00,119.7,6492.459989383916,Hold,6492.459989383993,3866.279069767542
Hold,2022-03-23 19:00:00,121.0,6562.971250755671,Hold,6562.971250755749,3908.2687338502305
Hold,2022-03-23 20:00:00,121.8,6606.362796215211,Hold,6606.36279621529,3934.108527131885
Hold,2022-03-23 21:00:00,121.4,6584.667023485441,Hold,6584.66702348552,3921.1886304910586
Hold,2022-03-23 22:00:00,121.8,6606.362796215211,Hold,6606.3627962152905,3934.1085271318852
Hold,2022-03-23 23:00:00,122.4,6638.906455309869,Hold,6638.906455309949,3953.4883720931266
Hold,2022-03-24 00:00:00,123.0,6671.450114404524,Hold,6671.450114404605,3972.8682170543675
Hold,2022-03-24 01:00:00,121.3,6579.243080302998,Hold,6579.2430803030775,3917.958656330852
Hold,2022-03-24 02:00:00,122.0,6617.2106825800975,Hold,6617.2106825801775,3940.5684754522995
Hold,2022-03-24 03:00:00,120.7,6546.699421208342,Hold,6546.69942120842,3898.5788113696112
Hold,2022-03-24 04:00:00,121.7,6600.93885303277,Hold,6600.938853032849,3930.878552971679
Hold,2022-03-24 05:00:00,122.3,6633.482512127425,Hold,6633.482512127504,3950.2583979329193
Hold,2022-03-24 06:00:00,122.5,6644.330398492311,Hold,6644.330398492391,3956.7183462533326
Hold,2022-03-24 07:00:00,122.6,6649.754341674753,Hold,6649.754341674832,3959.9483204135395
Hold,2022-03-24 08:00:00,122.9,6666.026171222082,Hold,6666.026171222162,3969.6382428941606
Hold,2022-03-24 09:00:00,122.4,6638.906455309869,Hold,6638.906455309948,3953.4883720931266
Hold,2022-03-24 10:00:00,122.6,6649.754341674753,Hold,6649.754341674831,3959.9483204135404
Hold,2022-03-24 11:00:00,122.0,6617.2106825800975,Hold,6617.210682580175,3940.5684754522995
Hold,2022-03-24 12:00:00,121.1,6568.395193938112,Hold,6568.395193938189,3911.4987080104383
Hold,2022-03-24 13:00:00,121.5,6590.090966667884,Hold,6590.090966667961,3924.4186046512655
Hold,2022-03-24 14:00:00,122.4,6638.906455309869,Hold,6638.906455309947,3953.4883720931275
Hold,2022-03-24 15:00:00,124.6,6758.233205323607,Hold,6758.233205323686,4024.5478036176773
Hold,2022-03-24 16:00:00,125.6,6812.472637148035,Hold,6812.472637148114,4056.8475452197454
Hold,2022-03-24 17:00:00,124.4,6747.385318958723,Hold,6747.3853189588,4018.0878552972636
Hold,2022-03-24 18:00:00,125.0,6779.928978053378,Hold,6779.928978053456,4037.467700258505
Hold,2022-03-24 19:00:00,125.7,6817.896580330477,Hold,6817.8965803305555,4060.077519379953
Hold,2022-03-24 20:00:00,126.3,6850.440239425133,Hold,6850.440239425211,4079.457364341193
Hold,2022-03-24 21:00:00,127.3,6904.679671249561,Hold,6904.67967124964,4111.757105943261
Hold,2022-03-24 22:00:00,126.3,6850.440239425133,Hold,6850.440239425211,4079.457364341193
Hold,2022-03-24 23:00:00,126.5,6861.288125790019,Hold,6861.288125790097,4085.917312661607
Hold,2022-03-25 00:00:00,125.5,6807.048693965591,Hold,6807.048693965669,4053.6175710595394
Hold,2022-03-25 01:00:00,125.8,6823.32052351292,Hold,6823.320523512999,4063.30749354016
Hold,2022-03-25 02:00:00,125.7,6817.896580330477,Hold,6817.896580330556,4060.077519379953
Hold,2022-03-25 03:00:00,126.5,6861.288125790019,Hold,6861.288125790097,4085.917312661607
Hold,2022-03-25 04:00:00,127.2,6899.255728067118,Hold,6899.255728067197,4108.527131783054
Hold,2022-03-25 05:00:00,126.7,6872.136012154904,Hold,6872.136012154982,4092.3772609820207
Hold,2022-03-25 06:00:00,126.5,6861.288125790019,Hold,6861.288125790096,4085.917312661607
Hold,2022-03-25 07:00:00,125.5,6807.048693965591,Hold,6807.048693965669,4053.6175710595394
Hold,2022-03-25 08:00:00,125.8,6823.32052351292,Hold,6823.320523512998,4063.30749354016
Hold,2022-03-25 09:00:00,125.8,6823.32052351292,Hold,6823.320523512998,4063.30749354016
Hold,2022-03-25 10:00:00,125.7,6817.896580330477,Hold,6817.8965803305555,4060.077519379953
Hold,2022-03-25 11:00:00,126.8,6877.559955337347,Hold,6877.559955337426,4095.6072351422267
Hold,2022-03-25 12:00:00,126.6,6866.712068972462,Hold,6866.712068972541,4089.147286821813
Hold,2022-03-25 13:00:00,126.6,6866.712068972462,Hold,6866.712068972541,4089.147286821813
Hold,2022-03-25 14:00:00,126.4,6855.864182607577,Hold,6855.8641826076555,4082.687338501399
Hold,2022-03-25 15:00:00,124.4,6747.385318958723,Hold,6747.385318958799,4018.0878552972636
Hold,2022-03-25 16:00:00,123.1,6676.874057586966,Hold,6676.874057587042,3976.098191214575
Hold,2022-03-25 17:00:00,122.8,6660.602228039639,Hold,6660.602228039715,3966.4082687339546
Hold,2022-03-25 18:00:00,123.7,6709.4177166816235,Hold,6709.417716681699,3995.478036175816
Hold,2022-03-25 19:00:00,123.5,6698.569830316737,Hold,6698.569830316813,3989.018087855403
Hold,2022-03-25 20:00:00,124.1,6731.113489411394,Hold,6731.11348941147,4008.397932816643
Hold,2022-03-25 21:00:00,124.4,6747.385318958723,Hold,6747.385318958798,4018.0878552972636
Hold,2022-03-25 22:00:00,123.5,6698.569830316737,Hold,6698.569830316813,3989.0180878554024
Hold,2022-03-25 23:00:00,123.9,6720.265603046509,Hold,6720.265603046584,4001.937984496229
Hold,2022-03-26 00:00:00,123.1,6676.874057586966,Hold,6676.8740575870415,3976.098191214575
Hold,2022-03-26 01:00:00,123.9,6720.265603046509,Hold,6720.265603046584,4001.93798449623
Hold,2022-03-26 02:00:00,123.4,6693.145887134296,Hold,6693.145887134372,3985.788113695196
Hold,2022-03-26 03:00:00,124.3,6741.961375776279,Hold,6741.9613757763545,4014.8578811370567
Hold,2022-03-26 04:00:00,124.1,6731.113489411394,Hold,6731.113489411469,4008.397932816643
Hold,2022-03-26 05:00:00,124.4,6747.385318958723,Hold,6747.385318958797,4018.0878552972636
Hold,2022-03-26 06:00:00,124.3,6741.961375776279,Hold,6741.961375776354,4014.8578811370567
Hold,2022-03-26 07:00:00,124.9,6774.5050348709365,Hold,6774.505034871012,4034.237726098298
Hold,2022-03-26 08:00:00,124.5,6752.809262141165,Hold,6752.809262141242,4021.3178294574705
Hold,2022-03-26 09:00:00,124.6,6758.233205323607,Hold,6758.233205323683,4024.5478036176764
Hold,2022-03-26 10:00:00,124.5,6752.809262141165,Hold,6752.809262141242,4021.3178294574695
Hold,2022-03-26 11:00:00,124.4,6747.385318958723,Hold,6747.385318958798,4018.0878552972626
Hold,2022-03-26 12:00:00,124.2,6736.5374325938365,Hold,6736.537432593912,4011.627906976849
Hold,2022-03-26 13:00:00,123.1,6676.874057586966,Hold,6676.874057587041,3976.098191214574
Hold,2022-03-26 14:00:00,123.0,6671.450114404524,Hold,6671.450114404599,3972.868217054367
Hold,2022-03-26 15:00:00,122.7,6655.178284857196,Hold,6655.178284857269,3963.1782945737464
Hold,2022-03-26 16:00:00,123.4,6693.145887134296,Hold,6693.14588713437,3985.7881136951946
Hold,2022-03-26 17:00:00,123.0,6671.450114404524,Hold,6671.450114404599,3972.868217054367
Hold,2022-03-26 18:00:00,123.1,6676.874057586966,Hold,6676.874057587041,3976.0981912145735
Hold,2022-03-26 19:00:00,123.9,6720.265603046509,Hold,6720.265603046584,4001.937984496228
Hold,2022-03-26 20:00:00,124.9,6774.5050348709365,Hold,6774.505034871012,4034.237726098297
Hold,2022-03-26 21:00:00,125.3,6796.200807600707,Hold,6796.200807600782,4047.157622739124
Hold,2022-03-26 22:00:00,124.8,6769.081091688493,Hold,6769.081091688568,4031.0077519380893
Hold,2022-03-26 23:00:00,124.8,6769.081091688493,Hold,6769.081091688568,4031.0077519380893
Hold,2022-03-27 00:00:00,125.3,6796.200807600707,Hold,6796.200807600783,4047.157622739124
Hold,2022-03-27 01:00:00,125.3,6796.200807600707,Hold,6796.200807600783,4047.157622739124
Hold,2022-03-27 02:00:00,125.3,6796.200807600707,Hold,6796.200807600783,4047.157622739124
Hold,2022-03-27 03:00:00,126.6,6866.712068972462,Hold,6866.712068972539,4089.147286821811
Hold,2022-03-27 04:00:00,126.3,6850.440239425133,Hold,6850.440239425209,4079.4573643411904
Hold,2022-03-27 05:00:00,125.8,6823.32052351292,Hold,6823.320523512995,4063.3074935401573
Hold,2022-03-27 06:00:00,125.8,6823.32052351292,Hold,6823.320523512995,4063.3074935401573
Hold,2022-03-27 07:00:00,125.6,6812.472637148035,Hold,6812.47263714811,4056.8475452197436
Hold,2022-03-27 08:00:00,125.6,6812.472637148035,Hold,6812.47263714811,4056.8475452197436
Hold,2022-03-27 09:00:00,125.7,6817.896580330477,Hold,6817.896580330552,4060.0775193799514
Hold,2022-03-27 10:00:00,125.8,6823.32052351292,Hold,6823.3205235129935,4063.3074935401573
Hold,2022-03-27 11:00:00,124.8,6769.081091688493,Hold,6769.081091688566,4031.0077519380893
Hold,2022-03-27 12:00:00,123.4,6693.145887134296,Hold,6693.1458871343675,3985.7881136951946
Hold,2022-03-27 13:00:00,124.8,6769.081091688493,Hold,6769.081091688565,4031.0077519380893
Hold,2022-03-27 14:00:00,124.5,6752.809262141165,Hold,6752.809262141237,4021.3178294574686
Hold,2022-03-27 15:00:00,125.9,6828.7444666953625,Hold,6828.744466695434,4066.5374677003642
Hold,2022-03-27 16:00:00,126.1,6839.592353060248,Hold,6839.59235306032,4072.997416020778
Hold,2022-03-27 17:00:00,125.0,6779.928978053378,Hold,6779.92897805345,4037.467700258503
Hold,2022-03-27 18:00:00,125.1,6785.352921235821,Hold,6785.352921235892,4040.69767441871
Hold,2022-03-27 19:00:00,124.5,6752.809262141165,Hold,6752.809262141236,4021.3178294574695
Hold,2022-03-27 20:00:00,127.2,6899.255728067118,Hold,6899.255728067191,4108.527131783054
Take-Profit,2022-03-27 21:00:00,128.7,6980.614875803757,TP 20.0% hit,6980.614875803831,4156.976744186155
Buy,2022-03-29 00:00:00,128.8,6980.614875803757,Sinal: Compra,6980.614875803831,4160.206718346362
Hold,2022-03-29 01:00:00,130.3,7047.794096698085,Hold,7047.79409669816,4208.656330749464
Hold,2022-03-29 02:00:00,129.3,6993.705116677379,Hold,6993.705116677453,4176.356589147397
Hold,2022-03-29 03:00:00,128.9,6972.069524669097,Hold,6972.06952466917,4163.43669250657
Hold,2022-03-29 04:00:00,129.8,7020.749606687732,Hold,7020.749606687806,4192.506459948431
Hold,2022-03-29 05:00:00,130.1,7036.976300693944,Hold,7036.976300694018,4202.196382429051
Hold,2022-03-29 06:00:00,130.1,7036.976300693944,Hold,7036.976300694018,4202.196382429051
Hold,2022-03-29 07:00:00,129.3,6993.705116677379,Hold,6993.705116677454,4176.356589147397
Hold,2022-03-29 08:00:00,130.0,7031.567402691873,Hold,7031.567402691949,4198.966408268844
Hold,2022-03-29 09:00:00,130.2,7042.385198696014,Hold,7042.38519869609,4205.426356589258
Hold,2022-03-29 10:00:00,130.3,7047.794096698085,Hold,7047.7940966981605,4208.656330749465
Hold,2022-03-29 11:00:00,131.6,7118.109770725003,Hold,7118.109770725079,4250.6459948321535
Hold,2022-03-29 12:00:00,131.1,7091.06528071465,Hold,7091.065280714725,4234.496124031119
Hold,2022-03-29 13:00:00,129.8,7020.749606687732,Hold,7020.749606687807,4192.506459948431
Hold,2022-03-29 14:00:00,130.1,7036.976300693944,Hold,7036.976300694019,4202.196382429051
Hold,2022-03-29 15:00:00,128.5,6950.433932660813,Hold,6950.433932660888,4150.516795865742
Hold,2022-03-29 16:00:00,129.2,6988.296218675307,Hold,6988.296218675381,4173.126614987189
Hold,2022-03-29 17:00:00,128.7,6961.251728664954,Hold,6961.251728665028,4156.976744186155
Hold,2022-03-29 18:00:00,129.2,6988.296218675307,Hold,6988.296218675381,4173.126614987188
Hold,2022-03-29 19:00:00,129.5,7004.522912681519,Hold,7004.522912681593,4182.816537467809
Hold,2022-03-29 20:00:00,129.0,6977.478422671166,Hold,6977.47842267124,4166.666666666774
Hold,2022-03-29 21:00:00,129.1,6982.887320673236,Hold,6982.88732067331,4169.896640826981
Hold,2022-03-29 22:00:00,129.2,6988.296218675307,Hold,6988.296218675381,4173.126614987187
Hold,2022-03-29 23:00:00,130.1,7036.976300693944,Hold,7036.976300694018,4202.196382429049
Hold,2022-03-30 00:00:00,129.0,6977.478422671166,Hold,6977.478422671241,4166.666666666774
Hold,2022-03-30 01:00:00,126.7,6853.073768623541,Hold,6853.073768623613,4092.377260982018
Hold,2022-03-30 02:00:00,127.2,6880.118258633895,Hold,6880.118258633968,4108.527131783053
Hold,2022-03-30 03:00:00,128.1,6928.79834065253,Hold,6928.798340652605,4137.596899224914
Hold,2022-03-30 04:00:00,128.3,6939.616136656672,Hold,6939.616136656746,4144.056847545328
Hold,2022-03-30 05:00:00,128.9,6972.069524669097,Hold,6972.069524669169,4163.43669250657
Hold,2022-03-30 06:00:00,129.5,7004.522912681519,Hold,7004.522912681593,4182.81653746781
Hold,2022-03-30 07:00:00,130.2,7042.385198696014,Hold,7042.385198696089,4205.426356589257
Hold,2022-03-30 08:00:00,130.5,7058.611892702226,Hold,7058.611892702302,4215.116279069878
Hold,2022-03-30 09:00:00,130.8,7074.838586708439,Hold,7074.838586708514,4224.806201550499
Hold,2022-03-30 10:00:00,131.1,7091.06528071465,Hold,7091.065280714726,4234.496124031119
Hold,2022-03-30 11:00:00,131.0,7085.65638271258,Hold,7085.6563827126565,4231.266149870912
Hold,2022-03-30 12:00:00,132.6,7172.198750745711,Hold,7172.198750745787,4282.94573643422
Hold,2022-03-30 13:00:00,131.1,7091.06528071465,Hold,7091.065280714725,4234.496124031118
Hold,2022-03-30 14:00:00,131.3,7101.883076718793,Hold,7101.883076718868,4240.956072351532
Hold,2022-03-30 15:00:00,131.7,7123.518668727073,Hold,7123.518668727149,4253.875968992359
Hold,2022-03-30 16:00:00,132.5,7166.78985274364,Hold,7166.7898527437155,4279.715762274014
Hold,2022-03-30 17:00:00,133.7,7231.696628768487,Hold,7231.696628768564,4318.475452196496
Hold,2022-03-30 18:00:00,132.3,7155.972056739499,Hold,7155.972056739574,4273.255813953601
Hold,2022-03-30 19:00:00,131.9,7134.3364647312155,Hold,7134.33646473129,4260.335917312774
Hold,2022-03-30 20:00:00,132.1,7145.154260735357,Hold,7145.154260735431,4266.7958656331875
Hold,2022-03-30 21:00:00,131.1,7091.06528071465,Hold,7091.0652807147235,4234.4961240311195
Hold,2022-03-30 22:00:00,131.3,7101.883076718793,Hold,7101.8830767188665,4240.956072351534
Hold,2022-03-30 23:00:00,131.1,7091.06528071465,Hold,7091.065280714723,4234.4961240311195
Hold,2022-03-31 00:00:00,132.2,7150.563158737427,Hold,7150.563158737501,4270.025839793393
Hold,2022-03-31 01:00:00,132.6,7172.198750745711,Hold,7172.198750745784,4282.945736434221
Hold,2022-03-31 02:00:00,131.9,7134.3364647312155,Hold,7134.336464731288,4260.335917312774
Hold,2022-03-31 03:00:00,131.4,7107.291974720863,Hold,7107.291974720936,4244.186046511741
Hold,2022-03-31 04:00:00,129.4,6999.11401467945,Hold,6999.1140146795215,4179.586563307605
Hold,2022-03-31 05:00:00,130.3,7047.794096698085,Hold,7047.794096698157,4208.656330749466
Hold,2022-03-31 06:00:00,130.5,7058.611892702226,Hold,7058.611892702299,4215.116279069879
Hold,2022-03-31 07:00:00,129.5,7004.522912681519,Hold,7004.522912681591,4182.816537467811
Hold,2022-03-31 08:00:00,129.7,7015.3407086856605,Hold,7015.340708685732,4189.276485788225
Hold,2022-03-31 09:00:00,129.6,7009.93181068359,Hold,7009.931810683662,4186.046511628018
Hold,2022-03-31 10:00:00,130.2,7042.385198696014,Hold,7042.385198696086,4205.426356589259
Hold,2022-03-31 11:00:00,129.8,7020.749606687732,Hold,7020.749606687805,4192.506459948432
Hold,2022-03-31 12:00:00,130.3,7047.794096698085,Hold,7047.794096698157,4208.656330749466
Hold,2022-03-31 13:00:00,126.5,6842.2559726193995,Hold,6842.2559726194695,4085.917312661607
Hold,2022-03-31 14:00:00,125.3,6777.349196594551,Hold,6777.34919659462,4047.1576227391256
Hold,2022-03-31 15:00:00,124.0,6707.033522567633,Hold,6707.0335225677,4005.167958656437
Hold,2022-03-31 16:00:00,122.1,6604.264460528289,Hold,6604.264460528357,3943.7984496125073
Hold,2022-03-31 17:00:00,123.2,6663.762338551068,Hold,6663.762338551136,3979.3281653747827
Hold,2022-03-31 18:00:00,124.4,6728.669114575916,Hold,6728.669114575985,4018.0878552972645
Hold,2022-03-31 19:00:00,124.3,6723.260216573844,Hold,6723.260216573914,4014.8578811370576
Hold,2022-03-31 20:00:00,124.9,6755.71360458627,Hold,6755.713604586339,4034.237726098299
Hold,2022-03-31 21:00:00,124.4,6728.669114575916,Hold,6728.669114575985,4018.0878552972645
Hold,2022-03-31 22:00:00,124.6,6739.486910580056,Hold,6739.486910580125,4024.5478036176773
Hold,2022-03-31 23:00:00,123.8,6696.2157265634905,Hold,6696.215726563559,3998.708010336023
Hold,2022-04-01 00:00:00,124.5,6734.078012577987,Hold,6734.078012578056,4021.3178294574705
Hold,2022-04-01 01:00:00,122.3,6615.0822565324315,Hold,6615.082256532499,3950.2583979329206
Trailing-Stop,2022-04-01 02:00:00,119.8,6479.859806480665,Trailing stop 10.0% hit,6479.859806480729,3869.50904392775
Buy,2022-04-14 11:00:00,108.9,6479.859806480665,Sinal: Compra,6479.859806480729,3517.4418604652087
Hold,2022-04-14 12:00:00,109.2,6484.721736332819,Hold,6484.721736332883,3527.131782945829
Hold,2022-04-14 13:00:00,107.7,6395.64588830627,Hold,6395.645888306332,3478.682170542727
Hold,2022-04-14 14:00:00,107.8,6401.584278174706,Hold,6401.584278174768,3481.9121447029333
Hold,2022-04-14 15:00:00,106.8,6342.200379490339,Hold,6342.200379490401,3449.6124031008653
Hold,2022-04-14 16:00:00,106.7,6336.261989621903,Hold,6336.261989621964,3446.382428940659
Hold,2022-04-14 17:00:00,106.9,6348.138769358777,Hold,6348.138769358838,3452.842377261072
Hold,2022-04-14 18:00:00,106.3,6312.508430148157,Hold,6312.508430148217,3433.462532299831
Hold,2022-04-14 19:00:00,106.7,6336.261989621903,Hold,6336.261989621964,3446.3824289406584
Hold,2022-04-14 20:00:00,107.0,6354.077159227213,Hold,6354.077159227275,3456.072351421279
Hold,2022-04-14 21:00:00,107.4,6377.8307187009605,Hold,6377.830718701022,3468.9922480621067
Hold,2022-04-14 22:00:00,107.4,6377.8307187009605,Hold,6377.830718701022,3468.9922480621067
Hold,2022-04-14 23:00:00,107.3,6371.892328832523,Hold,6371.892328832585,3465.7622739019
Hold,2022-04-15 00:00:00,107.4,6377.8307187009605,Hold,6377.830718701022,3468.992248062107
Hold,2022-04-15 01:00:00,108.2,6425.3378376484525,Hold,6425.337837648515,3494.8320413437614
Hold,2022-04-15 02:00:00,108.9,6466.90656672751,Hold,6466.906566727574,3517.441860465209
Hold,2022-04-15 03:00:00,110.3,6550.044024885622,Hold,6550.044024885685,3562.6614987081043
Hold,2022-04-15 04:00:00,110.0,6532.228855280313,Hold,6532.228855280376,3552.971576227484
Hold,2022-04-15 05:00:00,110.3,6550.044024885622,Hold,6550.044024885685,3562.6614987081043
Hold,2022-04-15 06:00:00,109.5,6502.536905938129,Hold,6502.536905938192,3536.82170542645
Hold,2022-04-15 07:00:00,109.5,6502.536905938129,Hold,6502.536905938192,3536.82170542645
Hold,2022-04-15 08:00:00,109.8,6520.352075543439,Hold,6520.352075543503,3546.5116279070703
Hold,2022-04-15 09:00:00,110.1,6538.167245148748,Hold,6538.167245148812,3556.20155038769
Hold,2022-04-15 10:00:00,110.5,6561.920804622496,Hold,6561.920804622559,3569.1214470285177
Hold,2022-04-15 11:00:00,110.5,6561.920804622496,Hold,6561.920804622559,3569.1214470285177
Hold,2022-04-15 12:00:00,110.2,6544.105635017186,Hold,6544.105635017249,3559.4315245478974
Hold,2022-04-15 13:00:00,109.9,6526.2904654118765,Hold,6526.29046541194,3549.741602067277
Hold,2022-04-15 14:00:00,111.4,6615.366313438426,Hold,6615.366313438491,3598.1912144703797
Hold,2022-04-15 15:00:00,112.3,6668.811822254354,Hold,6668.81182225442,3627.26098191224
Hold,2022-04-15 16:00:00,112.4,6674.750212122793,Hold,6674.750212122857,3630.4909560724473
Hold,2022-04-15 17:00:00,112.2,6662.873432385919,Hold,6662.8734323859835,3624.0310077520335
Hold,2022-04-15 18:00:00,111.5,6621.304703306862,Hold,6621.304703306927,3601.421188630586
Hold,2022-04-15 19:00:00,111.0,6591.6127539646795,Hold,6591.612753964743,3585.271317829552
Hold,2022-04-15 20:00:00,111.2,6603.489533701552,Hold,6603.489533701617,3591.731266149966
Hold,2022-04-15 21:00:00,111.5,6621.304703306862,Hold,6621.304703306928,3601.421188630586
Hold,2022-04-15 22:00:00,111.0,6591.6127539646795,Hold,6591.612753964744,3585.271317829552
Hold,2022-04-15 23:00:00,111.0,6591.6127539646795,Hold,6591.612753964744,3585.271317829552
Hold,2022-04-16 00:00:00,111.9,6645.058262780609,Hold,6645.058262780674,3614.341085271414
Hold,2022-04-16 01:00:00,112.2,6662.873432385919,Hold,6662.873432385984,3624.0310077520344
Hold,2022-04-16 02:00:00,111.8,6639.119872912172,Hold,6639.119872912237,3611.1111111112073
Hold,2022-04-16 03:00:00,111.8,6639.119872912172,Hold,6639.119872912237,3611.1111111112073
Hold,2022-04-16 04:00:00,111.8,6639.119872912172,Hold,6639.119872912237,3611.1111111112073
Hold,2022-04-16 05:00:00,112.0,6650.996652649045,Hold,6650.996652649111,3617.571059431621
Hold,2022-04-16 06:00:00,111.7,6633.181483043735,Hold,6633.181483043801,3607.8811369510013
Hold,2022-04-16 07:00:00,111.5,6621.304703306862,Hold,6621.304703306929,3601.4211886305875
Hold,2022-04-16 08:00:00,111.6,6627.243093175299,Hold,6627.243093175364,3604.651162790794
Hold,2022-04-16 09:00:00,111.9,6645.058262780609,Hold,6645.058262780674,3614.3410852714146
Hold,2022-04-16 10:00:00,112.3,6668.811822254354,Hold,6668.811822254421,3627.2609819122413
Hold,2022-04-16 11:00:00,112.0,6650.996652649045,Hold,6650.996652649111,3617.571059431621
Hold,2022-04-16 12:00:00,113.0,6710.380551333412,Hold,6710.380551333477,3649.870801033689
Hold,2022-04-16 13:00:00,112.6,6686.626991859665,Hold,6686.626991859731,3636.9509043928615
Hold,2022-04-16 14:00:00,113.5,6740.072500675595,Hold,6740.072500675659,3666.020671834723
Hold,2022-04-16 15:00:00,111.5,6621.304703306862,Hold,6621.304703306926,3601.421188630587
Hold,2022-04-16 16:00:00,111.8,6639.119872912172,Hold,6639.119872912235,3611.1111111112077
Hold,2022-04-16 17:00:00,110.9,6585.674364096242,Hold,6585.674364096305,3582.0413436693466
Hold,2022-04-16 18:00:00,111.0,6591.6127539646795,Hold,6591.612753964742,3585.271317829553
Hold,2022-04-16 19:00:00,110.7,6573.797584359369,Hold,6573.797584359431,3575.581395348933
Hold,2022-04-16 20:00:00,110.9,6585.674364096242,Hold,6585.674364096305,3582.0413436693466
Hold,2022-04-16 21:00:00,111.8,6639.119872912172,Hold,6639.119872912234,3611.1111111112073
Hold,2022-04-16 22:00:00,112.8,6698.503771596538,Hold,6698.503771596601,3643.410852713275
Hold,2022-04-16 23:00:00,114.3,6787.579619623089,Hold,6787.579619623151,3691.8604651163773
Hold,2022-04-17 00:00:00,114.5,6799.456399359961,Hold,6799.456399360023,3698.3204134367907
Hold,2022-04-17 01:00:00,114.1,6775.702839886215,Hold,6775.702839886277,3685.4005167959635
Hold,2022-04-17 02:00:00,113.8,6757.887670280906,Hold,6757.8876702809675,3675.710594315343
Hold,2022-04-17 03:00:00,113.7,6751.949280412468,Hold,6751.949280412531,3672.4806201551364
Hold,2022-04-17 04:00:00,113.8,6757.887670280906,Hold,6757.887670280968,3675.710594315343
Hold,2022-04-17 05:00:00,113.9,6763.826060149342,Hold,6763.826060149406,3678.9405684755498
Hold,2022-04-17 06:00:00,113.4,6734.134110807158,Hold,6734.134110807221,3662.7906976745157
Hold,2022-04-17 07:00:00,113.2,6722.2573310702855,Hold,6722.257331070348,3656.330749354102
Hold,2022-04-17 08:00:00,113.2,6722.2573310702855,Hold,6722.257331070348,3656.330749354102
Hold,2022-04-17 09:00:00,113.8,6757.887670280906,Hold,6757.887670280968,3675.710594315343
Hold,2022-04-17 10:00:00,114.0,6769.7644500177785,Hold,6769.764450017841,3682.170542635757
Hold,2022-04-17 11:00:00,114.0,6769.7644500177785,Hold,6769.764450017841,3682.170542635757
Hold,2022-04-17 12:00:00,113.7,6751.949280412468,Hold,6751.949280412531,3672.4806201551364
Hold,2022-04-17 13:00:00,113.2,6722.2573310702855,Hold,6722.257331070348,3656.3307493541024
Hold,2022-04-17 14:00:00,113.2,6722.2573310702855,Hold,6722.257331070348,3656.3307493541024
Hold,2022-04-17 15:00:00,113.4,6734.134110807158,Hold,6734.134110807221,3662.790697674516
Hold,2022-04-17 16:00:00,112.5,6680.688601991229,Hold,6680.688601991292,3633.7209302326546
Hold,2022-04-17 17:00:00,112.0,6650.996652649045,Hold,6650.996652649107,3617.571059431621
Hold,2022-04-17 18:00:00,111.4,6615.366313438426,Hold,6615.366313438489,3598.19121447038
Hold,2022-04-17 19:00:00,112.0,6650.996652649045,Hold,6650.996652649108,3617.571059431621
Hold,2022-04-17 20:00:00,111.1,6597.551143833116,Hold,6597.551143833179,3588.5012919897595
Hold,2022-04-17 21:00:00,111.7,6633.181483043735,Hold,6633.181483043798,3607.8811369510013
Hold,2022-04-17 22:00:00,110.7,6573.797584359369,Hold,6573.797584359431,3575.581395348933
Hold,2022-04-17 23:00:00,108.8,6460.968176859073,Hold,6460.968176859134,3514.2118863050036
Hold,2022-04-18 00:00:00,109.3,6490.6601262012555,Hold,6490.660126201318,3530.361757106038
Hold,2022-04-18 01:00:00,109.7,6514.413685675003,Hold,6514.4136856750665,3543.281653746865
Hold,2022-04-18 02:00:00,109.8,6520.352075543439,Hold,6520.352075543503,3546.511627907071
Hold,2022-04-18 03:00:00,109.7,6514.413685675003,Hold,6514.4136856750665,3543.2816537468643
Hold,2022-04-18 04:00:00,105.9,6288.75487067441,Hold,6288.754870674471,3420.542635659006
Hold,2022-04-18 05:00:00,106.3,6312.508430148157,Hold,6312.5084301482175,3433.462532299833
Hold,2022-04-18 06:00:00,106.4,6318.446820016593,Hold,6318.446820016655,3436.6925064600405
Hold,2022-04-18 07:00:00,105.9,6288.75487067441,Hold,6288.754870674471,3420.5426356590065
Hold,2022-04-18 08:00:00,105.7,6276.878090937537,Hold,6276.878090937598,3414.0826873385927
Hold,2022-04-18 09:00:00,106.1,6300.631650411283,Hold,6300.631650411345,3427.00258397942
Hold,2022-04-18 10:00:00,105.8,6282.816480805974,Hold,6282.8164808060355,3417.312661498799
Hold,2022-04-18 11:00:00,106.2,6306.57004027972,Hold,6306.570040279783,3430.2325581396267
Hold,2022-04-18 12:00:00,107.0,6354.077159227213,Hold,6354.077159227276,3456.0723514212814
Hold,2022-04-18 13:00:00,106.9,6348.138769358777,Hold,6348.138769358839,3452.842377261075
Hold,2022-04-18 14:00:00,107.7,6395.64588830627,Hold,6395.645888306332,3478.6821705427287
Sell,2022-04-18 15:00:00,106.7,6336.261989621903,Sinal: Venda,6336.261989621965,3446.3824289406607
Buy,2022-04-21 16:00:00,112.0,6336.261989621903,Sinal: Compra,6336.261989621965,3617.571059431621
Hold,2022-04-21 17:00:00,111.3,6284.073328142745,Hold,6284.0733281428065,3594.9612403101737
Hold,2022-04-21 18:00:00,110.7,6250.196922061113,Hold,6250.196922061174,3575.581395348933
Hold,2022-04-21 19:00:00,109.2,6165.505906857033,Hold,6165.505906857093,3527.131782945831
Hold,2022-04-21 20:00:00,107.5,6069.522756292409,Hold,6069.522756292468,3472.222222222315
Hold,2022-04-21 21:00:00,107.7,6080.814891652953,Hold,6080.814891653013,3478.6821705427283
Hold,2022-04-21 22:00:00,107.0,6041.292417891049,Hold,6041.292417891109,3456.072351421281
Hold,2022-04-21 23:00:00,106.8,6030.000282530505,Hold,6030.000282530565,3449.612403100867
Hold,2022-04-22 00:00:00,107.1,6046.938485571321,Hold,6046.9384855713815,3459.302325581488
Hold,2022-04-22 01:00:00,107.5,6069.522756292409,Hold,6069.522756292469,3472.2222222223145
Hold,2022-04-22 02:00:00,107.3,6058.230620931865,Hold,6058.230620931926,3465.762273901901
Hold,2022-04-22 03:00:00,107.1,6046.938485571321,Hold,6046.9384855713815,3459.3023255814874
Hold,2022-04-22 04:00:00,107.6,6075.168823972681,Hold,6075.168823972741,3475.452196382521
Hold,2022-04-22 05:00:00,108.0,6097.753094693769,Hold,6097.753094693829,3488.3720930233485
Hold,2022-04-22 06:00:00,107.9,6092.107027013497,Hold,6092.107027013557,3485.1421188631416
Hold,2022-04-22 07:00:00,108.3,6114.691297734585,Hold,6114.691297734646,3498.0620155039687
Sell,2022-04-22 08:00:00,107.5,6069.522756292409,Sinal: Venda,6069.522756292469,3472.2222222223145
Buy,2022-05-02 08:00:00,100.3,6069.522756292409,Sinal: Compra,6069.522756292469,3239.664082687425
Hold,2022-05-02 09:00:00,99.5,6009.075604587306,Hold,6009.075604587365,3213.8242894057707
Hold,2022-05-02 10:00:00,99.0,5978.879244765259,Hold,5978.879244765318,3197.6744186047367
Hold,2022-05-02 11:00:00,98.5,5948.682884943212,Hold,5948.68288494327,3181.5245478037027
Hold,2022-05-02 12:00:00,98.8,5966.800700836439,Hold,5966.8007008364975,3191.214470284323
Hold,2022-05-02 13:00:00,100.5,6069.468324231399,Hold,6069.468324231459,3246.1240310078388
Hold,2022-05-02 14:00:00,100.4,6063.42905226699,Hold,6063.42905226705,3242.894056847632
Hold,2022-05-02 15:00:00,100.2,6051.3505083381715,Hold,6051.350508338231,3236.4341085272185
Hold,2022-05-02 16:00:00,99.3,5996.997060658487,Hold,5996.997060658545,3207.364341085357
Hold,2022-05-02 17:00:00,99.1,5984.918516729667,Hold,5984.918516729726,3200.904392764943
Hold,2022-05-02 18:00:00,99.1,5984.918516729667,Hold,5984.918516729726,3200.904392764943
Hold,2022-05-02 19:00:00,100.6,6075.507596195808,Hold,6075.507596195867,3249.354005168045
Hold,2022-05-02 20:00:00,100.1,6045.311236373761,Hold,6045.31123637382,3233.2041343670116
Hold,2022-05-02 21:00:00,101.3,6117.782499946674,Hold,6117.782499946733,3271.963824289493
Hold,2022-05-02 22:00:00,100.9,6093.625412089036,Hold,6093.625412089094,3259.043927648666
Hold,2022-05-02 23:00:00,100.7,6081.546868160218,Hold,6081.546868160276,3252.583979328252
Hold,2022-05-03 00:00:00,100.3,6057.38978030258,Hold,6057.389780302638,3239.664082687425
Hold,2022-05-03 01:00:00,100.9,6093.625412089036,Hold,6093.625412089094,3259.043927648666
Hold,2022-05-03 02:00:00,100.9,6093.625412089036,Hold,6093.625412089094,3259.043927648666
Hold,2022-05-03 03:00:00,101.2,6111.743227982265,Hold,6111.743227982324,3268.733850129286
Hold,2022-05-03 04:00:00,101.0,6099.664684053445,Hold,6099.664684053504,3262.2739018088723
Hold,2022-05-03 05:00:00,100.9,6093.625412089036,Hold,6093.625412089095,3259.043927648666
Hold,2022-05-03 06:00:00,100.6,6075.507596195808,Hold,6075.507596195867,3249.354005168045
Hold,2022-05-03 07:00:00,100.9,6093.625412089036,Hold,6093.625412089096,3259.043927648666
Hold,2022-05-03 08:00:00,101.2,6111.743227982265,Hold,6111.743227982326,3268.733850129286
Hold,2022-05-03 09:00:00,100.6,6075.507596195808,Hold,6075.507596195868,3249.3540051680448
Hold,2022-05-03 10:00:00,100.5,6069.468324231399,Hold,6069.4683242314595,3246.1240310078383
Hold,2022-05-03 11:00:00,101.1,6105.703956017855,Hold,6105.7039560179155,3265.5038759690783
Hold,2022-05-03 12:00:00,100.7,6081.546868160218,Hold,6081.546868160279,3252.5839793282516
Hold,2022-05-03 13:00:00,99.8,6027.193420480533,Hold,6027.193420480594,3223.5142118863905
Hold,2022-05-03 14:00:00,100.1,6045.311236373761,Hold,6045.311236373822,3233.2041343670107
Hold,2022-05-03 15:00:00,101.1,6105.703956017855,Hold,6105.703956017916,3265.5038759690788
Hold,2022-05-03 16:00:00,100.3,6057.38978030258,Hold,6057.389780302642,3239.6640826874245
Hold,2022-05-03 17:00:00,100.2,6051.3505083381715,Hold,6051.350508338233,3236.4341085272176
Hold,2022-05-03 18:00:00,98.9,5972.839972800849,Hold,5972.83997280091,3194.444444444529
Hold,2022-05-03 19:00:00,98.0,5918.486525121165,Hold,5918.486525121225,3165.374677002668
Hold,2022-05-03 20:00:00,98.4,5942.6436129788035,Hold,5942.643612978864,3178.294573643495
Hold,2022-05-03 21:00:00,98.9,5972.839972800849,Hold,5972.839972800911,3194.4444444445294
Hold,2022-05-03 22:00:00,99.2,5990.957788694078,Hold,5990.957788694139,3204.1343669251496
Hold,2022-05-03 23:00:00,99.4,6003.036332622896,Hold,6003.036332622957,3210.594315245563
Hold,2022-05-04 00:00:00,100.3,6057.38978030258,Hold,6057.389780302642,3239.664082687424
Hold,2022-05-04 01:00:00,99.9,6033.232692444943,Hold,6033.2326924450035,3226.744186046597
Hold,2022-05-04 02:00:00,100.0,6039.271964409351,Hold,6039.271964409412,3229.9741602068034
Hold,2022-05-04 03:00:00,100.0,6039.271964409351,Hold,6039.271964409412,3229.9741602068034
Hold,2022-05-04 04:00:00,100.0,6039.271964409351,Hold,6039.271964409412,3229.9741602068034
Hold,2022-05-04 05:00:00,99.9,6033.232692444943,Hold,6033.2326924450035,3226.744186046597
Hold,2022-05-04 06:00:00,100.6,6075.507596195808,Hold,6075.507596195868,3249.3540051680443
Hold,2022-05-04 07:00:00,101.6,6135.900315839901,Hold,6135.900315839962,3281.653746770113
Hold,2022-05-04 08:00:00,102.6,6196.293035483995,Hold,6196.2930354840555,3313.953488372181
Hold,2022-05-04 09:00:00,102.0,6160.057403697539,Hold,6160.057403697599,3294.57364341094
Hold,2022-05-04 10:00:00,102.6,6196.293035483995,Hold,6196.2930354840555,3313.953488372181
Hold,2022-05-04 11:00:00,102.6,6196.293035483995,Hold,6196.2930354840555,3313.953488372181
Hold,2022-05-04 12:00:00,102.0,6160.057403697539,Hold,6160.057403697599,3294.57364341094
Hold,2022-05-04 13:00:00,101.0,6099.664684053445,Hold,6099.664684053505,3262.273901808872
Hold,2022-05-04 14:00:00,101.1,6105.703956017855,Hold,6105.703956017915,3265.5038759690788
Hold,2022-05-04 15:00:00,102.3,6178.1752195907675,Hold,6178.175219590828,3304.2635658915606
Hold,2022-05-04 16:00:00,103.3,6238.567939234861,Hold,6238.567939234922,3336.563307493628
Hold,2022-05-04 17:00:00,102.6,6196.293035483995,Hold,6196.2930354840555,3313.953488372181
Hold,2022-05-04 18:00:00,105.1,6347.274834594229,Hold,6347.274834594291,3394.702842377351
Hold,2022-05-04 19:00:00,106.5,6431.82464209596,Hold,6431.824642096022,3439.922480620246
Hold,2022-05-04 20:00:00,106.5,6431.82464209596,Hold,6431.824642096022,3439.922480620246
Hold,2022-05-04 21:00:00,106.0,6401.628282273913,Hold,6401.628282273975,3423.772609819212
Hold,2022-05-04 22:00:00,105.6,6377.4711944162755,Hold,6377.471194416337,3410.852713178385
Hold,2022-05-04 23:00:00,106.3,6419.746098167141,Hold,6419.746098167203,3433.4625322998327
Hold,2022-05-05 00:00:00,106.7,6443.903186024779,Hold,6443.9031860248415,3446.3824289406602
Hold,2022-05-05 01:00:00,106.0,6401.628282273913,Hold,6401.628282273976,3423.7726098192124
Hold,2022-05-05 02:00:00,106.4,6425.785370131551,Hold,6425.785370131613,3436.6925064600396
Hold,2022-05-05 03:00:00,106.1,6407.667554238323,Hold,6407.667554238385,3427.0025839794184
Hold,2022-05-05 04:00:00,105.9,6395.5890103095035,Hold,6395.589010309566,3420.542635659005
Hold,2022-05-05 05:00:00,105.4,6365.392650487458,Hold,6365.39265048752,3404.392764857971
Hold,2022-05-05 06:00:00,105.3,6359.3533785230475,Hold,6359.353378523109,3401.1627906977637
Hold,2022-05-05 07:00:00,105.3,6359.3533785230475,Hold,6359.353378523109,3401.1627906977637
Hold,2022-05-05 08:00:00,104.6,6317.078474772182,Hold,6317.078474772244,3378.5529715763164
Hold,2022-05-05 09:00:00,104.9,6335.196290665411,Hold,6335.196290665473,3388.2428940569375
Hold,2022-05-05 10:00:00,105.2,6353.314106558639,Hold,6353.314106558701,3397.9328165375573
Hold,2022-05-05 11:00:00,104.8,6329.157018701,Hold,6329.157018701062,3385.01291989673
Hold,2022-05-05 12:00:00,105.1,6347.274834594229,Hold,6347.274834594292,3394.702842377351
Hold,2022-05-05 13:00:00,103.7,6262.725027092498,Hold,6262.72502709256,3349.4832041344557
Hold,2022-05-05 14:00:00,100.9,6093.625412089036,Hold,6093.625412089096,3259.043927648665
Hold,2022-05-05 15:00:00,98.3,5936.604341014393,Hold,5936.604341014452,3175.0645994832876
Hold,2022-05-05 16:00:00,97.9,5912.447253156756,Hold,5912.447253156815,3162.1447028424614
Hold,2022-05-05 17:00:00,97.4,5882.25089333471,Hold,5882.250893334769,3145.994832041427
Hold,2022-05-05 18:00:00,96.2,5809.779629761796,Hold,5809.779629761854,3107.2351421189446
Hold,2022-05-05 19:00:00,96.2,5809.779629761796,Hold,5809.779629761854,3107.2351421189446
Hold,2022-05-05 20:00:00,97.1,5864.13307744148,Hold,5864.133077441538,3136.3049095608058
Hold,2022-05-05 21:00:00,96.9,5852.054533512663,Hold,5852.054533512721,3129.8449612403924
Hold,2022-05-05 22:00:00,96.2,5809.779629761796,Hold,5809.779629761854,3107.2351421189446
Hold,2022-05-05 23:00:00,96.8,5846.015261548253,Hold,5846.01526154831,3126.614987080185
Hold,2022-05-06 00:00:00,96.8,5846.015261548253,Hold,5846.01526154831,3126.614987080185
Hold,2022-05-06 01:00:00,96.4,5821.858173690616,Hold,5821.858173690674,3113.6950904393584
Hold,2022-05-06 02:00:00,96.9,5852.054533512663,Hold,5852.054533512721,3129.8449612403924
Hold,2022-05-06 03:00:00,97.0,5858.093805477071,Hold,5858.0938054771295,3133.074935400599
Hold,2022-05-06 04:00:00,97.2,5870.17234940589,Hold,5870.172349405949,3139.5348837210126
Hold,2022-05-06 05:00:00,98.0,5918.486525121165,Hold,5918.486525121225,3165.374677002667
Sell,2022-05-06 06:00:00,97.9,5912.447253156756,Sinal: Venda,5912.447253156816,3162.1447028424604
Buy,2022-05-16 04:00:00,67.8,5912.447253156756,Sinal: Compra,5912.447253156816,2189.9224806202124
Hold,2022-05-16 05:00:00,67.9,5909.331262647988,Hold,5909.331262648049,2193.1524547804197
Hold,2022-05-16 06:00:00,66.0,5743.974423192448,Hold,5743.974423192507,2131.7829457364896
Hold,2022-05-16 07:00:00,66.2,5761.380406293031,Hold,5761.380406293091,2138.2428940569034
Hold,2022-05-16 08:00:00,66.9,5822.301347145072,Hold,5822.301347145133,2160.852713178351
Hold,2022-05-16 09:00:00,66.0,5743.974423192448,Hold,5743.974423192508,2131.7829457364896
Hold,2022-05-16 10:00:00,67.7,5891.925279547405,Hold,5891.925279547468,2186.692506460006
Hold,2022-05-16 11:00:00,67.1,5839.707330245655,Hold,5839.707330245717,2167.3126614987646
Hold,2022-05-16 12:00:00,67.2,5848.410321795947,Hold,5848.410321796009,2170.5426356589714
Hold,2022-05-16 13:00:00,66.2,5761.380406293031,Hold,5761.380406293091,2138.2428940569034
Hold,2022-05-16 14:00:00,66.1,5752.677414742739,Hold,5752.677414742799,2135.012919896696
Hold,2022-05-16 15:00:00,66.5,5787.489380943905,Hold,5787.489380943966,2147.9328165375236
Hold,2022-05-16 16:00:00,66.1,5752.677414742739,Hold,5752.677414742799,2135.012919896696
Hold,2022-05-16 17:00:00,67.3,5857.113313346238,Hold,5857.1133133463,2173.772609819178
Hold,2022-05-16 18:00:00,67.7,5891.925279547405,Hold,5891.925279547467,2186.692506460005
Hold,2022-05-16 19:00:00,67.3,5857.113313346238,Hold,5857.113313346299,2173.7726098191774
Hold,2022-05-16 20:00:00,68.0,5918.034254198279,Hold,5918.034254198341,2196.3824289406252
Hold,2022-05-16 21:00:00,68.4,5952.846220399446,Hold,5952.846220399508,2209.302325581452
Hold,2022-05-16 22:00:00,67.6,5883.222287997112,Hold,5883.222287997173,2183.4625322997977
Hold,2022-05-16 23:00:00,67.3,5857.113313346238,Hold,5857.113313346299,2173.7726098191774
Hold,2022-05-17 00:00:00,68.3,5944.143228849154,Hold,5944.143228849215,2206.0723514212455
Hold,2022-05-17 01:00:00,69.1,6013.767161251487,Hold,6013.767161251549,2231.9121447028997
Hold,2022-05-17 02:00:00,69.7,6065.985110553237,Hold,6065.9851105533,2251.2919896641406
Hold,2022-05-17 03:00:00,70.6,6144.3120345058605,Hold,6144.312034505923,2280.3617571060017
Hold,2022-05-17 04:00:00,70.6,6144.3120345058605,Hold,6144.312034505923,2280.3617571060017
Hold,2022-05-17 05:00:00,70.9,6170.421009156737,Hold,6170.4210091568,2290.0516795866224
Hold,2022-05-17 06:00:00,71.0,6179.124000707027,Hold,6179.12400070709,2293.2816537468293
Hold,2022-05-17 07:00:00,70.3,6118.203059854985,Hold,6118.203059855048,2270.671834625382
Hold,2022-05-17 08:00:00,70.6,6144.3120345058605,Hold,6144.312034505923,2280.361757106002
Hold,2022-05-17 09:00:00,70.9,6170.421009156737,Hold,6170.4210091568,2290.051679586623
Hold,2022-05-17 10:00:00,70.7,6153.015026056153,Hold,6153.015026056217,2283.591731266209
Hold,2022-05-17 11:00:00,70.6,6144.3120345058605,Hold,6144.312034505923,2280.361757106002
Hold,2022-05-17 12:00:00,71.4,6213.935966908194,Hold,6213.935966908259,2306.201550387657
Hold,2022-05-17 13:00:00,71.9,6257.450924659652,Hold,6257.450924659717,2322.351421188691
Hold,2022-05-17 14:00:00,70.5,6135.609042955569,Hold,6135.609042955633,2277.1317829457957
Hold,2022-05-17 15:00:00,71.3,6205.2329753579015,Hold,6205.232975357966,2302.97157622745
Hold,2022-05-17 16:00:00,72.7,6327.074857061984,Hold,6327.074857062051,2348.191214470346
Hold,2022-05-17 17:00:00,72.4,6300.96588241111,Hold,6300.965882411177,2338.501291989726
Hold,2022-05-17 18:00:00,70.5,6135.609042955569,Hold,6135.609042955633,2277.1317829457967
Hold,2022-05-17 19:00:00,71.8,6248.74793310936,Hold,6248.747933109426,2319.121447028485
Hold,2022-05-17 20:00:00,71.4,6213.935966908194,Hold,6213.93596690826,2306.201550387658
Hold,2022-05-17 21:00:00,73.2,6370.589814813443,Hold,6370.589814813511,2364.34108527138
Hold,2022-05-17 22:00:00,72.5,6309.668873961401,Hold,6309.668873961469,2341.7312661499327
Hold,2022-05-17 23:00:00,73.2,6370.589814813443,Hold,6370.589814813512,2364.34108527138
Hold,2022-05-18 00:00:00,73.5,6396.698789464317,Hold,6396.698789464386,2374.0310077520003
Hold,2022-05-18 01:00:00,72.4,6300.96588241111,Hold,6300.965882411178,2338.501291989726
Hold,2022-05-18 02:00:00,72.7,6327.074857061984,Hold,6327.0748570620535,2348.1912144703465
Hold,2022-05-18 03:00:00,71.3,6205.2329753579015,Hold,6205.23297535797,2302.971576227451
Hold,2022-05-18 04:00:00,71.7,6240.044941559068,Hold,6240.044941559137,2315.8914728682785
Hold,2022-05-18 05:00:00,73.0,6353.1838317128595,Hold,6353.18383171293,2357.8811369509663
Hold,2022-05-18 06:00:00,71.3,6205.2329753579015,Hold,6205.23297535797,2302.9715762274504
Hold,2022-05-18 07:00:00,71.4,6213.935966908194,Hold,6213.935966908263,2306.2015503876573
Hold,2022-05-18 08:00:00,71.7,6240.044941559068,Hold,6240.044941559138,2315.8914728682776
Hold,2022-05-18 09:00:00,72.0,6266.153916209943,Hold,6266.1539162100125,2325.581395348898
Hold,2022-05-18 10:00:00,72.6,6318.371865511693,Hold,6318.371865511763,2344.9612403101387
Hold,2022-05-18 11:00:00,71.8,6248.74793310936,Hold,6248.747933109429,2319.121447028484
Hold,2022-05-18 12:00:00,70.6,6144.3120345058605,Hold,6144.312034505929,2280.361757106002
Hold,2022-05-18 13:00:00,68.6,5970.252203500028,Hold,5970.252203500096,2215.7622739018657
Hold,2022-05-18 14:00:00,68.7,5978.955195050321,Hold,5978.955195050388,2218.9922480620726
Hold,2022-05-18 15:00:00,67.3,5857.113313346238,Hold,5857.113313346304,2173.7726098191774
Hold,2022-05-18 16:00:00,68.1,5926.737245748571,Hold,5926.737245748636,2199.612403100832
Hold,2022-05-18 17:00:00,66.9,5822.301347145072,Hold,5822.301347145137,2160.8527131783508
Hold,2022-05-18 18:00:00,67.5,5874.5192964468215,Hold,5874.519296446887,2180.232558139591
Hold,2022-05-18 19:00:00,68.5,5961.549211949738,Hold,5961.549211949804,2212.5322997416592
Hold,2022-05-18 20:00:00,67.8,5900.628271097696,Hold,5900.628271097762,2189.922480620212
Hold,2022-05-18 21:00:00,67.6,5883.222287997112,Hold,5883.222287997179,2183.462532299798
Hold,2022-05-18 22:00:00,67.6,5883.222287997112,Hold,5883.222287997179,2183.462532299798
Trailing-Stop,2022-05-18 23:00:00,66.0,5743.974423192448,Trailing stop 10.0% hit,5743.974423192512,2131.7829457364896
Buy,2022-06-06 17:00:00,64.1,5743.974423192448,Sinal: Compra,5743.974423192512,2070.4134366925596
Hold,2022-06-06 18:00:00,64.2,5741.43526390289,Hold,5741.435263902955,2073.643410852767
Hold,2022-06-06 19:00:00,64.3,5750.378309485292,Hold,5750.378309485356,2076.873385012974
Hold,2022-06-06 20:00:00,64.1,5732.492218320486,Hold,5732.49221832055,2070.41343669256
Hold,2022-06-06 21:00:00,64.5,5768.2644006501,Hold,5768.264400650164,2083.3333333333876
Hold,2022-06-06 22:00:00,64.2,5741.43526390289,Hold,5741.435263902955,2073.6434108527674
Hold,2022-06-06 23:00:00,64.5,5768.2644006501,Hold,5768.264400650164,2083.333333333388
Hold,2022-06-07 00:00:00,61.2,5473.143896430792,Hold,5473.143896430853,1976.7441860465638
Hold,2022-06-07 01:00:00,60.8,5437.371714101178,Hold,5437.3717141012385,1963.8242894057362
Hold,2022-06-07 02:00:00,60.7,5428.428668518775,Hold,5428.428668518835,1960.5943152455297
Hold,2022-06-07 03:00:00,61.5,5499.973033178001,Hold,5499.973033178062,1986.434108527184
Hold,2022-06-07 04:00:00,61.3,5482.086942013195,Hold,5482.086942013256,1979.9741602067702
Hold,2022-06-07 05:00:00,61.1,5464.200850848389,Hold,5464.20085084845,1973.5142118863566
Hold,2022-06-07 06:00:00,61.4,5491.029987595598,Hold,5491.02998759566,1983.204134366977
Hold,2022-06-07 07:00:00,61.5,5499.973033178001,Hold,5499.973033178063,1986.434108527184
Hold,2022-06-07 08:00:00,61.9,5535.745215507614,Hold,5535.745215507677,1999.354005168011
Hold,2022-06-07 09:00:00,61.7,5517.859124342808,Hold,5517.859124342871,1992.8940568475978
Hold,2022-06-07 10:00:00,61.6,5508.916078760405,Hold,5508.916078760468,1989.6640826873909
Hold,2022-06-07 11:00:00,61.3,5482.086942013195,Hold,5482.086942013258,1979.9741602067704
Hold,2022-06-07 12:00:00,61.4,5491.029987595598,Hold,5491.029987595661,1983.2041343669775
Hold,2022-06-07 13:00:00,61.7,5517.859124342808,Hold,5517.859124342871,1992.894056847598
Hold,2022-06-07 14:00:00,62.5,5589.403489002034,Hold,5589.403489002098,2018.733850129252
Hold,2022-06-07 15:00:00,62.3,5571.517397837228,Hold,5571.517397837291,2012.2739018088382
Hold,2022-06-07 16:00:00,62.4,5580.460443419631,Hold,5580.4604434196945,2015.503875969045
Hold,2022-06-07 17:00:00,62.4,5580.460443419631,Hold,5580.4604434196945,2015.503875969045
Hold,2022-06-07 18:00:00,63.1,5643.061762496453,Hold,5643.061762496518,2038.1136950904927
Hold,2022-06-07 19:00:00,64.4,5759.3213550676965,Hold,5759.321355067762,2080.103359173181
Hold,2022-06-07 20:00:00,65.1,5821.922674144518,Hold,5821.922674144585,2102.7131782946285
Hold,2022-06-07 21:00:00,64.9,5804.036582979713,Hold,5804.036582979779,2096.253229974215
Hold,2022-06-07 22:00:00,63.6,5687.77699040847,Hold,5687.776990408534,2054.263565891527
Hold,2022-06-07 23:00:00,63.8,5705.663081573276,Hold,5705.663081573341,2060.72351421194
Hold,2022-06-08 00:00:00,64.0,5723.549172738083,Hold,5723.549172738148,2067.1834625323536
Hold,2022-06-08 01:00:00,64.0,5723.549172738083,Hold,5723.549172738148,2067.1834625323536
Hold,2022-06-08 02:00:00,63.9,5714.60612715568,Hold,5714.606127155745,2063.9534883721467
Hold,2022-06-08 03:00:00,62.5,5589.403489002034,Hold,5589.403489002097,2018.7338501292516
Hold,2022-06-08 04:00:00,62.7,5607.289580166841,Hold,5607.289580166904,2025.1937984496653
Hold,2022-06-08 05:00:00,63.3,5660.94785366126,Hold,5660.947853661323,2044.5736434109056
Hold,2022-06-08 06:00:00,63.1,5643.061762496453,Hold,5643.061762496516,2038.1136950904922
Hold,2022-06-08 07:00:00,62.6,5598.346534584438,Hold,5598.3465345845,2021.9638242894584
Hold,2022-06-08 08:00:00,62.1,5553.6313066724215,Hold,5553.631306672482,2005.8139534884244
Hold,2022-06-08 09:00:00,62.3,5571.517397837228,Hold,5571.5173978372895,2012.2739018088382
Hold,2022-06-08 10:00:00,62.2,5562.574352254825,Hold,5562.574352254886,2009.0439276486318
Hold,2022-06-08 11:00:00,62.0,5544.6882610900175,Hold,5544.688261090079,2002.583979328218
Hold,2022-06-08 12:00:00,61.6,5508.916078760405,Hold,5508.916078760466,1989.6640826873909
Hold,2022-06-08 13:00:00,63.0,5634.11871691405,Hold,5634.118716914113,2034.883720930286
Hold,2022-06-08 14:00:00,62.2,5562.574352254825,Hold,5562.574352254886,2009.0439276486313
Hold,2022-06-08 15:00:00,62.5,5589.403489002034,Hold,5589.403489002096,2018.733850129252
Hold,2022-06-08 16:00:00,62.0,5544.6882610900175,Hold,5544.688261090079,2002.583979328218
Hold,2022-06-08 17:00:00,62.2,5562.574352254825,Hold,5562.574352254887,2009.0439276486313
Hold,2022-06-08 18:00:00,61.8,5526.802169925211,Hold,5526.802169925274,1996.1240310078042
Hold,2022-06-08 19:00:00,61.9,5535.745215507614,Hold,5535.745215507677,1999.3540051680109
Hold,2022-06-08 20:00:00,61.9,5535.745215507614,Hold,5535.745215507677,1999.3540051680109
Hold,2022-06-08 21:00:00,62.2,5562.574352254825,Hold,5562.574352254888,2009.0439276486309
Hold,2022-06-08 22:00:00,62.0,5544.6882610900175,Hold,5544.688261090081,2002.583979328217
Hold,2022-06-08 23:00:00,61.3,5482.086942013195,Hold,5482.086942013258,1979.9741602067695
Hold,2022-06-09 00:00:00,61.3,5482.086942013195,Hold,5482.086942013258,1979.9741602067695
Hold,2022-06-09 01:00:00,61.0,5455.257805265986,Hold,5455.257805266048,1970.284237726149
Hold,2022-06-09 02:00:00,61.4,5491.029987595598,Hold,5491.029987595662,1983.2041343669762
Hold,2022-06-09 03:00:00,61.4,5491.029987595598,Hold,5491.029987595662,1983.2041343669762
Hold,2022-06-09 04:00:00,61.4,5491.029987595598,Hold,5491.029987595662,1983.2041343669762
Hold,2022-06-09 05:00:00,61.5,5499.973033178001,Hold,5499.973033178065,1986.434108527183
Hold,2022-06-09 06:00:00,61.5,5499.973033178001,Hold,5499.973033178065,1986.434108527183
Hold,2022-06-09 07:00:00,61.9,5535.745215507614,Hold,5535.745215507679,1999.3540051680104
Hold,2022-06-09 08:00:00,62.3,5571.517397837228,Hold,5571.517397837292,2012.2739018088378
Hold,2022-06-09 09:00:00,62.1,5553.6313066724215,Hold,5553.631306672486,2005.813953488424
Hold,2022-06-09 10:00:00,61.6,5508.916078760405,Hold,5508.916078760469,1989.66408268739
Hold,2022-06-09 11:00:00,61.5,5499.973033178001,Hold,5499.973033178065,1986.434108527183
Hold,2022-06-09 12:00:00,61.0,5455.257805265986,Hold,5455.257805266049,1970.2842377261488
Hold,2022-06-09 13:00:00,61.3,5482.086942013195,Hold,5482.0869420132585,1979.9741602067693
Hold,2022-06-09 14:00:00,61.2,5473.143896430792,Hold,5473.143896430855,1976.7441860465626
Hold,2022-06-09 15:00:00,61.3,5482.086942013195,Hold,5482.0869420132585,1979.9741602067695
Hold,2022-06-09 16:00:00,61.6,5508.916078760405,Hold,5508.91607876047,1989.6640826873904
Hold,2022-06-09 17:00:00,61.6,5508.916078760405,Hold,5508.91607876047,1989.6640826873904
Hold,2022-06-09 18:00:00,61.3,5482.086942013195,Hold,5482.086942013259,1979.97416020677
Hold,2022-06-09 19:00:00,60.2,5383.713440606759,Hold,5383.713440606822,1944.4444444444955
Hold,2022-06-09 20:00:00,60.2,5383.713440606759,Hold,5383.713440606822,1944.4444444444955
Hold,2022-06-09 21:00:00,60.1,5374.770395024356,Hold,5374.770395024419,1941.2144702842886
Hold,2022-06-09 22:00:00,60.2,5383.713440606759,Hold,5383.713440606822,1944.4444444444955
Hold,2022-06-09 23:00:00,60.3,5392.656486189162,Hold,5392.656486189226,1947.674418604702
Hold,2022-06-10 00:00:00,59.6,5330.05516711234,Hold,5330.055167112403,1925.0645994832544
Hold,2022-06-10 01:00:00,59.5,5321.112121529937,Hold,5321.11212153,1921.8346253230477
Hold,2022-06-10 02:00:00,59.8,5347.9412582771465,Hold,5347.94125827721,1931.524547803668
Hold,2022-06-10 03:00:00,59.9,5356.884303859549,Hold,5356.884303859613,1934.754521963875
Hold,2022-06-10 04:00:00,59.8,5347.9412582771465,Hold,5347.941258277211,1931.5245478036682
Hold,2022-06-10 05:00:00,59.9,5356.884303859549,Hold,5356.884303859614,1934.7545219638753
Hold,2022-06-10 06:00:00,60.0,5365.827349441953,Hold,5365.827349442019,1937.9844961240822
Hold,2022-06-10 07:00:00,60.0,5365.827349441953,Hold,5365.827349442019,1937.9844961240822
Hold,2022-06-10 08:00:00,59.6,5330.05516711234,Hold,5330.055167112406,1925.064599483255
Hold,2022-06-10 09:00:00,59.0,5276.396893617921,Hold,5276.396893617985,1905.6847545220141
Hold,2022-06-10 10:00:00,59.3,5303.22603036513,Hold,5303.226030365195,1915.3746770026346
Hold,2022-06-10 11:00:00,59.2,5294.282984782728,Hold,5294.2829847827925,1912.1447028424282
Trailing-Stop,2022-06-10 12:00:00,57.8,5169.080346629081,Trailing stop 10.0% hit,5169.080346629144,1866.9250645995326
Buy,2022-06-16 05:00:00,49.04,5169.080346629081,Sinal: Compra,5169.080346629144,1583.9793281654167
Hold,2022-06-16 06:00:00,48.09,5058.8124042154905,Hold,5058.812404215551,1553.2945736434522
Hold,2022-06-16 07:00:00,47.32,4977.812496724411,Hold,4977.81249672447,1528.4237726098597
Hold,2022-06-16 08:00:00,47.77,5025.150104998418,Hold,5025.150104998478,1542.9586563307905
Hold,2022-06-16 09:00:00,45.83,4821.072415994923,Hold,4821.072415994981,1480.297157622778
Hold,2022-06-16 10:00:00,45.87,4825.280203397057,Hold,4825.280203397116,1481.5891472868607
Hold,2022-06-16 11:00:00,45.03,4736.916667952246,Hold,4736.916667952302,1454.4573643411236
Hold,2022-06-16 12:00:00,45.39,4774.786754571451,Hold,4774.786754571508,1466.085271317868
Hold,2022-06-16 13:00:00,45.04,4737.968614802779,Hold,4737.968614802836,1454.7803617571442
Hold,2022-06-16 14:00:00,44.81,4713.773837240509,Hold,4713.7738372405665,1447.3514211886686
Hold,2022-06-16 15:00:00,45.6,4796.877638432654,Hold,4796.877638432712,1472.8682170543025
Hold,2022-06-16 16:00:00,46.06,4845.267193557194,Hold,4845.267193557253,1487.7260981912536
Hold,2022-06-16 17:00:00,45.67,4804.241266386388,Hold,4804.241266386446,1475.1291989664471
Hold,2022-06-16 18:00:00,46.5,4891.552854980667,Hold,4891.552854980726,1501.9379844961636
Hold,2022-06-16 19:00:00,45.5,4786.358169927319,Hold,4786.358169927377,1469.6382428940956
Hold,2022-06-16 20:00:00,45.8,4817.9165754433225,Hold,4817.916575443381,1479.3281653747158
Hold,2022-06-16 21:00:00,45.39,4774.786754571451,Hold,4774.786754571508,1466.085271317868
Hold,2022-06-16 22:00:00,44.57,4688.527112827705,Hold,4688.527112827762,1439.5994832041722
Hold,2022-06-16 23:00:00,44.78,4710.6179966889085,Hold,4710.617996688965,1446.3824289406064
Hold,2022-06-17 00:00:00,45.43,4778.994541973584,Hold,4778.994541973641,1467.3772609819507
Hold,2022-06-17 01:00:00,46.76,4918.903473094537,Hold,4918.903473094595,1510.3359173127012
Hold,2022-06-17 02:00:00,46.56,4897.864536083868,Hold,4897.8645360839255,1503.8759689922877
Hold,2022-06-17 03:00:00,45.69,4806.345160087455,Hold,4806.345160087511,1475.7751937984883
Hold,2022-06-17 04:00:00,46.09,4848.423034108794,Hold,4848.423034108851,1488.695090439316
Hold,2022-06-17 05:00:00,46.71,4913.64373884187,Hold,4913.643738841927,1508.720930232598
Hold,2022-06-17 06:00:00,46.97,4940.994356955739,Hold,4940.994356955797,1517.1188630491356
Hold,2022-06-17 07:00:00,47.45,4991.487805781347,Hold,4991.487805781406,1532.6227390181286
Hold,2022-06-17 08:00:00,46.88,4931.526835300939,Hold,4931.526835300997,1514.2118863049498
Hold,2022-06-17 09:00:00,46.5,4891.552854980667,Hold,4891.552854980724,1501.9379844961638
Hold,2022-06-17 10:00:00,46.91,4934.682675852539,Hold,4934.682675852598,1515.1808785530116
Hold,2022-06-17 11:00:00,46.78,4921.007366795604,Hold,4921.007366795662,1510.9819121447429
Hold,2022-06-17 12:00:00,45.98,4836.851618752925,Hold,4836.851618752981,1485.1421188630882
Hold,2022-06-17 13:00:00,46.69,4911.539845140803,Hold,4911.53984514086,1508.0749354005566
Hold,2022-06-17 14:00:00,45.89,4827.384097098125,Hold,4827.38409709818,1482.235142118902
Hold,2022-06-17 15:00:00,46.13,4852.630821510928,Hold,4852.630821510984,1489.9870801033985
Hold,2022-06-17 16:00:00,45.94,4832.6438313507915,Hold,4832.643831350847,1483.8501291990053
Hold,2022-06-17 17:00:00,46.26,4866.306130567863,Hold,4866.306130567919,1494.1860465116672
Hold,2022-06-17 18:00:00,46.4,4881.033386475331,Hold,4881.033386475388,1498.7080103359567
Hold,2022-06-17 19:00:00,46.21,4861.046396315196,Hold,4861.046396315252,1492.5710594315638
Hold,2022-06-17 20:00:00,47.14,4958.877453414809,Hold,4958.877453414867,1522.609819121487
Hold,2022-06-17 21:00:00,47.83,5031.4617861016195,Hold,5031.461786101678,1544.8966408269139
Hold,2022-06-17 22:00:00,47.58,5005.163114838281,Hold,5005.163114838339,1536.8217054263966
Hold,2022-06-17 23:00:00,47.6,5007.267008539349,Hold,5007.267008539408,1537.467700258438
Hold,2022-06-18 00:00:00,47.9,5038.825414055354,Hold,5038.825414055413,1547.1576227390585
Hold,2022-06-18 01:00:00,47.12,4956.773559713742,Hold,4956.773559713799,1521.9638242894453
Hold,2022-06-18 02:00:00,47.17,4962.03329396641,Hold,4962.033293966468,1523.5788113695487
Hold,2022-06-18 03:00:00,47.5,4996.7475400340145,Hold,4996.747540034073,1534.2377260982312
Hold,2022-06-18 04:00:00,47.49,4995.695593183481,Hold,4995.695593183539,1533.9147286822106
Hold,2022-06-18 05:00:00,48.08,5057.760457364956,Hold,5057.760457365014,1552.9715762274304
Hold,2022-06-18 06:00:00,46.29,4869.461971119463,Hold,4869.461971119519,1495.1550387597288
Hold,2022-06-18 07:00:00,44.59,4690.6310065287735,Hold,4690.631006528828,1440.2454780362132
Hold,2022-06-18 08:00:00,44.22,4651.708973059034,Hold,4651.708973059089,1428.294573643448
Hold,2022-06-18 09:00:00,44.62,4693.786847080372,Hold,4693.786847080427,1441.214470284275
Hold,2022-06-18 10:00:00,45.7,4807.397106937989,Hold,4807.397106938045,1476.098191214509
Sell,2022-06-18 11:00:00,45.15,4749.540030158647,Sinal: Venda,4749.540030158702,1458.3333333333712
Buy,2022-06-20 01:00:00,52.13,4749.540030158647,Sinal: Compra,4749.540030158702,1683.7855297158062
Hold,2022-06-20 02:00:00,52.54,4777.325936293869,Hold,4777.325936293924,1697.028423772654
Hold,2022-06-20 03:00:00,52.89,4809.150528560768,Hold,4809.150528560825,1708.3333333333776
Hold,2022-06-20 04:00:00,51.85,4714.586025824841,Hold,4714.586025824897,1674.7416020672267
Hold,2022-06-20 05:00:00,52.16,4742.773521832664,Hold,4742.77352183272,1684.7545219638678
Hold,2022-06-20 06:00:00,52.47,4770.961017840489,Hold,4770.961017840545,1694.7674418605088
Hold,2022-06-20 07:00:00,52.22,4748.2291662212765,Hold,4748.229166221332,1686.6925064599918
Hold,2022-06-20 08:00:00,53.11,4829.154557985676,Hold,4829.154557985731,1715.4392764858324
Hold,2022-06-20 09:00:00,52.25,4750.956988415582,Hold,4750.956988415637,1687.6614987080538
Hold,2022-06-20 10:00:00,53.62,4875.52753528887,Hold,4875.527535288927,1731.9121447028872
Hold,2022-06-20 11:00:00,53.49,4863.70697244688,Hold,4863.706972446937,1727.7131782946185
Hold,2022-06-20 12:00:00,52.44,4768.233195646184,Hold,4768.23319564624,1693.7984496124468
Hold,2022-06-20 13:00:00,51.89,4718.223122083915,Hold,4718.22312208397,1676.0335917313093
Hold,2022-06-20 14:00:00,53.2,4837.338024568593,Hold,4837.33802456865,1718.3462532300184
Hold,2022-06-20 15:00:00,52.79,4800.057787913083,Hold,4800.05778791314,1705.1033591731702
Hold,2022-06-20 16:00:00,52.29,4754.594084674655,Hold,4754.594084674712,1688.9534883721365
Hold,2022-06-20 17:00:00,52.24,4750.047714350813,Hold,4750.04771435087,1687.3385012920332
Hold,2022-06-20 18:00:00,52.25,4750.956988415582,Hold,4750.956988415638,1687.6614987080538
Hold,2022-06-20 19:00:00,52.26,4751.86626248035,Hold,4751.866262480406,1687.9844961240744
Hold,2022-06-20 20:00:00,52.82,4802.7856101073885,Hold,4802.785610107445,1706.0723514212325
Hold,2022-06-20 21:00:00,52.05,4732.771507120211,Hold,4732.7715071202665,1681.20155038764
Hold,2022-06-20 22:00:00,52.55,4778.235210358638,Hold,4778.235210358694,1697.3514211886743
Hold,2022-06-20 23:00:00,52.77,4798.239239783546,Hold,4798.239239783601,1704.4573643411293
Hold,2022-06-21 00:00:00,52.94,4813.69689888461,Hold,4813.696898884666,1709.9483204134808
Hold,2022-06-21 01:00:00,52.73,4794.602143524471,Hold,4794.602143524527,1703.1653746770464
Hold,2022-06-21 02:00:00,52.99,4818.243269208453,Hold,4818.243269208509,1711.5633074935843
Hold,2022-06-21 03:00:00,52.98,4817.333995143685,Hold,4817.333995143741,1711.2403100775634
Hold,2022-06-21 04:00:00,53.05,4823.698913597064,Hold,4823.698913597121,1713.5012919897083
Hold,2022-06-21 05:00:00,53.94,4904.6243053614635,Hold,4904.62430536152,1742.2480620155488
Hold,2022-06-21 06:00:00,54.07,4916.4448682034545,Hold,4916.444868203511,1746.4470284238178
Hold,2022-06-21 07:00:00,53.18,4835.519476439055,Hold,4835.519476439111,1717.7002583979772
Hold,2022-06-21 08:00:00,53.89,4900.0779350376215,Hold,4900.077935037678,1740.6330749354456
Hold,2022-06-21 09:00:00,53.09,4827.336009856139,Hold,4827.336009856194,1714.7932816537914
Hold,2022-06-21 10:00:00,53.52,4866.434794641185,Hold,4866.434794641241,1728.6821705426808
Hold,2022-06-21 11:00:00,52.49,4772.779565970027,Hold,4772.779565970081,1695.4134366925507
Hold,2022-06-21 12:00:00,52.99,4818.243269208453,Hold,4818.243269208508,1711.5633074935845
Hold,2022-06-21 13:00:00,54.28,4935.539623563594,Hold,4935.53962356365,1753.2299741602521
Hold,2022-06-21 14:00:00,55.35,5032.831948493827,Hold,5032.831948493884,1787.790697674465
Hold,2022-06-21 15:00:00,54.1,4919.172690397761,Hold,4919.172690397816,1747.41602067188
Hold,2022-06-21 16:00:00,54.08,4917.354142268223,Hold,4917.354142268278,1746.7700258398386
Hold,2022-06-21 17:00:00,53.77,4889.166646260399,Hold,4889.166646260454,1736.7571059431978
Hold,2022-06-21 18:00:00,53.56,4870.07189090026,Hold,4870.071890900314,1729.9741602067634
Hold,2022-06-21 19:00:00,52.99,4818.243269208453,Hold,4818.243269208508,1711.5633074935845
Hold,2022-06-21 20:00:00,53.31,4847.340039281047,Hold,4847.340039281102,1721.8992248062461
Hold,2022-06-21 21:00:00,53.37,4852.795683669657,Hold,4852.795683669712,1723.8372093023702
Hold,2022-06-21 22:00:00,54.08,4917.354142268223,Hold,4917.354142268278,1746.7700258398384
Hold,2022-06-21 23:00:00,53.52,4866.434794641185,Hold,4866.434794641241,1728.6821705426805
Hold,2022-06-22 00:00:00,51.95,4723.678766472526,Hold,4723.67876647258,1677.9715762274336
Hold,2022-06-22 01:00:00,51.81,4710.948929565767,Hold,4710.948929565821,1673.449612403144
Hold,2022-06-22 02:00:00,51.81,4710.948929565767,Hold,4710.948929565821,1673.449612403144
Hold,2022-06-22 03:00:00,51.33,4667.303774456877,Hold,4667.303774456931,1657.9457364341513
Hold,2022-06-22 04:00:00,51.96,4724.588040537295,Hold,4724.588040537349,1678.294573643454
Hold,2022-06-22 05:00:00,51.64,4695.491270464701,Hold,4695.491270464756,1667.9586563307923
Hold,2022-06-22 06:00:00,51.1,4646.3904709672015,Hold,4646.390470967256,1650.516795865676
Hold,2022-06-22 07:00:00,50.77,4616.38442682984,Hold,4616.3844268298935,1639.8578811369935
Hold,2022-06-22 08:00:00,51.23,4658.211033809192,Hold,4658.211033809245,1654.7157622739444
Hold,2022-06-22 09:00:00,51.7,4700.946914853313,Hold,4700.946914853366,1669.8966408269166
Hold,2022-06-22 10:00:00,51.66,4697.309818594238,Hold,4697.309818594292,1668.6046511628335
Hold,2022-06-22 11:00:00,52.17,4743.682795897434,Hold,4743.682795897487,1685.0775193798884
Hold,2022-06-22 12:00:00,51.54,4686.3985298170155,Hold,4686.398529817069,1664.7286821705854
Hold,2022-06-22 13:00:00,52.84,4804.604158236926,Hold,4804.604158236981,1706.718346253274
Hold,2022-06-22 14:00:00,52.7,4791.874321330167,Hold,4791.874321330222,1702.1963824289846
Hold,2022-06-22 15:00:00,51.74,4704.584011112387,Hold,4704.584011112442,1671.1886304909992
Hold,2022-06-22 16:00:00,52.04,4731.862233055443,Hold,4731.862233055497,1680.8785529716197
Hold,2022-06-22 17:00:00,52.06,4733.680781184979,Hold,4733.680781185034,1681.524547803661
Hold,2022-06-22 18:00:00,52.02,4730.043684925906,Hold,4730.04368492596,1680.2325581395785
Hold,2022-06-22 19:00:00,51.76,4706.402559241924,Hold,4706.402559241978,1671.8346253230404
Hold,2022-06-22 20:00:00,51.57,4689.126352011322,Hold,4689.126352011376,1665.6976744186475
Hold,2022-06-22 21:00:00,52.49,4772.779565970027,Hold,4772.779565970083,1695.4134366925505
Hold,2022-06-22 22:00:00,52.86,4806.422706366462,Hold,4806.4227063665185,1707.3643410853153
Hold,2022-06-22 23:00:00,52.13,4740.04569963836,Hold,4740.0456996384155,1683.785529715806
Hold,2022-06-23 00:00:00,54.59,4963.727119571418,Hold,4963.7271195714775,1763.2428940568932
Hold,2022-06-23 01:00:00,53.84,4895.531564713779,Hold,4895.531564713837,1739.0180878553422
Hold,2022-06-23 02:00:00,54.36,4942.813816081742,Hold,4942.813816081801,1755.8139534884174
Hold,2022-06-23 03:00:00,54.19,4927.356156980677,Hold,4927.356156980735,1750.3229974160656
Hold,2022-06-23 04:00:00,54.74,4977.366230542947,Hold,4977.366230543006,1768.0878552972033
Hold,2022-06-23 05:00:00,54.94,4995.551711838317,Hold,4995.551711838376,1774.5478036176169
Hold,2022-06-23 06:00:00,55.4,5037.378318817669,Hold,5037.3783188177285,1789.4056847545678
Hold,2022-06-23 07:00:00,55.12,5011.918645004151,Hold,5011.918645004209,1780.3617571059885
Hold,2022-06-23 08:00:00,55.19,5018.283563457529,Hold,5018.283563457589,1782.6227390181334
Hold,2022-06-23 09:00:00,55.09,5009.1908228098455,Hold,5009.190822809905,1779.3927648579267
Hold,2022-06-23 10:00:00,54.92,4993.73316370878,Hold,4993.733163708839,1773.9018087855754
Hold,2022-06-23 11:00:00,54.51,4956.45292705327,Hold,4956.4529270533285,1760.6589147287273
Hold,2022-06-23 12:00:00,54.55,4960.090023312344,Hold,4960.090023312403,1761.9509043928101
Hold,2022-06-23 13:00:00,54.5,4955.543652988502,Hold,4955.543652988561,1760.335917312707
Hold,2022-06-23 14:00:00,54.62,4966.4549417657245,Hold,4966.454941765784,1764.2118863049552
Hold,2022-06-23 15:00:00,54.23,4930.9932532397515,Hold,4930.993253239811,1751.6149870801487
Hold,2022-06-23 16:00:00,53.98,4908.261401620537,Hold,4908.261401620596,1743.5400516796317
Hold,2022-06-23 17:00:00,54.74,4977.366230542947,Hold,4977.366230543006,1768.0878552972035
Hold,2022-06-23 18:00:00,54.47,4952.815830794196,Hold,4952.815830794255,1759.366925064645
Hold,2022-06-23 19:00:00,55.57,5052.835977918734,Hold,5052.835977918795,1794.89664082692
Hold,2022-06-23 20:00:00,55.72,5066.475088890263,Hold,5066.475088890324,1799.7416020672301
Hold,2022-06-23 21:00:00,55.21,5020.102111587067,Hold,5020.102111587128,1783.2687338501755
Hold,2022-06-23 22:00:00,56.23,5112.848066193457,Hold,5112.84806619352,1816.214470284285
Hold,2022-06-23 23:00:00,55.74,5068.2936370198,Hold,5068.293637019862,1800.387596899272
Hold,2022-06-24 00:00:00,55.77,5071.021459214106,Hold,5071.021459214167,1801.3565891473343
Hold,2022-06-24 01:00:00,56.46,5133.761369683134,Hold,5133.761369683197,1823.643410852761
Hold,2022-06-24 02:00:00,56.1,5101.027503351467,Hold,5101.02750335153,1812.0155038760165
Hold,2022-06-24 03:00:00,55.87,5080.11419986179,Hold,5080.114199861852,1804.586563307541
Hold,2022-06-24 04:00:00,55.78,5071.930733278874,Hold,5071.930733278936,1801.6795865633549
Hold,2022-06-24 05:00:00,55.35,5032.831948493827,Hold,5032.831948493888,1787.7906976744655
Hold,2022-06-24 06:00:00,55.33,5031.01340036429,Hold,5031.013400364352,1787.144702842424
Hold,2022-06-24 07:00:00,55.57,5052.835977918734,Hold,5052.835977918797,1794.8966408269205
Hold,2022-06-24 08:00:00,55.92,5084.660570185633,Hold,5084.660570185696,1806.2015503876444
Hold,2022-06-24 09:00:00,55.26,5024.64848191091,Hold,5024.648481910973,1784.8837209302792
Hold,2022-06-24 10:00:00,55.51,5047.380333530124,Hold,5047.380333530186,1792.9586563307962
Hold,2022-06-24 11:00:00,56.12,5102.846051481004,Hold,5102.846051481067,1812.6614987080577
Hold,2022-06-24 12:00:00,56.31,5120.122258711606,Hold,5120.122258711669,1818.7984496124507
Hold,2022-06-24 13:00:00,55.93,5085.569844250402,Hold,5085.569844250464,1806.5245478036647
Hold,2022-06-24 14:00:00,55.61,5056.4730741778085,Hold,5056.47307417787,1796.1886304910029
Hold,2022-06-24 15:00:00,55.4,5037.378318817669,Hold,5037.378318817731,1789.4056847545685
Hold,2022-06-24 16:00:00,55.24,5022.829933781373,Hold,5022.829933781435,1784.2377260982378
Hold,2022-06-24 17:00:00,54.73,4976.456956478178,Hold,4976.45695647824,1767.7648578811832
Hold,2022-06-24 18:00:00,55.4,5037.378318817669,Hold,5037.378318817731,1789.4056847545687
Hold,2022-06-24 19:00:00,55.72,5066.475088890263,Hold,5066.475088890325,1799.7416020672306
Hold,2022-06-24 20:00:00,55.45,5041.924689141512,Hold,5041.924689141575,1791.0206718346724
Hold,2022-06-24 21:00:00,56.19,5109.210969934384,Hold,5109.210969934447,1814.9224806202024
Hold,2022-06-24 22:00:00,56.05,5096.481133027624,Hold,5096.481133027687,1810.400516795913
Hold,2022-06-24 23:00:00,55.84,5077.386377667486,Hold,5077.386377667549,1803.617571059479
Hold,2022-06-25 00:00:00,56.12,5102.846051481004,Hold,5102.846051481066,1812.6614987080577
Hold,2022-06-25 01:00:00,56.88,5171.950880403412,Hold,5171.950880403475,1837.20930232563
Hold,2022-06-25 02:00:00,55.93,5085.569844250402,Hold,5085.569844250464,1806.5245478036652
Hold,2022-06-25 03:00:00,56.53,5140.126288136514,Hold,5140.1262881365765,1825.9043927649059
Hold,2022-06-25 04:00:00,56.47,5134.670643747902,Hold,5134.670643747965,1823.9664082687816
Hold,2022-06-25 05:00:00,56.18,5108.301695869614,Hold,5108.301695869676,1814.599483204182
Hold,2022-06-25 06:00:00,56.58,5144.672658460357,Hold,5144.6726584604185,1827.519379845009
Hold,2022-06-25 07:00:00,56.94,5177.406524792023,Hold,5177.406524792085,1839.1472868217536
Hold,2022-06-25 08:00:00,56.63,5149.2190287841995,Hold,5149.219028784261,1829.1343669251125
Hold,2022-06-25 09:00:00,56.76,5161.03959162619,Hold,5161.039591626251,1833.3333333333815
Hold,2022-06-25 10:00:00,56.78,5162.858139755727,Hold,5162.858139755789,1833.9793281654229
Hold,2022-06-25 11:00:00,56.38,5126.487177164986,Hold,5126.487177165048,1821.0594315245958
Hold,2022-06-25 12:00:00,55.12,5011.918645004151,Hold,5011.918645004212,1780.36175710599
Hold,2022-06-25 13:00:00,55.25,5023.739207846142,Hold,5023.739207846203,1784.560723514259
Hold,2022-06-25 14:00:00,55.24,5022.829933781373,Hold,5022.829933781434,1784.2377260982385
Hold,2022-06-25 15:00:00,55.12,5011.918645004151,Hold,5011.918645004212,1780.3617571059901
Hold,2022-06-25 16:00:00,56.7,5155.583947237579,Hold,5155.583947237641,1831.3953488372579
Hold,2022-06-25 17:00:00,57.9,5264.696835009803,Hold,5264.696835009867,1870.1550387597395
Hold,2022-06-25 18:00:00,59.22,5384.721011559249,Hold,5384.721011559314,1912.7906976744691
Hold,2022-06-25 19:00:00,58.69,5336.5294861265165,Hold,5336.529486126581,1895.6718346253729
Hold,2022-06-25 20:00:00,58.91,5356.533515551424,Hold,5356.5335155514895,1902.7777777778279
Hold,2022-06-25 21:00:00,59.49,5409.271411308,Hold,5409.271411308066,1921.5116279070278
Hold,2022-06-25 22:00:00,58.76,5342.894404579896,Hold,5342.894404579961,1897.9328165375177
Hold,2022-06-25 23:00:00,58.88,5353.80569335712,Hold,5353.805693357184,1901.808785529766
Hold,2022-06-26 00:00:00,59.2,5382.902463429712,Hold,5382.9024634297775,1912.1447028424277
Hold,2022-06-26 01:00:00,59.28,5390.17665594786,Hold,5390.176655947926,1914.728682170593
Hold,2022-06-26 02:00:00,59.21,5383.81173749448,Hold,5383.811737494546,1912.467700258448
Hold,2022-06-26 03:00:00,59.94,5450.188744222583,Hold,5450.188744222651,1936.0465116279574
Hold,2022-06-26 04:00:00,59.68,5426.5476185386015,Hold,5426.547618538669,1927.6485788114196
Hold,2022-06-26 05:00:00,59.41,5401.99721878985,Hold,5401.997218789917,1918.9276485788614
Hold,2022-06-26 06:00:00,59.64,5422.910522279528,Hold,5422.910522279593,1926.3565891473372
Hold,2022-06-26 07:00:00,58.99,5363.807708069573,Hold,5363.8077080696385,1905.361757105993
Hold,2022-06-26 08:00:00,58.67,5334.71093799698,Hold,5334.710937997044,1895.0258397933314
Hold,2022-06-26 09:00:00,58.36,5306.523441989155,Hold,5306.523441989219,1885.0129198966904
Hold,2022-06-26 10:00:00,58.64,5331.983115802675,Hold,5331.983115802739,1894.0568475452692
Hold,2022-06-26 11:00:00,59.59,5418.364151955685,Hold,5418.3641519557505,1924.741602067234
Hold,2022-06-26 12:00:00,58.55,5323.799649219757,Hold,5323.799649219821,1891.1498708010831
Hold,2022-06-26 13:00:00,58.25,5296.521427276702,Hold,5296.521427276765,1881.459948320463
Hold,2022-06-26 14:00:00,58.44,5313.797634507303,Hold,5313.797634507368,1887.5968992248554
Hold,2022-06-26 15:00:00,58.01,5274.698849722256,Hold,5274.698849722321,1873.7080103359663
Hold,2022-06-26 16:00:00,58.53,5321.98110109022,Hold,5321.981101090285,1890.5038759690415
Hold,2022-06-26 17:00:00,58.19,5291.065782888089,Hold,5291.065782888153,1879.5219638243384
Hold,2022-06-26 18:00:00,57.79,5254.694820297349,Hold,5254.694820297412,1866.602067183511
Hold,2022-06-26 19:00:00,58.23,5294.702879147165,Hold,5294.702879147228,1880.8139534884208
Hold,2022-06-26 20:00:00,58.8,5346.53150083897,Hold,5346.5315008390335,1899.2248062015992
Hold,2022-06-26 21:00:00,58.41,5311.069812312998,Hold,5311.0698123130605,1886.6279069767927
Hold,2022-06-26 22:00:00,57.39,5218.323857706608,Hold,5218.3238577066695,1853.6821705426833
Hold,2022-06-26 23:00:00,56.61,5147.400480654662,Hold,5147.400480654723,1828.4883720930702
Hold,2022-06-27 00:00:00,57.27,5207.412568929385,Hold,5207.412568929446,1849.8062015504352
Hold,2022-06-27 01:00:00,57.48,5226.507324289524,Hold,5226.507324289585,1856.589147286869
Hold,2022-06-27 02:00:00,57.9,5264.696835009803,Hold,5264.696835009865,1870.1550387597376
Hold,2022-06-27 03:00:00,57.83,5258.331916556423,Hold,5258.331916556484,1867.8940568475928
Hold,2022-06-27 04:00:00,58.01,5274.698849722256,Hold,5274.698849722318,1873.7080103359651
Hold,2022-06-27 05:00:00,57.63,5240.146435261052,Hold,5240.146435261113,1861.4341085271792
Hold,2022-06-27 06:00:00,57.89,5263.787560945035,Hold,5263.787560945096,1869.8320413437168
Hold,2022-06-27 07:00:00,58.29,5300.158523535775,Hold,5300.158523535836,1882.7519379845442
Hold,2022-06-27 08:00:00,58.47,5316.525456701608,Hold,5316.525456701669,1888.5658914729165
Hold,2022-06-27 09:00:00,58.16,5288.337960693784,Hold,5288.337960693845,1878.5529715762752
Hold,2022-06-27 10:00:00,58.03,5276.517397851794,Hold,5276.517397851855,1874.3540051680066
Hold,2022-06-27 11:00:00,57.85,5260.15046468596,Hold,5260.15046468602,1868.5400516796342
Hold,2022-06-27 12:00:00,57.42,5221.051679900914,Hold,5221.051679900974,1854.6511627907448
Hold,2022-06-27 13:00:00,55.79,5072.840007343642,Hold,5072.840007343701,1802.0025839793739
Hold,2022-06-27 14:00:00,55.95,5087.3883923799385,Hold,5087.388392379997,1807.170542635705
Hold,2022-06-27 15:00:00,55.97,5089.206940509476,Hold,5089.206940509534,1807.816537467746
Hold,2022-06-27 16:00:00,55.7,5064.656540760726,Hold,5064.656540760783,1799.0956072351878
Hold,2022-06-27 17:00:00,55.53,5049.19888165966,Hold,5049.198881659718,1793.604651162836
Hold,2022-06-27 18:00:00,55.98,5090.116214574245,Hold,5090.116214574303,1808.1395348837664
Hold,2022-06-27 19:00:00,55.69,5063.7472666959575,Hold,5063.747266696015,1798.7726098191667
Hold,2022-06-27 20:00:00,55.93,5085.569844250402,Hold,5085.569844250459,1806.5245478036634
Hold,2022-06-27 21:00:00,56.1,5101.027503351467,Hold,5101.027503351525,1812.0155038760151
Hold,2022-06-27 22:00:00,56.18,5108.301695869614,Hold,5108.301695869672,1814.5994832041806
Hold,2022-06-27 23:00:00,55.86,5079.204925797022,Hold,5079.204925797078,1804.2635658915187
Hold,2022-06-28 00:00:00,55.59,5054.654526048272,Hold,5054.654526048329,1795.5426356589605
Hold,2022-06-28 01:00:00,54.54,4959.1807492475755,Hold,4959.180749247632,1761.627906976789
Hold,2022-06-28 02:00:00,54.35,4941.904542016973,Hold,4941.90454201703,1755.490956072396
Hold,2022-06-28 03:00:00,54.69,4972.819860219103,Hold,4972.81986021916,1766.4728682170992
Hold,2022-06-28 04:00:00,54.84,4986.458971190632,Hold,4986.458971190688,1771.3178294574097
Hold,2022-06-28 05:00:00,54.72,4975.547682413408,Hold,4975.547682413465,1767.4418604651614
Hold,2022-06-28 06:00:00,55.73,5067.384362955031,Hold,5067.384362955087,1800.0645994832498
Hold,2022-06-28 07:00:00,55.72,5066.475088890263,Hold,5066.47508889032,1799.7416020672292
Hold,2022-06-28 08:00:00,56.38,5126.487177164986,Hold,5126.487177165043,1821.0594315245942
Hold,2022-06-28 09:00:00,56.22,5111.938792128689,Hold,5111.938792128746,1815.8914728682635
Hold,2022-06-28 10:00:00,56.09,5100.118229286699,Hold,5100.118229286756,1811.6925064599948
Hold,2022-06-28 11:00:00,56.18,5108.301695869614,Hold,5108.301695869671,1814.5994832041808
Hold,2022-06-28 12:00:00,56.51,5138.307740006976,Hold,5138.307740007033,1825.2583979328633
Hold,2022-06-28 13:00:00,56.6,5146.491206589893,Hold,5146.491206589951,1828.1653746770496
Hold,2022-06-28 14:00:00,55.16,5015.555741263224,Hold,5015.55574126328,1781.6537467700714
Hold,2022-06-28 15:00:00,54.17,4925.53760885114,Hold,4925.537608851195,1749.6770025840244
Hold,2022-06-28 16:00:00,54.53,4958.271475182808,Hold,4958.271475182863,1761.304909560769
Hold,2022-06-28 17:00:00,54.23,4930.9932532397515,Hold,4930.993253239806,1751.6149870801482
Trailing-Stop,2022-06-28 18:00:00,53.62,4875.52753528887,Trailing stop 10.0% hit,4875.527535288924,1731.912144702887
Buy,2022-07-08 06:00:00,53.06,4875.52753528887,Sinal: Compra,4875.527535288924,1713.824289405729
Hold,2022-07-08 07:00:00,52.88,4849.274747301911,Hold,4849.274747301964,1708.0103359173565
Hold,2022-07-08 08:00:00,52.0,4768.575772687204,Hold,4768.575772687257,1679.5865633075366
Hold,2022-07-08 09:00:00,51.89,4758.488400860366,Hold,4758.4884008604195,1676.0335917313091
Hold,2022-07-08 10:00:00,51.74,4744.732893823768,Hold,4744.7328938238215,1671.188630490999
Hold,2022-07-08 11:00:00,51.84,4753.903231848166,Hold,4753.90323184822,1674.418604651206
Hold,2022-07-08 12:00:00,51.18,4693.379000887136,Hold,4693.379000887188,1653.100775193841
Hold,2022-07-08 13:00:00,50.93,4670.45315582614,Hold,4670.453155826192,1645.025839793324
Hold,2022-07-08 14:00:00,51.95,4763.990603675004,Hold,4763.990603675058,1677.9715762274336
Hold,2022-07-08 15:00:00,52.14,4781.414245921362,Hold,4781.414245921415,1684.1085271318266
Hold,2022-07-08 16:00:00,51.54,4726.39221777497,Hold,4726.392217775023,1664.7286821705857
Hold,2022-07-08 17:00:00,51.63,4734.645521996929,Hold,4734.645521996982,1667.635658914772
Hold,2022-07-08 18:00:00,51.79,4749.318062835967,Hold,4749.31806283602,1672.803617571103
Hold,2022-07-08 19:00:00,51.98,4766.741705082324,Hold,4766.741705082377,1678.9405684754959
Hold,2022-07-08 20:00:00,52.05,4773.160941699402,Hold,4773.160941699456,1681.2015503876405
Hold,2022-07-08 21:00:00,51.55,4727.309251577411,Hold,4727.309251577463,1665.0516795866065
Hold,2022-07-08 22:00:00,51.74,4744.732893823768,Hold,4744.732893823822,1671.1886304909997
Hold,2022-07-08 23:00:00,51.35,4708.968575528614,Hold,4708.968575528667,1658.5917312661934
Hold,2022-07-09 00:00:00,51.55,4727.309251577411,Hold,4727.309251577463,1665.0516795866067
Hold,2022-07-09 01:00:00,51.67,4738.313657206689,Hold,4738.313657206742,1668.9276485788553
Hold,2022-07-09 02:00:00,51.83,4752.986198045726,Hold,4752.98619804578,1674.0956072351862
Hold,2022-07-09 03:00:00,51.89,4758.488400860366,Hold,4758.488400860419,1676.0335917313103
Hold,2022-07-09 04:00:00,51.88,4757.571367057925,Hold,4757.571367057977,1675.7105943152897
Hold,2022-07-09 05:00:00,51.99,4767.658738884764,Hold,4767.658738884817,1679.263565891517
Hold,2022-07-09 06:00:00,52.24,4790.58458394576,Hold,4790.5845839458125,1687.338501292034
Hold,2022-07-09 07:00:00,52.38,4803.423057179918,Hold,4803.423057179971,1691.8604651163234
Hold,2022-07-09 08:00:00,52.38,4803.423057179918,Hold,4803.423057179971,1691.8604651163234
Hold,2022-07-09 09:00:00,52.25,4791.5016177482,Hold,4791.501617748253,1687.6614987080545
Hold,2022-07-09 10:00:00,52.39,4804.340090982358,Hold,4804.3400909824095,1692.183462532344
Hold,2022-07-09 11:00:00,51.71,4741.981792416448,Hold,4741.9817924165,1670.2196382429377
Hold,2022-07-09 12:00:00,51.95,4763.990603675004,Hold,4763.990603675055,1677.971576227434
Hold,2022-07-09 13:00:00,52.0,4768.575772687204,Hold,4768.575772687255,1679.5865633075373
Hold,2022-07-09 14:00:00,52.18,4785.082381131121,Hold,4785.082381131172,1685.4005167959094
Hold,2022-07-09 15:00:00,52.21,4787.833482538441,Hold,4787.833482538492,1686.3695090439714
Hold,2022-07-09 16:00:00,52.47,4811.676361401876,Hold,4811.676361401928,1694.767441860509
Hold,2022-07-09 17:00:00,53.54,4909.79897826294,Hold,4909.798978262993,1729.328165374722
Hold,2022-07-09 18:00:00,53.31,4888.707200806824,Hold,4888.707200806876,1721.8992248062464
Hold,2022-07-09 19:00:00,53.31,4888.707200806824,Hold,4888.707200806876,1721.8992248062464
Hold,2022-07-09 20:00:00,53.35,4892.375336016584,Hold,4892.375336016636,1723.191214470329
Hold,2022-07-09 21:00:00,53.26,4884.1220317946245,Hold,4884.122031794675,1720.2842377261427
Hold,2022-07-09 22:00:00,53.38,4895.126437423903,Hold,4895.1264374239545,1724.160206718391
Hold,2022-07-09 23:00:00,54.09,4960.235837397132,Hold,4960.235837397184,1747.0930232558592
Hold,2022-07-10 00:00:00,54.02,4953.816600780053,Hold,4953.816600780105,1744.8320413437143
Hold,2022-07-10 01:00:00,54.06,4957.484735989812,Hold,4957.484735989865,1746.124031007797
Hold,2022-07-10 02:00:00,53.7,4924.471519101978,Hold,4924.4715191020305,1734.4961240310527
Hold,2022-07-10 03:00:00,53.94,4946.480330360534,Hold,4946.480330360587,1742.2480620155488
Hold,2022-07-10 04:00:00,54.74,5019.843034555722,Hold,5019.843034555775,1768.0878552972038
Hold,2022-07-10 05:00:00,54.87,5031.7644739874395,Hold,5031.764473987493,1772.2868217054727
Hold,2022-07-10 06:00:00,54.83,5028.09633877768,Hold,5028.096338777734,1770.9948320413898
Hold,2022-07-10 07:00:00,54.62,5008.838628926444,Hold,5008.838628926496,1764.2118863049554
Hold,2022-07-10 08:00:00,54.49,4996.917189494726,Hold,4996.9171894947785,1760.0129198966868
Hold,2022-07-10 09:00:00,54.37,4985.912783865447,Hold,4985.9127838654995,1756.1369509044384
Hold,2022-07-10 10:00:00,54.32,4981.327614853249,Hold,4981.327614853302,1754.521963824335
Hold,2022-07-10 11:00:00,54.51,4998.751257099605,Hold,4998.751257099659,1760.658914728728
Hold,2022-07-10 12:00:00,54.43,4991.414986680087,Hold,4991.41498668014,1758.0749354005625
Hold,2022-07-10 13:00:00,53.68,4922.637451497098,Hold,4922.637451497149,1733.8501291990115
Hold,2022-07-10 14:00:00,52.4,4805.257124784797,Hold,4805.257124784848,1692.5064599483644
Hold,2022-07-10 15:00:00,51.88,4757.571367057925,Hold,4757.571367057975,1675.7105943152892
Hold,2022-07-10 16:00:00,52.09,4776.829076909162,Hold,4776.829076909213,1682.4935400517236
Hold,2022-07-10 17:00:00,52.17,4784.1653473286815,Hold,4784.165347328732,1685.077519379889
Hold,2022-07-10 18:00:00,51.63,4734.645521996929,Hold,4734.645521996979,1667.6356589147722
Hold,2022-07-10 19:00:00,51.43,4716.304845948132,Hold,4716.3048459481815,1661.1757105943586
Hold,2022-07-10 20:00:00,51.58,4730.06035298473,Hold,4730.0603529847795,1666.0206718346685
Hold,2022-07-10 21:00:00,52.67,4830.017037450673,Hold,4830.0170374507225,1701.2273901809228
Hold,2022-07-10 22:00:00,52.38,4803.423057179918,Hold,4803.423057179967,1691.8604651163232
Hold,2022-07-10 23:00:00,52.12,4779.580178316482,Hold,4779.580178316531,1683.4625322997854
Hold,2022-07-11 00:00:00,51.92,4761.239502267685,Hold,4761.239502267733,1677.0025839793718
Hold,2022-07-11 01:00:00,51.46,4719.055947355452,Hold,4719.0559473554995,1662.1447028424207
Hold,2022-07-11 02:00:00,51.28,4702.549338911535,Hold,4702.549338911583,1656.3307493540483
Hold,2022-07-11 03:00:00,51.44,4717.221879750572,Hold,4717.221879750619,1661.498708010379
Hold,2022-07-11 04:00:00,51.19,4694.296034689576,Hold,4694.296034689623,1653.423772609862
Hold,2022-07-11 05:00:00,51.13,4688.7938318749375,Hold,4688.793831874985,1651.485788113738
Hold,2022-07-11 06:00:00,50.75,4653.946547382223,Hold,4653.946547382269,1639.211886304952
Hold,2022-07-11 07:00:00,50.97,4674.121291035899,Hold,4674.121291035946,1646.317829457407
Hold,2022-07-11 08:00:00,51.0,4676.872392443219,Hold,4676.872392443266,1647.286821705469
Hold,2022-07-11 09:00:00,51.15,4690.627899479817,Hold,4690.627899479864,1652.1317829457792
Hold,2022-07-11 10:00:00,51.09,4685.125696665178,Hold,4685.125696665225,1650.193798449655
Hold,2022-07-11 11:00:00,50.83,4661.282817801742,Hold,4661.282817801789,1641.7958656331173
Hold,2022-07-11 12:00:00,51.2,4695.213068492017,Hold,4695.213068492064,1653.7467700258826
Hold,2022-07-11 13:00:00,50.23,4606.26078965535,Hold,4606.260789655397,1622.4160206718766
Hold,2022-07-11 14:00:00,50.32,4614.514093877309,Hold,4614.514093877357,1625.322997416063
Hold,2022-07-11 15:00:00,50.54,4634.688837530986,Hold,4634.688837531034,1632.4289405685174
Hold,2022-07-11 16:00:00,50.56,4636.522905135866,Hold,4636.522905135913,1633.074935400559
Hold,2022-07-11 17:00:00,50.99,4675.955358640779,Hold,4675.955358640827,1646.9638242894484
Hold,2022-07-11 18:00:00,50.73,4652.112479777343,Hold,4652.11247977739,1638.5658914729104
Hold,2022-07-11 19:00:00,50.61,4641.108074148065,Hold,4641.108074148112,1634.6899224806623
Hold,2022-07-11 20:00:00,50.51,4631.937736123666,Hold,4631.937736123713,1631.4599483204554
Hold,2022-07-11 21:00:00,49.74,4561.326133335799,Hold,4561.326133335845,1606.5891472868632
Trailing-Stop,2022-07-11 22:00:00,48.68,4464.1205502771745,Trailing stop 10.0% hit,4464.12055027722,1572.351421188671
Buy,2022-07-16 01:00:00,51.56,4464.1205502771745,Sinal: Compra,4464.12055027722,1665.3746770026269
Hold,2022-07-16 02:00:00,51.43,4443.9637325576705,Hold,4443.963732557715,1661.1757105943582
Hold,2022-07-16 03:00:00,51.48,4448.284132842093,Hold,4448.284132842137,1662.7906976744616
Hold,2022-07-16 04:00:00,51.74,4470.750214321094,Hold,4470.750214321139,1671.1886304909995
Hold,2022-07-16 05:00:00,51.38,4439.643332273247,Hold,4439.643332273291,1659.5607235142552
Hold,2022-07-16 06:00:00,51.33,4435.322931988823,Hold,4435.322931988867,1657.9457364341517
Hold,2022-07-16 07:00:00,51.2,4424.089891249324,Hold,4424.089891249367,1653.746770025883
Hold,2022-07-16 08:00:00,51.39,4440.507412330132,Hold,4440.507412330176,1659.883720930276
Hold,2022-07-16 09:00:00,51.38,4439.643332273247,Hold,4439.643332273291,1659.5607235142554
Hold,2022-07-16 10:00:00,51.42,4443.099652500786,Hold,4443.0996525008295,1660.8527131783383
Hold,2022-07-16 11:00:00,51.37,4438.779252216363,Hold,4438.779252216406,1659.2377260982348
Hold,2022-07-16 12:00:00,52.13,4504.449336539594,Hold,4504.449336539638,1683.7855297158067
Hold,2022-07-16 13:00:00,52.19,4509.6338168809025,Hold,4509.633816880947,1685.7235142119305
Hold,2022-07-16 14:00:00,52.29,4518.274617449748,Hold,4518.2746174497925,1688.9534883721374
Hold,2022-07-16 15:00:00,52.43,4530.371738246134,Hold,4530.371738246178,1693.4754521964269
Hold,2022-07-16 16:00:00,54.49,4708.372229964368,Hold,4708.372229964413,1760.012919896687
Hold,2022-07-16 17:00:00,54.08,4672.944947632098,Hold,4672.944947632143,1746.770025839839
Hold,2022-07-16 18:00:00,54.26,4688.498388656021,Hold,4688.498388656067,1752.5839793282112
Hold,2022-07-16 19:00:00,54.25,4687.634308599137,Hold,4687.634308599182,1752.2609819121906
Hold,2022-07-16 20:00:00,54.33,4694.546949054214,Hold,4694.546949054258,1754.8449612403558
Hold,2022-07-16 21:00:00,54.49,4708.372229964368,Hold,4708.372229964412,1760.0129198966868
Hold,2022-07-16 22:00:00,54.73,4729.110151329599,Hold,4729.1101513296435,1767.764857881183
Hold,2022-07-16 23:00:00,55.08,4759.352953320561,Hold,4759.3529533206065,1779.0697674419068
Hold,2022-07-17 00:00:00,55.27,4775.77047440137,Hold,4775.770474401415,1785.2067183463
Hold,2022-07-17 01:00:00,55.08,4759.352953320561,Hold,4759.3529533206065,1779.0697674419068
Hold,2022-07-17 02:00:00,55.03,4755.032553036138,Hold,4755.032553036183,1777.4547803618034
Hold,2022-07-17 03:00:00,55.56,4800.828796051023,Hold,4800.828796051069,1794.5736434108994
Hold,2022-07-17 04:00:00,55.41,4787.867595197753,Hold,4787.867595197798,1789.7286821705889
Hold,2022-07-17 05:00:00,55.48,4793.916155595946,Hold,4793.916155595992,1791.9896640827335
Hold,2022-07-17 06:00:00,56.29,4863.9066402036015,Hold,4863.906640203648,1818.1524547804086
Hold,2022-07-17 07:00:00,55.76,4818.110397188716,Hold,4818.110397188761,1801.0335917313128
Hold,2022-07-17 08:00:00,55.78,4819.838557302486,Hold,4819.838557302532,1801.6795865633544
Hold,2022-07-17 09:00:00,55.34,4781.819034799561,Hold,4781.819034799606,1787.4677002584444
Hold,2022-07-17 10:00:00,55.35,4782.683114856446,Hold,4782.683114856491,1787.790697674465
Hold,2022-07-17 11:00:00,55.4,4787.003515140869,Hold,4787.003515140915,1789.4056847545685
Hold,2022-07-17 12:00:00,55.25,4774.0423142876,Hold,4774.042314287644,1784.5607235142584
Hold,2022-07-17 13:00:00,54.96,4748.983992637946,Hold,4748.98399263799,1775.1937984496587
Hold,2022-07-17 14:00:00,55.37,4784.411274970215,Hold,4784.41127497026,1788.4366925065062
Hold,2022-07-17 15:00:00,55.38,4785.2753550271,Hold,4785.275355027144,1788.759689922527
Hold,2022-07-17 16:00:00,55.2,4769.721914003177,Hold,4769.72191400322,1782.9457364341547
Hold,2022-07-17 17:00:00,54.56,4714.42079036256,Hold,4714.420790362604,1762.2739018088312
Hold,2022-07-17 18:00:00,55.13,4763.673353604984,Hold,4763.673353605029,1780.6847545220098
Hold,2022-07-17 19:00:00,55.82,4823.294877530024,Hold,4823.294877530069,1802.971576227437
Hold,2022-07-17 20:00:00,55.84,4825.023037643794,Hold,4825.023037643839,1803.6175710594787
Hold,2022-07-17 21:00:00,56.19,4855.265839634755,Hold,4855.265839634801,1814.9224806202021
Hold,2022-07-17 22:00:00,56.79,4907.110643047834,Hold,4907.11064304788,1834.302325581443
Hold,2022-07-17 23:00:00,55.76,4818.110397188716,Hold,4818.110397188761,1801.033591731313
Hold,2022-07-18 00:00:00,56.07,4844.89687895214,Hold,4844.896878952186,1811.0465116279543
Hold,2022-07-18 01:00:00,57.3,4951.17872594895,Hold,4951.178725948998,1850.7751937984979
Hold,2022-07-18 02:00:00,57.66,4982.285607996796,Hold,4982.285607996844,1862.4031007752426
Hold,2022-07-18 03:00:00,57.37,4957.227286347142,Hold,4957.227286347189,1853.0361757106427
Hold,2022-07-18 04:00:00,57.51,4969.3244071435265,Hold,4969.324407143575,1857.5581395349325
Hold,2022-07-18 05:00:00,58.59,5062.645053287068,Hold,5062.645053287116,1892.441860465166
Hold,2022-07-18 06:00:00,58.4,5046.22753220626,Hold,5046.227532206309,1886.304909560773
Hold,2022-07-18 07:00:00,57.91,5003.887609418912,Hold,5003.88760941896,1870.4780361757598
Hold,2022-07-18 08:00:00,57.47,4965.868086915988,Hold,4965.868086916035,1856.2661498708499
Hold,2022-07-18 09:00:00,58.22,5030.674091182335,Hold,5030.674091182384,1880.4909560724009
Hold,2022-07-18 10:00:00,58.13,5022.897370670375,Hold,5022.897370670423,1877.583979328215
Hold,2022-07-18 11:00:00,57.87,5000.431289191373,Hold,5000.431289191421,1869.1860465116772
Hold,2022-07-18 12:00:00,58.33,5040.178971808067,Hold,5040.1789718081145,1884.0439276486284
Hold,2022-07-18 13:00:00,58.08,5018.576970385951,Hold,5018.576970386,1875.9689922481114
Hold,2022-07-18 14:00:00,58.21,5029.810011125452,Hold,5029.8100111255,1880.1679586563803
Hold,2022-07-18 15:00:00,58.99,5097.208255562453,Hold,5097.208255562502,1905.3617571059933
Hold,2022-07-18 16:00:00,57.74,4989.198248451873,Hold,4989.198248451921,1864.9870801034083
Hold,2022-07-18 17:00:00,56.76,4904.51840287718,Hold,4904.518402877228,1833.3333333333815
Hold,2022-07-18 18:00:00,56.67,4896.7416823652175,Hold,4896.741682365265,1830.4263565891954
Hold,2022-07-18 19:00:00,56.56,4887.236801739487,Hold,4887.236801739535,1826.873385012968
Hold,2022-07-18 20:00:00,56.52,4883.780481511949,Hold,4883.780481511996,1825.5813953488853
Hold,2022-07-18 21:00:00,56.9,4916.615523673564,Hold,4916.615523673612,1837.8552971576707
Hold,2022-07-18 22:00:00,57.76,4990.926408565642,Hold,4990.9264085656905,1865.633074935449
Hold,2022-07-18 23:00:00,58.6,5063.509133343952,Hold,5063.509133344001,1892.7648578811861
Sell,2022-07-19 00:00:00,57.65,4981.421527939911,Sinal: Venda,4981.42152793996,1862.0801033592213
Buy,2022-07-19 04:00:00,56.68,4981.421527939911,Sinal: Compra,4981.42152793996,1830.7493540052155
Hold,2022-07-19 05:00:00,56.86,4987.251659600107,Hold,4987.251659600155,1836.5633074935877
Hold,2022-07-19 06:00:00,56.49,4954.7985622724245,Hold,4954.798562272474,1824.6124031008226
Hold,2022-07-19 07:00:00,56.48,4953.921451533838,Hold,4953.921451533887,1824.2894056848017
Hold,2022-07-19 08:00:00,56.98,4997.776988463139,Hold,4997.776988463189,1840.439276485836
Hold,2022-07-19 09:00:00,56.69,4972.3407770441445,Hold,4972.3407770441945,1831.0723514212361
Hold,2022-07-19 10:00:00,56.92,4992.514324031624,Hold,4992.514324031674,1838.5012919897117
Hold,2022-07-19 11:00:00,56.93,4993.391434770209,Hold,4993.39143477026,1838.8242894057323
Hold,2022-07-19 12:00:00,57.54,5046.895189823957,Hold,5046.895189824009,1858.5271317829938
Hold,2022-07-19 13:00:00,57.52,5045.140968346785,Hold,5045.140968346837,1857.8811369509526
Hold,2022-07-19 14:00:00,57.72,5062.683183118505,Hold,5062.683183118558,1864.341085271366
Hold,2022-07-19 15:00:00,57.97,5084.610951583155,Hold,5084.610951583209,1872.416020671883
Hold,2022-07-19 16:00:00,58.16,5101.276055616289,Hold,5101.276055616342,1878.5529715762757
Hold,2022-07-19 17:00:00,58.35,5117.941159649425,Hold,5117.941159649477,1884.6899224806687
Hold,2022-07-19 18:00:00,58.18,5103.030277093462,Hold,5103.030277093515,1879.198966408317
Hold,2022-07-19 19:00:00,58.23,5107.415830786392,Hold,5107.4158307864445,1880.81395348842
Hold,2022-07-19 20:00:00,58.34,5117.064048910838,Hold,5117.064048910891,1884.3669250646478
Hold,2022-07-19 21:00:00,58.69,5147.762924761349,Hold,5147.762924761402,1895.6718346253715
Hold,2022-07-19 22:00:00,58.53,5133.729152943973,Hold,5133.729152944026,1890.5038759690408
Hold,2022-07-19 23:00:00,57.9,5078.471176413053,Hold,5078.471176413107,1870.1550387597379
Hold,2022-07-20 00:00:00,57.32,5027.598753575065,Hold,5027.598753575117,1851.4211886305384
Hold,2022-07-20 01:00:00,57.96,5083.733840844569,Hold,5083.733840844622,1872.093023255862
Hold,2022-07-20 02:00:00,58.09,5095.136280446188,Hold,5095.1362804462415,1876.291989664131
Hold,2022-07-20 03:00:00,58.38,5120.572491865182,Hold,5120.572491865237,1885.658914728731
Hold,2022-07-20 04:00:00,58.37,5119.695381126597,Hold,5119.695381126651,1885.33591731271
Hold,2022-07-20 05:00:00,58.6,5139.868928114075,Hold,5139.8689281141305,1892.7648578811857
Hold,2022-07-20 06:00:00,58.96,5171.444914703171,Hold,5171.444914703227,1904.3927648579302
Hold,2022-07-20 07:00:00,57.87,5075.839844197295,Hold,5075.8398441973495,1869.1860465116758
Hold,2022-07-20 08:00:00,57.4,5034.615639483752,Hold,5034.615639483806,1854.0051679587039
Hold,2022-07-20 09:00:00,57.83,5072.331401242951,Hold,5072.3314012430055,1867.8940568475932
Hold,2022-07-20 10:00:00,58.1,5096.013391184774,Hold,5096.013391184829,1876.6149870801519
Hold,2022-07-20 11:00:00,58.52,5132.852042205387,Hold,5132.852042205442,1890.1808785530202
Hold,2022-07-20 12:00:00,58.67,5146.008703284177,Hold,5146.008703284231,1895.0258397933303
Hold,2022-07-20 13:00:00,59.17,5189.864240213478,Hold,5189.864240213534,1911.1757105943643
Hold,2022-07-20 14:00:00,61.63,5405.633481905638,Hold,5405.633481905696,1990.6330749354518
Hold,2022-07-20 15:00:00,60.96,5346.867062420376,Hold,5346.867062420433,1968.9922480620662
Hold,2022-07-20 16:00:00,59.93,5256.524656346016,Hold,5256.524656346071,1935.7235142119362
Hold,2022-07-20 17:00:00,59.43,5212.669119416714,Hold,5212.66911941677,1919.5736434109024
Hold,2022-07-20 18:00:00,59.81,5245.999327482983,Hold,5245.999327483039,1931.847545219688
Hold,2022-07-20 19:00:00,58.9,5166.182250271656,Hold,5166.182250271711,1902.4547803618061
Hold,2022-07-20 20:00:00,57.06,5004.793874371828,Hold,5004.7938743718805,1843.0232558140012
Hold,2022-07-20 21:00:00,58.09,5095.136280446188,Hold,5095.1362804462415,1876.2919896641313
Hold,2022-07-20 22:00:00,57.37,5031.984307267994,Hold,5031.984307268047,1853.036175710642
Hold,2022-07-20 23:00:00,57.2,5017.073424712033,Hold,5017.073424712085,1847.545219638291
Hold,2022-07-21 00:00:00,57.21,5017.950535450618,Hold,5017.95053545067,1847.8682170543113
Hold,2022-07-21 01:00:00,56.9,4990.760102554451,Hold,4990.760102554503,1837.85529715767
Trailing-Stop,2022-07-21 02:00:00,55.41,4860.070602505134,Trailing stop 10.0% hit,4860.070602505185,1789.7286821705886
Buy,2022-07-22 04:00:00,57.74,4860.070602505134,Sinal: Compra,4860.070602505185,1864.9870801034072
Hold,2022-07-22 05:00:00,58.02,4873.876268547446,Hold,4873.876268547498,1874.0310077519864
Hold,2022-07-22 06:00:00,58.2,4888.996877446765,Hold,4888.996877446817,1879.8449612403588
Hold,2022-07-22 07:00:00,58.0,4872.196200891965,Hold,4872.196200892017,1873.385012919945
Hold,2022-07-22 08:00:00,58.24,4892.357012757726,Hold,4892.357012757779,1881.1369509044416
Hold,2022-07-22 09:00:00,58.77,4936.878805627945,Hold,4936.878805627998,1898.2558139535374
Hold,2022-07-22 10:00:00,58.68,4929.318501178285,Hold,4929.318501178338,1895.3488372093514
Hold,2022-07-22 11:00:00,59.02,4957.879651321445,Hold,4957.8796513214975,1906.3307493540547
Hold,2022-07-22 12:00:00,58.88,4946.119177733085,Hold,4946.119177733137,1901.8087855297651
Hold,2022-07-22 13:00:00,58.37,4903.277452518345,Hold,4903.277452518396,1885.3359173127105
Hold,2022-07-22 14:00:00,58.68,4929.318501178285,Hold,4929.318501178337,1895.3488372093514
Hold,2022-07-22 15:00:00,57.16,4801.633359361806,Hold,4801.6333593618565,1846.2532299742081
Hold,2022-07-22 16:00:00,57.4,4821.794171227566,Hold,4821.794171227617,1854.0051679587043
Hold,2022-07-22 17:00:00,57.2,4804.993494672766,Hold,4804.993494672817,1847.545219638291
Hold,2022-07-22 18:00:00,57.16,4801.633359361806,Hold,4801.6333593618565,1846.2532299742081
Hold,2022-07-22 19:00:00,55.78,4685.708691133687,Hold,4685.7086911337365,1801.6795865633544
Hold,2022-07-22 20:00:00,55.77,4684.868657305948,Hold,4684.868657305997,1801.3565891473338
Hold,2022-07-22 21:00:00,55.99,4703.349401516227,Hold,4703.349401516277,1808.4625322997888
Hold,2022-07-22 22:00:00,56.34,4732.750585487127,Hold,4732.750585487177,1819.7674418605122
Hold,2022-07-22 23:00:00,56.09,4711.749739793627,Hold,4711.749739793677,1811.6925064599955
Hold,2022-07-23 00:00:00,56.22,4722.670179554247,Hold,4722.670179554297,1815.891472868264
Hold,2022-07-23 01:00:00,56.26,4726.0303148652065,Hold,4726.0303148652565,1817.1834625323465
Hold,2022-07-23 02:00:00,56.55,4750.391295869666,Hold,4750.391295869715,1826.5503875969464
Hold,2022-07-23 03:00:00,56.42,4739.4708561090465,Hold,4739.470856109096,1822.3514211886777
Hold,2022-07-23 04:00:00,56.89,4778.952446012826,Hold,4778.952446012875,1837.53229974165
Hold,2022-07-23 05:00:00,56.8,4771.392141563166,Hold,4771.392141563215,1834.6253229974639
Hold,2022-07-23 06:00:00,56.88,4778.112412185086,Hold,4778.112412185135,1837.2093023256293
Hold,2022-07-23 07:00:00,56.73,4765.511904768986,Hold,4765.511904769035,1832.364341085319
Hold,2022-07-23 08:00:00,55.98,4702.509367688486,Hold,4702.5093676885335,1808.1395348837682
Hold,2022-07-23 09:00:00,56.33,4731.910551659386,Hold,4731.910551659434,1819.4444444444919
Hold,2022-07-23 10:00:00,55.97,4701.6693338607465,Hold,4701.669333860793,1807.8165374677476
Hold,2022-07-23 11:00:00,54.89,4610.945680464827,Hold,4610.945680464873,1772.932816537514
Hold,2022-07-23 12:00:00,55.49,4661.347710129227,Hold,4661.347710129274,1792.3126614987548
Hold,2022-07-23 13:00:00,55.66,4675.628285200806,Hold,4675.628285200853,1797.803617571106
Hold,2022-07-23 14:00:00,55.29,4644.547033574427,Hold,4644.547033574472,1785.8527131783408
Hold,2022-07-23 15:00:00,55.53,4664.707845440187,Hold,4664.707845440233,1793.6046511628372
Hold,2022-07-23 16:00:00,55.33,4647.907168885387,Hold,4647.907168885433,1787.1447028424234
Hold,2022-07-23 17:00:00,54.87,4609.265612809347,Hold,4609.265612809392,1772.2868217054722
Hold,2022-07-23 18:00:00,54.63,4589.104800943587,Hold,4589.104800943633,1764.534883720976
Hold,2022-07-23 19:00:00,55.43,4656.307507162786,Hold,4656.307507162833,1790.37467700263
Hold,2022-07-23 20:00:00,55.87,4693.268995583347,Hold,4693.268995583392,1804.58656330754
Hold,2022-07-23 21:00:00,55.71,4679.8284543395075,Hold,4679.828454339553,1799.4186046512093
Hold,2022-07-23 22:00:00,56.55,4750.391295869666,Hold,4750.391295869712,1826.5503875969464
Hold,2022-07-23 23:00:00,56.32,4731.070517831647,Hold,4731.070517831693,1819.1214470284708
Hold,2022-07-24 00:00:00,56.71,4763.8318371135065,Hold,4763.831837113552,1831.7183462532773
Hold,2022-07-24 01:00:00,56.78,4769.712073907686,Hold,4769.712073907733,1833.979328165422
Hold,2022-07-24 02:00:00,57.25,4809.193663811466,Hold,4809.193663811513,1849.1602067183942
Hold,2022-07-24 03:00:00,56.96,4784.832682807006,Hold,4784.832682807052,1839.7932816537946
Hold,2022-07-24 04:00:00,57.19,4804.153460845026,Hold,4804.153460845073,1847.2222222222701
Hold,2022-07-24 05:00:00,58.01,4873.036234719705,Hold,4873.036234719753,1873.7080103359658
Hold,2022-07-24 06:00:00,57.98,4870.516133236485,Hold,4870.516133236532,1872.7390180879036
Hold,2022-07-24 07:00:00,57.86,4860.435727303606,Hold,4860.435727303653,1868.8630490956555
Hold,2022-07-24 08:00:00,57.9,4863.7958626145655,Hold,4863.795862614612,1870.155038759738
Hold,2022-07-24 09:00:00,57.81,4856.235558164906,Hold,4856.2355581649535,1867.248062015552
Hold,2022-07-24 10:00:00,57.61,4839.434881610106,Hold,4839.434881610153,1860.7881136951385
Hold,2022-07-24 11:00:00,58.04,4875.556336202925,Hold,4875.5563362029725,1874.6770025840278
Hold,2022-07-24 12:00:00,57.49,4829.354475677226,Hold,4829.354475677273,1856.9121447028904
Hold,2022-07-24 13:00:00,57.63,4841.114949265586,Hold,4841.114949265632,1861.43410852718
Hold,2022-07-24 14:00:00,58.26,4894.037080413205,Hold,4894.037080413253,1881.7829457364826
Hold,2022-07-24 15:00:00,58.18,4887.316809791286,Hold,4887.316809791334,1879.1989664083171
Hold,2022-07-24 16:00:00,58.92,4949.479313044046,Hold,4949.479313044094,1903.1007751938473
Hold,2022-07-24 17:00:00,58.97,4953.679482182744,Hold,4953.6794821827925,1904.7157622739508
Hold,2022-07-24 18:00:00,59.28,4979.720530842685,Hold,4979.720530842734,1914.7286821705918
Hold,2022-07-24 19:00:00,59.22,4974.680327876245,Hold,4974.6803278762945,1912.7906976744675
Hold,2022-07-24 20:00:00,59.33,4983.920699981384,Hold,4983.920699981433,1916.343669250695
Hold,2022-07-24 21:00:00,59.34,4984.760733809125,Hold,4984.760733809173,1916.6666666667159
Hold,2022-07-24 22:00:00,58.52,4915.877959934445,Hold,4915.8779599344925,1890.1808785530202
Hold,2022-07-24 23:00:00,58.39,4904.957520173825,Hold,4904.957520173873,1885.9819121447513
Hold,2022-07-25 00:00:00,56.93,4782.312581323786,Hold,4782.312581323832,1838.8242894057319
Hold,2022-07-25 01:00:00,56.47,4743.671025247746,Hold,4743.671025247792,1823.9664082687805
Hold,2022-07-25 02:00:00,56.31,4730.230484003906,Hold,4730.230484003952,1818.7984496124498
Hold,2022-07-25 03:00:00,56.16,4717.629976587807,Hold,4717.629976587853,1813.9534883721394
Hold,2022-07-25 04:00:00,56.37,4735.270686970346,Hold,4735.2706869703925,1820.7364341085736
Hold,2022-07-25 05:00:00,56.48,4744.511059075486,Hold,4744.511059075532,1824.289405684801
Hold,2022-07-25 06:00:00,56.21,4721.830145726507,Hold,4721.830145726553,1815.568475452243
Hold,2022-07-25 07:00:00,56.1,4712.5897736213665,Hold,4712.589773621413,1812.0155038760156
Hold,2022-07-25 08:00:00,56.62,4756.271532663845,Hold,4756.271532663892,1828.8113695090908
Hold,2022-07-25 09:00:00,56.45,4741.990957592267,Hold,4741.990957592312,1823.3204134367393
Hold,2022-07-25 10:00:00,56.58,4752.9113973528865,Hold,4752.911397352933,1827.5193798450077
Hold,2022-07-25 11:00:00,56.58,4752.9113973528865,Hold,4752.911397352933,1827.5193798450077
Hold,2022-07-25 12:00:00,56.58,4752.9113973528865,Hold,4752.911397352933,1827.5193798450077
Hold,2022-07-25 13:00:00,56.45,4741.990957592267,Hold,4741.990957592312,1823.320413436739
Hold,2022-07-25 14:00:00,56.41,4738.630822281306,Hold,4738.630822281351,1822.0284237726562
Hold,2022-07-25 15:00:00,56.45,4741.990957592267,Hold,4741.990957592312,1823.320413436739
Hold,2022-07-25 16:00:00,56.46,4742.830991420006,Hold,4742.830991420053,1823.6434108527599
Hold,2022-07-25 17:00:00,56.23,4723.510213381986,Hold,4723.510213382032,1816.2144702842843
Hold,2022-07-25 18:00:00,56.26,4726.0303148652065,Hold,4726.030314865253,1817.1834625323463
Hold,2022-07-25 19:00:00,55.84,4690.7488941001275,Hold,4690.748894100174,1803.617571059478
Hold,2022-07-25 20:00:00,56.34,4732.750585487127,Hold,4732.750585487173,1819.7674418605118
Hold,2022-07-25 21:00:00,56.25,4725.190281037466,Hold,4725.190281037513,1816.8604651163255
Hold,2022-07-25 22:00:00,55.67,4676.468319028547,Hold,4676.468319028593,1798.1266149871262
Hold,2022-07-25 23:00:00,54.0,4536.182669795968,Hold,4536.182669796013,1744.1860465116727
Trailing-Stop,2022-07-26 00:00:00,53.12,4462.259692954848,Trailing stop 10.0% hit,4462.259692954893,1715.7622739018527
Buy,2022-07-28 14:00:00,59.84,4462.259692954848,Sinal: Compra,4462.259692954893,1932.8165374677496
Hold,2022-07-28 15:00:00,62.0,4614.088526426723,Hold,4614.088526426769,2002.5839793282169
Hold,2022-07-28 16:00:00,62.53,4653.531541249403,Hold,4653.53154124945,2019.702842377313
Hold,2022-07-28 17:00:00,63.39,4717.533414357903,Hold,4717.53341435795,2047.4806201550914
Hold,2022-07-28 18:00:00,62.72,4667.671489959421,Hold,4667.671489959467,2025.8397932817056
Hold,2022-07-28 19:00:00,63.33,4713.068167396845,Hold,4713.068167396892,2045.542635658967
Hold,2022-07-28 20:00:00,63.39,4717.533414357903,Hold,4717.53341435795,2047.480620155091
Hold,2022-07-28 21:00:00,63.92,4756.976429180583,Hold,4756.9764291806305,2064.599483204187
Hold,2022-07-28 22:00:00,63.86,4752.511182219525,Hold,4752.511182219572,2062.661498708063
Hold,2022-07-28 23:00:00,63.41,4719.0218300115885,Hold,4719.021830011635,2048.126614987132
Hold,2022-07-29 00:00:00,63.84,4751.022766565839,Hold,4751.022766565886,2062.0155038760213
Hold,2022-07-29 01:00:00,63.42,4719.766037838433,Hold,4719.766037838479,2048.449612403153
Hold,2022-07-29 02:00:00,62.94,4684.0440621499665,Hold,4684.044062150012,2032.9457364341602
Hold,2022-07-29 03:00:00,63.62,4734.650194375292,Hold,4734.650194375337,2054.9095607235663
Hold,2022-07-29 04:00:00,64.02,4764.418507449013,Hold,4764.418507449059,2067.829457364393
Hold,2022-07-29 05:00:00,63.91,4756.23222135374,Hold,4756.2322213537855,2064.2764857881657
Hold,2022-07-29 06:00:00,62.52,4652.787333422561,Hold,4652.787333422605,2019.3798449612914
Hold,2022-07-29 07:00:00,62.4,4643.856839500444,Hold,4643.856839500489,2015.5038759690433
Hold,2022-07-29 08:00:00,62.39,4643.112631673601,Hold,4643.112631673645,2015.1808785530227
Hold,2022-07-29 09:00:00,62.8,4673.6251525741645,Hold,4673.62515257421,2028.4237726098704
Hold,2022-07-29 10:00:00,62.11,4622.274812521997,Hold,4622.274812522041,2006.1369509044437
Hold,2022-07-29 11:00:00,60.81,4525.527795032404,Hold,4525.527795032448,1964.1472868217554
Hold,2022-07-29 12:00:00,60.39,4494.2710663049975,Hold,4494.271066305041,1950.5813953488866
Hold,2022-07-29 13:00:00,61.33,4564.22660202824,Hold,4564.226602028285,1980.9431524548306
Hold,2022-07-29 14:00:00,61.68,4590.273875967747,Hold,4590.273875967791,1992.2480620155548
Hold,2022-07-29 15:00:00,61.71,4592.5064994482755,Hold,4592.50649944832,1993.2170542636168
Hold,2022-07-29 16:00:00,61.07,4544.877198530323,Hold,4544.8771985303665,1972.5452196382932
Hold,2022-07-29 17:00:00,60.86,4529.248834166619,Hold,4529.248834166664,1965.762273901859
Hold,2022-07-29 18:00:00,61.21,4555.296108106125,Hold,4555.296108106169,1977.0671834625828
Hold,2022-07-29 19:00:00,61.02,4541.156159396108,Hold,4541.156159396152,1970.9302325581898
Hold,2022-07-29 20:00:00,61.53,4579.110758565102,Hold,4579.110758565147,1987.4031007752446
Hold,2022-07-29 21:00:00,61.51,4577.622342911415,Hold,4577.62234291146,1986.757105943203
Hold,2022-07-29 22:00:00,61.73,4593.994915101961,Hold,4593.994915102006,1993.8630490956577
Hold,2022-07-29 23:00:00,60.65,4513.620469802915,Hold,4513.62046980296,1958.9793281654245
Hold,2022-07-30 00:00:00,61.58,4582.831797699317,Hold,4582.831797699362,1989.0180878553476
Hold,2022-07-30 01:00:00,61.58,4582.831797699317,Hold,4582.831797699362,1989.0180878553476
Hold,2022-07-30 02:00:00,61.35,4565.715017681927,Hold,4565.715017681972,1981.589147286872
Hold,2022-07-30 03:00:00,61.2,4554.551900279282,Hold,4554.551900279326,1976.744186046562
Hold,2022-07-30 04:00:00,60.91,4532.969873300834,Hold,4532.969873300878,1967.377260981962
Hold,2022-07-30 05:00:00,61.2,4554.551900279282,Hold,4554.551900279326,1976.7441860465617
Hold,2022-07-30 06:00:00,61.37,4567.203433335613,Hold,4567.203433335658,1982.2351421189132
Hold,2022-07-30 07:00:00,61.49,4576.13392725773,Hold,4576.133927257775,1986.1111111111618
Hold,2022-07-30 08:00:00,62.17,4626.740059483055,Hold,4626.740059483101,2008.0749354005677
Hold,2022-07-30 09:00:00,62.08,4620.042189041468,Hold,4620.042189041514,2005.1679586563816
Hold,2022-07-30 10:00:00,61.77,4596.971746409334,Hold,4596.971746409379,1995.1550387597406
Hold,2022-07-30 11:00:00,62.16,4625.995851656212,Hold,4625.995851656258,2007.7519379845467
Hold,2022-07-30 12:00:00,62.39,4643.112631673601,Hold,4643.112631673647,2015.1808785530227
Hold,2022-07-30 13:00:00,62.83,4675.857776054694,Hold,4675.8577760547405,2029.3927648579327
Hold,2022-07-30 14:00:00,62.68,4664.694658652049,Hold,4664.694658652094,2024.5478036176223
Hold,2022-07-30 15:00:00,63.24,4706.370296955258,Hold,4706.370296955303,2042.6356589147806
Hold,2022-07-30 16:00:00,63.15,4699.67242651367,Hold,4699.672426513715,2039.7286821705945
Hold,2022-07-30 17:00:00,63.66,4737.627025682665,Hold,4737.627025682711,2056.201550387649
Hold,2022-07-30 18:00:00,63.43,4720.510245665276,Hold,4720.510245665322,2048.7726098191733
Hold,2022-07-30 19:00:00,61.73,4593.994915101961,Hold,4593.994915102006,1993.8630490956577
Hold,2022-07-30 20:00:00,61.74,4594.739122928805,Hold,4594.7391229288505,1994.1860465116786
Hold,2022-07-30 21:00:00,61.6,4584.320213353003,Hold,4584.3202133530485,1989.6640826873888
Hold,2022-07-30 22:00:00,60.84,4527.760418512934,Hold,4527.760418512979,1965.1162790698172
Hold,2022-07-30 23:00:00,60.42,4496.503689785526,Hold,4496.503689785572,1951.5503875969484
Hold,2022-07-31 00:00:00,60.99,4538.923535915579,Hold,4538.923535915625,1969.9612403101273
Hold,2022-07-31 01:00:00,60.96,4536.6909124350495,Hold,4536.690912435095,1968.9922480620653
Hold,2022-07-31 02:00:00,61.18,4553.063484625595,Hold,4553.063484625641,1976.0981912145205
Hold,2022-07-31 03:00:00,60.92,4533.714081127678,Hold,4533.714081127723,1967.700258397983
Hold,2022-07-31 04:00:00,61.4,4569.436056816143,Hold,4569.436056816188,1983.204134366975
Hold,2022-07-31 05:00:00,60.96,4536.6909124350495,Hold,4536.690912435096,1968.9922480620653
Hold,2022-07-31 06:00:00,61.32,4563.482394201397,Hold,4563.482394201444,1980.6201550388096
Hold,2022-07-31 07:00:00,61.15,4550.830861145067,Hold,4550.830861145113,1975.1291989664578
Hold,2022-07-31 08:00:00,60.68,4515.853093283445,Hold,4515.853093283491,1959.948320413486
Hold,2022-07-31 09:00:00,61.23,4556.78452375981,Hold,4556.784523759858,1977.7131782946233
Hold,2022-07-31 10:00:00,61.6,4584.320213353003,Hold,4584.320213353049,1989.6640826873888
Hold,2022-07-31 11:00:00,61.5,4576.878135084572,Hold,4576.878135084618,1986.434108527182
Hold,2022-07-31 12:00:00,61.64,4587.297044660374,Hold,4587.29704466042,1990.9560723514714
Hold,2022-07-31 13:00:00,61.18,4553.063484625595,Hold,4553.063484625642,1976.09819121452
Hold,2022-07-31 14:00:00,61.51,4577.622342911415,Hold,4577.622342911462,1986.7571059432028
Hold,2022-07-31 15:00:00,61.51,4577.622342911415,Hold,4577.622342911462,1986.7571059432028
Hold,2022-07-31 16:00:00,61.98,4612.600110773037,Hold,4612.6001107730835,2001.9379844961747
Hold,2022-07-31 17:00:00,62.13,4623.763228175683,Hold,4623.76322817573,2006.7829457364849
Hold,2022-07-31 18:00:00,61.69,4591.01808379459,Hold,4591.0180837946355,1992.571059431575
Hold,2022-07-31 19:00:00,61.92,4608.134863811979,Hold,4608.134863812024,2000.0000000000507
Hold,2022-07-31 20:00:00,62.16,4625.995851656212,Hold,4625.995851656258,2007.7519379845467
Hold,2022-07-31 21:00:00,61.58,4582.831797699317,Hold,4582.831797699362,1989.0180878553474
Hold,2022-07-31 22:00:00,60.07,4470.456415846021,Hold,4470.456415846065,1940.2454780362248
Hold,2022-07-31 23:00:00,59.74,4445.897557560201,Hold,4445.897557560245,1929.5865633075425
Hold,2022-08-01 00:00:00,60.2,4480.1311175949795,Hold,4480.131117595024,1944.444444444494
Hold,2022-08-01 01:00:00,60.39,4494.2710663049975,Hold,4494.271066305043,1950.5813953488866
Hold,2022-08-01 02:00:00,60.28,4486.084780209724,Hold,4486.08478020977,1947.0284237726592
Hold,2022-08-01 03:00:00,60.04,4468.223792365492,Hold,4468.223792365537,1939.2764857881627
Hold,2022-08-01 04:00:00,60.22,4481.619533248666,Hold,4481.6195332487105,1945.090439276535
Hold,2022-08-01 05:00:00,59.99,4464.502753231276,Hold,4464.502753231321,1937.6614987080595
Hold,2022-08-01 06:00:00,59.4,4420.594491447538,Hold,4420.594491447581,1918.6046511628394
Hold,2022-08-01 07:00:00,59.98,4463.758545404433,Hold,4463.758545404477,1937.3385012920385
Hold,2022-08-01 08:00:00,59.57,4433.24602450387,Hold,4433.246024503914,1924.0956072351908
Hold,2022-08-01 09:00:00,59.79,4449.618596694416,Hold,4449.6185966944595,1931.2015503876457
Hold,2022-08-01 10:00:00,58.96,4387.849347066445,Hold,4387.849347066489,1904.3927648579293
Hold,2022-08-01 11:00:00,59.39,4419.850283620695,Hold,4419.850283620739,1918.2816537468186
Hold,2022-08-01 12:00:00,58.95,4387.105139239603,Hold,4387.105139239646,1904.0697674419087
Hold,2022-08-01 13:00:00,59.43,4422.827114928067,Hold,4422.827114928111,1919.573643410901
Hold,2022-08-01 14:00:00,59.94,4460.781714097061,Hold,4460.781714097104,1936.0465116279554
Hold,2022-08-01 15:00:00,59.77,4448.13018104073,Hold,4448.130181040773,1930.5555555556043
Hold,2022-08-01 16:00:00,59.36,4417.617660140167,Hold,4417.617660140209,1917.3126614987564
Hold,2022-08-01 17:00:00,58.61,4361.802073126939,Hold,4361.802073126981,1893.0878552972056
Hold,2022-08-01 18:00:00,58.71,4369.24415139537,Hold,4369.244151395412,1896.3178294574125
Hold,2022-08-01 19:00:00,58.57,4358.825241819568,Hold,4358.82524181961,1891.7958656331232
Hold,2022-08-01 20:00:00,59.07,4396.035633161719,Hold,4396.03563316176,1907.9457364341572
Hold,2022-08-01 21:00:00,58.77,4373.709398356428,Hold,4373.70939835647,1898.255813953537
Hold,2022-08-01 22:00:00,59.01,4391.57038620066,Hold,4391.570386200703,1906.0077519380332
Hold,2022-08-01 23:00:00,59.44,4423.57132275491,Hold,4423.571322754953,1919.8966408269223
Hold,2022-08-02 00:00:00,59.07,4396.035633161719,Hold,4396.035633161761,1907.9457364341572
Hold,2022-08-02 01:00:00,58.55,4357.336826165881,Hold,4357.336826165923,1891.149870801082
Hold,2022-08-02 02:00:00,57.64,4289.613913923166,Hold,4289.613913923208,1861.7571059432
Trailing-Stop,2022-08-02 03:00:00,57.18,4255.380353888388,Trailing stop 10.0% hit,4255.380353888429,1846.8992248062489
Buy,2022-08-08 16:00:00,62.82,4255.380353888388,Sinal: Compra,4255.380353888429,2029.0697674419125
Hold,2022-08-08 17:00:00,62.88,4250.930079552905,Hold,4250.930079552947,2031.007751938037
Hold,2022-08-08 18:00:00,62.8,4245.521771563652,Hold,4245.521771563693,2028.4237726098713
Hold,2022-08-08 19:00:00,63.18,4271.211234512604,Hold,4271.211234512646,2040.697674418657
Hold,2022-08-08 20:00:00,63.48,4291.492389472302,Hold,4291.492389472345,2050.3875968992775
Hold,2022-08-08 21:00:00,62.69,4238.085348078428,Hold,4238.08534807847,2024.8708010336434
Hold,2022-08-08 22:00:00,62.68,4237.4093095797725,Hold,4237.409309579814,2024.5478036176228
Hold,2022-08-08 23:00:00,62.61,4232.6770400891755,Hold,4232.677040089218,2022.2868217054781
Hold,2022-08-09 00:00:00,62.44,4221.184385612012,Hold,4221.184385612054,2016.7958656331266
Hold,2022-08-09 01:00:00,62.18,4203.607384646941,Hold,4203.607384646983,2008.3979328165888
Hold,2022-08-09 02:00:00,62.4,4218.4802316173855,Hold,4218.480231617427,2015.5038759690437
Hold,2022-08-09 03:00:00,62.48,4223.88853960664,Hold,4223.888539606681,2018.087855297209
Hold,2022-08-09 04:00:00,62.75,4242.141579070368,Hold,4242.141579070409,2026.8087855297674
Hold,2022-08-09 05:00:00,62.74,4241.465540571712,Hold,4241.465540571753,2026.4857881137468
Hold,2022-08-09 06:00:00,62.55,4228.620809097235,Hold,4228.620809097276,2020.3488372093536
Hold,2022-08-09 07:00:00,62.53,4227.268732099923,Hold,4227.268732099963,2019.7028423773124
Hold,2022-08-09 08:00:00,61.98,4190.086614673808,Hold,4190.086614673848,2001.9379844961752
Hold,2022-08-09 09:00:00,61.05,4127.215034298741,Hold,4127.21503429878,1971.8992248062518
Hold,2022-08-09 10:00:00,60.37,4081.2444163900896,Hold,4081.2444163901278,1949.9354005168457
Hold,2022-08-09 11:00:00,59.87,4047.442491457258,Hold,4047.4424914572955,1933.7855297158117
Hold,2022-08-09 12:00:00,59.97,4054.2028764438246,Hold,4054.2028764438624,1937.0155038760186
Hold,2022-08-09 13:00:00,59.24,4004.852066041891,Hold,4004.852066041928,1913.4366925065092
Hold,2022-08-09 14:00:00,58.9,3981.8667570875646,Hold,3981.8667570876014,1902.454780361806
Hold,2022-08-09 15:00:00,58.85,3978.486564594282,Hold,3978.486564594319,1900.8397932817027
Hold,2022-08-09 16:00:00,58.85,3978.486564594282,Hold,3978.486564594319,1900.8397932817027
Hold,2022-08-09 17:00:00,58.93,3983.894872583535,Hold,3983.8948725835717,1903.423772609868
Hold,2022-08-09 18:00:00,58.9,3981.8667570875646,Hold,3981.8667570876014,1902.4547803618057
Hold,2022-08-09 19:00:00,58.93,3983.894872583535,Hold,3983.8948725835717,1903.4237726098677
Hold,2022-08-09 20:00:00,59.22,4003.499989044577,Hold,4003.499989044613,1912.7906976744675
Hold,2022-08-09 21:00:00,59.26,4006.2041430392032,Hold,4006.2041430392396,1914.0826873385502
Hold,2022-08-09 22:00:00,59.19,4001.471873548607,Hold,4001.4718735486435,1911.8217054264053
Hold,2022-08-09 23:00:00,59.16,3999.443758052637,Hold,3999.4437580526733,1910.852713178343
Hold,2022-08-10 00:00:00,58.39,3947.388793656077,Hold,3947.3887936561127,1885.9819121447508
Hold,2022-08-10 01:00:00,58.46,3952.121063146673,Hold,3952.1210631467093,1888.2428940568955
Hold,2022-08-10 02:00:00,58.46,3952.121063146673,Hold,3952.1210631467093,1888.2428940568955
Hold,2022-08-10 03:00:00,58.26,3938.60029317354,Hold,3938.600293173576,1881.7829457364817
Hold,2022-08-10 04:00:00,58.69,3967.669948615776,Hold,3967.669948615812,1895.671834625371
Hold,2022-08-10 05:00:00,58.51,3955.501255639956,Hold,3955.501255639992,1889.8578811369991
Hold,2022-08-10 06:00:00,58.34,3944.008601162794,Hold,3944.0086011628305,1884.3669250646478
Hold,2022-08-10 07:00:00,58.58,3960.2335251305526,Hold,3960.233525130589,1892.118863049144
Hold,2022-08-10 08:00:00,58.85,3978.486564594282,Hold,3978.4865645943187,1900.8397932817027
Hold,2022-08-10 09:00:00,58.73,3970.374102610402,Hold,3970.374102610439,1896.9638242894544
Hold,2022-08-10 10:00:00,58.64,3964.2897561224927,Hold,3964.2897561225295,1894.0568475452685
Hold,2022-08-10 11:00:00,59.03,3990.655257570101,Hold,3990.655257570138,1906.6537467700753
Hold,2022-08-10 12:00:00,61.65,4167.777344218139,Hold,4167.777344218178,1991.2790697674936
Hold,2022-08-10 13:00:00,61.68,4169.805459714109,Hold,4169.805459714149,1992.2480620155557
Hold,2022-08-10 14:00:00,62.12,4199.551153655,Hold,4199.551153655039,2006.4599483204652
Hold,2022-08-10 15:00:00,61.82,4179.269998695301,Hold,4179.26999869534,1996.770025839845
Hold,2022-08-10 16:00:00,61.76,4175.213767703362,Hold,4175.213767703401,1994.8320413437207
Hold,2022-08-10 17:00:00,61.85,4181.298114191271,Hold,4181.298114191311,1997.739018087907
Hold,2022-08-10 18:00:00,61.15,4133.975419285307,Hold,4133.975419285345,1975.129198966459
Hold,2022-08-10 19:00:00,61.34,4146.820150759783,Hold,4146.820150759822,1981.2661498708521
Hold,2022-08-10 20:00:00,61.57,4162.369036228886,Hold,4162.369036228925,1988.6950904393277
Hold,2022-08-10 21:00:00,61.69,4170.4814982127655,Hold,4170.481498212805,1992.5710594315756
Hold,2022-08-10 22:00:00,61.67,4169.129421215452,Hold,4169.129421215491,1991.9250645995344
Hold,2022-08-10 23:00:00,61.59,4163.721113226199,Hold,4163.721113226238,1989.3410852713691
Hold,2022-08-11 00:00:00,62.1,4198.199076657687,Hold,4198.199076657726,2005.8139534884235
Hold,2022-08-11 01:00:00,62.47,4223.2125011079825,Hold,4223.212501108022,2017.7648578811888
Hold,2022-08-11 02:00:00,61.84,4180.622075692615,Hold,4180.622075692654,1997.4160206718864
Hold,2022-08-11 03:00:00,62.16,4202.255307649627,Hold,4202.255307649666,2007.7519379845476
Hold,2022-08-11 04:00:00,62.35,4215.100039124103,Hold,4215.100039124142,2013.8888888889408
Hold,2022-08-11 05:00:00,62.44,4221.184385612012,Hold,4221.184385612052,2016.7958656331266
Hold,2022-08-11 06:00:00,62.16,4202.255307649627,Hold,4202.255307649667,2007.7519379845476
Hold,2022-08-11 07:00:00,61.79,4177.241883199331,Hold,4177.24188319937,1995.8010335917827
Hold,2022-08-11 08:00:00,62.11,4198.875115156344,Hold,4198.875115156382,2006.1369509044446
Hold,2022-08-11 09:00:00,61.75,4174.537729204705,Hold,4174.537729204743,1994.5090439277
Hold,2022-08-11 10:00:00,61.75,4174.537729204705,Hold,4174.537729204743,1994.5090439277
Hold,2022-08-11 11:00:00,62.32,4213.071923628133,Hold,4213.071923628171,2012.9198966408785
Hold,2022-08-11 12:00:00,63.29,4278.647657997827,Hold,4278.647657997866,2044.2506459948845
Hold,2022-08-11 13:00:00,62.94,4254.986310544845,Hold,4254.986310544884,2032.945736434161
Hold,2022-08-11 14:00:00,62.61,4232.6770400891755,Hold,4232.677040089215,2022.2868217054786
Hold,2022-08-11 15:00:00,62.07,4196.170961161718,Hold,4196.170961161757,2004.8449612403617
Hold,2022-08-11 16:00:00,62.48,4223.88853960664,Hold,4223.888539606678,2018.0878552972094
Hold,2022-08-11 17:00:00,62.78,4244.169694566338,Hold,4244.169694566376,2027.7777777778301
Hold,2022-08-11 18:00:00,62.38,4217.1281546200735,Hold,4217.128154620111,2014.857881137003
Hold,2022-08-11 19:00:00,62.51,4225.916655102609,Hold,4225.9166551026465,2019.0568475452717
Hold,2022-08-11 20:00:00,62.62,4233.353078587832,Hold,4233.353078587869,2022.6098191214992
Hold,2022-08-11 21:00:00,62.49,4224.564578105296,Hold,4224.5645781053345,2018.4108527132305
Hold,2022-08-11 22:00:00,61.84,4180.622075692615,Hold,4180.622075692652,1997.4160206718866
Hold,2022-08-11 23:00:00,61.84,4180.622075692615,Hold,4180.622075692652,1997.4160206718866
Hold,2022-08-12 00:00:00,61.78,4176.565844700675,Hold,4176.565844700713,1995.4780361757626
Hold,2022-08-12 01:00:00,61.73,4173.185652207391,Hold,4173.185652207429,1993.8630490956589
Hold,2022-08-12 02:00:00,61.97,4189.410576175151,Hold,4189.410576175188,2001.6149870801553
Hold,2022-08-12 03:00:00,61.79,4177.241883199331,Hold,4177.241883199368,1995.8010335917832
Hold,2022-08-12 04:00:00,61.47,4155.608651242319,Hold,4155.608651242356,1985.4651162791213
Hold,2022-08-12 05:00:00,61.87,4182.650191188585,Hold,4182.650191188622,1998.3850129199484
Hold,2022-08-12 06:00:00,61.7,4171.157536711422,Hold,4171.157536711458,1992.894056847597
Hold,2022-08-12 07:00:00,61.8,4177.917921697988,Hold,4177.917921698025,1996.124031007804
Hold,2022-08-12 08:00:00,61.81,4178.593960196646,Hold,4178.593960196681,1996.4470284238248
Hold,2022-08-12 09:00:00,61.99,4190.762653172464,Hold,4190.762653172499,2002.260981912197
Hold,2022-08-12 10:00:00,61.15,4133.975419285307,Hold,4133.9754192853425,1975.1291989664596
Hold,2022-08-12 11:00:00,60.76,4107.609917837699,Hold,4107.609917837734,1962.532299741653
Hold,2022-08-12 12:00:00,61.1,4130.595226792024,Hold,4130.595226792059,1973.5142118863562
Hold,2022-08-12 13:00:00,61.3,4144.1159967651565,Hold,4144.115996765191,1979.9741602067697
Hold,2022-08-12 14:00:00,61.37,4148.8482662557535,Hold,4148.848266255788,1982.2351421189146
Hold,2022-08-12 15:00:00,61.69,4170.4814982127655,Hold,4170.4814982128,1992.5710594315767
Hold,2022-08-12 16:00:00,61.59,4163.721113226199,Hold,4163.721113226235,1989.34108527137
Hold,2022-08-12 17:00:00,61.68,4169.805459714109,Hold,4169.8054597141445,1992.2480620155563
Hold,2022-08-12 18:00:00,62.21,4205.63550014291,Hold,4205.635500142946,2009.3669250646524
Hold,2022-08-12 19:00:00,62.39,4217.80419311873,Hold,4217.804193118765,2015.180878553025
Hold,2022-08-12 20:00:00,62.48,4223.88853960664,Hold,4223.888539606675,2018.0878552972108
Hold,2022-08-12 21:00:00,62.17,4202.931346148283,Hold,4202.931346148319,2008.0749354005695
Hold,2022-08-12 22:00:00,62.52,4226.592693601266,Hold,4226.592693601302,2019.3798449612932
Hold,2022-08-12 23:00:00,62.88,4250.930079552905,Hold,4250.930079552942,2031.0077519380375
Hold,2022-08-13 00:00:00,62.99,4258.366503038128,Hold,4258.366503038164,2034.560723514265
Hold,2022-08-13 01:00:00,63.0,4259.0425415367845,Hold,4259.042541536822,2034.8837209302856
Hold,2022-08-13 02:00:00,63.52,4294.196543466929,Hold,4294.196543466967,2051.679586563361
Hold,2022-08-13 03:00:00,63.96,4323.942237407821,Hold,4323.9422374078595,2065.8914728682707
Hold,2022-08-13 04:00:00,63.61,4300.280889954839,Hold,4300.280889954876,2054.586563307547
Hold,2022-08-13 05:00:00,63.66,4303.661082448121,Hold,4303.6610824481595,2056.20155038765
Hold,2022-08-13 06:00:00,64.04,4329.350545397075,Hold,4329.350545397113,2068.475452196436
Hold,2022-08-13 07:00:00,63.76,4310.421467434689,Hold,4310.421467434727,2059.4315245478565
Hold,2022-08-13 08:00:00,63.61,4300.280889954839,Hold,4300.280889954876,2054.586563307547
Hold,2022-08-13 09:00:00,64.28,4345.575469364833,Hold,4345.5754693648705,2076.2273901809326
Hold,2022-08-13 10:00:00,64.29,4346.25150786349,Hold,4346.251507863527,2076.5503875969534
Hold,2022-08-13 11:00:00,64.21,4340.843199874236,Hold,4340.843199874274,2073.9664082687877
Hold,2022-08-13 12:00:00,64.08,4332.0546993917005,Hold,4332.054699391739,2069.767441860519
Hold,2022-08-13 13:00:00,63.98,4325.294314405134,Hold,4325.2943144051715,2066.537467700312
Hold,2022-08-13 14:00:00,64.09,4332.730737890357,Hold,4332.730737890395,2070.0904392765397
Hold,2022-08-13 15:00:00,65.4,4421.291781214376,Hold,4421.291781214415,2112.4031007752487
Hold,2022-08-13 16:00:00,64.74,4376.673240303038,Hold,4376.673240303076,2091.0852713178833
Hold,2022-08-13 17:00:00,64.89,4386.813817782888,Hold,4386.813817782926,2095.9302325581934
Hold,2022-08-13 18:00:00,63.84,4315.829775423942,Hold,4315.82977542398,2062.015503876022
Hold,2022-08-13 19:00:00,63.4,4286.084081483049,Hold,4286.084081483087,2047.8036175711125
Hold,2022-08-13 20:00:00,63.77,4311.097505933345,Hold,4311.097505933382,2059.754521963878
Hold,2022-08-13 21:00:00,63.99,4325.9703529037915,Hold,4325.970352903829,2066.8604651163323
Hold,2022-08-13 22:00:00,63.69,4305.689197944092,Hold,4305.689197944129,2057.1705426357116
Hold,2022-08-13 23:00:00,63.8,4313.125621429314,Hold,4313.125621429351,2060.723514211939
Hold,2022-08-14 00:00:00,64.23,4342.19527687155,Hold,4342.195276871586,2074.6124031008285
Hold,2022-08-14 01:00:00,64.42,4355.040008346026,Hold,4355.040008346064,2080.749354005221
Hold,2022-08-14 02:00:00,64.6,4367.208701321845,Hold,4367.208701321883,2086.563307493593
Hold,2022-08-14 03:00:00,64.72,4375.321163305725,Hold,4375.321163305764,2090.4392764858417
Hold,2022-08-14 04:00:00,64.82,4382.081548292291,Hold,4382.081548292329,2093.669250646048
Hold,2022-08-14 05:00:00,65.1,4401.010626254677,Hold,4401.010626254715,2102.713178294627
Hold,2022-08-14 06:00:00,64.94,4390.194010276171,Hold,4390.194010276209,2097.545219638296
Hold,2022-08-14 07:00:00,65.41,4421.967819713032,Hold,4421.967819713072,2112.726098191268
Hold,2022-08-14 08:00:00,65.12,4402.362703251991,Hold,4402.362703252029,2103.359173126669
Hold,2022-08-14 09:00:00,65.29,4413.855357729153,Hold,4413.855357729192,2108.8501291990206
Hold,2022-08-14 10:00:00,64.74,4376.673240303038,Hold,4376.673240303076,2091.085271317883
Hold,2022-08-14 11:00:00,64.56,4364.5045473272185,Hold,4364.504547327257,2085.2713178295107
Hold,2022-08-14 12:00:00,64.38,4352.335854351399,Hold,4352.335854351437,2079.457364341138
Hold,2022-08-14 13:00:00,64.19,4339.491122876923,Hold,4339.4911228769615,2073.3204134367456
Hold,2022-08-14 14:00:00,64.74,4376.673240303038,Hold,4376.673240303077,2091.085271317883
Hold,2022-08-14 15:00:00,65.29,4413.855357729153,Hold,4413.855357729193,2108.85012919902
Hold,2022-08-14 16:00:00,63.54,4295.548620464242,Hold,4295.54862046428,2052.325581395401
Hold,2022-08-14 17:00:00,63.12,4267.155003520664,Hold,4267.155003520702,2038.7596899225323
Hold,2022-08-14 18:00:00,63.59,4298.928812957525,Hold,4298.928812957563,2053.9405684755043
Hold,2022-08-14 19:00:00,63.4,4286.084081483049,Hold,4286.084081483087,2047.803617571111
Hold,2022-08-14 20:00:00,63.37,4284.05596598708,Hold,4284.055965987117,2046.8346253230493
Hold,2022-08-14 21:00:00,63.44,4288.788235477677,Hold,4288.788235477715,2049.095607235194
Hold,2022-08-14 22:00:00,63.1,4265.80292652335,Hold,4265.802926523387,2038.113695090491
Hold,2022-08-14 23:00:00,63.14,4268.507080517978,Hold,4268.507080518015,2039.4056847545735
Hold,2022-08-15 00:00:00,63.8,4313.125621429314,Hold,4313.125621429352,2060.7235142119384
Hold,2022-08-15 01:00:00,64.12,4334.758853386327,Hold,4334.758853386365,2071.0594315246
Hold,2022-08-15 02:00:00,64.86,4384.7857022869175,Hold,4384.785702286956,2094.96124031013
Hold,2022-08-15 03:00:00,64.55,4363.828508828562,Hold,4363.828508828599,2084.948320413489
Hold,2022-08-15 04:00:00,64.19,4339.491122876923,Hold,4339.491122876961,2073.3204134367443
Hold,2022-08-15 05:00:00,64.0,4326.646391402447,Hold,4326.646391402485,2067.1834625323513
Hold,2022-08-15 06:00:00,61.78,4176.565844700675,Hold,4176.565844700712,1995.4780361757607
Hold,2022-08-15 07:00:00,61.35,4147.49618925844,Hold,4147.496189258476,1981.5891472868714
Hold,2022-08-15 08:00:00,61.28,4142.763919767844,Hold,4142.76391976788,1979.3281653747265
Hold,2022-08-15 09:00:00,61.48,4156.284689740976,Hold,4156.284689741013,1985.7881136951398
Hold,2022-08-15 10:00:00,61.66,4168.453382716795,Hold,4168.453382716832,1991.6020671835122
Hold,2022-08-15 11:00:00,61.06,4127.891072797397,Hold,4127.8910727974335,1972.2222222222715
Hold,2022-08-15 12:00:00,60.91,4117.750495317548,Hold,4117.750495317584,1967.3772609819614
Hold,2022-08-15 13:00:00,61.7,4171.157536711422,Hold,4171.157536711459,1992.8940568475953
Hold,2022-08-15 14:00:00,61.46,4154.932612743663,Hold,4154.932612743701,1985.1421188630989
Hold,2022-08-15 15:00:00,61.72,4172.509613708736,Hold,4172.509613708773,1993.5400516796365
Hold,2022-08-15 16:00:00,62.03,4193.466807167091,Hold,4193.466807167129,2003.5529715762777
Sell,2022-08-15 17:00:00,61.05,4127.215034298741,Sinal: Venda,4127.215034298779,1971.899224806251
Buy,2022-08-22 19:00:00,56.41,4127.215034298741,Sinal: Compra,4127.215034298779,1822.0284237726553
Hold,2022-08-22 20:00:00,56.63,4135.028766916158,Hold,4135.028766916196,1829.1343669251105
Hold,2022-08-22 21:00:00,56.07,4094.138494808211,Hold,4094.1384948082496,1811.0465116279524
Hold,2022-08-22 22:00:00,56.65,4136.489133777156,Hold,4136.489133777195,1829.7803617571515
Hold,2022-08-22 23:00:00,57.22,4178.109589315602,Hold,4178.109589315641,1848.1912144703304
Hold,2022-08-23 00:00:00,57.0,4162.045553844622,Hold,4162.04555384466,1841.0852713178754
Hold,2022-08-23 01:00:00,56.8,4147.441885234642,Hold,4147.44188523468,1834.6253229974618
Hold,2022-08-23 02:00:00,56.85,4151.0928023871365,Hold,4151.092802387175,1836.2403100775655
Hold,2022-08-23 03:00:00,56.16,4100.710145682702,Hold,4100.71014568274,1813.9534883721385
Hold,2022-08-23 04:00:00,55.93,4083.9159267812233,Hold,4083.9159267812606,1806.524547803663
Hold,2022-08-23 05:00:00,54.12,3951.7527258608943,Hold,3951.7527258609302,1748.0620155039196
Hold,2022-08-23 06:00:00,54.7,3994.10336482984,Hold,3994.103364829876,1766.795865633119
Hold,2022-08-23 07:00:00,55.41,4045.946388395272,Hold,4045.9463883953085,1789.7286821705873
Hold,2022-08-23 08:00:00,56.03,4091.217761086214,Hold,4091.2177610862504,1809.7545219638696
Hold,2022-08-23 09:00:00,56.52,4126.996749180667,Hold,4126.996749180704,1825.581395348883
Hold,2022-08-23 10:00:00,56.3,4110.932713709689,Hold,4110.932713709724,1818.475452196428
Hold,2022-08-23 11:00:00,56.6,4132.83821662466,Hold,4132.838216624696,1828.1653746770485
Hold,2022-08-23 12:00:00,55.96,4086.1064770727207,Hold,4086.1064770727558,1807.493540051725
Hold,2022-08-23 13:00:00,56.7,4140.140050929651,Hold,4140.140050929686,1831.3953488372554
Hold,2022-08-23 14:00:00,56.35,4114.583630862185,Hold,4114.58363086222,1820.0904392765315
Hold,2022-08-23 15:00:00,56.64,4135.758950346657,Hold,4135.758950346693,1829.457364341131
Hold,2022-08-23 16:00:00,56.84,4150.362618956638,Hold,4150.362618956674,1835.9173126615447
Hold,2022-08-23 17:00:00,56.65,4136.489133777156,Hold,4136.489133777192,1829.7803617571517
Hold,2022-08-23 18:00:00,57.24,4179.5699561766005,Hold,4179.569956176636,1848.837209302372
Hold,2022-08-23 19:00:00,56.98,4160.585186983624,Hold,4160.58518698366,1840.4392764858342
Hold,2022-08-23 20:00:00,57.05,4165.696470997118,Hold,4165.6964709971535,1842.7002583979788
Hold,2022-08-23 21:00:00,57.0,4162.045553844622,Hold,4162.045553844659,1841.0852713178756
Hold,2022-08-23 22:00:00,57.03,4164.23610413612,Hold,4164.236104136156,1842.0542635659376
Hold,2022-08-23 23:00:00,57.08,4167.887021288615,Hold,4167.887021288651,1843.6692506460408
Hold,2022-08-24 00:00:00,56.22,4105.091246265696,Hold,4105.0912462657325,1815.8914728682623
Hold,2022-08-24 01:00:00,55.96,4086.1064770727207,Hold,4086.106477072756,1807.4935400517247
Hold,2022-08-24 02:00:00,55.87,4079.534826198229,Hold,4079.5348261982645,1804.5865633075384
Hold,2022-08-24 03:00:00,55.97,4086.8366605032197,Hold,4086.8366605032547,1807.816537467745
Hold,2022-08-24 04:00:00,56.25,4107.281796557193,Hold,4107.281796557228,1816.8604651163243
Hold,2022-08-24 05:00:00,56.36,4115.313814292683,Hold,4115.313814292717,1820.4134366925516
Hold,2022-08-24 06:00:00,56.61,4133.568400055159,Hold,4133.568400055194,1828.4883720930684
Hold,2022-08-24 07:00:00,56.26,4108.011979987692,Hold,4108.011979987726,1817.1834625323447
Hold,2022-08-24 08:00:00,56.14,4099.249778821704,Hold,4099.249778821738,1813.3074935400966
Hold,2022-08-24 09:00:00,56.22,4105.091246265696,Hold,4105.091246265731,1815.891472868262
Hold,2022-08-24 10:00:00,55.98,4087.5668439337187,Hold,4087.566843933753,1808.1395348837657
Hold,2022-08-24 11:00:00,56.48,4124.0760154586715,Hold,4124.076015458706,1824.2894056847995
Hold,2022-08-24 12:00:00,56.48,4124.0760154586715,Hold,4124.076015458706,1824.2894056847995
Hold,2022-08-24 13:00:00,56.24,4106.551613126694,Hold,4106.551613126729,1816.5374677003035
Hold,2022-08-24 14:00:00,56.51,4126.266565750169,Hold,4126.266565750203,1825.2583979328615
Hold,2022-08-24 15:00:00,57.23,4178.839772746101,Hold,4178.839772746135,1848.5142118863503
Hold,2022-08-24 16:00:00,56.75,4143.790968082146,Hold,4143.79096808218,1833.0103359173577
Hold,2022-08-24 17:00:00,57.22,4178.109589315602,Hold,4178.109589315637,1848.1912144703297
Hold,2022-08-24 18:00:00,57.09,4168.617204719115,Hold,4168.61720471915,1843.992248062061
Hold,2022-08-24 19:00:00,57.3,4183.9510567595935,Hold,4183.95105675963,1850.7751937984951
Hold,2022-08-24 20:00:00,57.32,4185.411423620592,Hold,4185.411423620629,1851.4211886305363
Hold,2022-08-24 21:00:00,56.92,4156.20408640063,Hold,4156.204086400666,1838.5012919897092
Hold,2022-08-24 22:00:00,56.57,4130.647666333163,Hold,4130.647666333198,1827.1963824289853
Hold,2022-08-24 23:00:00,56.46,4122.6156485976735,Hold,4122.615648597709,1823.643410852758
Hold,2022-08-25 00:00:00,56.57,4130.647666333163,Hold,4130.647666333198,1827.1963824289853
Hold,2022-08-25 01:00:00,56.57,4130.647666333163,Hold,4130.647666333198,1827.1963824289853
Hold,2022-08-25 02:00:00,56.45,4121.8854651671745,Hold,4121.885465167209,1823.3204134367375
Hold,2022-08-25 03:00:00,56.16,4100.710145682702,Hold,4100.710145682738,1813.9534883721374
Hold,2022-08-25 04:00:00,56.55,4129.187299472164,Hold,4129.1872994722,1826.5503875969437
Hold,2022-08-25 05:00:00,56.52,4126.996749180667,Hold,4126.996749180704,1825.5813953488819
Hold,2022-08-25 06:00:00,57.09,4168.617204719115,Hold,4168.617204719151,1843.9922480620608
Hold,2022-08-25 07:00:00,57.17,4174.458672163107,Hold,4174.458672163143,1846.576227390226
Hold,2022-08-25 08:00:00,56.95,4158.394636692128,Hold,4158.3946366921655,1839.470284237771
Hold,2022-08-25 09:00:00,56.64,4135.758950346657,Hold,4135.758950346693,1829.45736434113
Hold,2022-08-25 10:00:00,56.55,4129.187299472164,Hold,4129.187299472201,1826.5503875969437
Hold,2022-08-25 11:00:00,56.86,4151.8229858176355,Hold,4151.822985817673,1836.5633074935847
Hold,2022-08-25 12:00:00,56.68,4138.679684068652,Hold,4138.679684068689,1830.7493540052126
Hold,2022-08-25 13:00:00,56.71,4140.87023436015,Hold,4140.870234360187,1831.7183462532748
Hold,2022-08-25 14:00:00,56.66,4137.219317207655,Hold,4137.219317207692,1830.1033591731714
Hold,2022-08-25 15:00:00,56.24,4106.551613126694,Hold,4106.551613126731,1816.5374677003033
Hold,2022-08-25 16:00:00,56.25,4107.281796557193,Hold,4107.28179655723,1816.8604651163237
Hold,2022-08-25 17:00:00,56.98,4160.585186983624,Hold,4160.5851869836615,1840.4392764858333
Hold,2022-08-25 18:00:00,56.9,4154.7437195396315,Hold,4154.743719539669,1837.855297157668
Hold,2022-08-25 19:00:00,57.19,4175.919039024105,Hold,4175.919039024142,1847.2222222222676
Hold,2022-08-25 20:00:00,57.19,4175.919039024105,Hold,4175.919039024142,1847.2222222222676
Hold,2022-08-25 21:00:00,57.13,4171.537938441111,Hold,4171.537938441148,1845.2842377261436
Hold,2022-08-25 22:00:00,56.93,4156.934269831129,Hold,4156.934269831166,1838.82428940573
Hold,2022-08-25 23:00:00,56.63,4135.028766916158,Hold,4135.028766916194,1829.1343669251096
Hold,2022-08-26 00:00:00,56.03,4091.217761086214,Hold,4091.2177610862504,1809.754521963869
Hold,2022-08-26 01:00:00,56.24,4106.551613126694,Hold,4106.55161312673,1816.537467700303
Hold,2022-08-26 02:00:00,56.56,4129.917482902664,Hold,4129.917482902701,1826.8733850129647
Hold,2022-08-26 03:00:00,56.21,4104.361062835197,Hold,4104.3610628352335,1815.568475452241
Hold,2022-08-26 04:00:00,55.87,4079.534826198229,Hold,4079.534826198265,1804.5865633075377
Hold,2022-08-26 05:00:00,55.46,4049.5973055477675,Hold,4049.5973055478034,1791.34366925069
Hold,2022-08-26 06:00:00,55.55,4056.168956422259,Hold,4056.1689564222947,1794.250645994876
Hold,2022-08-26 07:00:00,55.66,4064.200974157749,Hold,4064.200974157785,1797.8036175711036
Hold,2022-08-26 08:00:00,55.94,4084.6461102117223,Hold,4084.646110211759,1806.8475452196828
Hold,2022-08-26 09:00:00,56.03,4091.217761086214,Hold,4091.2177610862514,1809.7545219638694
Hold,2022-08-26 10:00:00,55.89,4080.9951930592274,Hold,4080.9951930592642,1805.2325581395799
Hold,2022-08-26 11:00:00,55.78,4072.9631753237377,Hold,4072.9631753237745,1801.6795865633524
Hold,2022-08-26 12:00:00,57.33,4186.141607051091,Hold,4186.1416070511295,1851.7441860465578
Hold,2022-08-26 13:00:00,57.47,4196.364175078078,Hold,4196.364175078116,1856.2661498708474
Hold,2022-08-26 14:00:00,55.97,4086.8366605032197,Hold,4086.8366605032575,1807.8165374677453
Hold,2022-08-26 15:00:00,54.32,3966.3563944708753,Hold,3966.356394470912,1754.5219638243332
Hold,2022-08-26 16:00:00,54.19,3956.8640098743876,Hold,3956.8640098744245,1750.322997416064
Hold,2022-08-26 17:00:00,53.67,3918.8944714884365,Hold,3918.894471488473,1733.5271317829888
Hold,2022-08-26 18:00:00,53.87,3933.498140098418,Hold,3933.4981400984548,1739.9870801034024
Hold,2022-08-26 19:00:00,54.14,3953.2130927218923,Hold,3953.2130927219296,1748.7080103359606
Hold,2022-08-26 20:00:00,54.06,3947.3716252779,Hold,3947.371625277937,1746.1240310077953
Hold,2022-08-26 21:00:00,54.23,3959.7847435963836,Hold,3959.7847435964204,1751.6149870801464
Hold,2022-08-26 22:00:00,53.79,3927.656672654425,Hold,3927.6566726544615,1737.4031007752367
Hold,2022-08-26 23:00:00,52.68,3846.60631186903,Hold,3846.606311869066,1701.5503875969412
Hold,2022-08-27 00:00:00,52.73,3850.2572290215253,Hold,3850.257229021561,1703.1653746770444
Hold,2022-08-27 01:00:00,52.78,3853.9081461740207,Hold,3853.9081461740566,1704.780361757148
Hold,2022-08-27 02:00:00,52.52,3834.9233769810453,Hold,3834.9233769810808,1696.3824289406105
Hold,2022-08-27 03:00:00,52.72,3849.5270455910263,Hold,3849.5270455910622,1702.8423772610238
Hold,2022-08-27 04:00:00,52.66,3845.1459450080315,Hold,3845.145945008067,1700.9043927648995
Hold,2022-08-27 05:00:00,52.45,3829.812092967552,Hold,3829.8120929675874,1694.1214470284656
Hold,2022-08-27 06:00:00,52.46,3830.542276398051,Hold,3830.542276398086,1694.4444444444862
Hold,2022-08-27 07:00:00,52.8,3855.3685130350186,Hold,3855.3685130350536,1705.426356589189
Hold,2022-08-27 08:00:00,52.65,3844.415761577533,Hold,3844.415761577568,1700.581395348879
Hold,2022-08-27 09:00:00,52.52,3834.9233769810453,Hold,3834.92337698108,1696.38242894061
Hold,2022-08-27 10:00:00,52.64,3843.685578147034,Hold,3843.685578147068,1700.258397932858
Hold,2022-08-27 11:00:00,52.71,3848.7968621605273,Hold,3848.796862160562,1702.5193798450027
Hold,2022-08-27 12:00:00,52.82,3856.8288798960166,Hold,3856.8288798960507,1706.0723514212302
Hold,2022-08-27 13:00:00,52.79,3854.6383296045196,Hold,3854.6383296045537,1705.1033591731682
Hold,2022-08-27 14:00:00,52.51,3834.193193550546,Hold,3834.19319355058,1696.059431524589
Hold,2022-08-27 15:00:00,52.47,3831.27245982855,Hold,3831.272459828584,1694.7674418605063
Hold,2022-08-27 16:00:00,52.82,3856.8288798960166,Hold,3856.828879896051,1706.0723514212302
Hold,2022-08-27 17:00:00,52.75,3851.7175958825233,Hold,3851.7175958825583,1703.8113695090854
Hold,2022-08-27 18:00:00,52.62,3842.2252112860356,Hold,3842.2252112860706,1699.6124031008164
Hold,2022-08-27 19:00:00,52.79,3854.6383296045196,Hold,3854.6383296045547,1705.1033591731682
Hold,2022-08-27 20:00:00,52.9,3862.670347340009,Hold,3862.670347340044,1708.6563307493955
Hold,2022-08-27 21:00:00,52.62,3842.2252112860356,Hold,3842.22521128607,1699.6124031008164
Hold,2022-08-27 22:00:00,53.01,3870.702365075499,Hold,3870.702365075534,1712.209302325623
Hold,2022-08-27 23:00:00,53.01,3870.702365075499,Hold,3870.702365075534,1712.209302325623
Hold,2022-08-28 00:00:00,52.73,3850.2572290215253,Hold,3850.25722902156,1703.1653746770437
Hold,2022-08-28 01:00:00,52.94,3865.5910810620057,Hold,3865.5910810620408,1709.9483204134779
Hold,2022-08-28 02:00:00,52.92,3864.130714201008,Hold,3864.1307142010432,1709.3023255814367
Hold,2022-08-28 03:00:00,52.85,3859.019430187514,Hold,3859.019430187549,1707.041343669292
Hold,2022-08-28 04:00:00,52.87,3860.479797048512,Hold,3860.4797970485465,1707.6873385013332
Hold,2022-08-28 05:00:00,53.04,3872.8929153669965,Hold,3872.8929153670315,1713.1782945736848
Hold,2022-08-28 06:00:00,53.04,3872.8929153669965,Hold,3872.8929153670315,1713.1782945736848
Hold,2022-08-28 07:00:00,53.14,3880.1947496719868,Hold,3880.1947496720218,1716.4082687338914
Hold,2022-08-28 08:00:00,52.91,3863.400530770508,Hold,3863.400530770543,1708.9793281654158
Hold,2022-08-28 09:00:00,53.13,3879.464566241488,Hold,3879.4645662415232,1716.0852713178708
Hold,2022-08-28 10:00:00,54.02,3944.450891555904,Hold,3944.4508915559395,1744.8320413437114
Hold,2022-08-28 11:00:00,53.86,3932.767956667919,Hold,3932.7679566679544,1739.6640826873802
Hold,2022-08-28 12:00:00,53.54,3909.402086891949,Hold,3909.402086891984,1729.3281653747183
Hold,2022-08-28 13:00:00,53.59,3913.053004044444,Hold,3913.0530040444796,1730.9431524548218
Hold,2022-08-28 14:00:00,54.96,4013.088134022815,Hold,4013.088134022851,1775.1937984496549
Hold,2022-08-28 15:00:00,55.65,4063.47079072725,Hold,4063.470790727286,1797.4806201550816
Hold,2022-08-28 16:00:00,54.93,4010.897583731318,Hold,4010.8975837313537,1774.2248062015929
Hold,2022-08-28 17:00:00,55.03,4018.1994180363085,Hold,4018.1994180363454,1777.4547803618
Hold,2022-08-28 18:00:00,55.12,4024.7710689108,Hold,4024.7710689108367,1780.3617571059863
Hold,2022-08-28 19:00:00,54.86,4005.7862997178245,Hold,4005.786299717861,1771.9638242894487
Hold,2022-08-28 20:00:00,55.0,4016.008867744811,Hold,4016.008867744848,1776.4857881137384
Hold,2022-08-28 21:00:00,54.96,4013.088134022815,Hold,4013.088134022851,1775.1937984496558
Hold,2022-08-28 22:00:00,54.8,4001.40519913483,Hold,4001.405199134866,1770.0258397933246
Hold,2022-08-28 23:00:00,53.41,3899.909702295461,Hold,3899.909702295496,1725.12919896645
Hold,2022-08-29 00:00:00,53.3,3891.8776845599714,Hold,3891.8776845600064,1721.5762273902226
Hold,2022-08-29 01:00:00,54.65,3990.452447677344,Hold,3990.45244767738,1765.1808785530143
Hold,2022-08-29 02:00:00,55.05,4019.6597848973065,Hold,4019.6597848973424,1778.1007751938414
Hold,2022-08-29 03:00:00,54.78,3999.944832273832,Hold,3999.944832273868,1769.379844961283
Hold,2022-08-29 04:00:00,54.46,3976.578962497862,Hold,3976.578962497898,1759.043927648621
Hold,2022-08-29 05:00:00,53.72,3922.545388640932,Hold,3922.545388640967,1735.142118863091
Hold,2022-08-29 06:00:00,54.22,3959.0545601658846,Hold,3959.0545601659196,1751.2919896641251
Hold,2022-08-29 07:00:00,54.34,3967.8167613318737,Hold,3967.816761331909,1755.1679586563735
Hold,2022-08-29 08:00:00,53.94,3938.6094241119113,Hold,3938.609424111946,1742.2480620155463
Hold,2022-08-29 09:00:00,54.12,3951.7527258608943,Hold,3951.7527258609293,1748.0620155039187
Hold,2022-08-29 10:00:00,54.28,3963.4356607488794,Hold,3963.4356607489144,1753.2299741602494
Hold,2022-08-29 11:00:00,54.38,3970.7374950538697,Hold,3970.7374950539047,1756.459948320456
Hold,2022-08-29 12:00:00,55.76,4071.5028084627397,Hold,4071.5028084627756,1801.0335917313098
Hold,2022-08-29 13:00:00,55.63,4062.010423866252,Hold,4062.010423866288,1796.834625323041
Hold,2022-08-29 14:00:00,55.69,4066.3915244492464,Hold,4066.3915244492823,1798.772609819165
Hold,2022-08-29 15:00:00,55.91,4082.4555599202254,Hold,4082.4555599202617,1805.87855297162
Hold,2022-08-29 16:00:00,55.79,4073.6933587542367,Hold,4073.693358754273,1802.0025839793718
Hold,2022-08-29 17:00:00,55.67,4064.9311575882484,Hold,4064.9311575882843,1798.1266149871237
Hold,2022-08-29 18:00:00,55.1,4023.310702049802,Hold,4023.3107020498373,1779.715762273945
Hold,2022-08-29 19:00:00,55.02,4017.4692346058096,Hold,4017.469234605845,1777.1317829457796
Hold,2022-08-29 20:00:00,55.37,4043.025654673276,Hold,4043.025654673312,1788.4366925065033
Hold,2022-08-29 21:00:00,55.54,4055.43877299176,Hold,4055.4387729917967,1793.9276485788546
Hold,2022-08-29 22:00:00,55.44,4048.1369386867696,Hold,4048.136938686806,1790.6976744186477
Hold,2022-08-29 23:00:00,55.8,4074.4235421847357,Hold,4074.423542184772,1802.3255813953924
Hold,2022-08-30 00:00:00,55.28,4036.454003798785,Hold,4036.454003798821,1785.5297157623174
Hold,2022-08-30 01:00:00,54.66,3991.182631107843,Hold,3991.182631107878,1765.5038759690349
Hold,2022-08-30 02:00:00,55.15,4026.961619202297,Hold,4026.9616192023323,1781.3307493540483
Hold,2022-08-30 03:00:00,55.66,4064.200974157749,Hold,4064.2009741577845,1797.803617571103
Hold,2022-08-30 04:00:00,55.97,4086.8366605032197,Hold,4086.8366605032547,1807.816537467744
Hold,2022-08-30 05:00:00,55.63,4062.010423866252,Hold,4062.010423866287,1796.8346253230409
Hold,2022-08-30 06:00:00,55.46,4049.5973055477675,Hold,4049.5973055478025,1791.3436692506891
Hold,2022-08-30 07:00:00,55.58,4058.359506713756,Hold,4058.3595067137912,1795.219638242937
Hold,2022-08-30 08:00:00,55.55,4056.168956422259,Hold,4056.168956422294,1794.250645994875
Hold,2022-08-30 09:00:00,55.38,4043.7558381037757,Hold,4043.75583810381,1788.7596899225239
Hold,2022-08-30 10:00:00,55.14,4026.2314357717983,Hold,4026.231435771833,1781.0077519380275
Hold,2022-08-30 11:00:00,55.12,4024.7710689108,Hold,4024.771068910835,1780.361757105986
Hold,2022-08-30 12:00:00,54.95,4012.3579505923162,Hold,4012.3579505923512,1774.8708010336347
Hold,2022-08-30 13:00:00,54.66,3991.182631107843,Hold,3991.1826311078776,1765.5038759690349
Hold,2022-08-30 14:00:00,52.82,3856.8288798960166,Hold,3856.82887989605,1706.07235142123
Hold,2022-08-30 15:00:00,53.01,3870.702365075499,Hold,3870.702365075533,1712.209302325623
Hold,2022-08-30 16:00:00,52.16,3808.636773483079,Hold,3808.6367734831124,1684.754521963865
Hold,2022-08-30 17:00:00,52.45,3829.812092967552,Hold,3829.8120929675856,1694.121447028465
Hold,2022-08-30 18:00:00,52.54,3836.3837438420433,Hold,3836.383743842077,1697.028423772651
Hold,2022-08-30 19:00:00,53.56,3910.862453752947,Hold,3910.8624537529818,1729.9741602067604
Hold,2022-08-30 20:00:00,53.67,3918.8944714884365,Hold,3918.894471488471,1733.527131782988
Hold,2022-08-30 21:00:00,53.24,3887.4965839769775,Hold,3887.496583977012,1719.6382428940988
Hold,2022-08-30 22:00:00,53.51,3907.211536600452,Hold,3907.2115366004864,1728.359173126657
Hold,2022-08-30 23:00:00,53.01,3870.702365075499,Hold,3870.702365075533,1712.209302325623
Hold,2022-08-31 00:00:00,53.85,3932.03777323742,Hold,3932.0377732374536,1739.3410852713603
Hold,2022-08-31 01:00:00,54.11,3951.0225424303953,Hold,3951.022542430429,1747.7390180878979
Hold,2022-08-31 02:00:00,54.74,3997.0240985518362,Hold,3997.024098551871,1768.0878552972008
Hold,2022-08-31 03:00:00,54.69,3993.37318139934,Hold,3993.3731813993745,1766.4728682170971
Hold,2022-08-31 04:00:00,54.66,3991.182631107843,Hold,3991.1826311078776,1765.5038759690349
Hold,2022-08-31 05:00:00,54.7,3994.10336482984,Hold,3994.1033648298744,1766.7958656331177
Hold,2022-08-31 06:00:00,54.27,3962.7054773183804,Hold,3962.7054773184145,1752.9069767442284
Hold,2022-08-31 07:00:00,54.06,3947.3716252779,Hold,3947.3716252779336,1746.1240310077942
Hold,2022-08-31 08:00:00,54.14,3953.2130927218923,Hold,3953.213092721926,1748.7080103359594
Hold,2022-08-31 09:00:00,54.17,3955.4036430133897,Hold,3955.4036430134233,1749.6770025840217
Hold,2022-08-31 10:00:00,54.4,3972.1978619148676,Hold,3972.1978619149018,1757.105943152497
Hold,2022-08-31 11:00:00,54.33,3967.0865779013743,Hold,3967.0865779014084,1754.8449612403522
Hold,2022-08-31 12:00:00,54.32,3966.3563944708753,Hold,3966.3563944709094,1754.5219638243316
Hold,2022-08-31 13:00:00,54.28,3963.4356607488794,Hold,3963.435660748914,1753.229974160249
Hold,2022-08-31 14:00:00,53.94,3938.6094241119113,Hold,3938.6094241119454,1742.2480620155459
Hold,2022-08-31 15:00:00,53.86,3932.767956667919,Hold,3932.767956667953,1739.6640826873804
Hold,2022-08-31 16:00:00,53.74,3924.0057555019303,Hold,3924.005755501964,1735.7881136951323
Hold,2022-08-31 17:00:00,53.72,3922.545388640932,Hold,3922.5453886409655,1735.142118863091
Hold,2022-08-31 18:00:00,53.89,3934.9585069594164,Hold,3934.9585069594505,1740.6330749354424
Hold,2022-08-31 19:00:00,54.68,3992.6429979688414,Hold,3992.6429979688755,1766.149870801076
Hold,2022-08-31 20:00:00,54.73,3996.293915121337,Hold,3996.293915121371,1767.7648578811795
Hold,2022-08-31 21:00:00,54.84,4004.3259328568265,Hold,4004.3259328568606,1771.317829457407
Hold,2022-08-31 22:00:00,54.35,3968.5469447623727,Hold,3968.5469447624064,1755.4909560723936
Hold,2022-08-31 23:00:00,53.84,3931.307589806921,Hold,3931.307589806954,1739.0180878553392
Hold,2022-09-01 00:00:00,53.73,3923.275572071431,Hold,3923.2755720714645,1735.4651162791115
Hold,2022-09-01 01:00:00,54.19,3956.8640098743876,Hold,3956.8640098744218,1750.322997416063
Hold,2022-09-01 02:00:00,55.12,4024.7710689108,Hold,4024.771068910834,1780.3617571059863
Hold,2022-09-01 03:00:00,54.3,3964.896027609877,Hold,3964.8960276099106,1753.8759689922904
Hold,2022-09-01 04:00:00,54.76,3998.4844654128337,Hold,3998.4844654128674,1768.7338501292418
Hold,2022-09-01 05:00:00,54.71,3994.833548260339,Hold,3994.8335482603725,1767.1188630491386
Hold,2022-09-01 06:00:00,54.65,3990.452447677344,Hold,3990.4524476773777,1765.1808785530145
Hold,2022-09-01 07:00:00,54.63,3988.9920808163465,Hold,3988.99208081638,1764.5348837209733
Hold,2022-09-01 08:00:00,55.7,4067.1217078797454,Hold,4067.12170787978,1799.095607235186
Hold,2022-09-01 09:00:00,55.79,4073.6933587542367,Hold,4073.6933587542712,1802.002583979372
Hold,2022-09-01 10:00:00,55.88,4080.2650096287284,Hold,4080.2650096287634,1804.9095607235586
Hold,2022-09-01 11:00:00,56.49,4124.806198889171,Hold,4124.806198889207,1824.6124031008198
Hold,2022-09-01 12:00:00,56.02,4090.487577655715,Hold,4090.48757765575,1809.431524547848
Hold,2022-09-01 13:00:00,55.69,4066.3915244492464,Hold,4066.391524449282,1798.7726098191654
Hold,2022-09-01 14:00:00,54.69,3993.37318139934,Hold,3993.373181399374,1766.4728682170974
Hold,2022-09-01 15:00:00,54.91,4009.43721687032,Hold,4009.437216870354,1773.578811369552
Hold,2022-09-01 16:00:00,55.46,4049.5973055477675,Hold,4049.5973055478016,1791.3436692506896
Hold,2022-09-01 17:00:00,55.85,4078.074459337231,Hold,4078.074459337266,1803.940568475496
Hold,2022-09-01 18:00:00,56.91,4155.47390297013,Hold,4155.473902970167,1838.178294573688
Hold,2022-09-01 19:00:00,56.8,4147.441885234642,Hold,4147.441885234678,1834.6253229974604
Hold,2022-09-01 20:00:00,57.39,4190.522707634086,Hold,4190.522707634123,1853.6821705426808
Hold,2022-09-01 21:00:00,57.4,4191.252891064585,Hold,4191.252891064622,1854.0051679587013
Hold,2022-09-01 22:00:00,57.02,4163.505920705621,Hold,4163.505920705658,1841.7312661499157
Hold,2022-09-01 23:00:00,57.58,4204.396192813568,Hold,4204.396192813605,1859.8191214470737
Hold,2022-09-02 00:00:00,57.1,4169.347388149614,Hold,4169.347388149651,1844.3152454780811
Hold,2022-09-02 01:00:00,57.05,4165.696470997118,Hold,4165.696470997155,1842.7002583979777
Hold,2022-09-02 02:00:00,57.06,4166.426654427617,Hold,4166.426654427654,1843.0232558139985
Hold,2022-09-02 03:00:00,57.73,4215.348944271053,Hold,4215.3489442710925,1864.664082687384
Hold,2022-09-02 04:00:00,57.15,4172.998305302108,Hold,4172.998305302146,1845.9302325581848
Hold,2022-09-02 05:00:00,57.04,4164.966287566619,Hold,4164.966287566657,1842.3772609819573
Hold,2022-09-02 06:00:00,57.5,4198.554725369575,Hold,4198.554725369613,1857.2351421189087
Hold,2022-09-02 07:00:00,57.28,4182.490689898596,Hold,4182.490689898635,1850.1291989664537
Hold,2022-09-02 08:00:00,57.66,4210.23766025756,Hold,4210.237660257598,1862.4031007752392
Hold,2022-09-02 09:00:00,57.61,4206.586743105065,Hold,4206.586743105104,1860.7881136951362
Hold,2022-09-02 10:00:00,57.42,4192.713257925583,Hold,4192.713257925621,1854.6511627907432
Hold,2022-09-02 11:00:00,57.45,4194.90380821708,Hold,4194.903808217119,1855.6201550388053
Hold,2022-09-02 12:00:00,58.97,4305.891689652937,Hold,4305.891689652977,1904.715762273948
Hold,2022-09-02 13:00:00,59.38,4335.829210303398,Hold,4335.829210303438,1917.9586563307962
Hold,2022-09-02 14:00:00,60.3,4403.006085909311,Hold,4403.006085909351,1947.6744186046983
Hold,2022-09-02 15:00:00,61.59,4497.19974844369,Hold,4497.199748443732,1989.3410852713664
Hold,2022-09-02 16:00:00,61.17,4466.53204436273,Hold,4466.532044362772,1975.7751937984979
Hold,2022-09-02 17:00:00,60.49,4416.879571088793,Hold,4416.879571088834,1953.8113695090917
Hold,2022-09-02 18:00:00,61.2,4468.722594654226,Hold,4468.722594654268,1976.7441860465597
Hold,2022-09-02 19:00:00,61.12,4462.881127210234,Hold,4462.881127210276,1974.1602067183942
Hold,2022-09-02 20:00:00,61.58,4496.469565013191,Hold,4496.469565013232,1989.0180878553454
Hold,2022-09-02 21:00:00,61.71,4505.961949609678,Hold,4505.96194960972,1993.2170542636145
Hold,2022-09-02 22:00:00,61.31,4476.754612389716,Hold,4476.754612389757,1980.2971576227874
Hold,2022-09-02 23:00:00,60.99,4453.388742613746,Hold,4453.388742613787,1969.961240310126
Hold,2022-09-03 00:00:00,60.76,4436.594523712268,Hold,4436.594523712309,1962.5322997416501
Hold,2022-09-03 01:00:00,60.73,4434.40397342077,Hold,4434.40397342081,1961.5633074935881
Hold,2022-09-03 02:00:00,61.36,4480.405529542211,Hold,4480.405529542252,1981.9121447028908
Hold,2022-09-03 03:00:00,61.31,4476.754612389716,Hold,4476.754612389757,1980.2971576227876
Hold,2022-09-03 04:00:00,61.77,4510.343050192673,Hold,4510.343050192714,1995.155038759739
Hold,2022-09-03 05:00:00,61.44,4486.246996986204,Hold,4486.246996986244,1984.4961240310565
Hold,2022-09-03 06:00:00,60.89,4446.0869083087555,Hold,4446.0869083087955,1966.7312661499193
Hold,2022-09-03 07:00:00,59.99,4380.370399563841,Hold,4380.37039956388,1937.6614987080582
Hold,2022-09-03 08:00:00,60.29,4402.275902478812,Hold,4402.275902478851,1947.3514211886786
Hold,2022-09-03 09:00:00,60.1,4388.4024172993295,Hold,4388.402417299369,1941.2144702842859
Hold,2022-09-03 10:00:00,60.21,4396.43443503482,Hold,4396.434435034859,1944.7674418605134
Hold,2022-09-03 11:00:00,60.27,4400.815535617814,Hold,4400.815535617853,1946.7054263566376
Hold,2022-09-03 12:00:00,60.64,4427.832322546279,Hold,4427.832322546318,1958.656330749403
Hold,2022-09-03 13:00:00,60.95,4450.46800889175,Hold,4450.468008891789,1968.669250646044
Hold,2022-09-03 14:00:00,60.52,4419.070121380291,Hold,4419.07012138033,1954.7803617571547
Hold,2022-09-03 15:00:00,60.55,4421.260671671788,Hold,4421.2606716718265,1955.7493540052164
Hold,2022-09-03 16:00:00,60.83,4441.705807725762,Hold,4441.705807725801,1964.7932816537955
Hold,2022-09-03 17:00:00,61.4,4483.326263264207,Hold,4483.326263264246,1983.2041343669741
Hold,2022-09-03 18:00:00,60.8,4439.515257434264,Hold,4439.515257434304,1963.8242894057335
Hold,2022-09-03 19:00:00,60.68,4430.753056268276,Hold,4430.753056268315,1959.9483204134854
Hold,2022-09-03 20:00:00,61.22,4470.182961515224,Hold,4470.182961515264,1977.390180878602
Hold,2022-09-03 21:00:00,61.0,4454.118926044245,Hold,4454.118926044285,1970.2842377261472
Hold,2022-09-03 22:00:00,60.02,4382.560949855338,Hold,4382.560949855378,1938.6304909561204
Hold,2022-09-03 23:00:00,60.15,4392.053334451825,Hold,4392.053334451865,1942.8294573643889
Hold,2022-09-04 00:00:00,59.35,4333.6386600119,Hold,4333.6386600119395,1916.9896640827346
Hold,2022-09-04 01:00:00,59.85,4370.147831536854,Hold,4370.147831536894,1933.1395348837686
Hold,2022-09-04 02:00:00,60.13,4390.592967590827,Hold,4390.5929675908665,1942.1834625323477
Hold,2022-09-04 03:00:00,59.78,4365.036547523361,Hold,4365.036547523401,1930.878552971624
Hold,2022-09-04 04:00:00,59.97,4378.910032702842,Hold,4378.910032702882,1937.0155038760165
Hold,2022-09-04 05:00:00,59.44,4340.210310886392,Hold,4340.210310886432,1919.8966408269207
Hold,2022-09-04 06:00:00,59.3,4329.987742859405,Hold,4329.9877428594455,1915.3746770026312
Hold,2022-09-04 07:00:00,59.29,4329.2575594289065,Hold,4329.257559428946,1915.0516795866104
Hold,2022-09-04 08:00:00,59.89,4373.06856525885,Hold,4373.06856525889,1934.4315245478515
Hold,2022-09-04 09:00:00,60.39,4409.577736783803,Hold,4409.577736783844,1950.5813953488855
Hold,2022-09-04 10:00:00,59.93,4375.989298980847,Hold,4375.989298980887,1935.7235142119341
Hold,2022-09-04 11:00:00,60.32,4404.466452770309,Hold,4404.466452770349,1948.3204134367409
Hold,2022-09-04 12:00:00,60.24,4398.624985326317,Hold,4398.624985326356,1945.7364341085754
Hold,2022-09-04 13:00:00,59.23,4324.876458845912,Hold,4324.87645884595,1913.1136950904865
Hold,2022-09-04 14:00:00,58.81,4294.208754764953,Hold,4294.208754764991,1899.547803617618
Hold,2022-09-04 15:00:00,59.07,4313.193523957927,Hold,4313.193523957966,1907.9457364341558
Hold,2022-09-04 16:00:00,59.29,4329.2575594289065,Hold,4329.257559428946,1915.0516795866106
Hold,2022-09-04 17:00:00,59.48,4343.131044608388,Hold,4343.131044608428,1921.1886304910036
Hold,2022-09-04 18:00:00,59.47,4342.40086117789,Hold,4342.400861177929,1920.865633074983
Hold,2022-09-04 19:00:00,59.76,4363.576180662362,Hold,4363.576180662401,1930.2325581395826
Hold,2022-09-04 20:00:00,60.13,4390.592967590827,Hold,4390.592967590867,1942.1834625323477
Hold,2022-09-04 21:00:00,59.65,4355.544162926873,Hold,4355.544162926913,1926.679586563355
Hold,2022-09-04 22:00:00,59.91,4374.528932119848,Hold,4374.528932119889,1935.0775193798927
Hold,2022-09-04 23:00:00,60.9,4446.8170917392545,Hold,4446.817091739296,1967.0542635659401
Hold,2022-09-05 00:00:00,60.58,4423.451221963284,Hold,4423.451221963326,1956.7183462532782
Hold,2022-09-05 01:00:00,60.71,4432.943606559773,Hold,4432.943606559815,1960.917312661547
Hold,2022-09-05 02:00:00,60.25,4399.355168756816,Hold,4399.355168756857,1946.0594315245955
Hold,2022-09-05 03:00:00,60.67,4430.022872837777,Hold,4430.022872837818,1959.6253229974643
Hold,2022-09-05 04:00:00,60.41,4411.0381036448,Hold,4411.038103644841,1951.2273901809262
Hold,2022-09-05 05:00:00,59.55,4348.242328621882,Hold,4348.242328621922,1923.449612403148
Hold,2022-09-05 06:00:00,59.99,4380.370399563841,Hold,4380.370399563881,1937.6614987080577
Hold,2022-09-05 07:00:00,59.59,4351.163062343879,Hold,4351.163062343918,1924.7416020672308
Hold,2022-09-05 08:00:00,59.98,4379.640216133341,Hold,4379.640216133381,1937.3385012920369
Hold,2022-09-05 09:00:00,59.96,4378.179849272343,Hold,4378.179849272384,1936.6925064599957
Hold,2022-09-05 10:00:00,59.57,4349.702695482881,Hold,4349.702695482921,1924.095607235189
Hold,2022-09-05 11:00:00,59.71,4359.925263509867,Hold,4359.9252635099065,1928.6175710594782
Hold,2022-09-05 12:00:00,60.08,4386.942050438332,Hold,4386.9420504383725,1940.568475452243
Hold,2022-09-05 13:00:00,60.06,4385.4816835773345,Hold,4385.4816835773745,1939.922480620202
Hold,2022-09-05 14:00:00,60.64,4427.832322546279,Hold,4427.832322546319,1958.6563307494014
Hold,2022-09-05 15:00:00,60.39,4409.577736783803,Hold,4409.577736783843,1950.5813953488844
Hold,2022-09-05 16:00:00,60.4,4410.307920214302,Hold,4410.307920214342,1950.9043927649052
Hold,2022-09-05 17:00:00,60.33,4405.196636200808,Hold,4405.196636200848,1948.6434108527606
Hold,2022-09-05 18:00:00,59.97,4378.910032702842,Hold,4378.910032702882,1937.0155038760163
Hold,2022-09-05 19:00:00,60.02,4382.560949855338,Hold,4382.560949855378,1938.6304909561197
Hold,2022-09-05 20:00:00,60.23,4397.894801895818,Hold,4397.894801895858,1945.4134366925537
Hold,2022-09-05 21:00:00,60.31,4403.73626933981,Hold,4403.736269339849,1947.9974160207191
Hold,2022-09-05 22:00:00,60.46,4414.6890207972965,Hold,4414.689020797336,1952.842377261029
Hold,2022-09-05 23:00:00,60.39,4409.577736783803,Hold,4409.577736783842,1950.5813953488844
Hold,2022-09-06 00:00:00,61.69,4504.5015827486795,Hold,4504.50158274872,1992.5710594315726
Hold,2022-09-06 01:00:00,60.69,4431.483239698775,Hold,4431.483239698815,1960.2713178295046
Hold,2022-09-06 02:00:00,60.58,4423.451221963284,Hold,4423.451221963324,1956.718346253277
Hold,2022-09-06 03:00:00,60.21,4396.43443503482,Hold,4396.43443503486,1944.767441860512
Hold,2022-09-06 04:00:00,60.11,4389.1326007298285,Hold,4389.1326007298685,1941.5374677003053
Hold,2022-09-06 05:00:00,60.18,4394.243884743322,Hold,4394.243884743362,1943.7984496124502
Hold,2022-09-06 06:00:00,60.18,4394.243884743322,Hold,4394.243884743362,1943.7984496124502
Hold,2022-09-06 07:00:00,59.94,4376.719482411346,Hold,4376.719482411386,1936.046511627954
Hold,2022-09-06 08:00:00,60.0,4381.10058299434,Hold,4381.10058299438,1937.9844961240783
Hold,2022-09-06 09:00:00,59.78,4365.036547523361,Hold,4365.036547523402,1930.8785529716235
Hold,2022-09-06 10:00:00,59.79,4365.766730953859,Hold,4365.766730953899,1931.201550387644
Hold,2022-09-06 11:00:00,59.85,4370.147831536854,Hold,4370.147831536894,1933.1395348837682
Hold,2022-09-06 12:00:00,59.63,4354.083796065875,Hold,4354.083796065915,1926.0335917313132
Hold,2022-09-06 13:00:00,59.31,4330.717926289905,Hold,4330.717926289945,1915.6976744186513
Hold,2022-09-06 14:00:00,59.11,4316.114257679924,Hold,4316.114257679963,1909.2377260982375
Hold,2022-09-06 15:00:00,59.08,4313.923707388426,Hold,4313.923707388466,1908.2687338501755
Hold,2022-09-06 16:00:00,58.72,4287.63710389046,Hold,4287.6371038905,1896.6408268734313
Hold,2022-09-06 17:00:00,55.91,4082.4555599202254,Hold,4082.4555599202636,1805.8785529716201
Trailing-Stop,2022-09-06 18:00:00,55.2,4030.6125363547926,Trailing stop 10.0% hit,4030.6125363548304,1782.9457364341522
Buy,2022-09-12 01:00:00,62.59,4030.6125363547926,Sinal: Compra,4030.6125363548304,2021.6408268734342
Hold,2022-09-12 02:00:00,61.75,3968.569937082485,Hold,3968.5699370825223,1994.5090439276971
Hold,2022-09-12 03:00:00,60.69,3900.4454976766965,Hold,3900.445497676733,1960.271317829505
Hold,2022-09-12 04:00:00,61.05,3923.5820997390397,Hold,3923.582099739076,1971.8992248062493
Hold,2022-09-12 05:00:00,61.25,3936.435767551453,Hold,3936.4357675514893,1978.3591731266629
Hold,2022-09-12 06:00:00,61.35,3942.86260145766,Hold,3942.8626014576957,1981.5891472868698
Hold,2022-09-12 07:00:00,62.03,3986.5650720198632,Hold,3986.5650720199,2003.552971576276
Hold,2022-09-12 08:00:00,62.45,4013.557774425931,Hold,4013.557774425967,2017.1188630491445
Hold,2022-09-12 09:00:00,61.96,3982.066288285519,Hold,3982.0662882855554,2001.2919896641313
Hold,2022-09-12 10:00:00,61.95,3981.4236048948983,Hold,3981.423604894935,2000.9689922481107
Hold,2022-09-12 11:00:00,61.84,3974.354087598071,Hold,3974.354087598108,1997.4160206718832
Hold,2022-09-12 12:00:00,61.87,3976.282137769933,Hold,3976.2821377699697,1998.385012919945
Hold,2022-09-12 13:00:00,62.0,3984.637021848001,Hold,3984.6370218480374,2002.5839793282141
Hold,2022-09-12 14:00:00,61.35,3942.86260145766,Hold,3942.8626014576957,1981.5891472868698
Hold,2022-09-12 15:00:00,60.78,3906.2296481922826,Hold,3906.2296481923186,1963.1782945736911
Hold,2022-09-12 16:00:00,61.16,3930.651617035867,Hold,3930.651617035903,1975.452196382477
Hold,2022-09-12 17:00:00,61.51,3953.1455357075897,Hold,3953.145535707627,1986.757105943201
Hold,2022-09-12 18:00:00,61.21,3933.86503398897,Hold,3933.8650339890073,1977.0671834625805
Hold,2022-09-12 19:00:00,61.38,3944.7906516295216,Hold,3944.7906516295584,1982.5581395349323
Hold,2022-09-12 20:00:00,61.35,3942.86260145766,Hold,3942.862601457696,1981.5891472868702
Hold,2022-09-12 21:00:00,61.15,3930.008933645246,Hold,3930.0089336452825,1975.1291989664567
Hold,2022-09-12 22:00:00,61.05,3923.5820997390397,Hold,3923.582099739076,1971.89922480625
Hold,2022-09-12 23:00:00,61.38,3944.7906516295216,Hold,3944.7906516295584,1982.5581395349327
Hold,2022-09-13 00:00:00,60.76,3904.944281411041,Hold,3904.944281411078,1962.5322997416506
Hold,2022-09-13 01:00:00,60.81,3908.1576983641444,Hold,3908.1576983641808,1964.1472868217543
Hold,2022-09-13 02:00:00,61.47,3950.574802145107,Hold,3950.574802145143,1985.4651162791188
Hold,2022-09-13 03:00:00,61.99,3983.9943384573808,Hold,3983.994338457417,2002.2609819121944
Hold,2022-09-13 04:00:00,61.32,3940.9345512857976,Hold,3940.934551285834,1980.6201550388087
Hold,2022-09-13 05:00:00,61.61,3959.572369613796,Hold,3959.572369613833,1989.9870801034085
Hold,2022-09-13 06:00:00,61.63,3960.8577363950376,Hold,3960.857736395074,1990.63307493545
Hold,2022-09-13 07:00:00,62.73,4031.552909363308,Hold,4031.552909363345,2026.1627906977249
Hold,2022-09-13 08:00:00,62.32,4005.2028903478617,Hold,4005.202890347898,2012.9198966408771
Hold,2022-09-13 09:00:00,62.6,4023.1980252852404,Hold,4023.1980252852777,2021.9638242894562
Hold,2022-09-13 10:00:00,63.58,4086.180997566063,Hold,4086.1809975661004,2053.617571059483
Hold,2022-09-13 11:00:00,66.36,4264.8469801586025,Hold,4264.846980158642,2143.4108527132316
Hold,2022-09-13 12:00:00,63.77,4098.391981987856,Hold,4098.391981987893,2059.754521963876
Hold,2022-09-13 13:00:00,63.82,4101.605398940959,Hold,4101.605398940997,2061.3695090439796
Hold,2022-09-13 14:00:00,61.93,3980.138238113657,Hold,3980.1382381136928,2000.3229974160708
Hold,2022-09-13 15:00:00,61.86,3975.639454379312,Hold,3975.639454379348,1998.062015503926
Hold,2022-09-13 16:00:00,62.26,4001.346790004138,Hold,4001.3467900041737,2010.981912144753
Hold,2022-09-13 17:00:00,61.97,3982.7089716761393,Hold,3982.708971676175,2001.6149870801537
Hold,2022-09-13 18:00:00,59.8,3843.246675911459,Hold,3843.2466759114936,1931.524547803666
Hold,2022-09-13 19:00:00,59.86,3847.102776255183,Hold,3847.1027762552176,1933.46253229979
Trailing-Stop,2022-09-13 20:00:00,59.35,3814.32592333353,Trailing stop 10.0% hit,3814.3259233335643,1916.9896640827355
Buy,2022-09-23 09:00:00,52.95,3814.32592333353,Sinal: Compra,3814.3259233335643,1710.2713178295005
Hold,2022-09-23 10:00:00,52.42,3768.5981287687678,Hold,3768.598128768802,1693.1524547804047
Hold,2022-09-23 11:00:00,52.56,3778.6630608181313,Hold,3778.6630608181654,1697.6744186046942
Hold,2022-09-23 12:00:00,52.7,3788.7279928674943,Hold,3788.7279928675284,1702.196382428984
Hold,2022-09-23 13:00:00,51.81,3724.743781982256,Hold,3724.74378198229,1673.4496124031434
Hold,2022-09-23 14:00:00,52.19,3752.062883259099,Hold,3752.0628832591324,1685.7235142119291
Hold,2022-09-23 15:00:00,52.33,3762.1278153084627,Hold,3762.1278153084963,1690.2454780362186
Hold,2022-09-23 16:00:00,52.44,3770.035976204391,Hold,3770.0359762044245,1693.798449612446
Hold,2022-09-23 17:00:00,53.73,3862.777135802096,Hold,3862.7771358021305,1735.4651162791135
Hold,2022-09-23 18:00:00,53.08,3816.0470941443377,Hold,3816.0470941443714,1714.4702842377692
Hold,2022-09-23 19:00:00,53.73,3862.777135802096,Hold,3862.77713580213,1735.4651162791135
Hold,2022-09-23 20:00:00,54.09,3888.6583896433167,Hold,3888.658389643351,1747.0930232558583
Hold,2022-09-23 21:00:00,54.23,3898.7233216926793,Hold,3898.723321692714,1751.6149870801476
Hold,2022-09-23 22:00:00,54.77,3937.5452024545098,Hold,3937.5452024545443,1769.0568475452644
Hold,2022-09-23 23:00:00,55.22,3969.896769756035,Hold,3969.89676975607,1783.5917312661948
Hold,2022-09-24 00:00:00,54.98,3952.642600528555,Hold,3952.6426005285894,1775.8397932816986
Hold,2022-09-24 01:00:00,54.84,3942.5776684791917,Hold,3942.5776684792268,1771.3178294574093
Hold,2022-09-24 02:00:00,55.04,3956.956142835425,Hold,3956.95614283546,1777.7777777778226
Hold,2022-09-24 03:00:00,54.74,3935.388431301075,Hold,3935.3884313011094,1768.0878552972022
Hold,2022-09-24 04:00:00,54.93,3949.047981939497,Hold,3949.047981939532,1774.2248062015951
Hold,2022-09-24 05:00:00,55.1,3961.269685142295,Hold,3961.26968514233,1779.7157622739467
Hold,2022-09-24 06:00:00,55.04,3956.956142835425,Hold,3956.95614283546,1777.7777777778224
Hold,2022-09-24 07:00:00,55.39,3982.118472958833,Hold,3982.118472958868,1789.0826873385463
Hold,2022-09-24 08:00:00,55.28,3974.210312062905,Hold,3974.21031206294,1785.5297157623188
Hold,2022-09-24 09:00:00,54.82,3941.139821043568,Hold,3941.1398210436028,1770.6718346253676
Hold,2022-09-24 10:00:00,54.97,3951.923676810743,Hold,3951.9236768107776,1775.5167958656778
Hold,2022-09-24 11:00:00,54.84,3942.5776684791917,Hold,3942.5776684792263,1771.317829457409
Hold,2022-09-24 12:00:00,55.01,3954.7993716819897,Hold,3954.7993716820242,1776.8087855297604
Hold,2022-09-24 13:00:00,54.83,3941.85874476138,Hold,3941.858744761414,1770.9948320413882
Hold,2022-09-24 14:00:00,54.92,3948.329058221685,Hold,3948.3290582217196,1773.9018087855745
Hold,2022-09-24 15:00:00,55.12,3962.707532577918,Hold,3962.707532577953,1780.361757105988
Hold,2022-09-24 16:00:00,54.93,3949.047981939497,Hold,3949.047981939532,1774.2248062015951
Hold,2022-09-24 17:00:00,54.83,3941.85874476138,Hold,3941.8587447614145,1770.9948320413882
Hold,2022-09-24 18:00:00,55.12,3962.707532577918,Hold,3962.707532577953,1780.3617571059879
Hold,2022-09-24 19:00:00,55.14,3964.1453800135414,Hold,3964.145380013577,1781.0077519380295
Hold,2022-09-24 20:00:00,55.07,3959.1129139888603,Hold,3959.1129139888953,1778.7467700258846
Hold,2022-09-24 21:00:00,54.45,3914.5396434845366,Hold,3914.5396434845716,1758.7209302326025
Hold,2022-09-24 22:00:00,53.68,3859.182517213038,Hold,3859.1825172130725,1733.85012919901
Hold,2022-09-24 23:00:00,53.43,3841.2094242677463,Hold,3841.209424267781,1725.775193798493
Hold,2022-09-25 00:00:00,53.59,3852.712203752733,Hold,3852.712203752768,1730.9431524548243
Hold,2022-09-25 01:00:00,53.76,3864.9339069555313,Hold,3864.9339069555667,1736.4341085271756
Hold,2022-09-25 02:00:00,53.74,3863.496059519908,Hold,3863.4960595199436,1735.7881136951344
Hold,2022-09-25 03:00:00,54.23,3898.7233216926793,Hold,3898.7233216927157,1751.6149870801473
Hold,2022-09-25 04:00:00,54.07,3887.220542207693,Hold,3887.220542207729,1746.4470284238164
Hold,2022-09-25 05:00:00,54.08,3887.9394659255045,Hold,3887.9394659255404,1746.7700258398372
Hold,2022-09-25 06:00:00,54.11,3890.09623707894,Hold,3890.0962370789753,1747.7390180878992
Hold,2022-09-25 07:00:00,54.23,3898.7233216926793,Hold,3898.723321692715,1751.6149870801473
Hold,2022-09-25 08:00:00,54.13,3891.534084514563,Hold,3891.5340845145984,1748.3850129199407
Hold,2022-09-25 09:00:00,53.91,3875.717762722706,Hold,3875.7177627227416,1741.2790697674857
Hold,2022-09-25 10:00:00,54.11,3890.09623707894,Hold,3890.0962370789757,1747.739018087899
Hold,2022-09-25 11:00:00,54.09,3888.6583896433167,Hold,3888.6583896433526,1747.0930232558578
Hold,2022-09-25 12:00:00,53.97,3880.0313050295763,Hold,3880.031305029612,1743.2170542636097
Hold,2022-09-25 13:00:00,53.69,3859.9014409308493,Hold,3859.9014409308847,1734.1731266150307
Hold,2022-09-25 14:00:00,53.66,3857.7446697774144,Hold,3857.7446697774503,1733.2041343669687
Hold,2022-09-25 15:00:00,53.97,3880.0313050295763,Hold,3880.031305029612,1743.2170542636097
Hold,2022-09-25 16:00:00,53.65,3857.025746059603,Hold,3857.0257460596385,1732.8811369509478
Hold,2022-09-25 17:00:00,53.77,3865.6528306733435,Hold,3865.652830673379,1736.757105943196
Hold,2022-09-25 18:00:00,53.8,3867.809601826778,Hold,3867.8096018268134,1737.7260981912577
Hold,2022-09-25 19:00:00,53.71,3861.339288366473,Hold,3861.3392883665083,1734.819121447072
Hold,2022-09-25 20:00:00,53.51,3846.9608140102396,Hold,3846.960814010275,1728.3591731266583
Hold,2022-09-25 21:00:00,52.72,3790.165840303118,Hold,3790.165840303153,1702.8423772610247
Hold,2022-09-25 22:00:00,52.84,3798.7929249168583,Hold,3798.7929249168933,1706.718346253273
Hold,2022-09-25 23:00:00,52.53,3776.506289664696,Hold,3776.5062896647314,1696.705426356632
Hold,2022-09-26 00:00:00,52.42,3768.5981287687678,Hold,3768.598128768803,1693.1524547804045
Hold,2022-09-26 01:00:00,53.01,3811.014628119656,Hold,3811.014628119692,1712.2093023256243
Hold,2022-09-26 02:00:00,52.82,3797.3550774812343,Hold,3797.3550774812697,1706.0723514212318
Hold,2022-09-26 03:00:00,52.88,3801.668619788105,Hold,3801.668619788141,1708.0103359173556
Hold,2022-09-26 04:00:00,52.69,3788.0090691496825,Hold,3788.009069149718,1701.8733850129627
Hold,2022-09-26 05:00:00,52.78,3794.479382609988,Hold,3794.4793826100235,1704.780361757149
Hold,2022-09-26 06:00:00,51.93,3733.3708665959957,Hold,3733.3708665960303,1677.3255813953908
Hold,2022-09-26 07:00:00,52.3,3759.9710441550274,Hold,3759.9710441550624,1689.2764857881562
Hold,2022-09-26 08:00:00,53.58,3851.993280034921,Hold,3851.993280034957,1730.6201550388034
Hold,2022-09-26 09:00:00,53.2,3824.674178758078,Hold,3824.674178758114,1718.3462532300177
Hold,2022-09-26 10:00:00,53.01,3811.014628119656,Hold,3811.014628119692,1712.2093023256245
Hold,2022-09-26 11:00:00,52.7,3788.7279928674943,Hold,3788.72799286753,1702.1963824289837
Hold,2022-09-26 12:00:00,53.34,3834.739110807441,Hold,3834.739110807477,1722.8682170543073
Hold,2022-09-26 13:00:00,53.41,3839.7715768321227,Hold,3839.7715768321586,1725.129198966452
Hold,2022-09-26 14:00:00,53.18,3823.2363313224546,Hold,3823.2363313224905,1717.7002583979763
Hold,2022-09-26 15:00:00,53.08,3816.0470941443377,Hold,3816.047094144373,1714.4702842377694
Hold,2022-09-26 16:00:00,52.95,3806.701085812786,Hold,3806.7010858128215,1710.2713178295007
Hold,2022-09-26 17:00:00,52.83,3798.074001199046,Hold,3798.0740011990815,1706.3953488372524
Hold,2022-09-26 18:00:00,53.07,3815.328170426526,Hold,3815.328170426562,1714.1472868217488
Hold,2022-09-26 19:00:00,53.14,3820.360636451208,Hold,3820.3606364512443,1716.4082687338935
Hold,2022-09-26 20:00:00,53.06,3814.6092467087146,Hold,3814.6092467087506,1713.824289405728
Hold,2022-09-26 21:00:00,52.94,3805.9821620949742,Hold,3805.98216209501,1709.9483204134797
Hold,2022-09-26 22:00:00,53.19,3823.955255040266,Hold,3823.955255040302,1718.0232558139967
Hold,2022-09-26 23:00:00,53.44,3841.9283479855576,Hold,3841.9283479855944,1726.098191214514
Hold,2022-09-27 00:00:00,53.92,3876.4366864405183,Hold,3876.436686440555,1741.602067183507
Hold,2022-09-27 01:00:00,55.02,3955.518295399802,Hold,3955.518295399839,1777.1317829457819
Hold,2022-09-27 02:00:00,54.97,3951.923676810743,Hold,3951.9236768107808,1775.5167958656782
Hold,2022-09-27 03:00:00,54.98,3952.642600528555,Hold,3952.6426005285925,1775.839793281699
Hold,2022-09-27 04:00:00,54.83,3941.85874476138,Hold,3941.8587447614177,1770.994832041389
Hold,2022-09-27 05:00:00,55.14,3964.1453800135414,Hold,3964.1453800135796,1781.0077519380297
Hold,2022-09-27 06:00:00,54.99,3953.3615242463666,Hold,3953.3615242464048,1776.1627906977199
Hold,2022-09-27 07:00:00,54.83,3941.85874476138,Hold,3941.8587447614177,1770.994832041389
Hold,2022-09-27 08:00:00,54.56,3922.447804380465,Hold,3922.4478043805025,1762.2739018088307
Hold,2022-09-27 09:00:00,54.53,3920.2910332270303,Hold,3920.291033227068,1761.3049095607685
Hold,2022-09-27 10:00:00,54.79,3938.9830498901333,Hold,3938.9830498901715,1769.702842377306
Hold,2022-09-27 11:00:00,54.95,3950.4858293751204,Hold,3950.485829375159,1774.870801033637
Hold,2022-09-27 12:00:00,54.77,3937.5452024545098,Hold,3937.545202454549,1769.0568475452649
Hold,2022-09-27 13:00:00,54.79,3938.9830498901333,Hold,3938.9830498901724,1769.7028423773058
Hold,2022-09-27 14:00:00,54.97,3951.923676810743,Hold,3951.9236768107826,1775.516795865678
Hold,2022-09-27 15:00:00,54.33,3905.912558870796,Hold,3905.9125588708353,1754.8449612403545
Hold,2022-09-27 16:00:00,52.81,3796.636153763423,Hold,3796.636153763461,1705.7493540052112
Hold,2022-09-27 17:00:00,51.96,3735.527637749431,Hold,3735.527637749469,1678.2945736434533
Hold,2022-09-27 18:00:00,52.59,3780.8198319715666,Hold,3780.819831971605,1698.6434108527565
Hold,2022-09-27 19:00:00,52.35,3763.5656627440862,Hold,3763.565662744124,1690.89147286826
Hold,2022-09-27 20:00:00,52.51,3775.068442229073,Hold,3775.0684422291106,1696.059431524591
Hold,2022-09-27 21:00:00,52.25,3756.3764255659694,Hold,3756.3764255660067,1687.6614987080534
Hold,2022-09-27 22:00:00,52.77,3793.7604588921763,Hold,3793.760458892214,1704.4573643411288
Hold,2022-09-27 23:00:00,52.65,3785.133374278436,Hold,3785.1333742784736,1700.5813953488807
Hold,2022-09-28 00:00:00,52.53,3776.506289664696,Hold,3776.5062896647332,1696.7054263566326
Hold,2022-09-28 01:00:00,51.83,3726.1816294178793,Hold,3726.1816294179166,1674.0956072351848
Hold,2022-09-28 02:00:00,51.58,3708.2085364725876,Hold,3708.2085364726245,1666.020671834668
Hold,2022-09-28 03:00:00,51.92,3732.6519428781844,Hold,3732.6519428782212,1677.0025839793714
Hold,2022-09-28 04:00:00,52.01,3739.122256338489,Hold,3739.1222563385263,1679.9095607235574
Hold,2022-09-28 05:00:00,52.22,3754.2196544125345,Hold,3754.2196544125723,1686.6925064599916
Hold,2022-09-28 06:00:00,51.71,3717.5545448041394,Hold,3717.5545448041767,1670.219638242937
Hold,2022-09-28 07:00:00,52.06,3742.7168749275475,Hold,3742.7168749275847,1681.5245478036609
Hold,2022-09-28 08:00:00,51.96,3735.527637749431,Hold,3735.5276377494683,1678.294573643454
Hold,2022-09-28 09:00:00,52.01,3739.122256338489,Hold,3739.1222563385263,1679.9095607235572
Hold,2022-09-28 10:00:00,52.79,3795.1983063277994,Hold,3795.198306327838,1705.1033591731705
Hold,2022-09-28 11:00:00,52.79,3795.1983063277994,Hold,3795.198306327838,1705.1033591731705
Hold,2022-09-28 12:00:00,52.93,3805.263238377163,Hold,3805.263238377201,1709.62532299746
Hold,2022-09-28 13:00:00,52.99,3809.576780684033,Hold,3809.5767806840713,1711.5633074935843
Hold,2022-09-28 14:00:00,53.36,3836.1769582430647,Hold,3836.1769582431034,1723.5142118863496
Hold,2022-09-28 15:00:00,53.52,3847.679737728052,Hold,3847.679737728091,1728.6821705426805
Hold,2022-09-28 16:00:00,53.3,3831.8634159361945,Hold,3831.8634159362337,1721.5762273902253
Hold,2022-09-28 17:00:00,53.16,3821.798483886831,Hold,3821.7984838868706,1717.0542635659358
Hold,2022-09-28 18:00:00,53.56,3850.555432599298,Hold,3850.5554325993376,1729.9741602067634
Hold,2022-09-28 19:00:00,53.53,3848.398661445863,Hold,3848.398661445903,1729.0051679587011
Hold,2022-09-28 20:00:00,53.49,3845.5229665746165,Hold,3845.522966574656,1727.7131782946183
Hold,2022-09-28 21:00:00,53.29,3831.1444922183828,Hold,3831.144492218423,1721.2532299742045
Hold,2022-09-28 22:00:00,53.25,3828.2687973471366,Hold,3828.268797347176,1719.9612403101219
Hold,2022-09-28 23:00:00,53.29,3831.1444922183828,Hold,3831.144492218423,1721.2532299742045
Hold,2022-09-29 00:00:00,53.18,3823.2363313224546,Hold,3823.2363313224946,1717.700258397977
Hold,2022-09-29 01:00:00,53.45,3842.64727170337,Hold,3842.64727170341,1726.4211886305354
Hold,2022-09-29 02:00:00,53.26,3828.987721064948,Hold,3828.987721064988,1720.2842377261422
Hold,2022-09-29 03:00:00,53.43,3841.2094242677463,Hold,3841.2094242677867,1725.775193798494
Hold,2022-09-29 04:00:00,53.73,3862.777135802096,Hold,3862.777135802137,1735.4651162791145
Hold,2022-09-29 05:00:00,53.37,3836.895881960876,Hold,3836.895881960917,1723.83720930237
Hold,2022-09-29 06:00:00,53.25,3828.2687973471366,Hold,3828.268797347177,1719.9612403101219
Hold,2022-09-29 07:00:00,53.22,3826.112026193701,Hold,3826.1120261937417,1718.9922480620598
Hold,2022-09-29 08:00:00,53.29,3831.1444922183828,Hold,3831.1444922184237,1721.2532299742047
Hold,2022-09-29 09:00:00,53.6,3853.4311274705447,Hold,3853.4311274705856,1731.2661498708458
Hold,2022-09-29 10:00:00,53.68,3859.182517213038,Hold,3859.18251721308,1733.8501291990112
Hold,2022-09-29 11:00:00,53.58,3851.993280034921,Hold,3851.9932800349625,1730.6201550388043
Hold,2022-09-29 12:00:00,53.18,3823.2363313224546,Hold,3823.2363313224955,1717.7002583979772
Hold,2022-09-29 13:00:00,52.61,3782.2576794071897,Hold,3782.2576794072306,1699.2894056847986
Hold,2022-09-29 14:00:00,53.29,3831.1444922183828,Hold,3831.1444922184237,1721.253229974205
Hold,2022-09-29 15:00:00,53.36,3836.1769582430647,Hold,3836.1769582431057,1723.5142118863498
Hold,2022-09-29 16:00:00,53.45,3842.64727170337,Hold,3842.647271703411,1726.421188630536
Hold,2022-09-29 17:00:00,53.01,3811.014628119656,Hold,3811.014628119697,1712.209302325626
Hold,2022-09-29 18:00:00,53.38,3837.6148056786883,Hold,3837.6148056787297,1724.1602067183915
Hold,2022-09-29 19:00:00,53.78,3866.371754391155,Hold,3866.3717543911966,1737.0801033592186
Hold,2022-09-29 20:00:00,53.8,3867.809601826778,Hold,3867.8096018268197,1737.7260981912598
Hold,2022-09-29 21:00:00,53.67,3858.4635934952266,Hold,3858.4635934952685,1733.527131782991
Hold,2022-09-29 22:00:00,53.5,3846.2418902924283,Hold,3846.2418902924696,1728.0361757106393
Hold,2022-09-29 23:00:00,53.96,3879.3123813117645,Hold,3879.3123813118063,1742.8940568475907
Hold,2022-09-30 00:00:00,54.09,3888.6583896433167,Hold,3888.658389643359,1747.0930232558594
Hold,2022-09-30 01:00:00,53.9,3874.9988390048948,Hold,3874.9988390049366,1740.9560723514664
Hold,2022-09-30 02:00:00,53.66,3857.7446697774144,Hold,3857.7446697774562,1733.2041343669703
Hold,2022-09-30 03:00:00,53.61,3854.150051188356,Hold,3854.1500511883983,1731.589147286867
Hold,2022-09-30 04:00:00,53.71,3861.339288366473,Hold,3861.339288366515,1734.8191214470742
Hold,2022-09-30 05:00:00,53.7,3860.6203646486615,Hold,3860.6203646487043,1734.4961240310536
Hold,2022-09-30 06:00:00,53.85,3871.4042204158363,Hold,3871.4042204158795,1739.3410852713637
Hold,2022-09-30 07:00:00,53.97,3880.0313050295763,Hold,3880.0313050296195,1743.217054263612
Hold,2022-09-30 08:00:00,54.09,3888.6583896433167,Hold,3888.65838964336,1747.09302325586
Hold,2022-09-30 09:00:00,53.79,3867.0906781089666,Hold,3867.0906781090093,1737.4031007752394
Hold,2022-09-30 10:00:00,53.5,3846.2418902924283,Hold,3846.2418902924715,1728.03617571064
Hold,2022-09-30 11:00:00,53.38,3837.6148056786883,Hold,3837.614805678731,1724.160206718392
Hold,2022-09-30 12:00:00,53.3,3831.8634159361945,Hold,3831.8634159362373,1721.5762273902262
Hold,2022-09-30 13:00:00,53.67,3858.4635934952266,Hold,3858.4635934952694,1733.5271317829915
Hold,2022-09-30 14:00:00,54.68,3931.074888994205,Hold,3931.0748889942483,1766.14987080108
Hold,2022-09-30 15:00:00,54.47,3915.9774909201597,Hold,3915.9774909202024,1759.3669250646456
Hold,2022-09-30 16:00:00,54.42,3912.3828723311017,Hold,3912.382872331145,1757.7519379845423
Hold,2022-09-30 17:00:00,54.12,3890.815160796751,Hold,3890.815160796794,1748.0620155039217
Hold,2022-09-30 18:00:00,54.08,3887.9394659255045,Hold,3887.939465925547,1746.770025839839
Hold,2022-09-30 19:00:00,53.86,3872.1231441336477,Hold,3872.12314413369,1739.664082687384
Hold,2022-09-30 20:00:00,53.45,3842.64727170337,Hold,3842.6472717034117,1726.4211886305366
Hold,2022-09-30 21:00:00,53.13,3819.6417127333966,Hold,3819.6417127334385,1716.085271317875
Hold,2022-09-30 22:00:00,53.32,3833.3012633718176,Hold,3833.3012633718595,1722.2222222222679
Hold,2022-09-30 23:00:00,53.48,3844.8040428568042,Hold,3844.8040428568465,1727.3901808785988
Hold,2022-10-01 00:00:00,53.32,3833.3012633718176,Hold,3833.3012633718595,1722.222222222268
Hold,2022-10-01 01:00:00,53.4,3839.0526531143114,Hold,3839.0526531143537,1724.8062015504336
Hold,2022-10-01 02:00:00,53.47,3844.085119138993,Hold,3844.085119139035,1727.0671834625782
Hold,2022-10-01 03:00:00,53.57,3851.27435631711,Hold,3851.274356317152,1730.2971576227849
Hold,2022-10-01 04:00:00,53.38,3837.6148056786883,Hold,3837.61480567873,1724.1602067183921
Hold,2022-10-01 05:00:00,53.39,3838.3337293964996,Hold,3838.3337293965415,1724.483204134413
Hold,2022-10-01 06:00:00,53.13,3819.6417127333966,Hold,3819.6417127334385,1716.0852713178754
Hold,2022-10-01 07:00:00,53.38,3837.6148056786883,Hold,3837.61480567873,1724.1602067183924
Hold,2022-10-01 08:00:00,53.48,3844.8040428568042,Hold,3844.804042856846,1727.390180878599
Hold,2022-10-01 09:00:00,53.58,3851.993280034921,Hold,3851.9932800349625,1730.620155038806
Hold,2022-10-01 10:00:00,53.53,3848.398661445863,Hold,3848.3986614459045,1729.0051679587027
Hold,2022-10-01 11:00:00,53.52,3847.679737728052,Hold,3847.6797377280936,1728.6821705426821
Hold,2022-10-01 12:00:00,53.47,3844.085119138993,Hold,3844.0851191390343,1727.0671834625787
Hold,2022-10-01 13:00:00,53.52,3847.679737728052,Hold,3847.679737728093,1728.6821705426823
Hold,2022-10-01 14:00:00,53.53,3848.398661445863,Hold,3848.398661445904,1729.005167958703
Hold,2022-10-01 15:00:00,53.46,3843.366195421181,Hold,3843.3661954212225,1726.744186046558
Hold,2022-10-01 16:00:00,53.08,3816.0470941443377,Hold,3816.0470941443787,1714.470284237772
Hold,2022-10-01 17:00:00,52.79,3795.1983063277994,Hold,3795.19830632784,1705.103359173172
Hold,2022-10-01 18:00:00,52.96,3807.420009530598,Hold,3807.4200095306387,1710.5943152455238
Hold,2022-10-01 19:00:00,52.88,3801.668619788105,Hold,3801.668619788146,1708.0103359173586
Hold,2022-10-01 20:00:00,52.69,3788.0090691496825,Hold,3788.0090691497235,1701.8733850129654
Hold,2022-10-01 21:00:00,52.89,3802.3875435059163,Hold,3802.387543505957,1708.3333333333792
Hold,2022-10-01 22:00:00,52.96,3807.420009530598,Hold,3807.420009530639,1710.594315245524
Hold,2022-10-01 23:00:00,52.92,3804.544314659351,Hold,3804.544314659392,1709.3023255814412
Hold,2022-10-02 00:00:00,52.81,3796.636153763423,Hold,3796.636153763464,1705.7493540052137
Hold,2022-10-02 01:00:00,53.06,3814.6092467087146,Hold,3814.609246708756,1713.824289405731
Hold,2022-10-02 02:00:00,52.88,3801.668619788105,Hold,3801.6686197881463,1708.0103359173586
Hold,2022-10-02 03:00:00,53.0,3810.2957044018444,Hold,3810.295704401886,1711.886304909607
Hold,2022-10-02 04:00:00,53.35,3835.458034525253,Hold,3835.4580345252944,1723.1912144703308
Hold,2022-10-02 05:00:00,53.04,3813.171399273091,Hold,3813.171399273132,1713.1782945736895
Hold,2022-10-02 06:00:00,52.67,3786.5712217140594,Hold,3786.5712217141,1701.2273901809244
Hold,2022-10-02 07:00:00,52.99,3809.576780684033,Hold,3809.576780684073,1711.5633074935863
Hold,2022-10-02 08:00:00,53.06,3814.6092467087146,Hold,3814.6092467087547,1713.824289405731
Hold,2022-10-02 09:00:00,52.99,3809.576780684033,Hold,3809.576780684073,1711.5633074935863
Hold,2022-10-02 10:00:00,52.32,3761.408891590651,Hold,3761.4088915906905,1689.9224806202008
Hold,2022-10-02 11:00:00,52.53,3776.506289664696,Hold,3776.5062896647355,1696.705426356635
Hold,2022-10-02 12:00:00,52.5,3774.349518511261,Hold,3774.349518511301,1695.736434108573
Hold,2022-10-02 13:00:00,52.59,3780.8198319715666,Hold,3780.8198319716066,1698.6434108527592
Hold,2022-10-02 14:00:00,52.48,3772.9116710756375,Hold,3772.9116710756775,1695.0904392765315
Hold,2022-10-02 15:00:00,52.6,3781.538755689378,Hold,3781.538755689418,1698.96640826878
Hold,2022-10-02 16:00:00,52.79,3795.1983063277994,Hold,3795.1983063278394,1705.103359173173
Hold,2022-10-02 17:00:00,52.78,3794.479382609988,Hold,3794.479382610028,1704.7803617571524
Hold,2022-10-02 18:00:00,52.7,3788.7279928674943,Hold,3788.7279928675343,1702.196382428987
Hold,2022-10-02 19:00:00,52.95,3806.701085812786,Hold,3806.7010858128256,1710.271317829504
Hold,2022-10-02 20:00:00,52.63,3783.695526842813,Hold,3783.695526842852,1699.935400516842
Hold,2022-10-02 21:00:00,52.62,3782.976603125001,Hold,3782.97660312504,1699.6124031008212
Hold,2022-10-02 22:00:00,52.6,3781.538755689378,Hold,3781.538755689417,1698.96640826878
Hold,2022-10-02 23:00:00,51.82,3725.462705700068,Hold,3725.4627057001067,1673.772609819167
Hold,2022-10-03 00:00:00,52.15,3749.1871883878525,Hold,3749.187188387891,1684.4315245478494
Hold,2022-10-03 01:00:00,52.57,3779.3819845359426,Hold,3779.381984535982,1697.997416020718
Hold,2022-10-03 02:00:00,52.44,3770.035976204391,Hold,3770.0359762044304,1693.798449612449
Hold,2022-10-03 03:00:00,52.42,3768.5981287687678,Hold,3768.598128768807,1693.1524547804079
Hold,2022-10-03 04:00:00,52.1,3745.5925697987946,Hold,3745.592569798833,1682.8165374677462
Hold,2022-10-03 05:00:00,52.81,3796.636153763423,Hold,3796.636153763462,1705.7493540052144
Hold,2022-10-03 06:00:00,52.38,3765.722433897521,Hold,3765.7224338975598,1691.8604651163253
Hold,2022-10-03 07:00:00,52.65,3785.133374278436,Hold,3785.133374278475,1700.5813953488835
Hold,2022-10-03 08:00:00,52.68,3787.2901454318708,Hold,3787.29014543191,1701.5503875969455
Hold,2022-10-03 09:00:00,52.81,3796.636153763423,Hold,3796.6361537634625,1705.7493540052142
Hold,2022-10-03 10:00:00,52.94,3805.9821620949742,Hold,3805.9821620950142,1709.948320413483
Hold,2022-10-03 11:00:00,53.0,3810.2957044018444,Hold,3810.2957044018844,1711.8863049096074
Hold,2022-10-03 12:00:00,53.07,3815.328170426526,Hold,3815.3281704265664,1714.1472868217522
Hold,2022-10-03 13:00:00,52.95,3806.701085812786,Hold,3806.701085812826,1710.2713178295041
Hold,2022-10-03 14:00:00,53.58,3851.993280034921,Hold,3851.9932800349616,1730.6201550388068
Hold,2022-10-03 15:00:00,53.43,3841.2094242677463,Hold,3841.2094242677867,1725.7751937984967
Hold,2022-10-03 16:00:00,53.64,3856.3068223417913,Hold,3856.306822341832,1732.558139534931
Hold,2022-10-03 17:00:00,53.73,3862.777135802096,Hold,3862.777135802136,1735.4651162791172
Hold,2022-10-03 18:00:00,53.82,3869.2474492624015,Hold,3869.2474492624415,1738.3720930233035
Hold,2022-10-03 19:00:00,53.59,3852.712203752733,Hold,3852.712203752773,1730.943152454828
Hold,2022-10-03 20:00:00,53.88,3873.5609915692717,Hold,3873.5609915693117,1740.3100775194278
Hold,2022-10-03 21:00:00,53.64,3856.3068223417913,Hold,3856.3068223418313,1732.5581395349313
Hold,2022-10-03 22:00:00,53.79,3867.0906781089666,Hold,3867.090678109007,1737.4031007752417
Hold,2022-10-03 23:00:00,54.17,3894.40977938581,Hold,3894.4097793858505,1749.6770025840276
Hold,2022-10-04 00:00:00,54.31,3904.4747114351735,Hold,3904.4747114352144,1754.1989664083173
Hold,2022-10-04 01:00:00,54.29,3903.03686399955,Hold,3903.036863999591,1753.552971576276
Hold,2022-10-04 02:00:00,54.16,3893.6908556679978,Hold,3893.6908556680387,1749.354005168007
Hold,2022-10-04 03:00:00,54.35,3907.3504063064197,Hold,3907.3504063064606,1755.4909560724002
Hold,2022-10-04 04:00:00,54.13,3891.534084514563,Hold,3891.5340845146034,1748.3850129199452
Hold,2022-10-04 05:00:00,53.97,3880.0313050295763,Hold,3880.0313050296163,1743.217054263614
Hold,2022-10-04 06:00:00,54.53,3920.2910332270303,Hold,3920.2910332270712,1761.304909560772
Hold,2022-10-04 07:00:00,54.71,3933.23166014764,Hold,3933.231660147681,1767.1188630491442
Hold,2022-10-04 08:00:00,54.58,3923.8856518160883,Hold,3923.885651816129,1762.9198966408755
Hold,2022-10-04 09:00:00,54.77,3937.5452024545098,Hold,3937.5452024545507,1769.0568475452685
Hold,2022-10-04 10:00:00,54.8,3939.7019736079446,Hold,3939.701973607985,1770.0258397933303
Hold,2022-10-04 11:00:00,54.74,3935.388431301075,Hold,3935.388431301116,1768.0878552972065
Hold,2022-10-04 12:00:00,54.84,3942.5776684791917,Hold,3942.577668479232,1771.3178294574134
Hold,2022-10-04 13:00:00,54.93,3949.047981939497,Hold,3949.0479819395373,1774.2248062015994
Hold,2022-10-04 14:00:00,54.74,3935.388431301075,Hold,3935.3884313011154,1768.0878552972067
Hold,2022-10-04 15:00:00,54.58,3923.8856518160883,Hold,3923.8856518161283,1762.919896640876
Hold,2022-10-04 16:00:00,54.49,3917.415338355783,Hold,3917.415338355823,1760.0129198966902
Hold,2022-10-04 17:00:00,54.73,3934.669507583263,Hold,3934.6695075833036,1767.7648578811861
Hold,2022-10-04 18:00:00,54.82,3941.139821043568,Hold,3941.1398210436087,1770.6718346253724
Hold,2022-10-04 19:00:00,55.03,3956.237219117613,Hold,3956.237219117654,1777.4547803618066
Hold,2022-10-04 20:00:00,55.48,3988.588786419138,Hold,3988.588786419179,1791.9896640827371
Hold,2022-10-04 21:00:00,55.47,3987.869862701327,Hold,3987.8698627013678,1791.6666666667165
Hold,2022-10-04 22:00:00,55.35,3979.242778087587,Hold,3979.2427780876274,1787.7906976744684
Hold,2022-10-04 23:00:00,55.28,3974.210312062905,Hold,3974.2103120629454,1785.5297157623236
Hold,2022-10-05 00:00:00,54.71,3933.23166014764,Hold,3933.23166014768,1767.1188630491447
Hold,2022-10-05 01:00:00,54.8,3939.7019736079446,Hold,3939.701973607985,1770.0258397933308
Hold,2022-10-05 02:00:00,54.68,3931.074888994205,Hold,3931.0748889942456,1766.1498708010824
Hold,2022-10-05 03:00:00,54.9,3946.8912107860615,Hold,3946.8912107861024,1773.2558139535374
Hold,2022-10-05 04:00:00,54.83,3941.85874476138,Hold,3941.858744761421,1770.9948320413928
Hold,2022-10-05 05:00:00,54.96,3951.2047530929317,Hold,3951.204753092973,1775.1937984496617
Hold,2022-10-05 06:00:00,55.06,3958.3939902710486,Hold,3958.39399027109,1778.4237726098688
Hold,2022-10-05 07:00:00,54.76,3936.826278736698,Hold,3936.8262787367394,1768.7338501292481
Hold,2022-10-05 08:00:00,54.32,3905.193635152985,Hold,3905.1936351530258,1754.5219638243384
Hold,2022-10-05 09:00:00,54.16,3893.6908556679978,Hold,3893.6908556680387,1749.3540051680072
Hold,2022-10-05 10:00:00,54.29,3903.03686399955,Hold,3903.036863999591,1753.5529715762761
Hold,2022-10-05 11:00:00,54.0,3882.188076183011,Hold,3882.1880761830516,1744.1860465116763
Hold,2022-10-05 12:00:00,54.04,3885.0637710542583,Hold,3885.063771054299,1745.478036175759
Hold,2022-10-05 13:00:00,53.75,3864.21498323772,Hold,3864.2149832377604,1736.1111111111593
Hold,2022-10-05 14:00:00,53.58,3851.993280034921,Hold,3851.9932800349616,1730.6201550388075
Hold,2022-10-05 15:00:00,53.99,3881.4691524652,Hold,3881.4691524652408,1743.8630490956557
Hold,2022-10-05 16:00:00,54.3,3903.7557877173613,Hold,3903.755787717403,1753.875968992297
Hold,2022-10-05 17:00:00,54.29,3903.03686399955,Hold,3903.036863999592,1753.5529715762764
Hold,2022-10-05 18:00:00,54.74,3935.388431301075,Hold,3935.3884313011167,1768.0878552972067
Hold,2022-10-05 19:00:00,54.43,3913.1017960489135,Hold,3913.1017960489553,1758.074935400566
Hold,2022-10-05 20:00:00,54.19,3895.847626821433,Hold,3895.847626821475,1750.3229974160695
Hold,2022-10-05 21:00:00,54.31,3904.4747114351735,Hold,3904.474711435216,1754.198966408318
Hold,2022-10-05 22:00:00,54.55,3921.728880662653,Hold,3921.7288806626957,1761.9509043928142
Hold,2022-10-05 23:00:00,54.63,3927.4802704051467,Hold,3927.4802704051895,1764.5348837209797
Hold,2022-10-06 00:00:00,54.81,3940.420897325757,Hold,3940.4208973257996,1770.3488372093518
Hold,2022-10-06 01:00:00,54.95,3950.4858293751204,Hold,3950.485829375163,1774.8708010336416
Hold,2022-10-06 02:00:00,54.8,3939.7019736079446,Hold,3939.7019736079874,1770.0258397933312
Hold,2022-10-06 03:00:00,54.76,3936.826278736698,Hold,3936.8262787367407,1768.7338501292486
Hold,2022-10-06 04:00:00,54.67,3930.3559652763934,Hold,3930.355965276436,1765.8268733850628
Hold,2022-10-06 05:00:00,54.71,3933.23166014764,Hold,3933.2316601476828,1767.1188630491454
Hold,2022-10-06 06:00:00,54.21,3897.2854742570566,Hold,3897.285474257099,1750.9689922481116
Hold,2022-10-06 07:00:00,54.44,3913.820719766725,Hold,3913.820719766768,1758.3979328165874
Hold,2022-10-06 08:00:00,54.35,3907.3504063064197,Hold,3907.350406306463,1755.4909560724013
Hold,2022-10-06 09:00:00,54.35,3907.3504063064197,Hold,3907.350406306463,1755.4909560724013
Hold,2022-10-06 10:00:00,54.43,3913.1017960489135,Hold,3913.101796048956,1758.0749354005668
Hold,2022-10-06 11:00:00,54.58,3923.8856518160883,Hold,3923.8856518161315,1762.919896640877
Hold,2022-10-06 12:00:00,54.55,3921.728880662653,Hold,3921.7288806626966,1761.950904392815
Hold,2022-10-06 13:00:00,54.44,3913.820719766725,Hold,3913.8207197667684,1758.3979328165876
Hold,2022-10-06 14:00:00,54.43,3913.1017960489135,Hold,3913.101796048957,1758.074935400567
Hold,2022-10-06 15:00:00,54.36,3908.0693300242315,Hold,3908.069330024275,1755.8139534884224
Hold,2022-10-06 16:00:00,54.27,3901.599016563927,Hold,3901.59901656397,1752.9069767442363
Hold,2022-10-06 17:00:00,54.39,3910.226101177667,Hold,3910.2261011777105,1756.7829457364844
Hold,2022-10-06 18:00:00,54.06,3886.501618489882,Hold,3886.501618489925,1746.124031007802
Hold,2022-10-06 19:00:00,53.86,3872.1231441336477,Hold,3872.1231441336904,1739.6640826873884
Hold,2022-10-06 20:00:00,53.86,3872.1231441336477,Hold,3872.1231441336904,1739.6640826873884
Hold,2022-10-06 21:00:00,53.5,3846.2418902924283,Hold,3846.241890292471,1728.0361757106436
Hold,2022-10-06 22:00:00,53.49,3845.5229665746165,Hold,3845.522966574659,1727.713178294623
Hold,2022-10-06 23:00:00,53.53,3848.398661445863,Hold,3848.398661445906,1729.005167958706
Hold,2022-10-07 00:00:00,53.44,3841.9283479855576,Hold,3841.9283479856003,1726.0981912145196
Hold,2022-10-07 01:00:00,53.31,3832.5823396540063,Hold,3832.582339654049,1721.899224806251
Hold,2022-10-07 02:00:00,53.66,3857.7446697774144,Hold,3857.744669777457,1733.2041343669746
Hold,2022-10-07 03:00:00,53.51,3846.9608140102396,Hold,3846.9608140102823,1728.3591731266642
Hold,2022-10-07 04:00:00,53.4,3839.0526531143114,Hold,3839.052653114354,1724.8062015504368
Hold,2022-10-07 05:00:00,53.73,3862.777135802096,Hold,3862.777135802139,1735.465116279119
Hold,2022-10-07 06:00:00,53.12,3818.9227890155844,Hold,3818.922789015627,1715.7622739018575
Hold,2022-10-07 07:00:00,53.51,3846.9608140102396,Hold,3846.9608140102823,1728.359173126664
Hold,2022-10-07 08:00:00,53.61,3854.150051188356,Hold,3854.1500511883987,1731.589147286871
Hold,2022-10-07 09:00:00,53.51,3846.9608140102396,Hold,3846.9608140102823,1728.359173126664
Hold,2022-10-07 10:00:00,53.5,3846.2418902924283,Hold,3846.2418902924715,1728.0361757106434
Hold,2022-10-07 11:00:00,53.49,3845.5229665746165,Hold,3845.5229665746597,1727.7131782946228
Hold,2022-10-07 12:00:00,52.72,3790.165840303118,Hold,3790.1658403031606,1702.8423772610304
Hold,2022-10-07 13:00:00,52.62,3782.976603125001,Hold,3782.9766031250433,1699.6124031008235
Hold,2022-10-07 14:00:00,52.73,3790.884764020929,Hold,3790.8847640209715,1703.1653746770507
Hold,2022-10-07 15:00:00,52.72,3790.165840303118,Hold,3790.16584030316,1702.8423772610302
Hold,2022-10-07 16:00:00,52.49,3773.6305947934497,Hold,3773.6305947934916,1695.4134366925546
Hold,2022-10-07 17:00:00,52.62,3782.976603125001,Hold,3782.9766031250433,1699.6124031008233
Hold,2022-10-07 18:00:00,52.73,3790.884764020929,Hold,3790.8847640209715,1703.1653746770505
Hold,2022-10-07 19:00:00,52.69,3788.0090691496825,Hold,3788.009069149725,1701.873385012968
Hold,2022-10-07 20:00:00,52.91,3803.8253909415394,Hold,3803.8253909415816,1708.9793281654229
Hold,2022-10-07 21:00:00,52.95,3806.701085812786,Hold,3806.7010858128283,1710.2713178295057
Hold,2022-10-07 22:00:00,52.94,3805.9821620949742,Hold,3805.982162095016,1709.948320413485
Hold,2022-10-07 23:00:00,52.83,3798.074001199046,Hold,3798.074001199088,1706.3953488372574
Hold,2022-10-08 00:00:00,53.25,3828.2687973471366,Hold,3828.2687973471784,1719.9612403101262
Hold,2022-10-08 01:00:00,53.18,3823.2363313224546,Hold,3823.2363313224964,1717.7002583979815
Hold,2022-10-08 02:00:00,53.17,3822.517407604643,Hold,3822.517407604685,1717.377260981961
Hold,2022-10-08 03:00:00,53.2,3824.674178758078,Hold,3824.6741787581204,1718.346253230023
Hold,2022-10-08 04:00:00,52.96,3807.420009530598,Hold,3807.42000953064,1710.5943152455263
Hold,2022-10-08 05:00:00,53.17,3822.517407604643,Hold,3822.5174076046846,1717.377260981961
Hold,2022-10-08 06:00:00,53.39,3838.3337293964996,Hold,3838.3337293965415,1724.4832041344157
Hold,2022-10-08 07:00:00,53.3,3831.8634159361945,Hold,3831.8634159362364,1721.5762273902296
Hold,2022-10-08 08:00:00,53.16,3821.798483886831,Hold,3821.798483886873,1717.0542635659401
Hold,2022-10-08 09:00:00,53.31,3832.5823396540063,Hold,3832.582339654048,1721.8992248062505
Hold,2022-10-08 10:00:00,53.45,3842.64727170337,Hold,3842.6472717034117,1726.4211886305397
Hold,2022-10-08 11:00:00,53.37,3836.895881960876,Hold,3836.895881960918,1723.8372093023743
Hold,2022-10-08 12:00:00,53.43,3841.2094242677463,Hold,3841.2094242677877,1725.7751937984983
Hold,2022-10-08 13:00:00,53.32,3833.3012633718176,Hold,3833.3012633718586,1722.222222222271
Hold,2022-10-08 14:00:00,53.19,3823.955255040266,Hold,3823.955255040307,1718.0232558140021
Hold,2022-10-08 15:00:00,53.17,3822.517407604643,Hold,3822.5174076046837,1717.377260981961
Hold,2022-10-08 16:00:00,53.3,3831.8634159361945,Hold,3831.863415936236,1721.5762273902296
Hold,2022-10-08 17:00:00,53.26,3828.987721064948,Hold,3828.9877210649893,1720.284237726147
Hold,2022-10-08 18:00:00,53.14,3820.360636451208,Hold,3820.3606364512493,1716.408268733899
Hold,2022-10-08 19:00:00,52.85,3799.5118486346696,Hold,3799.5118486347114,1707.0413436692993
Hold,2022-10-08 20:00:00,52.92,3804.544314659351,Hold,3804.544314659393,1709.3023255814442
Hold,2022-10-08 21:00:00,52.58,3780.1009082537544,Hold,3780.100908253796,1698.3204134367409
Hold,2022-10-08 22:00:00,52.61,3782.2576794071897,Hold,3782.2576794072315,1699.289405684803
Hold,2022-10-08 23:00:00,52.79,3795.1983063277994,Hold,3795.1983063278412,1705.1033591731752
Hold,2022-10-09 00:00:00,52.71,3789.4469165853066,Hold,3789.446916585349,1702.51937984501
Hold,2022-10-09 01:00:00,52.93,3805.263238377163,Hold,3805.263238377205,1709.6253229974648
Hold,2022-10-09 02:00:00,52.87,3800.9496960702927,Hold,3800.949696070335,1707.6873385013407
Hold,2022-10-09 03:00:00,52.92,3804.544314659351,Hold,3804.544314659393,1709.3023255814444
Hold,2022-10-09 04:00:00,53.08,3816.0470941443377,Hold,3816.0470941443796,1714.470284237775
Hold,2022-10-09 05:00:00,53.31,3832.5823396540063,Hold,3832.5823396540486,1721.899224806251
Hold,2022-10-09 06:00:00,53.39,3838.3337293964996,Hold,3838.3337293965424,1724.4832041344164
Hold,2022-10-09 07:00:00,53.37,3836.895881960876,Hold,3836.895881960919,1723.8372093023747
Hold,2022-10-09 08:00:00,53.31,3832.5823396540063,Hold,3832.5823396540486,1721.899224806251
Hold,2022-10-09 09:00:00,53.45,3842.64727170337,Hold,3842.647271703412,1726.4211886305404
Hold,2022-10-09 10:00:00,53.57,3851.27435631711,Hold,3851.274356317152,1730.2971576227885
Hold,2022-10-09 11:00:00,53.57,3851.27435631711,Hold,3851.274356317152,1730.2971576227885
Hold,2022-10-09 12:00:00,53.69,3859.9014409308493,Hold,3859.9014409308916,1734.1731266150364
Hold,2022-10-09 13:00:00,53.56,3850.555432599298,Hold,3850.5554325993403,1729.9741602067677
Hold,2022-10-09 14:00:00,53.61,3854.150051188356,Hold,3854.1500511883983,1731.589147286871
Hold,2022-10-09 15:00:00,53.64,3856.3068223417913,Hold,3856.306822341833,1732.558139534933
Hold,2022-10-09 16:00:00,53.61,3854.150051188356,Hold,3854.150051188398,1731.589147286871
Hold,2022-10-09 17:00:00,53.6,3853.4311274705447,Hold,3853.431127470586,1731.2661498708503
Hold,2022-10-09 18:00:00,53.63,3855.58789862398,Hold,3855.5878986240214,1732.2351421189126
Hold,2022-10-09 19:00:00,53.58,3851.993280034921,Hold,3851.9932800349625,1730.6201550388091
Hold,2022-10-09 20:00:00,53.64,3856.3068223417913,Hold,3856.306822341833,1732.5581395349332
Hold,2022-10-09 21:00:00,53.67,3858.4635934952266,Hold,3858.4635934952685,1733.5271317829952
Hold,2022-10-09 22:00:00,53.48,3844.8040428568042,Hold,3844.804042856846,1727.3901808786022
Hold,2022-10-09 23:00:00,53.9,3874.9988390048948,Hold,3874.998839004936,1740.956072351471
Hold,2022-10-10 00:00:00,54.19,3895.847626821433,Hold,3895.8476268214745,1750.3229974160706
Hold,2022-10-10 01:00:00,54.25,3900.161169128303,Hold,3900.161169128344,1752.2609819121947
Hold,2022-10-10 02:00:00,54.08,3887.9394659255045,Hold,3887.939465925546,1746.770025839843
Hold,2022-10-10 03:00:00,54.12,3890.815160796751,Hold,3890.8151607967925,1748.0620155039257
Hold,2022-10-10 04:00:00,54.36,3908.0693300242315,Hold,3908.0693300242733,1755.8139534884222
Hold,2022-10-10 05:00:00,53.92,3876.4366864405183,Hold,3876.43668644056,1741.6020671835122
Hold,2022-10-10 06:00:00,54.01,3882.906999900823,Hold,3882.9069999008643,1744.509043927698
Hold,2022-10-10 07:00:00,53.99,3881.4691524652,Hold,3881.469152465241,1743.8630490956568
Hold,2022-10-10 08:00:00,52.96,3807.420009530598,Hold,3807.4200095306387,1710.5943152455268
Hold,2022-10-10 09:00:00,53.24,3827.549873629325,Hold,3827.549873629366,1719.6382428941058
Hold,2022-10-10 10:00:00,53.01,3811.014628119656,Hold,3811.014628119697,1712.20930232563
Hold,2022-10-10 11:00:00,53.28,3830.4255685005714,Hold,3830.4255685006124,1720.9302325581887
Hold,2022-10-10 12:00:00,53.55,3849.836508881486,Hold,3849.8365088815276,1729.6511627907469
Hold,2022-10-10 13:00:00,53.2,3824.674178758078,Hold,3824.6741787581195,1718.3462532300234
Hold,2022-10-10 14:00:00,53.23,3826.830949911513,Hold,3826.8309499115544,1719.315245478085
Hold,2022-10-10 15:00:00,53.37,3836.895881960876,Hold,3836.895881960918,1723.8372093023743
Hold,2022-10-10 16:00:00,53.03,3812.4524755552798,Hold,3812.452475555321,1712.8552971576714
Hold,2022-10-10 17:00:00,53.45,3842.64727170337,Hold,3842.647271703412,1726.42118863054
Hold,2022-10-10 18:00:00,53.28,3830.4255685005714,Hold,3830.4255685006137,1720.9302325581884
Hold,2022-10-10 19:00:00,53.19,3823.955255040266,Hold,3823.9552550403077,1718.0232558140021
Hold,2022-10-10 20:00:00,53.23,3826.830949911513,Hold,3826.830949911555,1719.315245478085
Hold,2022-10-10 21:00:00,53.29,3831.1444922183828,Hold,3831.1444922184246,1721.253229974209
Hold,2022-10-10 22:00:00,52.77,3793.7604588921763,Hold,3793.7604588922177,1704.4573643411336
Hold,2022-10-10 23:00:00,52.63,3783.695526842813,Hold,3783.6955268428546,1699.935400516844
Hold,2022-10-11 00:00:00,51.9,3731.214095442561,Hold,3731.214095442602,1676.3565891473345
Hold,2022-10-11 01:00:00,51.58,3708.2085364725876,Hold,3708.2085364726286,1666.0206718346726
Hold,2022-10-11 02:00:00,51.76,3721.1491633931973,Hold,3721.1491633932383,1671.8346253230447
Hold,2022-10-11 03:00:00,51.63,3711.803155061646,Hold,3711.803155061687,1667.635658914776
Hold,2022-10-11 04:00:00,51.72,3718.2734685219507,Hold,3718.2734685219907,1670.5426356589621
Hold,2022-10-11 05:00:00,51.71,3717.5545448041394,Hold,3717.55454480418,1670.2196382429415
Hold,2022-10-11 06:00:00,51.74,3719.7113159575742,Hold,3719.7113159576147,1671.1886304910036
Hold,2022-10-11 07:00:00,51.93,3733.3708665959957,Hold,3733.3708665960357,1677.3255813953963
Hold,2022-10-11 08:00:00,51.91,3731.933019160372,Hold,3731.933019160412,1676.6795865633549
Hold,2022-10-11 09:00:00,51.77,3721.8680871110096,Hold,3721.868087111049,1672.1576227390656
Hold,2022-10-11 10:00:00,51.94,3734.0897903138075,Hold,3734.089790313847,1677.648578811417
Hold,2022-10-11 11:00:00,52.08,3744.154722363171,Hold,3744.1547223632106,1682.1705426357066
Hold,2022-10-11 12:00:00,51.96,3735.527637749431,Hold,3735.5276377494706,1678.2945736434585
Hold,2022-10-11 13:00:00,51.63,3711.803155061646,Hold,3711.803155061686,1667.635658914776
Hold,2022-10-11 14:00:00,51.96,3735.527637749431,Hold,3735.527637749471,1678.2945736434588
Hold,2022-10-11 15:00:00,52.46,3771.473823640015,Hold,3771.4738236400553,1694.4444444444928
Hold,2022-10-11 16:00:00,52.49,3773.6305947934497,Hold,3773.63059479349,1695.4134366925548
Hold,2022-10-11 17:00:00,52.24,3755.657501848158,Hold,3755.6575018481985,1687.3385012920378
Hold,2022-10-11 18:00:00,51.66,3713.9599262150805,Hold,3713.95992621512,1668.604651162838
Hold,2022-10-11 19:00:00,51.83,3726.1816294178793,Hold,3726.1816294179193,1674.0956072351896
Hold,2022-10-11 20:00:00,51.94,3734.0897903138075,Hold,3734.089790313848,1677.648578811417
Hold,2022-10-11 21:00:00,51.95,3734.8087140316197,Hold,3734.8087140316607,1677.9715762274382
Hold,2022-10-11 22:00:00,52.02,3739.8411800563013,Hold,3739.8411800563426,1680.232558139583
Hold,2022-10-11 23:00:00,52.03,3740.5601037741126,Hold,3740.5601037741535,1680.5555555556039
Hold,2022-10-12 00:00:00,52.34,3762.846739026275,Hold,3762.8467390263168,1690.568475452245
Hold,2022-10-12 01:00:00,52.12,3747.0304172344177,Hold,3747.030417234459,1683.46253229979
Hold,2022-10-12 02:00:00,52.28,3758.5331967194043,Hold,3758.5331967194456,1688.6304909561209
Hold,2022-10-12 03:00:00,52.17,3750.625035823476,Hold,3750.6250358235175,1685.0775193798934
Hold,2022-10-12 04:00:00,52.36,3764.2845864618976,Hold,3764.284586461939,1691.2144702842863
Hold,2022-10-12 05:00:00,52.31,3760.689967872839,Hold,3760.68996787288,1689.599483204183
Hold,2022-10-12 06:00:00,52.61,3782.2576794071897,Hold,3782.2576794072315,1699.2894056848033
Hold,2022-10-12 07:00:00,52.49,3773.6305947934497,Hold,3773.630594793491,1695.4134366925553
Hold,2022-10-12 08:00:00,52.64,3784.4144505606246,Hold,3784.4144505606664,1700.2583979328656
Hold,2022-10-12 09:00:00,52.69,3788.0090691496825,Hold,3788.0090691497244,1701.8733850129688
Hold,2022-10-12 10:00:00,52.26,3757.0953492837807,Hold,3757.0953492838225,1687.9844961240794
Hold,2022-10-12 11:00:00,52.18,3751.3439595412874,Hold,3751.3439595413292,1685.4005167959142
Hold,2022-10-12 12:00:00,52.04,3741.279027491924,Hold,3741.279027491966,1680.878552971625
Hold,2022-10-12 13:00:00,52.21,3753.5007306947227,Hold,3753.500730694765,1686.3695090439764
Hold,2022-10-12 14:00:00,52.09,3744.8736460809832,Hold,3744.8736460810255,1682.4935400517284
Hold,2022-10-12 15:00:00,52.26,3757.0953492837807,Hold,3757.095349283824,1687.9844961240797
Hold,2022-10-12 16:00:00,52.07,3743.4357986453597,Hold,3743.4357986454024,1681.847545219687
Hold,2022-10-12 17:00:00,52.02,3739.8411800563013,Hold,3739.8411800563445,1680.2325581395837
Hold,2022-10-12 18:00:00,52.04,3741.279027491924,Hold,3741.2790274919676,1680.878552971625
Hold,2022-10-12 19:00:00,52.12,3747.0304172344177,Hold,3747.0304172344618,1683.4625322997902
Hold,2022-10-12 20:00:00,52.25,3756.3764255659694,Hold,3756.376425566014,1687.661498708059
Hold,2022-10-12 21:00:00,52.17,3750.625035823476,Hold,3750.6250358235206,1685.0775193798938
Hold,2022-10-12 22:00:00,52.12,3747.0304172344177,Hold,3747.030417234462,1683.4625322997902
Hold,2022-10-12 23:00:00,52.23,3754.938578130346,Hold,3754.93857813039,1687.0155038760179
Hold,2022-10-13 00:00:00,52.39,3766.441357615333,Hold,3766.441357615377,1692.1834625323488
Hold,2022-10-13 01:00:00,51.98,3736.965485185054,Hold,3736.9654851850974,1678.9405684755009
Hold,2022-10-13 02:00:00,51.83,3726.1816294178793,Hold,3726.1816294179225,1674.0956072351908
Hold,2022-10-13 03:00:00,51.9,3731.214095442561,Hold,3731.214095442604,1676.3565891473354
Hold,2022-10-13 04:00:00,51.94,3734.0897903138075,Hold,3734.0897903138507,1677.648578811418
Hold,2022-10-13 05:00:00,51.95,3734.8087140316197,Hold,3734.8087140316634,1677.971576227439
Hold,2022-10-13 06:00:00,51.46,3699.5814518588477,Hold,3699.5814518588904,1662.1447028424257
Hold,2022-10-13 07:00:00,50.85,3655.7271050723357,Hold,3655.727105072378,1642.4418604651642
Hold,2022-10-13 08:00:00,51.07,3671.5434268641925,Hold,3671.5434268642352,1649.5478036176187
Hold,2022-10-13 09:00:00,50.92,3660.7595710970177,Hold,3660.7595710970604,1644.7028423773086
Trailing-Stop,2022-10-13 10:00:00,49.71,3573.7698012418055,Trailing stop 10.0% hit,3573.7698012418473,1605.6201550388062
Buy,2022-10-24 07:00:00,52.98,3573.7698012418055,Sinal: Compra,3573.7698012418473,1711.2403100775687
Hold,2022-10-24 08:00:00,53.16,3578.7434769790298,Hold,3578.7434769790716,1717.0542635659408
Hold,2022-10-24 09:00:00,53.23,3583.4558931451043,Hold,3583.4558931451465,1719.3152454780857
Hold,2022-10-24 10:00:00,53.24,3584.1290954545434,Hold,3584.1290954545857,1719.6382428941065
Hold,2022-10-24 11:00:00,53.31,3588.841511620619,Hold,3588.8415116206615,1721.8992248062511
Hold,2022-10-24 12:00:00,53.12,3576.0506677412727,Hold,3576.050667741315,1715.7622739018582
Hold,2022-10-24 13:00:00,52.97,3565.9526330996837,Hold,3565.9526330997264,1710.917312661548
Hold,2022-10-24 14:00:00,52.52,3535.658529174918,Hold,3535.65852917496,1696.3824289406175
Hold,2022-10-24 15:00:00,52.57,3539.024540722114,Hold,3539.024540722157,1697.9974160207207
Hold,2022-10-24 16:00:00,52.41,3528.253303771086,Hold,3528.2533037711287,1692.8294573643898
Hold,2022-10-24 17:00:00,52.35,3524.2140899144506,Hold,3524.2140899144933,1690.8914728682657
Hold,2022-10-24 18:00:00,52.66,3545.083361507067,Hold,3545.0833615071106,1700.904392764907
Hold,2022-10-24 19:00:00,52.61,3541.717349959871,Hold,3541.717349959915,1699.2894056848038
Hold,2022-10-24 20:00:00,52.61,3541.717349959871,Hold,3541.717349959915,1699.2894056848038
Hold,2022-10-24 21:00:00,52.45,3530.9461130088434,Hold,3530.9461130088866,1694.121447028473
Hold,2022-10-24 22:00:00,52.67,3545.756563816507,Hold,3545.75656381655,1701.227390180928
Hold,2022-10-24 23:00:00,52.54,3537.004933793796,Hold,3537.0049337938394,1697.0284237726592
Hold,2022-10-25 00:00:00,52.67,3545.756563816507,Hold,3545.75656381655,1701.2273901809283
Hold,2022-10-25 01:00:00,52.68,3546.4297661259457,Hold,3546.4297661259893,1701.550387596949
Hold,2022-10-25 02:00:00,52.71,3548.449373054264,Hold,3548.4493730543077,1702.519379845011
Hold,2022-10-25 03:00:00,52.82,3555.8545984580956,Hold,3555.8545984581397,1706.0723514212386
Hold,2022-10-25 04:00:00,52.77,3552.4885869108994,Hold,3552.4885869109435,1704.4573643411352
Hold,2022-10-25 05:00:00,52.86,3558.547407695852,Hold,3558.5474076958967,1707.3643410853213
Hold,2022-10-25 06:00:00,52.8,3554.508193839217,Hold,3554.5081938392614,1705.4263565891972
Hold,2022-10-25 07:00:00,52.71,3548.449373054264,Hold,3548.4493730543086,1702.5193798450111
Hold,2022-10-25 08:00:00,52.41,3528.253303771086,Hold,3528.25330377113,1692.8294573643907
Hold,2022-10-25 09:00:00,52.42,3528.926506080526,Hold,3528.92650608057,1693.1524547804115
Hold,2022-10-25 10:00:00,52.49,3533.6389222466005,Hold,3533.6389222466446,1695.4134366925562
Hold,2022-10-25 11:00:00,52.5,3534.312124556039,Hold,3534.3121245560837,1695.7364341085768
Hold,2022-10-25 12:00:00,52.59,3540.370945340993,Hold,3540.3709453410374,1698.643410852763
Hold,2022-10-25 13:00:00,53.18,3580.0898815979085,Hold,3580.089881597953,1717.7002583979831
Hold,2022-10-25 14:00:00,53.34,3590.8611185489362,Hold,3590.861118548981,1722.8682170543143
Hold,2022-10-25 15:00:00,53.78,3620.4820201642633,Hold,3620.4820201643083,1737.0801033592243
Hold,2022-10-25 16:00:00,53.95,3631.92645942473,Hold,3631.9264594247757,1742.571059431576
Hold,2022-10-25 17:00:00,55.18,3714.730343485757,Hold,3714.7303434858036,1782.2997416021196
Hold,2022-10-25 18:00:00,55.99,3769.2597305503364,Hold,3769.2597305503837,1808.462532299795
Hold,2022-10-25 19:00:00,56.78,3822.442712996037,Hold,3822.442712996085,1833.9793281654288
Hold,2022-10-25 20:00:00,56.02,3771.2793374786543,Hold,3771.2793374787016,1809.4315245478572
Hold,2022-10-25 21:00:00,56.33,3792.1486090712706,Hold,3792.1486090713183,1819.4444444444982
Hold,2022-10-25 22:00:00,55.79,3755.7956843615516,Hold,3755.7956843615984,1802.0025839793814
Hold,2022-10-25 23:00:00,55.92,3764.547314384262,Hold,3764.5473143843087,1806.2015503876505
Hold,2022-10-26 00:00:00,55.94,3765.8937190031397,Hold,3765.893719003187,1806.8475452196917
Hold,2022-10-26 01:00:00,56.25,3786.7629905957565,Hold,3786.762990595804,1816.860465116333
Hold,2022-10-26 02:00:00,56.49,3802.9198460222988,Hold,3802.9198460223465,1824.6124031008294
Hold,2022-10-26 03:00:00,56.37,3794.8414183090276,Hold,3794.8414183090754,1820.736434108581
Hold,2022-10-26 04:00:00,56.23,3785.4165859768777,Hold,3785.416585976925,1816.2144702842913
Hold,2022-10-26 05:00:00,56.14,3779.357765191925,Hold,3779.3577651919722,1813.3074935401053
Hold,2022-10-26 06:00:00,56.18,3782.050574429682,Hold,3782.050574429729,1814.5994832041881
Hold,2022-10-26 07:00:00,56.41,3797.534227546784,Hold,3797.534227546832,1822.0284237726637
Hold,2022-10-26 08:00:00,57.07,3841.965579969775,Hold,3841.9655799698226,1843.3462532300287
Hold,2022-10-26 09:00:00,57.27,3855.42962615856,Hold,3855.429626158608,1849.8062015504424
Hold,2022-10-26 10:00:00,57.34,3860.1420423246345,Hold,3860.1420423246823,1852.067183462587
Hold,2022-10-26 11:00:00,57.15,3847.351198445289,Hold,3847.351198445336,1845.930232558194
Hold,2022-10-26 12:00:00,56.67,3815.037487592205,Hold,3815.0374875922516,1830.426356589201
Hold,2022-10-26 13:00:00,56.61,3810.998273735569,Hold,3810.998273735616,1828.4883720930768
Hold,2022-10-26 14:00:00,57.0,3837.2531638037,Hold,3837.2531638037476,1841.0852713178833
Hold,2022-10-26 15:00:00,56.75,3820.423106067719,Hold,3820.4231060677666,1833.0103359173663
Hold,2022-10-26 16:00:00,56.31,3790.8022044523923,Hold,3790.802204452439,1818.7984496124566
Hold,2022-10-26 17:00:00,56.33,3792.1486090712706,Hold,3792.1486090713174,1819.4444444444978
Hold,2022-10-26 18:00:00,55.88,3761.854505146505,Hold,3761.854505146551,1804.9095607235672
Hold,2022-10-26 19:00:00,56.08,3775.3185513352896,Hold,3775.318551335336,1811.3695090439808
Hold,2022-10-26 20:00:00,56.05,3773.2989444069713,Hold,3773.2989444070176,1810.4005167959187
Hold,2022-10-26 21:00:00,56.1,3776.6649559541684,Hold,3776.6649559542143,1812.0155038760224
Hold,2022-10-26 22:00:00,56.36,3794.168215999588,Hold,3794.168215999634,1820.4134366925603
Hold,2022-10-26 23:00:00,56.39,3796.1878229279064,Hold,3796.1878229279528,1821.3824289406223
Hold,2022-10-27 00:00:00,56.35,3793.4950136901493,Hold,3793.4950136901957,1820.0904392765397
Hold,2022-10-27 01:00:00,56.34,3792.8218113807097,Hold,3792.821811380756,1819.767441860519
Hold,2022-10-27 02:00:00,55.82,3757.815291289869,Hold,3757.815291289915,1802.9715762274434
Hold,2022-10-27 03:00:00,56.25,3786.7629905957565,Hold,3786.762990595803,1816.8604651163328
Hold,2022-10-27 04:00:00,56.3,3790.1290021429527,Hold,3790.129002142999,1818.4754521964362
Hold,2022-10-27 05:00:00,56.52,3804.939452950616,Hold,3804.9394529506626,1825.5813953488912
Hold,2022-10-27 06:00:00,56.29,3789.4557998335135,Hold,3789.45579983356,1818.1524547804156
Hold,2022-10-27 07:00:00,56.19,3782.723776739121,Hold,3782.723776739168,1814.9224806202087
Hold,2022-10-27 08:00:00,56.14,3779.357765191925,Hold,3779.357765191972,1813.3074935401053
Hold,2022-10-27 09:00:00,55.87,3761.181302837065,Hold,3761.181302837111,1804.5865633075466
Hold,2022-10-27 10:00:00,55.71,3750.4100658860375,Hold,3750.410065886084,1799.418604651216
Hold,2022-10-27 11:00:00,55.86,3760.508100527626,Hold,3760.5081005276725,1804.2635658915262
Hold,2022-10-27 12:00:00,56.36,3794.168215999588,Hold,3794.168215999635,1820.4134366925603
Hold,2022-10-27 13:00:00,55.46,3733.580008150056,Hold,3733.5800081501025,1791.343669250699
Hold,2022-10-27 14:00:00,55.46,3733.580008150056,Hold,3733.5800081501025,1791.343669250699
Hold,2022-10-27 15:00:00,55.37,3727.521187365103,Hold,3727.521187365149,1788.4366925065128
Hold,2022-10-27 16:00:00,55.49,3735.599615078374,Hold,3735.5996150784204,1792.3126614987611
Hold,2022-10-27 17:00:00,55.53,3738.292424316131,Hold,3738.2924243161774,1793.604651162844
Hold,2022-10-27 18:00:00,55.53,3738.292424316131,Hold,3738.2924243161774,1793.604651162844
Hold,2022-10-27 19:00:00,55.81,3757.1420889804303,Hold,3757.1420889804767,1802.6485788114232
Hold,2022-10-27 20:00:00,55.01,3703.2859042252903,Hold,3703.2859042253363,1776.8087855297688
Hold,2022-10-27 21:00:00,55.02,3703.9591065347295,Hold,3703.9591065347754,1777.1317829457894
Hold,2022-10-27 22:00:00,54.82,3690.4950603459442,Hold,3690.49506034599,1770.6718346253756
Hold,2022-10-27 23:00:00,54.75,3685.7826441798697,Hold,3685.7826441799157,1768.4108527132307
Hold,2022-10-28 00:00:00,54.68,3681.0702280137953,Hold,3681.070228013841,1766.1498708010859
Hold,2022-10-28 01:00:00,54.9,3695.8806788214583,Hold,3695.8806788215047,1773.2558139535408
Hold,2022-10-28 02:00:00,54.37,3660.200956421178,Hold,3660.200956421224,1756.1369509044446
Hold,2022-10-28 03:00:00,54.58,3674.3382049194024,Hold,3674.338204919449,1762.919896640879
Hold,2022-10-28 04:00:00,54.57,3673.6650026099633,Hold,3673.665002610009,1762.5968992248584
Hold,2022-10-28 05:00:00,54.6,3675.684609538281,Hold,3675.684609538327,1763.5658914729204
Hold,2022-10-28 06:00:00,54.35,3658.8545518022997,Hold,3658.854551802345,1755.4909560724034
Hold,2022-10-28 07:00:00,53.73,3617.116008617066,Hold,3617.116008617111,1735.465116279121
Hold,2022-10-28 08:00:00,54.09,3641.3512917568796,Hold,3641.351291756925,1747.093023255866
Hold,2022-10-28 09:00:00,54.2,3648.756517160711,Hold,3648.756517160756,1750.6459948320935
Hold,2022-10-28 10:00:00,54.02,3636.6388755908047,Hold,3636.6388755908492,1744.8320413437216
Hold,2022-10-28 11:00:00,54.06,3639.3316848285617,Hold,3639.3316848286067,1746.1240310078042
Hold,2022-10-28 12:00:00,54.21,3649.4297194701508,Hold,3649.4297194701953,1750.9689922481143
Hold,2022-10-28 13:00:00,54.86,3693.1878695837013,Hold,3693.1878695837468,1771.9638242894587
Hold,2022-10-28 14:00:00,54.73,3684.436239560991,Hold,3684.436239561036,1767.7648578811895
Hold,2022-10-28 15:00:00,54.72,3683.763037251552,Hold,3683.763037251597,1767.441860465169
Hold,2022-10-28 16:00:00,55.34,3725.501580436786,Hold,3725.501580436831,1787.4677002584513
Hold,2022-10-28 17:00:00,55.08,3707.998320391365,Hold,3707.99832039141,1779.0697674419134
Hold,2022-10-28 18:00:00,55.17,3714.057141176318,Hold,3714.057141176363,1781.9767441860995
Hold,2022-10-28 19:00:00,55.18,3714.730343485757,Hold,3714.730343485802,1782.29974160212
Hold,2022-10-28 20:00:00,55.14,3712.0375342480006,Hold,3712.037534248045,1781.0077519380375
Hold,2022-10-28 21:00:00,54.84,3691.841464964823,Hold,3691.841464964867,1771.317829457417
Hold,2022-10-28 22:00:00,55.02,3703.9591065347295,Hold,3703.9591065347736,1777.1317829457892
Hold,2022-10-28 23:00:00,54.92,3697.227083440337,Hold,3697.227083440381,1773.9018087855823
Hold,2022-10-29 00:00:00,55.0,3702.6127019158507,Hold,3702.612701915895,1776.4857881137477
Hold,2022-10-29 01:00:00,54.79,3688.475453417627,Hold,3688.475453417671,1769.7028423773133
Hold,2022-10-29 02:00:00,55.16,3713.3839388668785,Hold,3713.383938866923,1781.6537467700787
Hold,2022-10-29 03:00:00,55.51,3736.9460196972523,Hold,3736.9460196972977,1792.9586563308023
Hold,2022-10-29 04:00:00,55.05,3705.9787134630474,Hold,3705.978713463092,1778.100775193851
Hold,2022-10-29 05:00:00,54.98,3701.266297296972,Hold,3701.2662972970165,1775.839793281706
Hold,2022-10-29 06:00:00,55.09,3708.671522700804,Hold,3708.671522700849,1779.3927648579338
Hold,2022-10-29 07:00:00,55.44,3732.2336035311773,Hold,3732.233603531223,1790.6976744186575
Hold,2022-10-29 08:00:00,56.17,3781.377372120243,Hold,3781.377372120289,1814.2764857881673
Hold,2022-10-29 09:00:00,56.17,3781.377372120243,Hold,3781.377372120289,1814.2764857881673
Hold,2022-10-29 10:00:00,55.61,3743.678042791645,Hold,3743.6780427916906,1796.1886304910088
Hold,2022-10-29 11:00:00,55.55,3739.6388289350093,Hold,3739.6388289350552,1794.2506459948845
Hold,2022-10-29 12:00:00,55.69,3749.0636612671587,Hold,3749.0636612672047,1798.7726098191742
Hold,2022-10-29 13:00:00,55.64,3745.6976497199626,Hold,3745.6976497200085,1797.1576227390708
Hold,2022-10-29 14:00:00,55.81,3757.1420889804303,Hold,3757.1420889804767,1802.6485788114226
Hold,2022-10-29 15:00:00,56.23,3785.4165859768777,Hold,3785.416585976925,1816.2144702842909
Hold,2022-10-29 16:00:00,56.92,3831.867545328186,Hold,3831.867545328234,1838.501291989718
Hold,2022-10-29 17:00:00,56.44,3799.553834475102,Hold,3799.5538344751494,1822.9974160207253
Hold,2022-10-29 18:00:00,56.43,3798.880632165663,Hold,3798.88063216571,1822.6744186047047
Hold,2022-10-29 19:00:00,56.5,3803.593048331738,Hold,3803.593048331785,1824.9354005168495
Hold,2022-10-29 20:00:00,56.82,3825.135522233794,Hold,3825.1355222338416,1835.2713178295112
Hold,2022-10-29 21:00:00,56.58,3808.9786668072516,Hold,3808.978666807299,1827.5193798450146
Hold,2022-10-29 22:00:00,56.34,3792.8218113807097,Hold,3792.821811380757,1819.7674418605186
Hold,2022-10-29 23:00:00,56.6,3810.3250714261303,Hold,3810.3250714261776,1828.1653746770562
Hold,2022-10-30 00:00:00,55.95,3766.5669213125793,Hold,3766.566921312626,1807.170542635712
Hold,2022-10-30 01:00:00,57.45,3867.547267728466,Hold,3867.5472677285147,1855.6201550388143
Hold,2022-10-30 02:00:00,56.64,3813.0178806638874,Hold,3813.017880663935,1829.457364341139
Hold,2022-10-30 03:00:00,56.64,3813.0178806638874,Hold,3813.017880663935,1829.457364341139
Hold,2022-10-30 04:00:00,56.38,3795.514620618467,Hold,3795.514620618514,1821.0594315246015
Hold,2022-10-30 05:00:00,56.41,3797.534227546784,Hold,3797.534227546832,1822.0284237726635
Hold,2022-10-30 06:00:00,56.78,3822.442712996037,Hold,3822.442712996085,1833.9793281654286
Hold,2022-10-30 07:00:00,57.22,3852.0636146113634,Hold,3852.063614611412,1848.1912144703388
Hold,2022-10-30 08:00:00,56.53,3805.612655260056,Hold,3805.612655260104,1825.9043927649118
Hold,2022-10-30 09:00:00,56.05,3773.2989444069713,Hold,3773.2989444070195,1810.400516795919
Hold,2022-10-30 10:00:00,56.3,3790.1290021429527,Hold,3790.129002143001,1818.4754521964362
Hold,2022-10-30 11:00:00,56.25,3786.7629905957565,Hold,3786.7629905958042,1816.8604651163328
Hold,2022-10-30 12:00:00,55.89,3762.5277074559435,Hold,3762.5277074559913,1805.2325581395883
Hold,2022-10-30 13:00:00,55.28,3721.46236658015,Hold,3721.4623665801973,1785.5297157623268
Hold,2022-10-30 14:00:00,55.74,3752.429672814355,Hold,3752.4296728144027,1800.387596899278
Hold,2022-10-30 15:00:00,55.5,3736.272817387813,Hold,3736.2728173878604,1792.6356589147815
Hold,2022-10-30 16:00:00,55.32,3724.155175817907,Hold,3724.1551758179544,1786.8217054264096
Hold,2022-10-30 17:00:00,55.34,3725.501580436786,Hold,3725.501580436833,1787.467700258451
Hold,2022-10-30 18:00:00,55.6,3743.0048404822055,Hold,3743.0048404822537,1795.8656330749884
Hold,2022-10-30 19:00:00,55.71,3750.4100658860375,Hold,3750.410065886086,1799.4186046512157
Hold,2022-10-30 20:00:00,55.76,3753.7760774332332,Hold,3753.7760774332814,1801.0335917313191
Hold,2022-10-30 21:00:00,55.7,3749.7368635765984,Hold,3749.7368635766466,1799.095607235195
Hold,2022-10-30 22:00:00,55.29,3722.1355688895887,Hold,3722.1355688896365,1785.8527131783471
Hold,2022-10-30 23:00:00,55.35,3726.1747827462245,Hold,3726.1747827462727,1787.7906976744714
Hold,2022-10-31 00:00:00,54.91,3696.5538811308975,Hold,3696.5538811309452,1773.5788113695612
Hold,2022-10-31 01:00:00,54.6,3675.684609538281,Hold,3675.6846095383285,1763.5658914729202
Hold,2022-10-31 02:00:00,54.8,3689.1486557270655,Hold,3689.148655727113,1770.0258397933337
Hold,2022-10-31 03:00:00,55.38,3728.1943896745424,Hold,3728.19438967459,1788.7596899225334
Hold,2022-10-31 04:00:00,55.26,3720.1159619612713,Hold,3720.115961961319,1784.8837209302853
Hold,2022-10-31 05:00:00,55.15,3712.7107365574393,Hold,3712.7107365574866,1781.3307493540578
Hold,2022-10-31 06:00:00,55.03,3704.632308844169,Hold,3704.632308844216,1777.4547803618098
Hold,2022-10-31 07:00:00,55.16,3713.3839388668785,Hold,3713.3839388669253,1781.6537467700784
Hold,2022-10-31 08:00:00,54.84,3691.841464964823,Hold,3691.84146496487,1771.3178294574168
Hold,2022-10-31 09:00:00,55.9,3763.200909765383,Hold,3763.200909765431,1805.555555555609
Hold,2022-10-31 10:00:00,56.17,3781.377372120243,Hold,3781.3773721202906,1814.2764857881675
Hold,2022-10-31 11:00:00,55.99,3769.2597305503364,Hold,3769.259730550384,1808.4625322997952
Hold,2022-10-31 12:00:00,55.85,3759.8348982181865,Hold,3759.8348982182342,1803.9405684755056
Hold,2022-10-31 13:00:00,54.42,3663.5669679683747,Hold,3663.5669679684215,1757.7519379845482
Hold,2022-10-31 14:00:00,54.27,3653.4689333267866,Hold,3653.468933326833,1752.906976744238
Hold,2022-10-31 15:00:00,54.46,3666.2597772061317,Hold,3666.259777206178,1759.0439276486306
Hold,2022-10-31 16:00:00,54.24,3651.449326398468,Hold,3651.449326398515,1751.9379844961757
Hold,2022-10-31 17:00:00,54.45,3665.5865748966926,Hold,3665.5865748967394,1758.72093023261
Hold,2022-10-31 18:00:00,54.59,3675.011407228842,Hold,3675.011407228889,1763.2428940568996
Hold,2022-10-31 19:00:00,54.94,3698.5734880592154,Hold,3698.5734880592627,1774.547803617623
Sell,2022-10-31 20:00:00,54.8,3689.1486557270655,Sinal: Venda,3689.148655727113,1770.0258397933335
Buy,2022-11-02 20:00:00,59.14,3689.1486557270655,Sinal: Compra,3689.148655727113,1910.2067183463091
Hold,2022-11-02 21:00:00,60.26,3751.499900341947,Hold,3751.4999003419957,1946.3824289406255
Hold,2022-11-02 22:00:00,59.52,3705.4310333281232,Hold,3705.4310333281715,1922.4806201550953
Hold,2022-11-02 23:00:00,60.95,3794.4560060710537,Hold,3794.4560060711033,1968.6692506460527
Hold,2022-11-03 00:00:00,63.54,3955.6970406194378,Hold,3955.6970406194896,2052.325581395409
Hold,2022-11-03 01:00:00,63.52,3954.4519361055504,Hold,3954.4519361056027,2051.6795865633676
Hold,2022-11-03 02:00:00,63.81,3972.505951556914,Hold,3972.505951556966,2061.0465116279674
Hold,2022-11-03 03:00:00,63.37,3945.113652251397,Hold,3945.1136522514485,2046.834625323057
Hold,2022-11-03 04:00:00,62.61,3897.799680723686,Hold,3897.799680723737,2022.2868217054852
Hold,2022-11-03 05:00:00,62.62,3898.4222329806294,Hold,3898.4222329806807,2022.6098191215058
Hold,2022-11-03 06:00:00,62.48,3889.706501383419,Hold,3889.7065013834704,2018.087855297216
Hold,2022-11-03 07:00:00,61.4,3822.470857633514,Hold,3822.4708576335643,1983.2041343669825
Hold,2022-11-03 08:00:00,61.4,3822.470857633514,Hold,3822.4708576335643,1983.2041343669825
Hold,2022-11-03 09:00:00,61.82,3848.618052425144,Hold,3848.618052425195,1996.7700258398515
Hold,2022-11-03 10:00:00,62.15,3869.1622769042815,Hold,3869.1622769043324,2007.4289405685338
Hold,2022-11-03 11:00:00,60.85,3788.230483501618,Hold,3788.230483501668,1965.4392764858453
Hold,2022-11-03 12:00:00,60.53,3768.3088112794235,Hold,3768.308811279473,1955.1033591731834
Hold,2022-11-03 13:00:00,60.49,3765.8186022516493,Hold,3765.818602251699,1953.8113695091008
Hold,2022-11-03 14:00:00,61.36,3819.9806486057396,Hold,3819.98064860579,1981.9121447029
Hold,2022-11-03 15:00:00,61.3,3816.245335064078,Hold,3816.245335064129,1979.9741602067759
Hold,2022-11-03 16:00:00,61.79,3846.7503956543133,Hold,3846.750395654365,1995.8010335917893
Hold,2022-11-03 17:00:00,61.79,3846.7503956543133,Hold,3846.750395654365,1995.8010335917893
Hold,2022-11-03 18:00:00,62.26,3876.0103517306607,Hold,3876.010351730713,2010.9819121447613
Hold,2022-11-03 19:00:00,63.31,3941.3783387097355,Hold,3941.3783387097883,2044.8966408269325
Hold,2022-11-03 20:00:00,62.05,3862.936754334846,Hold,3862.936754334898,2004.1989664083264
Hold,2022-11-03 21:00:00,62.44,3887.216292355645,Hold,3887.2162923556975,2016.7958656331327
Hold,2022-11-03 22:00:00,61.8,3847.3729479112567,Hold,3847.372947911309,1996.1240310078092
Hold,2022-11-03 23:00:00,61.84,3849.863156939031,Hold,3849.8631569390827,1997.416020671892
Hold,2022-11-04 00:00:00,62.15,3869.1622769042815,Hold,3869.1622769043333,2007.4289405685333
Hold,2022-11-04 01:00:00,62.01,3860.4465453070716,Hold,3860.4465453071234,2002.9069767442436
Hold,2022-11-04 02:00:00,62.13,3867.9171723903946,Hold,3867.9171723904465,2006.7829457364921
Hold,2022-11-04 03:00:00,62.47,3889.0839491264755,Hold,3889.083949126528,2017.764857881195
Hold,2022-11-04 04:00:00,63.39,3946.358756765284,Hold,3946.358756765337,2047.4806201550978
Hold,2022-11-04 05:00:00,63.55,3956.319592876381,Hold,3956.319592876435,2052.6485788114283
Hold,2022-11-04 06:00:00,64.47,4013.5944005151896,Hold,4013.5944005152437,2082.3643410853306
Hold,2022-11-04 07:00:00,64.22,3998.0305940916005,Hold,3998.030594091654,2074.2894056848136
Hold,2022-11-04 08:00:00,66.37,4131.879329334468,Hold,4131.879329334523,2143.7338501292606
Hold,2022-11-04 09:00:00,66.19,4120.673388709483,Hold,4120.673388709539,2137.919896640888
Hold,2022-11-04 10:00:00,65.61,4084.5653578067563,Hold,4084.5653578068122,2119.1860465116883
Hold,2022-11-04 11:00:00,65.04,4049.0798791609736,Hold,4049.079879161029,2100.77519379851
Hold,2022-11-04 12:00:00,66.29,4126.8989112789195,Hold,4126.898911278976,2141.1498708010954
Hold,2022-11-04 13:00:00,66.22,4122.541045480314,Hold,4122.54104548037,2138.88888888895
Hold,2022-11-04 14:00:00,68.74,4279.424214230093,Hold,4279.424214230151,2220.284237726162
Hold,2022-11-04 15:00:00,67.83,4222.771958848229,Hold,4222.771958848286,2190.89147286828
Hold,2022-11-04 16:00:00,68.04,4235.845556244044,Hold,4235.845556244101,2197.674418604714
Hold,2022-11-04 17:00:00,68.01,4233.977899473213,Hold,4233.977899473271,2196.7054263566524
Hold,2022-11-04 18:00:00,68.93,4291.252707112022,Hold,4291.25270711208,2226.4211886305548
Hold,2022-11-04 19:00:00,69.17,4306.193961278667,Hold,4306.1939612787255,2234.173126615051
Hold,2022-11-04 20:00:00,68.1,4239.580869785705,Hold,4239.580869785762,2199.6124031008376
Hold,2022-11-04 21:00:00,67.88,4225.884720132946,Hold,4225.884720133003,2192.5064599483826
Hold,2022-11-04 22:00:00,67.87,4225.262167876003,Hold,4225.26216787606,2192.1834625323627
Hold,2022-11-04 23:00:00,67.58,4207.20815242464,Hold,4207.208152424696,2182.816537467763
Hold,2022-11-05 00:00:00,67.75,4217.79154079268,Hold,4217.791540792737,2188.307493540114
Hold,2022-11-05 01:00:00,67.51,4202.850286626035,Hold,4202.8502866260915,2180.555555555618
Hold,2022-11-05 02:00:00,68.15,4242.693631070423,Hold,4242.6936310704805,2201.2273901809417
Hold,2022-11-05 03:00:00,68.34,4254.522123952351,Hold,4254.522123952408,2207.364341085334
Hold,2022-11-05 04:00:00,67.87,4225.262167876003,Hold,4225.262167876061,2192.1834625323622
Hold,2022-11-05 05:00:00,68.77,4281.2918710009235,Hold,4281.291871000981,2221.2532299742234
Hold,2022-11-05 06:00:00,69.38,4319.267558674482,Hold,4319.26755867454,2240.9560723514846
Hold,2022-11-05 07:00:00,68.95,4292.497811625909,Hold,4292.497811625967,2227.0671834625955
Hold,2022-11-05 08:00:00,68.27,4250.164258153745,Hold,4250.164258153803,2205.1033591731893
Hold,2022-11-05 09:00:00,68.84,4285.64973679953,Hold,4285.649736799588,2223.5142118863687
Hold,2022-11-05 10:00:00,69.28,4313.0420361050465,Hold,4313.042036105105,2237.7260981912787
Hold,2022-11-05 11:00:00,70.05,4360.978559889701,Hold,4360.97855988976,2262.596899224871
Hold,2022-11-05 12:00:00,70.12,4365.336425688307,Hold,4365.336425688366,2264.8578811370157
Hold,2022-11-05 13:00:00,69.31,4314.909692875877,Hold,4314.909692875936,2238.6950904393407
Hold,2022-11-05 14:00:00,69.39,4319.890110931426,Hold,4319.890110931486,2241.2790697675064
Hold,2022-11-05 15:00:00,70.89,4413.27294947296,Hold,4413.27294947302,2289.728682170609
Hold,2022-11-05 16:00:00,70.69,4400.82190433409,Hold,4400.82190433415,2283.268733850195
Hold,2022-11-05 17:00:00,69.96,4355.375589577208,Hold,4355.375589577267,2259.689922480685
Hold,2022-11-05 18:00:00,69.99,4357.243246348039,Hold,4357.243246348098,2260.658914728747
Hold,2022-11-05 19:00:00,69.86,4349.150067007774,Hold,4349.150067007833,2256.4599483204784
Hold,2022-11-05 20:00:00,70.25,4373.429605028572,Hold,4373.429605028631,2269.0568475452847
Hold,2022-11-05 21:00:00,70.39,4382.145336625783,Hold,4382.145336625842,2273.5788113695744
Hold,2022-11-05 22:00:00,70.28,4375.297261799404,Hold,4375.297261799463,2270.0258397933467
Hold,2022-11-05 23:00:00,69.23,4309.929274820329,Hold,4309.929274820387,2236.1111111111754
Hold,2022-11-06 00:00:00,69.02,4296.8556774245135,Hold,4296.855677424572,2229.3281653747413
Hold,2022-11-06 01:00:00,68.28,4250.786810410689,Hold,4250.7868104107465,2205.4263565892106
Hold,2022-11-06 02:00:00,68.87,4287.517393570361,Hold,4287.517393570418,2224.4832041344307
Hold,2022-11-06 03:00:00,69.15,4304.94885676478,Hold,4304.948856764839,2233.5271317830097
Hold,2022-11-06 04:00:00,68.97,4293.742916139795,Hold,4293.742916139853,2227.713178294637
Hold,2022-11-06 05:00:00,68.62,4271.9535871467715,Hold,4271.953587146829,2216.4082687339137
Hold,2022-11-06 06:00:00,69.8,4345.4147534661115,Hold,4345.41475346617,2254.5219638243543
Hold,2022-11-06 07:00:00,69.97,4355.998141834152,Hold,4355.99814183421,2260.012919896706
Hold,2022-11-06 08:00:00,70.13,4365.95897794525,Hold,4365.958977945308,2265.180878553037
Hold,2022-11-06 09:00:00,69.12,4303.08119999395,Hold,4303.081199994007,2232.5581395349486
Hold,2022-11-06 10:00:00,69.36,4318.022454160595,Hold,4318.022454160652,2240.310077519445
Hold,2022-11-06 11:00:00,69.22,4309.306722563385,Hold,4309.306722563442,2235.788113695155
Hold,2022-11-06 12:00:00,69.21,4308.68417030644,Hold,4308.684170306497,2235.4651162791342
Hold,2022-11-06 13:00:00,68.97,4293.742916139795,Hold,4293.742916139852,2227.713178294638
Hold,2022-11-06 14:00:00,69.29,4313.66458836199,Hold,4313.664588362049,2238.0490956073004
Hold,2022-11-06 15:00:00,69.11,4302.458647737006,Hold,4302.458647737064,2232.235142118928
Hold,2022-11-06 16:00:00,69.86,4349.150067007774,Hold,4349.150067007833,2256.459948320479
Hold,2022-11-06 17:00:00,69.68,4337.94412638279,Hold,4337.944126382849,2250.645994832107
Hold,2022-11-06 18:00:00,69.69,4338.566678639732,Hold,4338.5666786397915,2250.9689922481275
Hold,2022-11-06 19:00:00,70.09,4363.468768917476,Hold,4363.468768917536,2263.888888888955
Hold,2022-11-06 20:00:00,70.01,4358.488350861927,Hold,4358.488350861987,2261.30490956079
Hold,2022-11-06 21:00:00,69.33,4316.154797389764,Hold,4316.154797389823,2239.3410852713832
Hold,2022-11-06 22:00:00,69.32,4315.53224513282,Hold,4315.532245132879,2239.0180878553624
Hold,2022-11-06 23:00:00,68.26,4249.541705896802,Hold,4249.541705896861,2204.7803617571703
Hold,2022-11-07 00:00:00,70.0,4357.865798604983,Hold,4357.865798605043,2260.9819121447686
Take-Profit,2022-11-07 01:00:00,72.43,4509.145997042271,TP 20.0% hit,4509.145997042333,2339.4702842377947
Buy,2022-11-07 04:00:00,72.03,4509.145997042271,Sinal: Compra,4509.145997042333,2326.550387596967
Hold,2022-11-07 05:00:00,71.21,4448.902054321363,Hold,4448.902054321424,2300.0645994832707
Hold,2022-11-07 06:00:00,70.92,4430.784070951708,Hold,4430.784070951769,2290.6976744186713
Hold,2022-11-07 07:00:00,68.96,4308.331493694723,Hold,4308.331493694782,2227.3901808786177
Hold,2022-11-07 08:00:00,70.6,4410.791813440363,Hold,4410.7918134404235,2280.361757106009
Hold,2022-11-07 09:00:00,70.16,4383.302459362265,Hold,4383.302459362325,2266.149870801099
Hold,2022-11-07 10:00:00,70.76,4420.787942196035,Hold,4420.787942196095,2285.5297157623404
Hold,2022-11-07 11:00:00,70.81,4423.911732432183,Hold,4423.911732432243,2287.1447028424436
Hold,2022-11-07 12:00:00,70.23,4387.675765692871,Hold,4387.675765692931,2268.410852713244
Hold,2022-11-07 13:00:00,68.79,4297.710606891821,Hold,4297.710606891879,2221.8992248062655
Hold,2022-11-07 14:00:00,69.28,4328.323751206068,Hold,4328.323751206127,2237.726098191279
Hold,2022-11-07 15:00:00,69.54,4344.567460434035,Hold,4344.567460434094,2246.124031007817
Hold,2022-11-07 16:00:00,68.48,4278.343107427707,Hold,4278.343107427765,2211.8863049096244
Hold,2022-11-07 17:00:00,68.69,4291.463026419526,Hold,4291.463026419584,2218.6692506460586
Hold,2022-11-07 18:00:00,67.96,4245.855688971771,Hold,4245.855688971828,2195.0904392765488
Hold,2022-11-07 19:00:00,68.99,4310.205767836412,Hold,4310.205767836471,2228.359173126679
Hold,2022-11-07 20:00:00,69.09,4316.453348308706,Hold,4316.453348308765,2231.5891472868857
Hold,2022-11-07 21:00:00,68.73,4293.962058608444,Hold,4293.962058608503,2219.9612403101414
Hold,2022-11-07 22:00:00,67.49,4216.492060751984,Hold,4216.492060752043,2179.9095607235768
Hold,2022-11-07 23:00:00,67.42,4212.118754421378,Hold,4212.118754421435,2177.6485788114323
Hold,2022-11-08 00:00:00,67.7,4229.611979743805,Hold,4229.611979743863,2186.692506460011
Hold,2022-11-08 01:00:00,67.73,4231.486253885493,Hold,4231.486253885551,2187.6614987080734
Hold,2022-11-08 02:00:00,66.24,4138.397304848295,Hold,4138.397304848351,2139.5348837209917
Stop-Loss,2022-11-08 03:00:00,64.58,4034.687469008196,SL 10.0% hit,4034.687469008251,2085.9173126615588
Buy,2022-11-11 04:00:00,61.26,4034.687469008196,Sinal: Compra,4034.687469008251,1978.6821705426926
Hold,2022-11-11 05:00:00,62.08,4080.5207599293963,Hold,4080.5207599294517,2005.1679586563887
Hold,2022-11-11 06:00:00,61.44,4038.4535356002275,Hold,4038.453535600282,1984.496124031065
Hold,2022-11-11 07:00:00,62.32,4096.295969052835,Hold,4096.2959690528905,2012.9198966408853
Hold,2022-11-11 08:00:00,63.75,4190.289923413323,Hold,4190.289923413379,2059.1085271318425
Hold,2022-11-11 09:00:00,63.01,4141.64969528272,Hold,4141.6496952827765,2035.2067183463118
Hold,2022-11-11 10:00:00,62.46,4105.498174374841,Hold,4105.498174374898,2017.4418604651744
Hold,2022-11-11 11:00:00,62.27,4093.009467152119,Hold,4093.009467152175,2011.3049095607819
Hold,2022-11-11 12:00:00,63.03,4142.964296043007,Hold,4142.964296043064,2035.8527131783535
Hold,2022-11-11 13:00:00,61.61,4049.6276420626627,Hold,4049.6276420627178,1989.9870801034167
Hold,2022-11-11 14:00:00,60.76,3993.757109750485,Hold,3993.7571097505393,1962.5322997416588
Hold,2022-11-11 15:00:00,60.2,3956.948288462463,Hold,3956.948288462517,1944.4444444445005
Hold,2022-11-11 16:00:00,60.9,4002.959315072491,Hold,4002.9593150725455,1967.0542635659483
Hold,2022-11-11 17:00:00,61.29,4028.594029898078,Hold,4028.5940298981327,1979.6511627907548
Hold,2022-11-11 18:00:00,60.29,3962.8639918837516,Hold,3962.8639918838053,1947.3514211886868
Hold,2022-11-11 19:00:00,60.59,3982.5830032880503,Hold,3982.5830032881045,1957.0413436693073
Hold,2022-11-11 20:00:00,59.8,3930.6562732567318,Hold,3930.656273256785,1931.5245478036734
Hold,2022-11-11 21:00:00,60.31,3964.1785926440384,Hold,3964.1785926440925,1947.997416020728
Hold,2022-11-11 22:00:00,61.11,4016.7626230554997,Hold,4016.7626230555547,1973.8372093023825
Hold,2022-11-11 23:00:00,61.49,4041.740037500944,Hold,4041.740037500999,1986.1111111111682
Hold,2022-11-12 00:00:00,60.89,4002.302014692348,Hold,4002.3020146924023,1966.7312661499273
Hold,2022-11-12 01:00:00,60.78,3995.071710510772,Hold,3995.071710510826,1963.1782945736998
Hold,2022-11-12 02:00:00,60.84,3999.015512791632,Hold,3999.0155127916855,1965.1162790698238
Hold,2022-11-12 03:00:00,60.24,3959.577489983036,Hold,3959.5774899830885,1945.7364341085827
Hold,2022-11-12 04:00:00,58.88,3870.1846382835515,Hold,3870.1846382836034,1901.8087855297704
Hold,2022-11-12 05:00:00,58.63,3853.75212877997,Hold,3853.7521287800214,1893.7338501292534
Hold,2022-11-12 06:00:00,59.1,3884.645246646703,Hold,3884.645246646755,1908.9147286822251
Hold,2022-11-12 07:00:00,59.65,3920.7967675545824,Hold,3920.7967675546347,1926.6795865633626
Hold,2022-11-12 08:00:00,59.23,3893.1901515885656,Hold,3893.190151588618,1913.1136950904938
Hold,2022-11-12 09:00:00,59.24,3893.847451968709,Hold,3893.847451968761,1913.4366925065144
Hold,2022-11-12 10:00:00,59.52,3912.2518626127207,Hold,3912.2518626127735,1922.4806201550934
Hold,2022-11-12 11:00:00,59.84,3933.2854747773054,Hold,3933.2854747773586,1932.8165374677553
Hold,2022-11-12 12:00:00,60.58,3981.9257029079063,Hold,3981.9257029079604,1956.7183462532853
Hold,2022-11-12 13:00:00,60.13,3952.3471858014595,Hold,3952.3471858015128,1942.183462532355
Hold,2022-11-12 14:00:00,60.44,3972.7234975859005,Hold,3972.7234975859537,1952.1963824289955
Hold,2022-11-12 15:00:00,59.95,3940.515778958881,Hold,3940.515778958934,1936.3695090439824
Hold,2022-11-12 16:00:00,59.92,3938.543877818451,Hold,3938.543877818504,1935.4005167959203
Hold,2022-11-12 17:00:00,60.13,3952.3471858014595,Hold,3952.347185801512,1942.183462532355
Hold,2022-11-12 18:00:00,60.6,3983.240303668193,Hold,3983.2403036682454,1957.3643410853267
Hold,2022-11-12 19:00:00,60.84,3999.015512791632,Hold,3999.015512791684,1965.1162790698231
Hold,2022-11-12 20:00:00,60.74,3992.442508990199,Hold,3992.4425089902516,1961.8863049096162
Hold,2022-11-12 21:00:00,60.44,3972.7234975859005,Hold,3972.723497585953,1952.1963824289955
Hold,2022-11-12 22:00:00,60.12,3951.6898854213164,Hold,3951.689885421368,1941.8604651163341
Hold,2022-11-12 23:00:00,59.94,3939.8584785787375,Hold,3939.8584785787893,1936.046511627962
Hold,2022-11-13 00:00:00,60.02,3945.116881619884,Hold,3945.1168816199365,1938.630490956128
Hold,2022-11-13 01:00:00,59.67,3922.111368314869,Hold,3922.1113683149215,1927.325581395404
Hold,2022-11-13 02:00:00,60.01,3944.45958123974,Hold,3944.4595812397924,1938.307493540107
Hold,2022-11-13 03:00:00,59.96,3941.1730793390243,Hold,3941.1730793390766,1936.6925064600039
Hold,2022-11-13 04:00:00,59.43,3906.3361591914313,Hold,3906.336159191483,1919.5736434109076
Hold,2022-11-13 05:00:00,59.41,3905.0215584311445,Hold,3905.0215584311964,1918.9276485788662
Hold,2022-11-13 06:00:00,58.59,3851.122927259397,Hold,3851.1229272594487,1892.4418604651705
Hold,2022-11-13 07:00:00,58.64,3854.4094291601127,Hold,3854.409429160164,1894.0568475452737
Hold,2022-11-13 08:00:00,57.83,3801.1680983685083,Hold,3801.168098368559,1867.8940568475987
Trailing-Stop,2022-11-13 09:00:00,57.22,3761.072775179769,Trailing stop 10.0% hit,3761.0727751798195,1848.191214470337
Buy,2022-11-18 08:00:00,62.27,3761.072775179769,Sinal: Compra,3761.0727751798195,2011.304909560781
Hold,2022-11-18 09:00:00,62.61,3774.0491472918543,Hold,3774.0491472919052,2022.2868217054838
Hold,2022-11-18 10:00:00,62.79,3784.899312545209,Hold,3784.89931254526,2028.100775193856
Hold,2022-11-18 11:00:00,63.59,3833.122269226785,Hold,3833.1222692268366,2053.9405684755106
Hold,2022-11-18 12:00:00,63.24,3812.0247256785956,Hold,3812.024725678647,2042.635658914787
Hold,2022-11-18 13:00:00,63.17,3807.8052169689577,Hold,3807.805216969009,2040.3746770026423
Hold,2022-11-18 14:00:00,62.8,3785.5020995037285,Hold,3785.5020995037794,2028.423772609877
Hold,2022-11-18 15:00:00,62.66,3777.063082084452,Hold,3777.0630820845026,2023.9018087855873
Hold,2022-11-18 16:00:00,62.85,3788.5160342963272,Hold,3788.516034296378,2030.03875968998
Hold,2022-11-18 17:00:00,61.75,3722.2094688591596,Hold,3722.2094688592097,1994.509043927705
Hold,2022-11-18 18:00:00,61.9,3731.251273236955,Hold,3731.251273237005,1999.3540051680152
Hold,2022-11-18 19:00:00,62.59,3772.843573374815,Hold,3772.843573374865,2021.6408268734422
Hold,2022-11-18 20:00:00,62.38,3760.1850472459014,Hold,3760.185047245951,2014.857881137008
Hold,2022-11-18 21:00:00,62.94,3793.9411169230043,Hold,3793.9411169230543,2032.9457364341658
Hold,2022-11-18 22:00:00,62.6,3773.4463603333343,Hold,3773.446360333384,2021.9638242894628
Hold,2022-11-18 23:00:00,62.62,3774.651934250374,Hold,3774.651934250424,2022.609819121504
Hold,2022-11-19 00:00:00,61.79,3724.620616693239,Hold,3724.620616693288,1995.8010335917877
Hold,2022-11-19 01:00:00,62.16,3746.923734158467,Hold,3746.923734158516,2007.751937984553
Hold,2022-11-19 02:00:00,62.03,3739.087503697712,Hold,3739.0875036977604,2003.5529715762843
Hold,2022-11-19 03:00:00,62.22,3750.5404559095855,Hold,3750.5404559096346,2009.689922480677
Hold,2022-11-19 04:00:00,62.36,3758.979473328862,Hold,3758.979473328911,2014.2118863049668
Hold,2022-11-19 05:00:00,62.14,3745.7181602414284,Hold,3745.7181602414776,2007.1059431525118
Hold,2022-11-19 06:00:00,62.43,3763.1989820384993,Hold,3763.198982038549,2016.472868217112
Hold,2022-11-19 07:00:00,63.69,3839.150138811982,Hold,3839.1501388120328,2057.1705426357175
Hold,2022-11-19 08:00:00,63.64,3836.1362040193835,Hold,3836.1362040194344,2055.555555555614
Hold,2022-11-19 09:00:00,63.37,3819.8609561393514,Hold,3819.8609561394023,2046.8346253230557
Hold,2022-11-19 10:00:00,63.5,3827.6971866001077,Hold,3827.697186600159,2051.0335917313246
Hold,2022-11-19 11:00:00,63.31,3816.2442343882335,Hold,3816.2442343882844,2044.896640826932
Hold,2022-11-19 12:00:00,63.06,3801.174560425241,Hold,3801.174560425292,2036.8217054264153
Hold,2022-11-19 13:00:00,63.53,3829.505547475667,Hold,3829.5055474757182,2052.0025839793875
Hold,2022-11-19 14:00:00,63.48,3826.491612683068,Hold,3826.4916126831195,2050.387596899284
Hold,2022-11-19 15:00:00,63.16,3807.2024300104376,Hold,3807.202430010489,2040.0516795866222
Hold,2022-11-19 16:00:00,63.27,3813.8330865541548,Hold,3813.8330865542066,2043.6046511628501
Hold,2022-11-19 17:00:00,62.7,3779.474229918532,Hold,3779.474229918583,2025.193798449671
Hold,2022-11-19 18:00:00,63.43,3823.4776778904697,Hold,3823.477677890522,2048.7726098191806
Hold,2022-11-19 19:00:00,63.14,3805.9968560933985,Hold,3805.9968560934503,2039.405684754581
Hold,2022-11-19 20:00:00,63.44,3824.0804648489893,Hold,3824.0804648490416,2049.095607235201
Hold,2022-11-19 21:00:00,63.54,3830.1083344341864,Hold,3830.108334434239,2052.325581395408
Hold,2022-11-19 22:00:00,64.0,3857.8365345260927,Hold,3857.836534526146,2067.1834625323595
Hold,2022-11-19 23:00:00,63.98,3856.630960609053,Hold,3856.630960609106,2066.537467700318
Hold,2022-11-20 00:00:00,64.44,3884.3591607009594,Hold,3884.359160701013,2081.3953488372695
Hold,2022-11-20 01:00:00,64.03,3859.644895401652,Hold,3859.644895401705,2068.152454780422
Hold,2022-11-20 02:00:00,63.69,3839.150138811982,Hold,3839.150138812035,2057.1705426357184
Hold,2022-11-20 03:00:00,63.57,3831.9166953097456,Hold,3831.9166953097983,2053.2945736434704
Hold,2022-11-20 04:00:00,63.77,3843.97243448014,Hold,3843.972434480193,2059.754521963884
Hold,2022-11-20 05:00:00,63.55,3830.711121392706,Hold,3830.7111213927587,2052.6485788114287
Hold,2022-11-20 06:00:00,63.42,3822.87489093195,Hold,3822.874890932003,2048.44961240316
Hold,2022-11-20 07:00:00,63.35,3818.6553822223123,Hold,3818.655382222365,2046.1886304910154
Hold,2022-11-20 08:00:00,62.4,3761.39062116294,Hold,3761.3906211629924,2015.5038759690503
Hold,2022-11-20 09:00:00,62.64,3775.8575081674135,Hold,3775.857508167466,2023.2558139535465
Hold,2022-11-20 10:00:00,62.21,3749.9376689510664,Hold,3749.9376689511187,2009.3669250646574
Hold,2022-11-20 11:00:00,61.23,3690.8645470161355,Hold,3690.8645470161864,1977.7131782946306
Hold,2022-11-20 12:00:00,61.63,3714.9760253569234,Hold,3714.976025356975,1990.633074935458
Hold,2022-11-20 13:00:00,61.87,3729.442912361396,Hold,3729.4429123614477,1998.3850129199543
Hold,2022-11-20 14:00:00,61.55,3710.1537296887655,Hold,3710.153729688817,1988.0490956072924
Hold,2022-11-20 15:00:00,61.91,3731.854060195475,Hold,3731.8540601955274,1999.677002584037
Hold,2022-11-20 16:00:00,61.9,3731.251273236955,Hold,3731.2512732370074,1999.3540051680163
Hold,2022-11-20 17:00:00,61.28,3693.878481808734,Hold,3693.878481808786,1979.3281653747342
Hold,2022-11-20 18:00:00,61.79,3724.620616693239,Hold,3724.620616693291,1995.801033591789
Hold,2022-11-20 19:00:00,62.16,3746.923734158467,Hold,3746.923734158519,2007.7519379845544
Hold,2022-11-20 20:00:00,62.18,3748.129308075507,Hold,3748.1293080755595,2008.3979328165956
Hold,2022-11-20 21:00:00,60.95,3673.986512177584,Hold,3673.9865121776347,1968.669250646052
Hold,2022-11-20 22:00:00,61.9,3731.251273236955,Hold,3731.251273237007,1999.3540051680163
Hold,2022-11-20 23:00:00,62.12,3744.512586324389,Hold,3744.5125863244407,2006.459948320471
Hold,2022-11-21 00:00:00,63.0,3797.5578386741226,Hold,3797.5578386741754,2034.8837209302908
Hold,2022-11-21 01:00:00,63.09,3802.9829213008,Hold,3802.982921300853,2037.790697674477
Hold,2022-11-21 02:00:00,63.09,3802.9829213008,Hold,3802.982921300853,2037.790697674477
Hold,2022-11-21 03:00:00,60.42,3642.0388033760396,Hold,3642.03880337609,1951.550387596955
Hold,2022-11-21 04:00:00,60.01,3617.3245380767316,Hold,3617.3245380767817,1938.307493540107
Hold,2022-11-21 05:00:00,60.84,3667.355855633867,Hold,3667.355855633918,1965.1162790698238
Hold,2022-11-21 06:00:00,60.63,3654.6973295049534,Hold,3654.6973295050043,1958.3333333333896
Hold,2022-11-21 07:00:00,60.78,3663.739133882749,Hold,3663.7391338828,1963.1782945736998
Hold,2022-11-21 08:00:00,60.36,3638.4220816249212,Hold,3638.422081624972,1949.612403100831
Hold,2022-11-21 09:00:00,60.7,3658.9168382145913,Hold,3658.916838214643,1960.5943152455345
Hold,2022-11-21 10:00:00,60.52,3648.0666729612367,Hold,3648.066672961288,1954.7803617571622
Hold,2022-11-21 11:00:00,60.0,3616.721751118212,Hold,3616.7217511182625,1937.9844961240867
Hold,2022-11-21 12:00:00,60.19,3628.1747033300862,Hold,3628.1747033301367,1944.1214470284792
Hold,2022-11-21 13:00:00,61.04,3679.411594804261,Hold,3679.411594804312,1971.5762273902374
Hold,2022-11-21 14:00:00,61.66,3716.784386232482,Hold,3716.7843862325335,1991.6020671835192
Hold,2022-11-21 15:00:00,61.59,3712.564877522845,Hold,3712.5648775228965,1989.3410852713746
Hold,2022-11-21 16:00:00,61.55,3710.1537296887655,Hold,3710.153729688817,1988.0490956072915
Hold,2022-11-21 17:00:00,61.49,3706.5370079376476,Hold,3706.537007937699,1986.1111111111675
Hold,2022-11-21 18:00:00,61.31,3695.686842684293,Hold,3695.6868426843444,1980.2971576227953
Hold,2022-11-21 19:00:00,60.62,3654.0945425464333,Hold,3654.094542546484,1958.010335917368
Hold,2022-11-21 20:00:00,60.62,3654.0945425464333,Hold,3654.094542546484,1958.010335917368
Hold,2022-11-21 21:00:00,60.37,3639.024868583441,Hold,3639.0248685834913,1949.935400516851
Hold,2022-11-21 22:00:00,61.24,3691.467333974655,Hold,3691.4673339747064,1978.0361757106505
Hold,2022-11-21 23:00:00,61.31,3695.686842684293,Hold,3695.6868426843444,1980.297157622795
Hold,2022-11-22 00:00:00,61.31,3695.686842684293,Hold,3695.6868426843444,1980.297157622795
Hold,2022-11-22 01:00:00,61.53,3708.9481557717268,Hold,3708.948155771778,1987.4031007752499
Hold,2022-11-22 02:00:00,61.79,3724.620616693239,Hold,3724.6206166932907,1995.8010335917877
Hold,2022-11-22 03:00:00,62.56,3771.035212499256,Hold,3771.035212499308,2020.6718346253804
Hold,2022-11-22 04:00:00,62.39,3760.787834204421,Hold,3760.787834204473,2015.180878553029
Hold,2022-11-22 05:00:00,61.95,3734.265208029554,Hold,3734.265208029605,2000.968992248119
Hold,2022-11-22 06:00:00,61.71,3719.7983210250813,Hold,3719.7983210251327,1993.2170542636227
Hold,2022-11-22 07:00:00,61.75,3722.2094688591596,Hold,3722.2094688592115,1994.5090439277053
Hold,2022-11-22 08:00:00,61.83,3727.031764527317,Hold,3727.0317645273685,1997.0930232558705
Hold,2022-11-22 09:00:00,61.42,3702.3174992280096,Hold,3702.317499228061,1983.8501291990226
Hold,2022-11-22 10:00:00,61.98,3736.0735689051126,Hold,3736.073568905164,2001.9379844961804
Hold,2022-11-22 11:00:00,62.19,3748.7320950340263,Hold,3748.732095034078,2008.7209302326148
Hold,2022-11-22 12:00:00,63.27,3813.8330865541548,Hold,3813.833086554207,2043.6046511628483
Hold,2022-11-22 13:00:00,68.84,4149.585422449629,Hold,4149.585422449686,2223.5142118863673
Hold,2022-11-22 14:00:00,69.88,4212.275266135677,Hold,4212.275266135735,2257.105943152518
Hold,2022-11-22 15:00:00,70.35,4240.6062531861035,Hold,4240.606253186163,2272.28682170549
Hold,2022-11-22 16:00:00,69.43,4185.149853002291,Hold,4185.149853002349,2242.571059431588
Hold,2022-11-22 17:00:00,68.85,4150.1882094081475,Hold,4150.188209408205,2223.837209302388
Hold,2022-11-22 18:00:00,69.0,4159.230013785944,Hold,4159.230013786001,2228.6821705426983
Hold,2022-11-22 19:00:00,69.06,4162.846735537062,Hold,4162.8467355371195,2230.6201550388223
Hold,2022-11-22 20:00:00,68.86,4150.790996366668,Hold,4150.790996366725,2224.1602067184085
Hold,2022-11-22 21:00:00,69.13,4167.0662442467,Hold,4167.066244246757,2232.8811369509667
Hold,2022-11-22 22:00:00,69.74,4203.836248716401,Hold,4203.836248716459,2252.583979328229
Hold,2022-11-22 23:00:00,70.66,4259.292648900214,Hold,4259.292648900272,2282.2997416021317
Hold,2022-11-23 00:00:00,69.95,4216.494774845316,Hold,4216.494774845374,2259.3669250646635
Hold,2022-11-23 01:00:00,70.03,4221.317070513473,Hold,4221.317070513531,2261.950904392829
Take-Profit,2022-11-23 02:00:00,77.82,4690.88811120032,TP 20.0% hit,4690.888111200385,2513.5658914729393
Buy,2022-11-23 06:00:00,80.26,4690.88811120032,Sinal: Compra,4690.888111200385,2592.377260981986
Hold,2022-11-23 07:00:00,79.68,4647.680021692067,Hold,4647.680021692132,2573.6434108527865
Hold,2022-11-23 08:00:00,78.76,4594.017049554057,Hold,4594.017049554121,2543.927648578884
Hold,2022-11-23 09:00:00,78.81,4596.933515431122,Hold,4596.933515431186,2545.5426356589874
Hold,2022-11-23 10:00:00,78.68,4589.350704150751,Hold,4589.350704150815,2541.343669250719
Hold,2022-11-23 11:00:00,78.84,4598.683394957362,Hold,4598.683394957426,2546.51162790705
Hold,2022-11-23 12:00:00,77.54,4522.855282153651,Hold,4522.855282153713,2504.521963824361
Hold,2022-11-23 13:00:00,78.13,4557.269579503026,Hold,4557.269579503089,2523.5788113695808
Hold,2022-11-23 14:00:00,78.84,4598.683394957362,Hold,4598.683394957427,2546.5116279070494
Hold,2022-11-23 15:00:00,78.7,4590.517290501577,Hold,4590.517290501642,2541.9896640827596
Hold,2022-11-23 16:00:00,76.02,4434.19471949085,Hold,4434.194719490912,2455.426356589217
Hold,2022-11-23 17:00:00,77.07,4495.440502909231,Hold,4495.440502909294,2489.3410852713882
Hold,2022-11-23 18:00:00,78.41,4573.601788414595,Hold,4573.601788414659,2532.6227390181593
Hold,2022-11-23 19:00:00,78.25,4564.269097607985,Hold,4564.2690976080485,2527.4547803618284
Hold,2022-11-23 20:00:00,78.61,4585.267651922858,Hold,4585.267651922922,2539.082687338573
Hold,2022-11-23 21:00:00,78.24,4563.685804432571,Hold,4563.6858044326345,2527.131782945808
Hold,2022-11-23 22:00:00,79.65,4645.930142165827,Hold,4645.930142165892,2572.6744186047245
Hold,2022-11-23 23:00:00,79.02,4609.182672114798,Hold,4609.182672114862,2552.325581395421
Hold,2022-11-24 00:00:00,76.93,4487.274398453448,Hold,4487.27439845351,2484.819121447099
Hold,2022-11-24 01:00:00,77.89,4543.270543293111,Hold,4543.270543293173,2515.8268733850846
Hold,2022-11-24 02:00:00,77.17,4501.273434663363,Hold,4501.273434663426,2492.5710594315956
Hold,2022-11-24 03:00:00,76.5,4462.192791910682,Hold,4462.192791910745,2470.93023255821
Hold,2022-11-24 04:00:00,77.46,4518.1889367503445,Hold,4518.188936750407,2501.9379844961945
Hold,2022-11-24 05:00:00,76.34,4452.860101104071,Hold,4452.860101104134,2465.762273901879
Hold,2022-11-24 06:00:00,76.87,4483.774639400969,Hold,4483.774639401032,2482.881136950975
Hold,2022-11-24 07:00:00,77.63,4528.104920732369,Hold,4528.104920732432,2507.4289405685463
Hold,2022-11-24 08:00:00,78.54,4581.184599694967,Hold,4581.1845996950315,2536.8217054264287
Hold,2022-11-24 09:00:00,78.2,4561.35263173092,Hold,4561.352631730984,2525.839793281725
Hold,2022-11-24 10:00:00,78.29,4566.602270309638,Hold,4566.602270309702,2528.746770025911
Hold,2022-11-24 11:00:00,77.77,4536.271025188153,Hold,4536.271025188217,2511.950904392835
Hold,2022-11-24 12:00:00,77.0,4491.357450681339,Hold,4491.357450681403,2487.0801033592425
Hold,2022-11-24 13:00:00,77.03,4493.107330207579,Hold,4493.107330207644,2488.049095607305
Hold,2022-11-24 14:00:00,77.45,4517.6056435749315,Hold,4517.605643574996,2501.6149870801737
Hold,2022-11-24 15:00:00,78.78,4595.183635904882,Hold,4595.183635904948,2544.573643410924
Hold,2022-11-24 16:00:00,77.63,4528.104920732369,Hold,4528.104920732433,2507.4289405685454
Hold,2022-11-24 17:00:00,77.62,4527.521627556956,Hold,4527.521627557021,2507.1059431525246
Hold,2022-11-24 18:00:00,78.26,4564.852390783398,Hold,4564.852390783462,2527.7777777778483
Hold,2022-11-24 19:00:00,78.44,4575.351667940835,Hold,4575.3516679409,2533.5917312662204
Hold,2022-11-24 20:00:00,78.49,4578.268133817901,Hold,4578.268133817967,2535.206718346323
Hold,2022-11-24 21:00:00,77.78,4536.854318363567,Hold,4536.854318363631,2512.273901808855
Hold,2022-11-24 22:00:00,77.94,4546.187009170176,Hold,4546.187009170241,2517.441860465186
Hold,2022-11-24 23:00:00,78.66,4588.184117799924,Hold,4588.18411779999,2540.6976744186754
Hold,2022-11-25 00:00:00,77.35,4511.7727118208,Hold,4511.772711820865,2498.385012919966
Hold,2022-11-25 01:00:00,76.92,4486.691105278034,Hold,4486.691105278099,2484.496124031077
Hold,2022-11-25 02:00:00,77.35,4511.7727118208,Hold,4511.772711820865,2498.385012919966
Hold,2022-11-25 03:00:00,77.81,4538.604197889806,Hold,4538.604197889871,2513.242894056918
Hold,2022-11-25 04:00:00,76.98,4490.190864330513,Hold,4490.190864330578,2486.4341085272013
Hold,2022-11-25 05:00:00,75.71,4416.112631053042,Hold,4416.112631053105,2445.413436692575
Hold,2022-11-25 06:00:00,75.34,4394.5307835627555,Hold,4394.530783562819,2433.46253229981
Hold,2022-11-25 07:00:00,75.49,4403.280181193952,Hold,4403.280181194015,2438.3074935401205
Hold,2022-11-25 08:00:00,75.21,4386.9479722823835,Hold,4386.947972282447,2429.263565891541
Hold,2022-11-25 09:00:00,74.88,4367.699297493749,Hold,4367.699297493812,2418.6046511628583
Hold,2022-11-25 10:00:00,75.14,4382.864920054491,Hold,4382.864920054554,2427.002583979396
Hold,2022-11-25 11:00:00,76.29,4449.943635227006,Hold,4449.9436352270695,2464.1472868217747
Hold,2022-11-25 12:00:00,76.08,4437.694478543329,Hold,4437.694478543392,2457.36434108534
Hold,2022-11-25 13:00:00,76.12,4440.027651244982,Hold,4440.027651245045,2458.656330749423
Hold,2022-11-25 14:00:00,76.61,4468.609016840226,Hold,4468.609016840289,2474.483204134436
Hold,2022-11-25 15:00:00,76.18,4443.527410297461,Hold,4443.527410297524,2460.5943152455475
Hold,2022-11-25 16:00:00,74.38,4338.534638723091,Hold,4338.534638723152,2402.4547803618243
Hold,2022-11-25 17:00:00,74.8,4363.032952090444,Hold,4363.032952090505,2416.020671834692
Hold,2022-11-25 18:00:00,74.88,4367.699297493749,Hold,4367.699297493811,2418.6046511628574
Hold,2022-11-25 19:00:00,75.22,4387.5312654577965,Hold,4387.531265457858,2429.586563307561
Hold,2022-11-25 20:00:00,74.54,4347.867329529702,Hold,4347.867329529763,2407.6227390181552
Hold,2022-11-25 21:00:00,74.62,4352.533674933007,Hold,4352.533674933069,2410.2067183463205
Hold,2022-11-25 22:00:00,73.58,4291.871184690039,Hold,4291.8711846901,2376.614987080169
Hold,2022-11-25 23:00:00,74.1,4322.202429811522,Hold,4322.202429811584,2393.410852713245
Hold,2022-11-26 00:00:00,74.74,4359.533193037964,Hold,4359.533193038026,2414.082687338568
Hold,2022-11-26 01:00:00,75.53,4405.613353895605,Hold,4405.613353895667,2439.5994832042024
Hold,2022-11-26 02:00:00,75.86,4424.862028684239,Hold,4424.862028684302,2450.2583979328847
Hold,2022-11-26 03:00:00,75.08,4379.365161002012,Hold,4379.365161002074,2425.0645994832716
Hold,2022-11-26 04:00:00,77.73,4533.937852486501,Hold,4533.937852486564,2510.6589147287523
Hold,2022-11-26 05:00:00,77.18,4501.856727838776,Hold,4501.856727838839,2492.8940568476146
Hold,2022-11-26 06:00:00,77.06,4494.857209733819,Hold,4494.857209733882,2489.0180878553665
Hold,2022-11-26 07:00:00,78.47,4577.101547467074,Hold,4577.1015474671385,2534.5607235142825
Hold,2022-11-26 08:00:00,77.86,4541.520663766872,Hold,4541.520663766935,2514.8578811370207
Hold,2022-11-26 09:00:00,77.6,4526.355041206129,Hold,4526.355041206192,2506.459948320483
Hold,2022-11-26 10:00:00,77.92,4545.020422819351,Hold,4545.020422819414,2516.795865633145
Hold,2022-11-26 11:00:00,77.73,4533.937852486501,Hold,4533.937852486564,2510.658914728752
Hold,2022-11-26 12:00:00,77.85,4540.937370591458,Hold,4540.93737059152,2514.5348837209995
Hold,2022-11-26 13:00:00,78.01,4550.27006139807,Hold,4550.270061398133,2519.702842377331
Hold,2022-11-26 14:00:00,77.31,4509.439539119147,Hold,4509.43953911921,2497.093023255883
Hold,2022-11-26 15:00:00,76.41,4456.943153331963,Hold,4456.943153332025,2468.0232558140215
Hold,2022-11-26 16:00:00,75.91,4427.778494561305,Hold,4427.778494561367,2451.8733850129875
Hold,2022-11-26 17:00:00,75.93,4428.945080912132,Hold,4428.945080912194,2452.519379845029
Hold,2022-11-26 18:00:00,75.82,4422.528855982587,Hold,4422.528855982649,2448.9664082688014
Hold,2022-11-26 19:00:00,76.55,4465.109257787747,Hold,4465.10925778781,2472.5452196383108
Hold,2022-11-26 20:00:00,76.98,4490.190864330513,Hold,4490.190864330576,2486.4341085272004
Hold,2022-11-26 21:00:00,76.79,4479.108293997663,Hold,4479.108293997726,2480.2971576228074
Hold,2022-11-26 22:00:00,76.23,4446.443876174526,Hold,4446.443876174589,2462.209302325649
Hold,2022-11-26 23:00:00,76.47,4460.442912384442,Hold,4460.442912384505,2469.961240310145
Hold,2022-11-27 00:00:00,77.46,4518.1889367503445,Hold,4518.188936750408,2501.9379844961923
Hold,2022-11-27 01:00:00,77.69,4531.604679784848,Hold,4531.604679784911,2509.366925064668
Hold,2022-11-27 02:00:00,77.76,4535.68773201274,Hold,4535.687732012804,2511.627906976813
Hold,2022-11-27 03:00:00,77.67,4530.4380934340215,Hold,4530.438093434086,2508.720930232627
Hold,2022-11-27 04:00:00,76.41,4456.943153331963,Hold,4456.943153332027,2468.0232558140206
Hold,2022-11-27 05:00:00,76.29,4449.943635227006,Hold,4449.9436352270695,2464.147286821773
Hold,2022-11-27 06:00:00,76.52,4463.359378261507,Hold,4463.359378261571,2471.5762273902483
Hold,2022-11-27 07:00:00,76.85,4482.608053050142,Hold,4482.608053050207,2482.2351421189305
Hold,2022-11-27 08:00:00,77.08,4496.023796084644,Hold,4496.023796084709,2489.664082687407
Hold,2022-11-27 09:00:00,77.38,4513.522591347039,Hold,4513.522591347105,2499.3540051680266
Hold,2022-11-27 10:00:00,78.08,4554.353113625961,Hold,4554.353113626026,2521.9638242894744
Hold,2022-11-27 11:00:00,77.44,4517.0223503995185,Hold,4517.022350399584,2501.2919896641506
Hold,2022-11-27 12:00:00,77.64,4528.688213907782,Hold,4528.688213907848,2507.7519379845644
Hold,2022-11-27 13:00:00,76.97,4489.6075711551,Hold,4489.607571155166,2486.1111111111786
Hold,2022-11-27 14:00:00,77.07,4495.440502909231,Hold,4495.440502909297,2489.341085271385
Hold,2022-11-27 15:00:00,76.4,4456.359860156551,Hold,4456.359860156616,2467.7002583979997
Hold,2022-11-27 16:00:00,76.26,4448.193755700766,Hold,4448.1937557008305,2463.1782945737104
Hold,2022-11-27 17:00:00,76.49,4461.609498735268,Hold,4461.609498735334,2470.607235142186
Hold,2022-11-27 18:00:00,76.51,4462.776085086094,Hold,4462.77608508616,2471.2532299742275
Hold,2022-11-27 19:00:00,75.2,4386.3646791069705,Hold,4386.364679107035,2428.9405684755184
Hold,2022-11-27 20:00:00,75.46,4401.530301667713,Hold,4401.530301667777,2437.3385012920558
Hold,2022-11-27 21:00:00,75.84,4423.695442333414,Hold,4423.695442333478,2449.612403100842
Hold,2022-11-27 22:00:00,76.22,4445.860582999113,Hold,4445.860582999178,2461.8863049096276
Hold,2022-11-27 23:00:00,74.92,4370.032470195402,Hold,4370.032470195467,2419.896640826939
Hold,2022-11-28 00:00:00,74.96,4372.365642897054,Hold,4372.365642897119,2421.1886304910213
Hold,2022-11-28 01:00:00,72.3,4217.209658237153,Hold,4217.209658237215,2335.2713178295207
Stop-Loss,2022-11-28 02:00:00,71.96,4197.377690273106,SL 10.0% hit,4197.377690273168,2324.289405684817
Buy,2022-11-29 16:00:00,75.89,4197.377690273106,Sinal: Compra,4197.377690273168,2451.227390180945
Hold,2022-11-29 17:00:00,76.02,4196.16289096303,Hold,4196.162890963092,2455.4263565892134
Hold,2022-11-29 18:00:00,77.44,4274.544255145712,Hold,4274.544255145775,2501.2919896641497
Hold,2022-11-29 19:00:00,76.64,4230.385740113215,Hold,4230.385740113278,2475.452196382496
Hold,2022-11-29 20:00:00,76.76,4237.00951736809,Hold,4237.009517368153,2479.328165374744
Hold,2022-11-29 21:00:00,76.76,4237.00951736809,Hold,4237.009517368153,2479.328165374744
Hold,2022-11-29 22:00:00,76.63,4229.83375867531,Hold,4229.833758675372,2475.1291989664746
Hold,2022-11-29 23:00:00,75.8,4184.019299329094,Hold,4184.019299329157,2448.3204134367584
Hold,2022-11-30 00:00:00,79.05,4363.413266648613,Hold,4363.4132666486785,2553.2945736434795
Hold,2022-11-30 01:00:00,79.36,4380.524691223705,Hold,4380.524691223772,2563.307493540121
Hold,2022-11-30 02:00:00,78.78,4348.509767825145,Hold,4348.509767825211,2544.5736434109212
Hold,2022-11-30 03:00:00,78.4,4327.53447318471,Hold,4327.534473184775,2532.2997416021353
Hold,2022-11-30 04:00:00,78.61,4339.126083380739,Hold,4339.126083380805,2539.082687338569
Hold,2022-11-30 05:00:00,78.32,4323.1186216814585,Hold,4323.118621681524,2529.715762273969
Hold,2022-11-30 06:00:00,78.39,4326.982491746802,Hold,4326.982491746869,2531.9767441861145
Hold,2022-11-30 07:00:00,78.12,4312.078992923336,Hold,4312.0789929234015,2523.255813953556
Hold,2022-11-30 08:00:00,77.8,4294.415586910336,Hold,4294.4155869104015,2512.9198966408935
Hold,2022-11-30 09:00:00,78.21,4317.0468258644905,Hold,4317.046825864557,2526.1627906977415
Hold,2022-11-30 10:00:00,77.88,4298.831438413586,Hold,4298.831438413652,2515.5038759690588
Hold,2022-11-30 11:00:00,78.54,4335.262213315396,Hold,4335.262213315464,2536.821705426424
Hold,2022-11-30 12:00:00,77.69,4288.343791093368,Hold,4288.343791093434,2509.3669250646662
Hold,2022-11-30 13:00:00,77.93,4301.591345603118,Hold,4301.591345603184,2517.118863049163
Hold,2022-11-30 14:00:00,77.51,4278.408125211056,Hold,4278.408125211122,2503.552971576294
Hold,2022-11-30 15:00:00,77.64,4285.583883903837,Hold,4285.5838839039025,2507.7519379845626
Hold,2022-11-30 16:00:00,77.81,4294.967568348243,Hold,4294.967568348308,2513.2428940569143
Hold,2022-11-30 17:00:00,77.22,4262.400663511777,Hold,4262.400663511842,2494.1860465116943
Hold,2022-11-30 18:00:00,78.21,4317.0468258644905,Hold,4317.046825864557,2526.1627906977415
Hold,2022-11-30 19:00:00,78.11,4311.527011485428,Hold,4311.527011485494,2522.932816537535
Hold,2022-11-30 20:00:00,78.25,4319.254751616116,Hold,4319.254751616181,2527.4547803618243
Hold,2022-11-30 21:00:00,78.49,4332.502306125864,Hold,4332.502306125931,2535.2067183463205
Hold,2022-11-30 22:00:00,78.98,4359.549396583269,Hold,4359.549396583337,2551.033591731334
Hold,2022-11-30 23:00:00,79.16,4369.485062465581,Hold,4369.485062465647,2556.8475452197063
Hold,2022-12-01 00:00:00,77.94,4302.1433270410225,Hold,4302.143327041089,2517.441860465183
Hold,2022-12-01 01:00:00,78.0,4305.45521566846,Hold,4305.455215668527,2519.379844961307
Hold,2022-12-01 02:00:00,77.17,4259.640756322246,Hold,4259.640756322312,2492.5710594315906
Hold,2022-12-01 03:00:00,77.49,4277.304162335243,Hold,4277.304162335309,2502.9069767442525
Hold,2022-12-01 04:00:00,76.8,4239.2174431197145,Hold,4239.217443119781,2480.6201550388255
Hold,2022-12-01 05:00:00,77.01,4250.809053315746,Hold,4250.809053315813,2487.40310077526
Hold,2022-12-01 06:00:00,77.14,4257.984812008526,Hold,4257.9848120085935,2491.602067183529
Hold,2022-12-01 07:00:00,76.87,4243.081313185058,Hold,4243.081313185125,2482.881136950971
Hold,2022-12-01 08:00:00,77.05,4253.016979067371,Hold,4253.016979067438,2488.6950904393425
Hold,2022-12-01 09:00:00,77.26,4264.608589263401,Hold,4264.608589263468,2495.478036175777
Hold,2022-12-01 10:00:00,77.36,4270.128403642463,Hold,4270.1284036425295,2498.7080103359835
Hold,2022-12-01 11:00:00,77.35,4269.576422204556,Hold,4269.576422204623,2498.3850129199627
Hold,2022-12-01 12:00:00,77.19,4260.744719198057,Hold,4260.744719198124,2493.217054263632
Hold,2022-12-01 13:00:00,77.13,4257.43283057062,Hold,4257.432830570688,2491.2790697675077
Hold,2022-12-01 14:00:00,78.37,4325.8785288709905,Hold,4325.878528871059,2531.330749354073
Hold,2022-12-01 15:00:00,77.09,4255.224904818995,Hold,4255.2249048190615,2489.9870801034253
Hold,2022-12-01 16:00:00,77.16,4259.088774884338,Hold,4259.088774884405,2492.24806201557
Hold,2022-12-01 17:00:00,77.4,4272.336329394088,Hold,4272.336329394156,2500.0000000000664
Hold,2022-12-01 18:00:00,77.68,4287.791809655462,Hold,4287.7918096555295,2509.0439276486454
Hold,2022-12-01 19:00:00,77.67,4287.239828217556,Hold,4287.239828217624,2508.7209302326246
Hold,2022-12-01 20:00:00,77.41,4272.888310831994,Hold,4272.8883108320615,2500.3229974160868
Hold,2022-12-01 21:00:00,77.85,4297.175494099867,Hold,4297.175494099935,2514.5348837209967
Hold,2022-12-01 22:00:00,77.84,4296.623512661962,Hold,4296.62351266203,2514.211886304976
Hold,2022-12-01 23:00:00,77.57,4281.720013838493,Hold,4281.7200138385615,2505.4909560724172
Hold,2022-12-02 00:00:00,77.55,4280.616050962681,Hold,4280.616050962749,2504.844961240376
Hold,2022-12-02 01:00:00,76.81,4239.769424557621,Hold,4239.7694245576895,2480.9431524548454
Hold,2022-12-02 02:00:00,76.03,4196.714872400937,Hold,4196.714872401004,2455.749354005233
Hold,2022-12-02 03:00:00,75.99,4194.506946649312,Hold,4194.50694664938,2454.45736434115
Hold,2022-12-02 04:00:00,76.32,4212.722334100216,Hold,4212.722334100284,2465.116279069832
Hold,2022-12-02 05:00:00,76.49,4222.106018544622,Hold,4222.10601854469,2470.6072351421835
Hold,2022-12-02 06:00:00,76.45,4219.898092792998,Hold,4219.898092793066,2469.315245478101
Hold,2022-12-02 07:00:00,76.51,4223.209981420436,Hold,4223.209981420504,2471.253229974225
Hold,2022-12-02 08:00:00,76.49,4222.106018544622,Hold,4222.10601854469,2470.6072351421835
Hold,2022-12-02 09:00:00,76.63,4229.83375867531,Hold,4229.833758675378,2475.1291989664733
Hold,2022-12-02 10:00:00,76.83,4240.873387433434,Hold,4240.873387433502,2481.5891472868866
Hold,2022-12-02 11:00:00,76.81,4239.769424557621,Hold,4239.7694245576895,2480.9431524548454
Hold,2022-12-02 12:00:00,76.78,4238.113480243903,Hold,4238.113480243971,2479.9741602067834
Hold,2022-12-02 13:00:00,76.2,4206.0985568453425,Hold,4206.09855684541,2461.240310077584
Hold,2022-12-02 14:00:00,76.2,4206.0985568453425,Hold,4206.09855684541,2461.240310077584
Hold,2022-12-02 15:00:00,76.26,4209.410445472779,Hold,4209.410445472846,2463.1782945737086
Hold,2022-12-02 16:00:00,76.56,4225.969888609966,Hold,4225.969888610033,2472.868217054329
Hold,2022-12-02 17:00:00,76.46,4220.450074230904,Hold,4220.45007423097,2469.638242894122
Hold,2022-12-02 18:00:00,76.74,4235.905554492278,Hold,4235.905554492344,2478.682170542701
Hold,2022-12-02 19:00:00,77.02,4251.361034753651,Hold,4251.361034753719,2487.72609819128
Hold,2022-12-02 20:00:00,77.01,4250.809053315746,Hold,4250.809053315813,2487.403100775259
Hold,2022-12-02 21:00:00,77.29,4266.26453357712,Hold,4266.264533577188,2496.447028423838
Hold,2022-12-02 22:00:00,77.49,4277.304162335243,Hold,4277.30416233531,2502.9069767442516
Hold,2022-12-02 23:00:00,77.94,4302.1433270410225,Hold,4302.14332704109,2517.441860465182
Hold,2022-12-03 00:00:00,77.3,4266.816515015025,Hold,4266.816515015093,2496.7700258398586
Hold,2022-12-03 01:00:00,77.3,4266.816515015025,Hold,4266.816515015093,2496.7700258398586
Hold,2022-12-03 02:00:00,77.14,4257.984812008526,Hold,4257.9848120085935,2491.6020671835277
Hold,2022-12-03 03:00:00,77.13,4257.43283057062,Hold,4257.432830570688,2491.2790697675064
Hold,2022-12-03 04:00:00,77.03,4251.913016191558,Hold,4251.913016191625,2488.0490956073
Hold,2022-12-03 05:00:00,77.06,4253.568960505277,Hold,4253.568960505344,2489.0180878553624
Hold,2022-12-03 06:00:00,76.99,4249.705090439932,Hold,4249.705090439999,2486.757105943217
Hold,2022-12-03 07:00:00,76.91,4245.289238936683,Hold,4245.28923893675,2484.1731266150514
Hold,2022-12-03 08:00:00,76.27,4209.962426910686,Hold,4209.962426910752,2463.501291989728
Hold,2022-12-03 09:00:00,76.63,4229.83375867531,Hold,4229.833758675376,2475.129198966472
Hold,2022-12-03 10:00:00,76.65,4230.937721551122,Hold,4230.937721551189,2475.7751937985136
Hold,2022-12-03 11:00:00,77.03,4251.913016191558,Hold,4251.913016191625,2488.0490956072995
Hold,2022-12-03 12:00:00,76.89,4244.185276060872,Hold,4244.185276060938,2483.5271317830097
Hold,2022-12-03 13:00:00,76.8,4239.2174431197145,Hold,4239.217443119782,2480.6201550388237
Hold,2022-12-03 14:00:00,76.54,4224.865925734153,Hold,4224.865925734221,2472.2222222222863
Hold,2022-12-03 15:00:00,76.45,4219.898092792998,Hold,4219.898092793064,2469.3152454781
Hold,2022-12-03 16:00:00,76.19,4205.546575407436,Hold,4205.546575407502,2460.9173126615624
Hold,2022-12-03 17:00:00,76.39,4216.586204165561,Hold,4216.586204165628,2467.377260981976
Hold,2022-12-03 18:00:00,76.16,4203.890631093717,Hold,4203.890631093784,2459.9483204135
Hold,2022-12-03 19:00:00,76.01,4195.610909525125,Hold,4195.610909525191,2455.1033591731903
Hold,2022-12-03 20:00:00,75.92,4190.643076583968,Hold,4190.643076584034,2452.1963824290037
Hold,2022-12-03 21:00:00,76.11,4201.130723904186,Hold,4201.130723904252,2458.3333333333967
Hold,2022-12-03 22:00:00,76.28,4210.514408348592,Hold,4210.5144083486575,2463.824289405748
Hold,2022-12-03 23:00:00,76.47,4221.00205566881,Hold,4221.002055668876,2469.961240310141
Hold,2022-12-04 00:00:00,76.96,4248.0491461262145,Hold,4248.049146126282,2485.7881136951537
Hold,2022-12-04 01:00:00,76.93,4246.393201812496,Hold,4246.393201812563,2484.8191214470917
Hold,2022-12-04 02:00:00,77.05,4253.016979067371,Hold,4253.016979067438,2488.6950904393393
Hold,2022-12-04 03:00:00,76.57,4226.521870047872,Hold,4226.521870047938,2473.191214470347
Hold,2022-12-04 04:00:00,76.95,4247.497164688309,Hold,4247.497164688376,2485.4651162791324
Hold,2022-12-04 05:00:00,76.86,4242.529331747152,Hold,4242.52933174722,2482.5581395349463
Hold,2022-12-04 06:00:00,76.58,4227.0738514857785,Hold,4227.073851485845,2473.5142118863673
Hold,2022-12-04 07:00:00,76.45,4219.898092792998,Hold,4219.898092793064,2469.315245478099
Hold,2022-12-04 08:00:00,76.45,4219.898092792998,Hold,4219.898092793064,2469.315245478099
Hold,2022-12-04 09:00:00,76.14,4202.786668217905,Hold,4202.786668217971,2459.3023255814574
Hold,2022-12-04 10:00:00,76.21,4206.650538283247,Hold,4206.650538283315,2461.563307493602
Hold,2022-12-04 11:00:00,76.11,4201.130723904186,Hold,4201.130723904253,2458.333333333396
Hold,2022-12-04 12:00:00,76.15,4203.338649655811,Hold,4203.338649655879,2459.625322997479
Hold,2022-12-04 13:00:00,76.07,4198.922798152561,Hold,4198.922798152628,2457.0413436693134
Hold,2022-12-04 14:00:00,76.33,4213.274315538123,Hold,4213.27431553819,2465.439276485851
Hold,2022-12-04 15:00:00,76.38,4216.034222727654,Hold,4216.0342227277215,2467.0542635659544
Hold,2022-12-04 16:00:00,76.2,4206.0985568453425,Hold,4206.09855684541,2461.2403100775823
Hold,2022-12-04 17:00:00,76.34,4213.82629697603,Hold,4213.826296976097,2465.7622739018716
Hold,2022-12-04 18:00:00,76.78,4238.113480243903,Hold,4238.11348024397,2479.974160206781
Hold,2022-12-04 19:00:00,76.94,4246.945183250403,Hold,4246.94518325047,2485.1421188631116
Hold,2022-12-04 20:00:00,76.94,4246.945183250403,Hold,4246.94518325047,2485.1421188631116
Hold,2022-12-04 21:00:00,76.71,4234.249610178558,Hold,4234.2496101786255,2477.713178294636
Hold,2022-12-04 22:00:00,76.71,4234.249610178558,Hold,4234.2496101786255,2477.713178294636
Hold,2022-12-04 23:00:00,77.07,4254.1209419431825,Hold,4254.12094194325,2489.34108527138
Hold,2022-12-05 00:00:00,78.03,4307.11115998218,Hold,4307.111159982249,2520.3488372093657
Hold,2022-12-05 01:00:00,77.96,4303.247289916836,Hold,4303.247289916905,2518.0878552972204
Hold,2022-12-05 02:00:00,77.68,4287.791809655462,Hold,4287.791809655531,2509.0439276486422
Hold,2022-12-05 03:00:00,77.86,4297.727475537774,Hold,4297.727475537843,2514.857881137014
Hold,2022-12-05 04:00:00,83.0,4581.445934621567,Hold,4581.44593462164,2680.878552971644
Hold,2022-12-05 05:00:00,83.38,4602.421229262003,Hold,4602.421229262076,2693.1524547804293
Hold,2022-12-05 06:00:00,83.17,4590.829619065973,Hold,4590.829619066045,2686.369509043995
Hold,2022-12-05 07:00:00,83.33,4599.661322072472,Hold,4599.661322072544,2691.5374677003256
Hold,2022-12-05 08:00:00,83.08,4585.861786124817,Hold,4585.861786124889,2683.462532299808
Hold,2022-12-05 09:00:00,82.74,4567.094417236005,Hold,4567.094417236076,2672.480620155105
Hold,2022-12-05 10:00:00,83.1,4586.965749000629,Hold,4586.965749000701,2684.1085271318493
Hold,2022-12-05 11:00:00,83.29,4597.453396320848,Hold,4597.45339632092,2690.2454780362427
Hold,2022-12-05 12:00:00,83.21,4593.037544817597,Hold,4593.037544817669,2687.661498708077
Hold,2022-12-05 13:00:00,83.36,4601.317266386191,Hold,4601.317266386262,2692.506459948387
Hold,2022-12-05 14:00:00,82.88,4574.822157366692,Hold,4574.822157366764,2677.0025839793943
Hold,2022-12-05 15:00:00,81.76,4513.000236321197,Hold,4513.000236321268,2640.8268733850787
Hold,2022-12-05 16:00:00,80.83,4461.665962595919,Hold,4461.665962595989,2610.788113695155
Hold,2022-12-05 17:00:00,81.2,4482.089275798449,Hold,4482.08927579852,2622.73901808792
Hold,2022-12-05 18:00:00,81.2,4482.089275798449,Hold,4482.08927579852,2622.73901808792
Hold,2022-12-05 19:00:00,80.19,4426.339150569922,Hold,4426.339150569992,2590.1162790698313
Hold,2022-12-05 20:00:00,79.93,4411.98763318436,Hold,4411.987633184429,2581.718346253294
Hold,2022-12-05 21:00:00,80.09,4420.81933619086,Hold,4420.819336190929,2586.886304909625
Hold,2022-12-05 22:00:00,80.44,4440.138686517576,Hold,4440.1386865176455,2598.1912144703483
Hold,2022-12-05 23:00:00,80.19,4426.339150569922,Hold,4426.339150569991,2590.1162790698318
Hold,2022-12-06 00:00:00,81.32,4488.713053053323,Hold,4488.713053053393,2626.6149870801682
Hold,2022-12-06 01:00:00,80.69,4453.938222465232,Hold,4453.938222465301,2606.266149870866
Hold,2022-12-06 02:00:00,81.13,4478.225405733105,Hold,4478.225405733175,2620.4780361757753
Sell,2022-12-06 03:00:00,81.24,4484.297201550073,Sinal: Venda,4484.297201550143,2624.031007752002
Buy,2022-12-06 14:00:00,79.31,4484.297201550073,Sinal: Compra,4484.297201550143,2561.692506460011
Hold,2022-12-06 15:00:00,79.49,4485.49019592608,Hold,4485.49019592615,2567.506459948383
Hold,2022-12-06 16:00:00,79.27,4473.075957114861,Hold,4473.075957114931,2560.400516795928
Hold,2022-12-06 17:00:00,78.98,4456.7117332273465,Hold,4456.711733227416,2551.033591731329
Hold,2022-12-06 18:00:00,78.5,4429.626121275597,Hold,4429.626121275665,2535.5297157623363
Hold,2022-12-06 19:00:00,77.88,4394.640539171255,Hold,4394.640539171323,2515.5038759690547
Hold,2022-12-06 20:00:00,78.29,4417.776166046708,Hold,4417.776166046777,2528.7467700259026
Hold,2022-12-06 21:00:00,78.75,4443.7332108338005,Hold,4443.7332108338705,2543.6046511628533
Hold,2022-12-06 22:00:00,78.55,4432.447539187238,Hold,4432.4475391873075,2537.1447028424395
Hold,2022-12-06 23:00:00,79.88,4507.497255636875,Hold,4507.497255636945,2580.10335917319
Hold,2022-12-07 00:00:00,79.62,4492.825882496346,Hold,4492.825882496416,2571.7054263566524
Hold,2022-12-07 01:00:00,79.65,4494.51873324333,Hold,4494.518733243401,2572.674418604714
Hold,2022-12-07 02:00:00,79.71,4497.904434737297,Hold,4497.904434737368,2574.6124031008376
Hold,2022-12-07 03:00:00,79.21,4469.6902556208925,Hold,4469.6902556209625,2558.462532299804
Hold,2022-12-07 04:00:00,79.74,4499.597285484282,Hold,4499.597285484352,2575.5813953489
Hold,2022-12-07 05:00:00,80.06,4517.654360118782,Hold,4517.654360118853,2585.917312661562
Hold,2022-12-07 06:00:00,78.91,4452.76174815105,Hold,4452.76174815112,2548.7726098191833
Hold,2022-12-07 07:00:00,76.66,4325.797942127227,Hold,4325.797942127294,2476.0981912145303
Hold,2022-12-07 08:00:00,76.89,4338.7764645207735,Hold,4338.776464520842,2483.527131783006
Hold,2022-12-07 09:00:00,76.94,4341.597882432414,Hold,4341.597882432482,2485.142118863109
Hold,2022-12-07 10:00:00,76.87,4337.647897356117,Hold,4337.647897356184,2482.8811369509644
Hold,2022-12-07 11:00:00,76.08,4293.069494352198,Hold,4293.069494352264,2457.36434108533
Hold,2022-12-07 12:00:00,76.4,4311.126568986697,Hold,4311.126568986763,2467.7002583979925
Hold,2022-12-07 13:00:00,76.82,4334.826479444477,Hold,4334.826479444543,2481.2661498708608
Hold,2022-12-07 14:00:00,76.83,4335.390763026804,Hold,4335.39076302687,2481.5891472868816
Hold,2022-12-07 15:00:00,76.7,4328.055076456539,Hold,4328.055076456605,2477.3901808786127
Hold,2022-12-07 16:00:00,76.58,4321.283673468602,Hold,4321.283673468668,2473.5142118863646
Hold,2022-12-07 17:00:00,76.68,4326.926509291884,Hold,4326.9265092919495,2476.744186046572
Hold,2022-12-07 18:00:00,76.55,4319.590822721618,Hold,4319.590822721682,2472.545219638303
Hold,2022-12-07 19:00:00,77.0,4344.983583926382,Hold,4344.983583926448,2487.080103359234
Hold,2022-12-07 20:00:00,76.86,4337.08361377379,Hold,4337.083613773854,2482.558139534944
Hold,2022-12-07 21:00:00,76.87,4337.647897356117,Hold,4337.647897356182,2482.881136950965
Hold,2022-12-07 22:00:00,77.06,4348.369285420352,Hold,4348.369285420416,2489.0180878553574
Hold,2022-12-07 23:00:00,76.89,4338.7764645207735,Hold,4338.776464520838,2483.527131783006
Hold,2022-12-08 00:00:00,76.1,4294.198061516852,Hold,4294.198061516916,2458.010335917372
Hold,2022-12-08 01:00:00,76.32,4306.612300328071,Hold,4306.612300328135,2465.1162790698268
Hold,2022-12-08 02:00:00,76.59,4321.847957050931,Hold,4321.847957050995,2473.8372093023854
Hold,2022-12-08 03:00:00,76.52,4317.897971974633,Hold,4317.897971974698,2471.57622739024
Hold,2022-12-08 04:00:00,75.12,4238.898270448699,Hold,4238.898270448762,2426.3565891473454
Hold,2022-12-08 05:00:00,75.04,4234.384001790075,Hold,4234.3840017901375,2423.77260981918
Hold,2022-12-08 06:00:00,74.78,4219.712628649544,Hold,4219.712628649607,2415.3746770026423
Hold,2022-12-08 07:00:00,75.65,4268.805300312089,Hold,4268.805300312151,2443.475452196442
Hold,2022-12-08 08:00:00,75.57,4264.2910316534635,Hold,4264.291031653526,2440.8914728682757
Hold,2022-12-08 09:00:00,74.78,4219.712628649544,Hold,4219.712628649607,2415.3746770026423
Hold,2022-12-08 10:00:00,75.31,4249.619658512934,Hold,4249.6196585129965,2432.4935400517384
Hold,2022-12-08 11:00:00,75.8,4277.26955404701,Hold,4277.269554047073,2448.3204134367516
Hold,2022-12-08 12:00:00,75.68,4270.498151059074,Hold,4270.498151059138,2444.444444444504
Hold,2022-12-08 13:00:00,75.93,4284.605240617276,Hold,4284.605240617339,2452.519379845021
Hold,2022-12-08 14:00:00,76.2,4299.840897340135,Hold,4299.840897340199,2461.2403100775787
Hold,2022-12-08 15:00:00,76.05,4291.376643605212,Hold,4291.3766436052765,2456.3953488372686
Hold,2022-12-08 16:00:00,75.88,4281.783822705635,Hold,4281.7838227057,2450.904392764917
Hold,2022-12-08 17:00:00,75.36,4252.441076424573,Hold,4252.441076424637,2434.108527131842
Hold,2022-12-08 18:00:00,77.08,4349.497852585007,Hold,4349.497852585072,2489.664082687399
Hold,2022-12-08 19:00:00,77.45,4370.376345131147,Hold,4370.3763451312125,2501.614987080164
Hold,2022-12-08 20:00:00,77.26,4359.654957066914,Hold,4359.6549570669795,2495.4780361757716
Hold,2022-12-08 21:00:00,77.6,4378.840598866068,Hold,4378.840598866133,2506.4599483204743
Hold,2022-12-08 22:00:00,77.98,4400.283374994537,Hold,4400.283374994602,2518.7338501292606
Hold,2022-12-08 23:00:00,78.27,4416.647598882051,Hold,4416.647598882118,2528.10077519386
Hold,2022-12-09 00:00:00,77.93,4397.461957082896,Hold,4397.461957082962,2517.1188630491574
Hold,2022-12-09 01:00:00,78.08,4405.926210817818,Hold,4405.926210817884,2521.963824289467
Hold,2022-12-09 02:00:00,78.03,4403.104792906177,Hold,4403.104792906242,2520.348837209364
Hold,2022-12-09 03:00:00,78.03,4403.104792906177,Hold,4403.104792906242,2520.348837209364
Hold,2022-12-09 04:00:00,78.0,4401.411942159192,Hold,4401.411942159258,2519.379844961302
Hold,2022-12-09 05:00:00,77.91,4396.33338991824,Hold,4396.333389918305,2516.4728682171153
Hold,2022-12-09 06:00:00,78.13,4408.747628729458,Hold,4408.747628729523,2523.5788113695703
Hold,2022-12-09 07:00:00,77.94,4398.026240665224,Hold,4398.026240665288,2517.441860465178
Hold,2022-12-09 08:00:00,77.83,4391.819121259615,Hold,4391.819121259679,2513.88888888895
Hold,2022-12-09 09:00:00,78.45,4426.804703363957,Hold,4426.804703364022,2533.9147286822326
Hold,2022-12-09 10:00:00,78.11,4407.619061564802,Hold,4407.6190615648675,2522.9328165375296
Hold,2022-12-09 11:00:00,78.06,4404.797643653162,Hold,4404.797643653227,2521.317829457426
Hold,2022-12-09 12:00:00,77.71,4385.047718271678,Hold,4385.047718271742,2510.012919896702
Hold,2022-12-09 13:00:00,76.87,4337.647897356117,Hold,4337.647897356181,2482.881136950965
Hold,2022-12-09 14:00:00,76.82,4334.826479444477,Hold,4334.82647944454,2481.266149870861
Hold,2022-12-09 15:00:00,76.86,4337.08361377379,Hold,4337.083613773853,2482.5581395349445
Hold,2022-12-09 16:00:00,76.56,4320.155106303946,Hold,4320.15510630401,2472.868217054324
Hold,2022-12-09 17:00:00,76.63,4324.105091380242,Hold,4324.105091380306,2475.1291989664687
Hold,2022-12-09 18:00:00,76.41,4311.690852569024,Hold,4311.690852569088,2468.0232558140137
Hold,2022-12-09 19:00:00,76.25,4302.662315251775,Hold,4302.662315251839,2462.855297157683
Hold,2022-12-09 20:00:00,76.15,4297.019479428494,Hold,4297.019479428558,2459.6253229974764
Hold,2022-12-09 21:00:00,76.19,4299.276613757806,Hold,4299.27661375787,2460.9173126615588
Hold,2022-12-09 22:00:00,76.48,4315.640837645322,Hold,4315.6408376453865,2470.2842377261586
Hold,2022-12-09 23:00:00,76.31,4306.048016745744,Hold,4306.048016745808,2464.7932816538073
Hold,2022-12-10 00:00:00,76.59,4321.847957050931,Hold,4321.847957050995,2473.8372093023863
Hold,2022-12-10 01:00:00,76.54,4319.0265391392895,Hold,4319.026539139353,2472.222222222283
Hold,2022-12-10 02:00:00,76.28,4304.35516599876,Hold,4304.355165998823,2463.8242894057453
Hold,2022-12-10 03:00:00,76.54,4319.0265391392895,Hold,4319.026539139353,2472.222222222283
Hold,2022-12-10 04:00:00,76.38,4309.998001822039,Hold,4309.998001822104,2467.0542635659517
Hold,2022-12-10 05:00:00,76.29,4304.919449581087,Hold,4304.919449581151,2464.147286821766
Hold,2022-12-10 06:00:00,76.39,4310.562285404369,Hold,4310.562285404432,2467.3772609819725
Hold,2022-12-10 07:00:00,76.38,4309.998001822039,Hold,4309.998001822104,2467.0542635659513
Hold,2022-12-10 08:00:00,76.17,4298.14804659315,Hold,4298.148046593214,2460.2713178295176
Hold,2022-12-10 09:00:00,76.07,4292.505210769868,Hold,4292.505210769932,2457.0413436693107
Hold,2022-12-10 10:00:00,76.28,4304.35516599876,Hold,4304.355165998824,2463.8242894057453
Hold,2022-12-10 11:00:00,76.5,4316.769404809977,Hold,4316.769404810041,2470.9302325582003
Hold,2022-12-10 12:00:00,76.31,4306.048016745744,Hold,4306.048016745808,2464.7932816538078
Hold,2022-12-10 13:00:00,76.45,4313.947986898337,Hold,4313.947986898402,2469.3152454780975
Hold,2022-12-10 14:00:00,76.61,4322.976524215586,Hold,4322.976524215652,2474.4832041344284
Hold,2022-12-10 15:00:00,77.3,4361.912091396225,Hold,4361.9120913962915,2496.7700258398554
Hold,2022-12-10 16:00:00,76.96,4342.726449597069,Hold,4342.726449597136,2485.7881136951523
Hold,2022-12-10 17:00:00,76.59,4321.847957050931,Hold,4321.847957050996,2473.8372093023877
Hold,2022-12-10 18:00:00,76.74,4330.312210785852,Hold,4330.312210785918,2478.682170542698
Hold,2022-12-10 19:00:00,76.74,4330.312210785852,Hold,4330.312210785918,2478.682170542698
Hold,2022-12-10 20:00:00,76.5,4316.769404809977,Hold,4316.769404810042,2470.9302325582016
Hold,2022-12-10 21:00:00,76.33,4307.1765839104,Hold,4307.1765839104655,2465.4392764858503
Hold,2022-12-10 22:00:00,76.28,4304.35516599876,Hold,4304.355165998825,2463.8242894057466
Hold,2022-12-10 23:00:00,76.36,4308.869434657384,Hold,4308.869434657449,2466.4082687339123
Hold,2022-12-11 00:00:00,77.39,4366.9906436371775,Hold,4366.990643637243,2499.6770025840424
Hold,2022-12-11 01:00:00,77.16,4354.012121243632,Hold,4354.012121243698,2492.2480620155666
Hold,2022-12-11 02:00:00,77.06,4348.369285420352,Hold,4348.369285420418,2489.01808785536
Hold,2022-12-11 03:00:00,77.4,4367.554927219507,Hold,4367.554927219573,2500.0000000000637
Hold,2022-12-11 04:00:00,77.17,4354.576404825961,Hold,4354.576404826028,2492.571059431588
Hold,2022-12-11 05:00:00,77.53,4374.890613789772,Hold,4374.89061378984,2504.1989664083326
Hold,2022-12-11 06:00:00,77.36,4365.297792890194,Hold,4365.297792890262,2498.7080103359813
Hold,2022-12-11 07:00:00,77.51,4373.7620466251155,Hold,4373.762046625184,2503.5529715762914
Hold,2022-12-11 08:00:00,77.35,4364.733509307866,Hold,4364.733509307935,2498.38501291996
Hold,2022-12-11 09:00:00,77.16,4354.012121243632,Hold,4354.0121212437,2492.2480620155675
Hold,2022-12-11 10:00:00,77.24,4358.526389902257,Hold,4358.526389902325,2494.8320413437327
Hold,2022-12-11 11:00:00,77.26,4359.654957066914,Hold,4359.654957066982,2495.478036175775
Hold,2022-12-11 12:00:00,77.47,4371.5049122958035,Hold,4371.504912295872,2502.2609819122085
Hold,2022-12-11 13:00:00,77.33,4363.60494214321,Hold,4363.604942143278,2497.739018087919
Hold,2022-12-11 14:00:00,77.26,4359.654957066914,Hold,4359.654957066982,2495.4780361757744
Hold,2022-12-11 15:00:00,77.44,4369.812061548819,Hold,4369.812061548886,2501.2919896641465
Hold,2022-12-11 16:00:00,77.42,4368.683494384163,Hold,4368.683494384231,2500.6459948321053
Hold,2022-12-11 17:00:00,77.64,4381.097733195381,Hold,4381.097733195449,2507.7519379845603
Hold,2022-12-11 18:00:00,78.17,4411.004763058771,Hold,4411.004763058839,2524.8708010336563
Hold,2022-12-11 19:00:00,78.06,4404.797643653162,Hold,4404.79764365323,2521.3178294574286
Hold,2022-12-11 20:00:00,77.48,4372.069195878132,Hold,4372.0691958782,2502.5839793282294
Hold,2022-12-11 21:00:00,77.35,4364.733509307866,Hold,4364.733509307934,2498.38501291996
Hold,2022-12-11 22:00:00,76.8,4333.69791227982,Hold,4333.6979122798875,2480.6201550388228
Hold,2022-12-11 23:00:00,76.5,4316.769404809977,Hold,4316.769404810043,2470.930232558202
Hold,2022-12-12 00:00:00,76.22,4300.96946450479,Hold,4300.969464504857,2461.886304909623
Hold,2022-12-12 01:00:00,76.66,4325.797942127227,Hold,4325.797942127294,2476.098191214533
Hold,2022-12-12 02:00:00,74.77,4219.148345067216,Hold,4219.148345067282,2415.0516795866242
Hold,2022-12-12 03:00:00,74.45,4201.091270432717,Hold,4201.091270432783,2404.715762273963
Hold,2022-12-12 04:00:00,74.47,4202.219837597372,Hold,4202.219837597438,2405.361757106004
Hold,2022-12-12 05:00:00,74.39,4197.705568938748,Hold,4197.7055689388135,2402.7777777778388
Hold,2022-12-12 06:00:00,73.96,4173.441374898639,Hold,4173.4413748987035,2388.8888888889496
Hold,2022-12-12 07:00:00,73.9,4170.055673404671,Hold,4170.055673404736,2386.950904392826
Hold,2022-12-12 08:00:00,74.08,4180.212777886577,Hold,4180.2127778866425,2392.7648578811977
Hold,2022-12-12 09:00:00,74.55,4206.734106255997,Hold,4206.734106256063,2407.9457364341692
Hold,2022-12-12 10:00:00,74.72,4216.326927155575,Hold,4216.326927155641,2413.436692506521
Hold,2022-12-12 11:00:00,74.82,4221.969762978856,Hold,4221.9697629789225,2416.6666666667275
Hold,2022-12-12 12:00:00,74.56,4207.298389838325,Hold,4207.298389838392,2408.26873385019
Hold,2022-12-12 13:00:00,74.63,4211.248374914621,Hold,4211.248374914688,2410.5297157623345
Hold,2022-12-12 14:00:00,74.97,4230.434016713778,Hold,4230.434016713844,2421.5116279070376
Hold,2022-12-12 15:00:00,75.04,4234.384001790075,Hold,4234.384001790141,2423.7726098191824
Sell,2022-12-12 16:00:00,74.8,4220.8411958142,Sinal: Venda,4220.841195814265,2416.020671834686
Buy,2022-12-13 16:00:00,78.14,4220.8411958142,Sinal: Compra,4220.841195814265,2523.9018087855925
Hold,2022-12-13 17:00:00,76.9,4145.557296709543,Hold,4145.557296709608,2483.8501291990287
Hold,2022-12-13 18:00:00,77.14,4158.495316881328,Hold,4158.495316881394,2491.602067183525
Hold,2022-12-13 19:00:00,77.41,4173.050589574586,Hold,4173.050589574651,2500.3229974160827
Hold,2022-12-13 20:00:00,77.61,4183.8322730510745,Hold,4183.83227305114,2506.7829457364965
Hold,2022-12-13 21:00:00,77.7,4188.684030615494,Hold,4188.684030615559,2509.689922480683
Hold,2022-12-13 22:00:00,77.35,4169.81608453164,Hold,4169.816084531705,2498.3850129199586
Hold,2022-12-13 23:00:00,77.39,4171.9724212269375,Hold,4171.972421227003,2499.6770025840415
Hold,2022-12-14 00:00:00,77.99,4204.317471656401,Hold,4204.317471656466,2519.0568475452824
Hold,2022-12-14 01:00:00,77.71,4189.223114789318,Hold,4189.2231147893835,2510.0129198967034
Hold,2022-12-14 02:00:00,78.41,4226.959006957025,Hold,4226.95900695709,2532.622739018151
Hold,2022-12-14 03:00:00,78.33,4222.64633356643,Hold,4222.646333566497,2530.038759689986
Hold,2022-12-14 04:00:00,78.08,4209.169229220821,Hold,4209.169229220887,2521.9638242894684
Hold,2022-12-14 05:00:00,78.28,4219.950912697309,Hold,4219.950912697375,2528.4237726098822
Hold,2022-12-14 06:00:00,78.21,4216.177323480537,Hold,4216.177323480603,2526.1627906977374
Hold,2022-12-14 07:00:00,78.32,4222.107249392606,Hold,4222.107249392672,2529.7157622739646
Hold,2022-12-14 08:00:00,78.53,4233.428017042918,Hold,4233.428017042985,2536.4987080103997
Hold,2022-12-14 09:00:00,78.2,4215.638239306713,Hold,4215.638239306779,2525.839793281717
Hold,2022-12-14 10:00:00,78.17,4214.02098678524,Hold,4214.0209867853055,2524.870801033655
Hold,2022-12-14 11:00:00,78.13,4211.864650089942,Hold,4211.864650090008,2523.578811369572
Hold,2022-12-14 12:00:00,78.54,4233.967101216743,Hold,4233.967101216808,2536.82170542642
Hold,2022-12-14 13:00:00,78.34,4223.185417740255,Hold,4223.185417740319,2530.3617571060063
Hold,2022-12-14 14:00:00,78.86,4251.217794779122,Hold,4251.217794779188,2547.157622739082
Hold,2022-12-14 15:00:00,78.4,4226.419922783201,Hold,4226.419922783267,2532.299741602131
Hold,2022-12-14 16:00:00,77.7,4188.684030615494,Hold,4188.684030615558,2509.6899224806834
Hold,2022-12-14 17:00:00,76.89,4145.018212535719,Hold,4145.018212535783,2483.527131783008
Hold,2022-12-14 18:00:00,76.52,4125.072098104216,Hold,4125.07209810428,2471.576227390243
Hold,2022-12-14 19:00:00,75.78,4085.1798692412112,Hold,4085.1798692412744,2447.6744186047126
Hold,2022-12-14 20:00:00,75.58,4074.3981857647236,Hold,4074.3981857647873,2441.214470284299
Hold,2022-12-14 21:00:00,75.5,4070.0855123741285,Hold,4070.0855123741917,2438.6304909561336
Hold,2022-12-14 22:00:00,75.33,4060.9210814191138,Hold,4060.9210814191765,2433.1395348837823
Hold,2022-12-14 23:00:00,75.3,4059.303828897641,Hold,4059.303828897704,2432.1705426357203
Hold,2022-12-15 00:00:00,74.86,4035.5841252493674,Hold,4035.5841252494306,2417.9586563308103
Hold,2022-12-15 01:00:00,74.49,4015.638010817865,Hold,4015.638010817928,2406.0077519380447
Hold,2022-12-15 02:00:00,74.89,4037.2013777708407,Hold,4037.201377770904,2418.927648578872
Hold,2022-12-15 03:00:00,74.83,4033.9668727278945,Hold,4033.9668727279577,2416.989664082748
Hold,2022-12-15 04:00:00,74.99,4042.5922195090848,Hold,4042.5922195091484,2422.1576227390783
Hold,2022-12-15 05:00:00,74.99,4042.5922195090848,Hold,4042.5922195091484,2422.1576227390783
Hold,2022-12-15 06:00:00,74.72,4028.0369468158265,Hold,4028.0369468158897,2413.43669250652
Hold,2022-12-15 07:00:00,74.76,4030.1932835111243,Hold,4030.1932835111875,2414.728682170603
Hold,2022-12-15 08:00:00,74.65,4024.263357599056,Hold,4024.2633575991185,2411.1757105943752
Hold,2022-12-15 09:00:00,74.89,4037.2013777708407,Hold,4037.201377770904,2418.9276485788714
Hold,2022-12-15 10:00:00,74.4,4010.7862532534464,Hold,4010.786253253509,2403.100775193858
Hold,2022-12-15 11:00:00,74.66,4024.80244177288,Hold,4024.802441772943,2411.4987080103956
Hold,2022-12-15 12:00:00,74.45,4013.4816741225677,Hold,4013.481674122631,2404.7157622739614
Hold,2022-12-15 13:00:00,74.11,3995.1528122125387,Hold,3995.1528122126015,2393.7338501292584
Hold,2022-12-15 14:00:00,73.71,3973.589445259563,Hold,3973.589445259626,2380.813953488431
Hold,2022-12-15 15:00:00,73.99,3988.683802126646,Hold,3988.683802126708,2389.8578811370103
Hold,2022-12-15 16:00:00,73.52,3963.3468459568994,Hold,3963.3468459569613,2374.6770025840383
Hold,2022-12-15 17:00:00,73.1,3940.705310656275,Hold,3940.7053106563367,2361.11111111117
Hold,2022-12-15 18:00:00,72.6,3913.7511019650556,Hold,3913.751101965117,2344.961240310136
Hold,2022-12-15 19:00:00,72.74,3921.298280398597,Hold,3921.2982803986583,2349.4832041344253
Hold,2022-12-15 20:00:00,72.98,3934.2363005703833,Hold,3934.236300570444,2357.235142118922
Hold,2022-12-15 21:00:00,72.63,3915.368354486529,Hold,3915.3683544865894,2345.9302325581975
Hold,2022-12-15 22:00:00,72.51,3908.899344400637,Hold,3908.899344400698,2342.0542635659494
Hold,2022-12-15 23:00:00,72.42,3904.047586836217,Hold,3904.047586836278,2339.1472868217634
Hold,2022-12-16 00:00:00,73.16,3943.9398156992215,Hold,3943.939815699283,2363.049095607294
Hold,2022-12-16 01:00:00,72.66,3916.9856070080023,Hold,3916.9856070080637,2346.89922480626
Hold,2022-12-16 02:00:00,73.01,3935.853553091856,Hold,3935.8535530919185,2358.204134366984
Hold,2022-12-16 03:00:00,73.27,3949.8697416112896,Hold,3949.8697416113523,2366.6020671835213
Hold,2022-12-16 04:00:00,72.95,3932.6190480489095,Hold,3932.6190480489718,2356.2661498708594
Hold,2022-12-16 05:00:00,73.16,3943.9398156992215,Hold,3943.939815699284,2363.0490956072936
Hold,2022-12-16 06:00:00,72.97,3933.6972163965584,Hold,3933.6972163966207,2356.9121447029006
Hold,2022-12-16 07:00:00,73.23,3947.7134049159927,Hold,3947.713404916055,2365.3100775194384
Hold,2022-12-16 08:00:00,71.44,3851.217337801427,Hold,3851.217337801488,2307.4935400517365
Stop-Loss,2022-12-16 09:00:00,69.11,3725.6107253003447,SL 10.0% hit,3725.610725300404,2232.2351421189187
Buy,2022-12-21 05:00:00,65.21,3725.6107253003447,Sinal: Compra,3725.610725300404,2106.266149870853
Hold,2022-12-21 06:00:00,65.02,3707.329752791286,Hold,3707.329752791345,2100.12919896646
Hold,2022-12-21 07:00:00,65.03,3707.8999357738744,Hold,3707.899935773933,2100.452196382481
Hold,2022-12-21 08:00:00,65.34,3725.5756082341222,Hold,3725.5756082341813,2110.465116279122
Hold,2022-12-21 09:00:00,65.3,3723.294876303767,Hold,3723.294876303826,2109.173126615039
Hold,2022-12-21 10:00:00,65.33,3725.0054252515333,Hold,3725.0054252515924,2110.1421188631007
Hold,2022-12-21 11:00:00,65.55,3737.5494508684833,Hold,3737.549450868543,2117.2480620155557
Hold,2022-12-21 12:00:00,65.44,3731.277438060008,Hold,3731.2774380600677,2113.6950904393284
Hold,2022-12-21 13:00:00,65.55,3737.5494508684833,Hold,3737.549450868543,2117.2480620155557
Hold,2022-12-21 14:00:00,65.44,3731.277438060008,Hold,3731.2774380600677,2113.6950904393284
Hold,2022-12-21 15:00:00,65.83,3753.5145743809653,Hold,3753.514574381025,2126.291989664135
Hold,2022-12-21 16:00:00,65.28,3722.15451033859,Hold,3722.1545103386493,2108.527131782998
Hold,2022-12-21 17:00:00,65.71,3746.672378589901,Hold,3746.6723785899608,2122.4160206718866
Hold,2022-12-21 18:00:00,65.63,3742.1109147291922,Hold,3742.1109147292523,2119.8320413437214
Hold,2022-12-21 19:00:00,65.58,3739.259999816249,Hold,3739.259999816309,2118.217054263618
Hold,2022-12-21 20:00:00,65.61,3740.9705487640153,Hold,3740.9705487640754,2119.18604651168
Hold,2022-12-21 21:00:00,65.6,3740.400365781426,Hold,3740.400365781486,2118.86304909566
Hold,2022-12-21 22:00:00,65.35,3726.14579121671,Hold,3726.1457912167702,2110.788113695143
Hold,2022-12-21 23:00:00,65.4,3728.9967061296543,Hold,3728.9967061297143,2112.403100775247
Hold,2022-12-22 00:00:00,65.58,3739.259999816249,Hold,3739.2599998163096,2118.217054263619
Hold,2022-12-22 01:00:00,65.36,3726.715974199299,Hold,3726.715974199359,2111.111111111164
Hold,2022-12-22 02:00:00,65.42,3730.137072094831,Hold,3730.1370720948908,2113.049095607288
Hold,2022-12-22 03:00:00,65.5,3734.69853595554,Hold,3734.6985359555997,2115.6330749354534
Hold,2022-12-22 04:00:00,65.56,3738.119633851072,Hold,3738.1196338511318,2117.5710594315774
Hold,2022-12-22 05:00:00,65.97,3761.497136137206,Hold,3761.4971361372654,2130.8139534884253
Hold,2022-12-22 06:00:00,65.9,3757.505855259086,Hold,3757.505855259145,2128.552971576281
Hold,2022-12-22 07:00:00,66.26,3778.032442632277,Hold,3778.032442632337,2140.1808785530247
Hold,2022-12-22 08:00:00,66.35,3783.1640894755733,Hold,3783.164089475633,2143.087855297211
Hold,2022-12-22 09:00:00,66.14,3771.1902468412127,Hold,3771.1902468412723,2136.304909560777
Hold,2022-12-22 10:00:00,66.17,3772.9007957889785,Hold,3772.900795789038,2137.273901808839
Hold,2022-12-22 11:00:00,66.31,3780.8833575452195,Hold,3780.883357545279,2141.7958656331284
Hold,2022-12-22 12:00:00,66.19,3774.0411617541554,Hold,3774.0411617542145,2137.9198966408803
Hold,2022-12-22 13:00:00,65.92,3758.6462212242627,Hold,3758.646221224322,2129.1989664083226
Hold,2022-12-22 14:00:00,64.97,3704.478837878343,Hold,3704.478837878401,2098.5142118863578
Hold,2022-12-22 15:00:00,64.63,3685.0926164703287,Hold,3685.0926164703865,2087.5322997416542
Hold,2022-12-22 16:00:00,64.87,3698.7770080524565,Hold,3698.7770080525142,2095.284237726151
Hold,2022-12-22 17:00:00,64.46,3675.3995057663224,Hold,3675.39950576638,2082.0413436693025
Hold,2022-12-22 18:00:00,64.68,3687.943531383273,Hold,3687.9435313833305,2089.147286821758
Hold,2022-12-22 19:00:00,65.28,3722.15451033859,Hold,3722.1545103386484,2108.5271317829984
Hold,2022-12-22 20:00:00,65.74,3748.382927537667,Hold,3748.382927537726,2123.3850129199495
Hold,2022-12-22 21:00:00,65.56,3738.119633851072,Hold,3738.1196338511313,2117.5710594315774
Hold,2022-12-22 22:00:00,65.88,3756.365489293908,Hold,3756.365489293967,2127.906976744239
Hold,2022-12-22 23:00:00,66.21,3775.1815277193323,Hold,3775.1815277193923,2138.565891472921
Hold,2022-12-23 00:00:00,66.08,3767.7691489456806,Hold,3767.7691489457407,2134.3669250646526
Hold,2022-12-23 01:00:00,66.27,3778.6026256148643,Hold,3778.602625614925,2140.5038759690456
Hold,2022-12-23 02:00:00,66.37,3784.3044554407516,Hold,3784.304455440813,2143.7338501292525
Hold,2022-12-23 03:00:00,66.2,3774.6113447367447,Hold,3774.6113447368057,2138.242894056901
Hold,2022-12-23 04:00:00,66.26,3778.032442632277,Hold,3778.0324426323373,2140.1808785530247
Hold,2022-12-23 05:00:00,66.08,3767.7691489456806,Hold,3767.7691489457407,2134.3669250646526
Hold,2022-12-23 06:00:00,65.84,3754.0847573635538,Hold,3754.0847573636133,2126.6149870801564
Hold,2022-12-23 07:00:00,66.05,3766.0585999979144,Hold,3766.058599997974,2133.39793281659
Hold,2022-12-23 08:00:00,65.73,3747.812744555079,Hold,3747.812744555138,2123.0620155039287
Hold,2022-12-23 09:00:00,65.76,3749.523293502845,Hold,3749.523293502904,2124.031007751991
Hold,2022-12-23 10:00:00,65.95,3760.3567701720285,Hold,3760.3567701720885,2130.167958656384
Hold,2022-12-23 11:00:00,65.96,3760.926953154617,Hold,3760.926953154677,2130.490956072405
Hold,2022-12-23 12:00:00,66.0,3763.2076850849717,Hold,3763.2076850850312,2131.782945736488
Hold,2022-12-23 13:00:00,65.63,3742.1109147291922,Hold,3742.110914729252,2119.8320413437223
Hold,2022-12-23 14:00:00,65.32,3724.4352422689444,Hold,3724.4352422690035,2109.819121447081
Hold,2022-12-23 15:00:00,65.64,3742.681097711781,Hold,3742.6810977118407,2120.155038759743
Hold,2022-12-23 16:00:00,65.49,3734.1283529729512,Hold,3734.1283529730104,2115.3100775194325
Hold,2022-12-23 17:00:00,65.56,3738.119633851072,Hold,3738.1196338511313,2117.571059431578
Hold,2022-12-23 18:00:00,65.56,3738.119633851072,Hold,3738.1196338511313,2117.571059431578
Hold,2022-12-23 19:00:00,65.7,3746.1021956073128,Hold,3746.102195607372,2122.0930232558676
Hold,2022-12-23 20:00:00,65.6,3740.400365781426,Hold,3740.4003657814847,2118.8630490956602
Hold,2022-12-23 21:00:00,65.77,3750.0934764854333,Hold,3750.093476485492,2124.354005168012
Hold,2022-12-23 22:00:00,65.54,3736.979267885895,Hold,3736.9792678859535,2116.925064599537
Hold,2022-12-23 23:00:00,65.75,3748.9531105202564,Hold,3748.9531105203155,2123.708010335971
Hold,2022-12-24 00:00:00,65.72,3747.24256157249,Hold,3747.242561572549,2122.739018087909
Hold,2022-12-24 01:00:00,65.37,3727.2861571818885,Hold,3727.286157181947,2111.434108527185
Hold,2022-12-24 02:00:00,65.61,3740.9705487640153,Hold,3740.970548764074,2119.186046511681
Hold,2022-12-24 03:00:00,65.69,3745.5320126247243,Hold,3745.532012624783,2121.7700258398463
Hold,2022-12-24 04:00:00,65.55,3737.5494508684833,Hold,3737.5494508685415,2117.2480620155566
Hold,2022-12-24 05:00:00,65.33,3725.0054252515333,Hold,3725.0054252515915,2110.1421188631016
Hold,2022-12-24 06:00:00,65.25,3720.4439613908244,Hold,3720.4439613908826,2107.5581395349363
Hold,2022-12-24 07:00:00,65.53,3736.4090849033064,Hold,3736.409084903365,2116.6020671835154
Hold,2022-12-24 08:00:00,65.38,3727.856340164476,Hold,3727.8563401645342,2111.7571059432053
Hold,2022-12-24 09:00:00,65.4,3728.9967061296543,Hold,3728.996706129713,2112.403100775247
Hold,2022-12-24 10:00:00,65.52,3735.838901920717,Hold,3735.8389019207757,2116.279069767495
Hold,2022-12-24 11:00:00,65.54,3736.979267885895,Hold,3736.9792678859535,2116.9250645995367
Hold,2022-12-24 12:00:00,65.53,3736.4090849033064,Hold,3736.4090849033655,2116.602067183516
Hold,2022-12-24 13:00:00,65.61,3740.9705487640153,Hold,3740.970548764074,2119.186046511681
Hold,2022-12-24 14:00:00,65.71,3746.672378589901,Hold,3746.6723785899594,2122.416020671888
Hold,2022-12-24 15:00:00,65.77,3750.0934764854333,Hold,3750.0934764854915,2124.354005168012
Hold,2022-12-24 16:00:00,65.81,3752.374208415788,Hold,3752.374208415846,2125.6459948320953
Hold,2022-12-24 17:00:00,65.81,3752.374208415788,Hold,3752.374208415846,2125.6459948320953
Hold,2022-12-24 18:00:00,65.9,3757.505855259086,Hold,3757.5058552591436,2128.5529715762814
Hold,2022-12-24 19:00:00,65.83,3753.5145743809653,Hold,3753.5145743810226,2126.291989664136
Hold,2022-12-24 20:00:00,65.78,3750.6636594680217,Hold,3750.663659468079,2124.677002584033
Hold,2022-12-24 21:00:00,65.71,3746.672378589901,Hold,3746.6723785899585,2122.4160206718875
Hold,2022-12-24 22:00:00,65.64,3742.681097711781,Hold,3742.681097711839,2120.155038759743
Hold,2022-12-24 23:00:00,65.76,3749.523293502845,Hold,3749.5232935029026,2124.0310077519916
Hold,2022-12-25 00:00:00,65.92,3758.6462212242627,Hold,3758.6462212243205,2129.198966408322
Hold,2022-12-25 01:00:00,65.91,3758.0760382416743,Hold,3758.076038241732,2128.8759689923013
Hold,2022-12-25 02:00:00,65.73,3747.812744555079,Hold,3747.8127445551363,2123.062015503929
Hold,2022-12-25 03:00:00,65.8,3751.804025433199,Hold,3751.8040254332564,2125.3229974160736
Hold,2022-12-25 04:00:00,65.72,3747.24256157249,Hold,3747.2425615725474,2122.7390180879083
Hold,2022-12-25 05:00:00,65.67,3744.3916466595474,Hold,3744.3916466596047,2121.1240310078047
Hold,2022-12-25 06:00:00,65.75,3748.9531105202564,Hold,3748.953110520314,2123.7080103359704
Hold,2022-12-25 07:00:00,65.69,3745.5320126247243,Hold,3745.532012624782,2121.7700258398463
Hold,2022-12-25 08:00:00,65.83,3753.5145743809653,Hold,3753.5145743810235,2126.2919896641356
Hold,2022-12-25 09:00:00,65.85,3754.654940346142,Hold,3754.654940346201,2126.937984496177
Hold,2022-12-25 10:00:00,65.77,3750.0934764854333,Hold,3750.0934764854915,2124.3540051680116
Hold,2022-12-25 11:00:00,65.83,3753.5145743809653,Hold,3753.5145743810235,2126.2919896641356
Hold,2022-12-25 12:00:00,65.95,3760.3567701720285,Hold,3760.3567701720867,2130.167958656384
Hold,2022-12-25 13:00:00,65.85,3754.654940346142,Hold,3754.6549403462004,2126.937984496177
Hold,2022-12-25 14:00:00,66.16,3772.3306128063896,Hold,3772.330612806448,2136.9509043928183
Hold,2022-12-25 15:00:00,65.94,3759.78658718944,Hold,3759.7865871894983,2129.8449612403633
Hold,2022-12-25 16:00:00,66.2,3774.6113447367447,Hold,3774.611344736804,2138.242894056901
Hold,2022-12-25 17:00:00,66.26,3778.032442632277,Hold,3778.0324426323355,2140.1808785530247
Hold,2022-12-25 18:00:00,66.23,3776.3218936845105,Hold,3776.321893684569,2139.2118863049627
Hold,2022-12-25 19:00:00,67.33,3839.04202176926,Hold,3839.0420217693195,2174.7416020672376
Hold,2022-12-25 20:00:00,67.08,3824.7874472045437,Hold,3824.787447204603,2166.66666666672
Hold,2022-12-25 21:00:00,67.93,3873.253000724578,Hold,3873.2530007246387,2194.121447028478
Hold,2022-12-25 22:00:00,68.66,3914.8763584535477,Hold,3914.8763584536086,2217.7002583979875
Hold,2022-12-25 23:00:00,69.15,3942.8153246003912,Hold,3942.815324600452,2233.5271317830006
Hold,2022-12-26 00:00:00,68.79,3922.2887372272007,Hold,3922.2887372272617,2221.899224806256
Hold,2022-12-26 01:00:00,68.81,3923.4291031923776,Hold,3923.4291031924386,2222.545219638297
Hold,2022-12-26 02:00:00,69.39,3956.499716182518,Hold,3956.4997161825795,2241.279069767497
Hold,2022-12-26 03:00:00,69.12,3941.104775652625,Hold,3941.1047756526864,2232.558139534938
Hold,2022-12-26 04:00:00,68.95,3931.4116649486186,Hold,3931.41166494868,2227.067183462587
Hold,2022-12-26 05:00:00,69.1,3939.964409687447,Hold,3939.964409687509,2231.9121447028965
Hold,2022-12-26 06:00:00,68.98,3933.122213896384,Hold,3933.122213896446,2228.0361757106484
Hold,2022-12-26 07:00:00,68.91,3929.1309330182635,Hold,3929.1309330183253,2225.7751937985036
Hold,2022-12-26 08:00:00,69.03,3935.9731288093276,Hold,3935.9731288093894,2229.651162790752
Hold,2022-12-26 09:00:00,69.14,3942.2451416178023,Hold,3942.2451416178646,2233.2041343669794
Hold,2022-12-26 10:00:00,70.56,4023.2111251453885,Hold,4023.211125145453,2279.069767441916
Hold,2022-12-26 11:00:00,70.53,4021.500576197622,Hold,4021.5005761976863,2278.1007751938537
Hold,2022-12-26 12:00:00,70.58,4024.3514911105653,Hold,4024.35149111063,2279.7157622739574
Hold,2022-12-26 13:00:00,70.42,4015.2285633891474,Hold,4015.228563389211,2274.5478036176264
Hold,2022-12-26 14:00:00,70.12,3998.1230739114885,Hold,3998.123073911552,2264.857881137006
Hold,2022-12-26 15:00:00,69.9,3985.5790482945386,Hold,3985.5790482946018,2257.751937984551
Hold,2022-12-26 16:00:00,70.32,4009.5267335632607,Hold,4009.526733563325,2271.3178294574195
Hold,2022-12-26 17:00:00,70.06,3994.7019760159565,Hold,3994.7019760160206,2262.919896640882
Hold,2022-12-26 18:00:00,70.19,4002.1143547896086,Hold,4002.114354789673,2267.1188630491506
Hold,2022-12-26 19:00:00,70.21,4003.2547207547855,Hold,4003.2547207548505,2267.764857881192
Hold,2022-12-26 20:00:00,70.17,4000.973988824431,Hold,4000.9739888244962,2266.4728682171094
Hold,2022-12-26 21:00:00,69.93,3987.2895972423044,Hold,3987.289597242369,2258.7209302326132
Hold,2022-12-26 22:00:00,70.05,3994.1317930333676,Hold,3994.131793033432,2262.5968992248613
Hold,2022-12-26 23:00:00,70.78,4035.755150762338,Hold,4035.7551507624034,2286.1757105943716
Hold,2022-12-27 00:00:00,70.48,4018.6496612846795,Hold,4018.649661284744,2276.4857881137514
Hold,2022-12-27 01:00:00,70.6,4025.4918570757422,Hold,4025.4918570758073,2280.361757105999
Hold,2022-12-27 02:00:00,70.55,4022.640942162799,Hold,4022.640942162864,2278.7467700258953
Hold,2022-12-27 03:00:00,70.45,4016.9391123369132,Hold,4016.9391123369787,2275.5167958656884
Hold,2022-12-27 04:00:00,70.42,4015.2285633891474,Hold,4015.228563389213,2274.5478036176264
Hold,2022-12-27 05:00:00,70.09,3996.4125249637223,Hold,3996.4125249637873,2263.8888888889437
Hold,2022-12-27 06:00:00,70.35,4011.2372825110265,Hold,4011.2372825110915,2272.286821705481
Hold,2022-12-27 07:00:00,70.29,4007.8161846154953,Hold,4007.8161846155604,2270.3488372093575
Hold,2022-12-27 08:00:00,69.99,3990.7106951378355,Hold,3990.7106951379,2260.658914728737
Hold,2022-12-27 09:00:00,70.51,4020.3602102324453,Hold,4020.36021023251,2277.4547803618125
Hold,2022-12-27 10:00:00,70.32,4009.5267335632607,Hold,4009.526733563325,2271.317829457419
Hold,2022-12-27 11:00:00,70.23,4004.3950867199633,Hold,4004.3950867200274,2268.410852713233
Hold,2022-12-27 12:00:00,69.89,3985.0088653119496,Hold,3985.0088653120138,2257.4289405685304
Hold,2022-12-27 13:00:00,69.78,3978.736852503475,Hold,3978.736852503539,2253.8759689923027
Hold,2022-12-27 14:00:00,69.53,3964.482277938759,Hold,3964.482277938823,2245.8010335917857
Hold,2022-12-27 15:00:00,69.9,3985.5790482945386,Hold,3985.579048294603,2257.7519379845508
Hold,2022-12-27 16:00:00,70.08,3995.842341981134,Hold,3995.842341981198,2263.565891472923
Hold,2022-12-27 17:00:00,68.91,3929.1309330182635,Hold,3929.1309330183267,2225.7751937985036
Hold,2022-12-27 18:00:00,68.2,3888.647941254471,Hold,3888.6479412545336,2202.8423772610354
Hold,2022-12-27 19:00:00,68.26,3892.069039150003,Hold,3892.0690391500657,2204.78036175716
Hold,2022-12-27 20:00:00,67.98,3876.1039156375214,Hold,3876.1039156375837,2195.736434108581
Hold,2022-12-27 21:00:00,68.12,3884.086477393762,Hold,3884.0864773938238,2200.2583979328706
Hold,2022-12-27 22:00:00,68.48,3904.613064766953,Hold,3904.6130647670147,2211.886304909615
Hold,2022-12-27 23:00:00,68.67,3915.4465414361366,Hold,3915.4465414361994,2218.023255814008
Hold,2022-12-28 00:00:00,68.11,3883.516294411173,Hold,3883.5162944112353,2199.9354005168498
Hold,2022-12-28 01:00:00,68.64,3913.735992488371,Hold,3913.735992488433,2217.0542635659463
Hold,2022-12-28 02:00:00,68.69,3916.5869074013135,Hold,3916.5869074013754,2218.6692506460495
Hold,2022-12-28 03:00:00,68.45,3902.9025158191866,Hold,3902.9025158192485,2210.9173126615533
Hold,2022-12-28 04:00:00,68.4,3900.051600906244,Hold,3900.0516009063053,2209.30232558145
Hold,2022-12-28 05:00:00,67.76,3863.5598900205714,Hold,3863.5598900206323,2188.6304909561263
Hold,2022-12-28 06:00:00,67.2,3831.629642995608,Hold,3831.6296429956683,2170.542635658968
Hold,2022-12-28 07:00:00,67.58,3853.2965963339757,Hold,3853.296596334036,2182.8165374677533
Hold,2022-12-28 08:00:00,67.42,3844.1736686125573,Hold,3844.173668612618,2177.6485788114223
Hold,2022-12-28 09:00:00,67.65,3857.2878772120966,Hold,3857.2878772121576,2185.0775193798977
Hold,2022-12-28 10:00:00,67.36,3840.7525707170257,Hold,3840.752570717086,2175.710594315298
Hold,2022-12-28 11:00:00,67.43,3844.7438515951467,Hold,3844.7438515952076,2177.971576227443
Hold,2022-12-28 12:00:00,67.14,3828.2085451000758,Hold,3828.2085451001362,2168.604651162843
Hold,2022-12-28 13:00:00,67.3,3837.3314728214937,Hold,3837.331472821554,2173.772609819174
Hold,2022-12-28 14:00:00,67.9,3871.5424517768124,Hold,3871.5424517768733,2193.152454780415
Hold,2022-12-28 15:00:00,67.39,3842.463119664792,Hold,3842.4631196648525,2176.6795865633603
Hold,2022-12-28 16:00:00,67.07,3824.217264221955,Hold,3824.2172642220153,2166.3436692506984
Hold,2022-12-28 17:00:00,67.41,3843.603485629969,Hold,3843.60348563003,2177.3255813954015
Hold,2022-12-28 18:00:00,67.5,3848.7351324732667,Hold,3848.7351324733277,2180.2325581395876
Hold,2022-12-28 19:00:00,67.11,3826.49799615231,Hold,3826.497996152371,2167.6356589147813
Hold,2022-12-28 20:00:00,67.17,3829.919094047842,Hold,3829.919094047903,2169.5736434109053
Hold,2022-12-28 21:00:00,66.47,3790.0062852666374,Hold,3790.006285266698,2146.9638242894575
Hold,2022-12-28 22:00:00,66.01,3763.7778680675606,Hold,3763.7778680676206,2132.1059431525064
Hold,2022-12-28 23:00:00,66.32,3781.4535405278075,Hold,3781.453540527868,2142.1188630491474
Hold,2022-12-29 00:00:00,66.7,3803.1204938661763,Hold,3803.120493866237,2154.3927648579333
Hold,2022-12-29 01:00:00,66.34,3782.5939064929858,Hold,3782.5939064930462,2142.764857881189
Hold,2022-12-29 02:00:00,66.34,3782.5939064929858,Hold,3782.5939064930462,2142.764857881189
Hold,2022-12-29 03:00:00,66.38,3784.8746384233395,Hold,3784.8746384234,2144.0568475452715
Hold,2022-12-29 04:00:00,66.47,3790.0062852666374,Hold,3790.006285266698,2146.9638242894575
Hold,2022-12-29 05:00:00,66.36,3783.7342724581626,Hold,3783.734272458223,2143.4108527132303
Hold,2022-12-29 06:00:00,66.22,3775.7517107019216,Hold,3775.7517107019817,2138.888888888941
Hold,2022-12-29 07:00:00,66.21,3775.1815277193323,Hold,3775.1815277193923,2138.5658914729197
Hold,2022-12-29 08:00:00,65.96,3760.926953154617,Hold,3760.926953154677,2130.4909560724027
Hold,2022-12-29 09:00:00,66.54,3793.9975661447584,Hold,3793.997566144819,2149.2248062016024
Hold,2022-12-29 10:00:00,66.87,3812.813604570183,Hold,3812.8136045702436,2159.883720930285
Hold,2022-12-29 11:00:00,66.83,3810.532872639828,Hold,3810.532872639888,2158.5917312662023
Hold,2022-12-29 12:00:00,66.79,3808.252140709474,Hold,3808.252140709534,2157.29974160212
Hold,2022-12-29 13:00:00,66.7,3803.1204938661763,Hold,3803.1204938662363,2154.3927648579333
Hold,2022-12-29 14:00:00,66.96,3817.9452514134805,Hold,3817.945251413541,2162.7906976744707
Hold,2022-12-29 15:00:00,67.0,3820.2259833438347,Hold,3820.2259833438957,2164.0826873385536
Hold,2022-12-29 16:00:00,66.86,3812.243421587594,Hold,3812.243421587655,2159.560723514264
Hold,2022-12-29 17:00:00,66.65,3800.269578953233,Hold,3800.269578953294,2152.77777777783
Hold,2022-12-29 18:00:00,66.72,3804.2608598313536,Hold,3804.2608598314146,2155.038759689974
Hold,2022-12-29 19:00:00,66.45,3788.8659193014605,Hold,3788.8659193015214,2146.317829457416
Hold,2022-12-29 20:00:00,66.19,3774.0411617541554,Hold,3774.041161754216,2137.919896640878
Hold,2022-12-29 21:00:00,66.05,3766.0585999979144,Hold,3766.0585999979744,2133.3979328165888
Hold,2022-12-29 22:00:00,66.54,3793.9975661447584,Hold,3793.997566144819,2149.2248062016024
Hold,2022-12-29 23:00:00,66.66,3800.8397619358216,Hold,3800.839761935882,2153.10077519385
Hold,2022-12-30 00:00:00,67.01,3820.796166326424,Hold,3820.7961663264855,2164.4056847545744
Hold,2022-12-30 01:00:00,66.73,3804.831042813942,Hold,3804.8310428140035,2155.3617571059954
Hold,2022-12-30 02:00:00,67.21,3832.199825978196,Hold,3832.1998259782576,2170.8656330749877
Hold,2022-12-30 03:00:00,67.15,3828.778728082665,Hold,3828.778728082727,2168.927648578864
Hold,2022-12-30 04:00:00,66.91,3815.094336500537,Hold,3815.0943365005983,2161.1757105943675
Hold,2022-12-30 05:00:00,66.46,3789.4361022840485,Hold,3789.4361022841094,2146.6408268734367
Hold,2022-12-30 06:00:00,66.56,3795.1379321099353,Hold,3795.137932109996,2149.870801033643
Hold,2022-12-30 07:00:00,66.45,3788.8659193014605,Hold,3788.8659193015214,2146.317829457416
Hold,2022-12-30 08:00:00,66.55,3794.5677491273464,Hold,3794.5677491274078,2149.547803617623
Hold,2022-12-30 09:00:00,66.77,3807.1117747442963,Hold,3807.111774744358,2156.6537467700778
Hold,2022-12-30 10:00:00,66.59,3796.848481057701,Hold,3796.848481057763,2150.8397932817056
Hold,2022-12-30 11:00:00,66.61,3797.9888470228784,Hold,3797.98884702294,2151.485788113747
Hold,2022-12-30 12:00:00,66.72,3804.2608598313536,Hold,3804.260859831415,2155.038759689974
Hold,2022-12-30 13:00:00,66.57,3795.7081150925233,Hold,3795.7081150925846,2150.193798449664
Hold,2022-12-30 14:00:00,66.97,3818.515434396069,Hold,3818.515434396131,2163.1136950904915
Hold,2022-12-30 15:00:00,67.83,3867.5511708986915,Hold,3867.551170898754,2190.89147286827
Hold,2022-12-30 16:00:00,67.96,3874.963549672343,Hold,3874.963549672406,2195.0904392765387
Hold,2022-12-30 17:00:00,67.63,3856.147511246919,Hold,3856.147511246981,2184.4315245478565
Hold,2022-12-30 18:00:00,67.94,3873.823183707166,Hold,3873.823183707229,2194.4444444444975
Hold,2022-12-30 19:00:00,67.9,3871.5424517768124,Hold,3871.5424517768747,2193.152454780415
Hold,2022-12-30 20:00:00,68.26,3892.069039150003,Hold,3892.0690391500657,2204.7803617571594
Hold,2022-12-30 21:00:00,67.8,3865.840621950925,Hold,3865.8406219509875,2189.922480620208
Liquidate_Final_Fold,2022-12-30 22:00:00,67.92,3872.6828177419893,Fim do período de teste,3872.682817742052,2193.798449612456
Hold,2022-12-30 22:00:00,67.92,3872.6828177419893,Hold,3872.682817742052,2193.798449612456
Buy,2023-01-04 13:00:00,76.28,3872.6828177419893,Sinal: Compra,3872.682817742052,2463.824289405744
Hold,2023-01-04 14:00:00,75.91,3846.1942313156464,Hold,3846.1942313157083,2451.873385012979
Hold,2023-01-04 15:00:00,76.2,3860.887899173393,Hold,3860.8878991734555,2461.2403100775787
Hold,2023-01-04 16:00:00,75.84,3842.6474839017083,Hold,3842.6474839017706,2449.612403100834
Hold,2023-01-04 17:00:00,75.84,3842.6474839017083,Hold,3842.6474839017706,2449.612403100834
Hold,2023-01-04 18:00:00,75.95,3848.220944123612,Hold,3848.2209441236737,2453.165374677062
Hold,2023-01-04 19:00:00,75.25,3812.753469984224,Hold,3812.7534699842854,2430.5555555556143
Hold,2023-01-04 20:00:00,74.74,3786.912881682669,Hold,3786.9128816827306,2414.0826873385595
Hold,2023-01-04 21:00:00,74.92,3796.033089318512,Hold,3796.0330893185733,2419.896640826932
Hold,2023-01-04 22:00:00,75.04,3802.1132277424076,Hold,3802.113227742469,2423.77260981918
Hold,2023-01-04 23:00:00,75.46,3823.3937122260395,Hold,3823.393712226101,2437.3385012920485
Hold,2023-01-05 00:00:00,75.17,3808.7000443682937,Hold,3808.7000443683546,2427.9715762274486
Hold,2023-01-05 01:00:00,75.38,3819.3402866101096,Hold,3819.3402866101706,2434.754521963883
Hold,2023-01-05 02:00:00,75.68,3834.5406326698485,Hold,3834.5406326699103,2444.4444444445035
Hold,2023-01-05 03:00:00,75.74,3837.580701881795,Hold,3837.5807018818573,2446.382428940627
Hold,2023-01-05 04:00:00,76.02,3851.7676915375505,Hold,3851.767691537613,2455.4263565892056
Hold,2023-01-05 05:00:00,75.81,3841.127449295734,Hold,3841.1274492957964,2448.643410852772
Hold,2023-01-05 06:00:00,75.36,3818.3269302061276,Hold,3818.3269302061894,2434.1085271318416
Hold,2023-01-05 07:00:00,75.28,3814.2735045901973,Hold,3814.273504590259,2431.5245478036763
Hold,2023-01-05 08:00:00,75.14,3807.18000976232,Hold,3807.1800097623814,2427.0025839793866
Hold,2023-01-05 09:00:00,74.73,3786.4062034806784,Hold,3786.4062034807394,2413.759689922538
Hold,2023-01-05 10:00:00,75.11,3805.6599751563463,Hold,3805.6599751564077,2426.033591731324
Hold,2023-01-05 11:00:00,75.04,3802.1132277424076,Hold,3802.1132277424686,2423.7726098191797
Hold,2023-01-05 12:00:00,74.98,3799.0731585304598,Hold,3799.073158530521,2421.8346253230557
Hold,2023-01-05 13:00:00,74.03,3750.93872934129,Hold,3750.9387293413506,2391.149870801091
Hold,2023-01-05 14:00:00,74.08,3753.4721203512463,Hold,3753.472120351307,2392.764857881194
Hold,2023-01-05 15:00:00,74.37,3768.165788208993,Hold,3768.165788209054,2402.1317829457944
Hold,2023-01-05 16:00:00,74.21,3760.0589369771324,Hold,3760.058936977193,2396.963824289463
Hold,2023-01-05 17:00:00,73.77,3737.765096089517,Hold,3737.7650960895776,2382.751937984553
Hold,2023-01-05 18:00:00,74.29,3764.112362593063,Hold,3764.112362593124,2399.5478036176287
Hold,2023-01-05 19:00:00,74.84,3791.979663702582,Hold,3791.9796637026434,2417.312661498766
Hold,2023-01-05 20:00:00,74.68,3783.8728124707222,Hold,3783.8728124707836,2412.144702842435
Hold,2023-01-05 21:00:00,74.57,3778.2993522488177,Hold,3778.299352248879,2408.5917312662073
Hold,2023-01-05 22:00:00,74.42,3770.6991792189497,Hold,3770.6991792190106,2403.746770025897
Hold,2023-01-05 23:00:00,74.25,3762.0856497850978,Hold,3762.0856497851587,2398.255813953546
Hold,2023-01-06 00:00:00,74.83,3791.4729855005908,Hold,3791.4729855006517,2416.9896640827446
Hold,2023-01-06 01:00:00,74.97,3798.5664803284685,Hold,3798.5664803285295,2421.5116279070344
Hold,2023-01-06 02:00:00,74.68,3783.8728124707222,Hold,3783.872812470783,2412.144702842435
Hold,2023-01-06 03:00:00,74.23,3761.0722933811153,Hold,3761.072293381176,2397.6098191215046
Hold,2023-01-06 04:00:00,74.28,3763.605684391072,Hold,3763.6056843911333,2399.2248062016074
Hold,2023-01-06 05:00:00,73.98,3748.405338331334,Hold,3748.405338331395,2389.534883720987
Hold,2023-01-06 06:00:00,72.97,3697.2308399302165,Hold,3697.2308399302765,2356.9121447028983
Hold,2023-01-06 07:00:00,73.28,3712.9378641919457,Hold,3712.937864192006,2366.92506459954
Hold,2023-01-06 08:00:00,73.34,3715.9779334038935,Hold,3715.977933403954,2368.8630490956643
Hold,2023-01-06 09:00:00,73.41,3719.5246808178317,Hold,3719.5246808178927,2371.1240310078083
Hold,2023-01-06 10:00:00,72.97,3697.2308399302165,Hold,3697.230839930277,2356.9121447028983
Hold,2023-01-06 11:00:00,73.72,3735.231705079561,Hold,3735.231705079622,2381.1369509044493
Hold,2023-01-06 12:00:00,73.69,3733.711670473587,Hold,3733.711670473648,2380.167958656388
Hold,2023-01-06 13:00:00,74.54,3776.7793176428445,Hold,3776.779317642906,2407.6227390181457
Hold,2023-01-06 14:00:00,74.34,3766.6457536030193,Hold,3766.6457536030807,2401.162790697732
Hold,2023-01-06 15:00:00,75.23,3811.7401135802415,Hold,3811.740113580304,2429.909560723572
Hold,2023-01-06 16:00:00,75.53,3826.9404596399786,Hold,3826.9404596400414,2439.599483204193
Hold,2023-01-06 17:00:00,75.45,3822.8870340240487,Hold,3822.887034024111,2437.0155038760277
Hold,2023-01-06 18:00:00,75.7,3835.5539890738305,Hold,3835.5539890738933,2445.0904392765447
Hold,2023-01-06 19:00:00,75.88,3844.6741967096727,Hold,3844.674196709736,2450.9043927649163
Hold,2023-01-06 20:00:00,75.41,3820.860321216084,Hold,3820.8603212161465,2435.723514211945
Hold,2023-01-06 21:00:00,75.54,3827.4471378419707,Hold,3827.4471378420335,2439.922480620214
Hold,2023-01-06 22:00:00,75.95,3848.220944123612,Hold,3848.2209441236746,2453.1653746770617
Hold,2023-01-06 23:00:00,75.91,3846.1942313156464,Hold,3846.194231315709,2451.873385012979
Hold,2023-01-07 00:00:00,76.42,3872.034819617201,Hold,3872.0348196172645,2468.3462532300337
Hold,2023-01-07 01:00:00,76.11,3856.327795355472,Hold,3856.3277953555353,2458.3333333333926
Hold,2023-01-07 02:00:00,75.92,3846.700909517638,Hold,3846.7009095177013,2452.196382428999
Hold,2023-01-07 03:00:00,76.15,3858.3545081634375,Hold,3858.354508163501,2459.6253229974755
Hold,2023-01-07 04:00:00,75.69,3835.047310871839,Hold,3835.047310871902,2444.767441860524
Hold,2023-01-07 05:00:00,75.94,3847.7142659216206,Hold,3847.714265921684,2452.842377261041
Hold,2023-01-07 06:00:00,75.78,3839.6074146897604,Hold,3839.607414689823,2447.6744186047104
Hold,2023-01-07 07:00:00,76.06,3853.794404345516,Hold,3853.794404345579,2456.718346253289
Hold,2023-01-07 08:00:00,76.21,3861.394577375384,Hold,3861.3945773754467,2461.563307493599
Hold,2023-01-07 09:00:00,76.28,3864.941324789323,Hold,3864.9413247893854,2463.824289405744
Hold,2023-01-07 10:00:00,76.17,3859.3678645674195,Hold,3859.367864567482,2460.2713178295166
Hold,2023-01-07 11:00:00,75.81,3841.127449295734,Hold,3841.127449295796,2448.643410852772
Hold,2023-01-07 12:00:00,75.94,3847.7142659216206,Hold,3847.714265921683,2452.8423772610404
Hold,2023-01-07 13:00:00,75.8,3840.620771093743,Hold,3840.620771093805,2448.3204134367516
Hold,2023-01-07 14:00:00,75.83,3842.1408056997166,Hold,3842.1408056997784,2449.2894056848136
Hold,2023-01-07 15:00:00,75.93,3847.20758771963,Hold,3847.2075877196917,2452.5193798450205
Hold,2023-01-07 16:00:00,75.81,3841.127449295734,Hold,3841.127449295796,2448.6434108527724
Hold,2023-01-07 17:00:00,76.07,3854.301082547506,Hold,3854.301082547569,2457.0413436693098
Hold,2023-01-07 18:00:00,76.31,3866.461359395297,Hold,3866.4613593953595,2464.7932816538064
Hold,2023-01-07 19:00:00,76.43,3872.5414978191925,Hold,3872.541497819255,2468.6692506460545
Hold,2023-01-07 20:00:00,76.44,3873.0481760211833,Hold,3873.0481760212456,2468.9922480620744
Hold,2023-01-07 21:00:00,76.46,3874.0615324251658,Hold,3874.061532425228,2469.6382428941156
Hold,2023-01-07 22:00:00,76.24,3862.914611981358,Hold,3862.91461198142,2462.5322997416606
Hold,2023-01-07 23:00:00,76.4,3871.021463213219,Hold,3871.0214632132806,2467.7002583979915
Hold,2023-01-08 00:00:00,75.45,3822.8870340240487,Hold,3822.88703402411,2437.0155038760267
Hold,2023-01-08 01:00:00,75.59,3829.9805288519265,Hold,3829.9805288519874,2441.537467700316
Hold,2023-01-08 02:00:00,75.62,3831.5005634579006,Hold,3831.5005634579616,2442.5064599483785
Hold,2023-01-08 03:00:00,75.74,3837.580701881795,Hold,3837.580701881857,2446.3824289406266
Hold,2023-01-08 04:00:00,75.5,3825.4204250340053,Hold,3825.4204250340667,2438.6304909561304
Hold,2023-01-08 05:00:00,75.7,3835.5539890738305,Hold,3835.5539890738924,2445.090439276544
Hold,2023-01-08 06:00:00,75.93,3847.20758771963,Hold,3847.2075877196926,2452.5193798450196
Hold,2023-01-08 07:00:00,75.81,3841.127449295734,Hold,3841.127449295797,2448.6434108527715
Hold,2023-01-08 08:00:00,76.04,3852.7810479415334,Hold,3852.7810479415957,2456.072351421247
Hold,2023-01-08 09:00:00,76.17,3859.3678645674195,Hold,3859.3678645674813,2460.271317829516
Hold,2023-01-08 10:00:00,76.21,3861.394577375384,Hold,3861.3945773754454,2461.563307493599
Hold,2023-01-08 11:00:00,76.11,3856.327795355472,Hold,3856.327795355534,2458.3333333333926
Hold,2023-01-08 12:00:00,75.97,3849.2343005275943,Hold,3849.234300527656,2453.8113695091033
Hold,2023-01-08 13:00:00,75.94,3847.7142659216206,Hold,3847.7142659216825,2452.8423772610413
Hold,2023-01-08 14:00:00,76.4,3871.021463213219,Hold,3871.021463213281,2467.700258397993
Hold,2023-01-08 15:00:00,76.72,3887.235165676939,Hold,3887.235165677001,2478.0361757106543
Hold,2023-01-08 16:00:00,75.72,3836.567345477813,Hold,3836.5673454778744,2445.7364341085863
Hold,2023-01-08 17:00:00,75.81,3841.127449295734,Hold,3841.127449295796,2448.643410852772
Hold,2023-01-08 18:00:00,75.92,3846.700909517638,Hold,3846.7009095177,2452.196382428999
Hold,2023-01-08 19:00:00,75.91,3846.1942313156464,Hold,3846.1942313157083,2451.8733850129784
Hold,2023-01-08 20:00:00,76.42,3872.034819617201,Hold,3872.0348196172636,2468.346253230033
Hold,2023-01-08 21:00:00,76.47,3874.5682106271574,Hold,3874.5682106272207,2469.961240310137
Hold,2023-01-08 22:00:00,76.53,3877.608279839105,Hold,3877.608279839168,2471.899224806261
Hold,2023-01-08 23:00:00,78.68,3986.544093267226,Hold,3986.5440932672905,2541.343669250707
Hold,2023-01-09 00:00:00,81.32,4120.307138592917,Hold,4120.307138592983,2626.614987080166
Hold,2023-01-09 01:00:00,81.61,4135.000806450664,Hold,4135.000806450731,2635.9819121447663
Hold,2023-01-09 02:00:00,81.76,4142.600979480533,Hold,4142.6009794806005,2640.8268733850764
Hold,2023-01-09 03:00:00,82.03,4156.281290934297,Hold,4156.281290934366,2649.547803617634
Hold,2023-01-09 04:00:00,81.68,4138.547553864603,Hold,4138.5475538646715,2638.2428940569107
Hold,2023-01-09 05:00:00,81.76,4142.600979480533,Hold,4142.600979480601,2640.8268733850764
Hold,2023-01-09 06:00:00,82.27,4168.441567782087,Hold,4168.441567782155,2657.2997416021303
Hold,2023-01-09 07:00:00,82.33,4171.4816369940345,Hold,4171.481636994103,2659.237726098255
Hold,2023-01-09 08:00:00,81.74,4141.587623076551,Hold,4141.587623076619,2640.1808785530347
Hold,2023-01-09 09:00:00,82.38,4174.015028003991,Hold,4174.015028004059,2660.8527131783585
Hold,2023-01-09 10:00:00,82.16,4162.8681075601835,Hold,4162.868107560252,2653.7467700259035
Hold,2023-01-09 11:00:00,81.72,4140.574266672568,Hold,4140.5742666726355,2639.5348837209935
Hold,2023-01-09 12:00:00,82.1,4159.828038348236,Hold,4159.828038348304,2651.8087855297795
Hold,2023-01-09 13:00:00,81.68,4138.547553864603,Hold,4138.547553864671,2638.242894056911
Hold,2023-01-09 14:00:00,82.16,4162.8681075601835,Hold,4162.868107560251,2653.7467700259035
Hold,2023-01-09 15:00:00,82.89,4199.8556163055455,Hold,4199.855616305614,2677.3255813954133
Hold,2023-01-09 16:00:00,82.97,4203.909041921475,Hold,4203.909041921544,2679.909560723579
Hold,2023-01-09 17:00:00,82.73,4191.748765073686,Hold,4191.748765073754,2672.157622739083
Hold,2023-01-09 18:00:00,81.96,4152.734543520358,Hold,4152.734543520426,2647.28682170549
Hold,2023-01-09 19:00:00,81.52,4130.440702632743,Hold,4130.440702632811,2633.07493540058
Hold,2023-01-09 20:00:00,81.2,4114.227000169023,Hold,4114.227000169091,2622.739018087919
Hold,2023-01-09 21:00:00,81.14,4111.186930957076,Hold,4111.186930957143,2620.8010335917947
Hold,2023-01-09 22:00:00,81.56,4132.4674154407085,Hold,4132.467415440777,2634.3669250646635
Hold,2023-01-09 23:00:00,81.62,4135.507484652656,Hold,4135.507484652724,2636.304909560788
Hold,2023-01-10 00:00:00,82.66,4188.202017659746,Hold,4188.202017659814,2669.896640826939
Hold,2023-01-10 01:00:00,82.01,4155.267934530315,Hold,4155.267934530382,2648.9018087855948
Hold,2023-01-10 02:00:00,81.08,4108.146861745127,Hold,4108.146861745194,2618.863049095671
Hold,2023-01-10 03:00:00,81.18,4113.213643765041,Hold,4113.213643765108,2622.093023255878
Hold,2023-01-10 04:00:00,81.56,4132.4674154407085,Hold,4132.467415440776,2634.366925064664
Hold,2023-01-10 05:00:00,81.46,4127.400633420795,Hold,4127.400633420863,2631.1369509044566
Hold,2023-01-10 06:00:00,81.23,4115.747034774997,Hold,4115.747034775064,2623.7080103359813
Hold,2023-01-10 07:00:00,81.03,4105.613470735171,Hold,4105.613470735239,2617.2480620155675
Hold,2023-01-10 08:00:00,81.09,4108.653539947119,Hold,4108.653539947186,2619.186046511692
Hold,2023-01-10 09:00:00,81.17,4112.7069655630485,Hold,4112.706965563116,2621.770025839857
Hold,2023-01-10 10:00:00,80.99,4103.586757927206,Hold,4103.586757927273,2615.9560723514846
Hold,2023-01-10 11:00:00,80.19,4063.0525017679056,Hold,4063.052501767972,2590.11627906983
Hold,2023-01-10 12:00:00,79.97,4051.905581324098,Hold,4051.9055813241634,2583.010335917375
Hold,2023-01-10 13:00:00,80.04,4055.452328738037,Hold,4055.4523287381026,2585.2713178295203
Hold,2023-01-10 14:00:00,80.77,4092.4398374833986,Hold,4092.4398374834645,2608.8501291990297
Hold,2023-01-10 15:00:00,80.86,4096.99994130132,Hold,4096.999941301387,2611.7571059432157
Hold,2023-01-10 16:00:00,80.41,4074.199422211713,Hold,4074.1994222117787,2597.2222222222854
Hold,2023-01-10 17:00:00,80.63,4085.3463426555204,Hold,4085.346342655586,2604.328165374741
Hold,2023-01-10 18:00:00,81.32,4120.307138592917,Hold,4120.3071385929825,2626.614987080168
Hold,2023-01-10 19:00:00,82.0,4154.761256328324,Hold,4154.76125632839,2648.5788113695744
Hold,2023-01-10 20:00:00,81.76,4142.600979480533,Hold,4142.6009794806,2640.826873385078
Hold,2023-01-10 21:00:00,81.5,4129.427346228761,Hold,4129.427346228827,2632.4289405685404
Hold,2023-01-10 22:00:00,80.79,4093.4531938873815,Hold,4093.4531938874475,2609.4961240310727
Hold,2023-01-10 23:00:00,80.83,4095.479906695346,Hold,4095.479906695412,2610.788113695155
Hold,2023-01-11 00:00:00,81.06,4107.133505341146,Hold,4107.133505341211,2618.217054263631
Hold,2023-01-11 01:00:00,80.93,4100.546688715259,Hold,4100.546688715324,2614.0180878553624
Hold,2023-01-11 02:00:00,80.06,4056.465685142019,Hold,4056.4656851420837,2585.9173126615633
Hold,2023-01-11 03:00:00,80.46,4076.7328132216694,Hold,4076.732813221734,2598.83720930239
Hold,2023-01-11 04:00:00,80.48,4077.7461696256523,Hold,4077.7461696257174,2599.4832041344316
Hold,2023-01-11 05:00:00,81.1,4109.16021814911,Hold,4109.160218149175,2619.5090439277137
Hold,2023-01-11 06:00:00,83.11,4211.002536749353,Hold,4211.00253674942,2684.431524547871
Hold,2023-01-11 07:00:00,83.04,4207.455789335415,Hold,4207.455789335482,2682.170542635726
Hold,2023-01-11 08:00:00,82.53,4181.61520103386,Hold,4181.615201033927,2665.6976744186713
Hold,2023-01-11 09:00:00,82.03,4156.281290934297,Hold,4156.281290934364,2649.5478036176373
Hold,2023-01-11 10:00:00,82.27,4168.441567782087,Hold,4168.4415677821535,2657.299741602134
Hold,2023-01-11 11:00:00,82.18,4163.881463964166,Hold,4163.881463964232,2654.3927648579484
Hold,2023-01-11 12:00:00,81.64,4136.520841056638,Hold,4136.520841056704,2636.9509043928315
Hold,2023-01-11 13:00:00,81.47,4127.907311622786,Hold,4127.907311622853,2631.4599483204797
Hold,2023-01-11 14:00:00,81.71,4140.067588470577,Hold,4140.067588470643,2639.2118863049764
Hold,2023-01-11 15:00:00,80.8,4093.959872089372,Hold,4093.959872089437,2609.819121447095
Hold,2023-01-11 16:00:00,80.86,4096.99994130132,Hold,4096.999941301385,2611.7571059432194
Hold,2023-01-11 17:00:00,81.09,4108.653539947119,Hold,4108.653539947183,2619.1860465116956
Hold,2023-01-11 18:00:00,81.83,4146.147726894472,Hold,4146.147726894537,2643.0878552972254
Hold,2023-01-11 19:00:00,82.96,4203.402363719484,Hold,4203.402363719551,2679.586563307562
Hold,2023-01-11 20:00:00,82.71,4190.735408669703,Hold,4190.735408669771,2671.511627907045
Hold,2023-01-11 21:00:00,82.36,4173.001671600009,Hold,4173.0016716000755,2660.206718346321
Hold,2023-01-11 22:00:00,82.75,4192.762121477668,Hold,4192.762121477735,2672.8036175711277
Hold,2023-01-11 23:00:00,84.08,4260.150322342505,Hold,4260.1503223425725,2715.762273901878
Hold,2023-01-12 00:00:00,86.73,4394.42004587019,Hold,4394.420045870259,2801.356589147358
Hold,2023-01-12 01:00:00,85.47,4330.5785924192905,Hold,4330.578592419359,2760.6589147287527
Hold,2023-01-12 02:00:00,84.31,4271.8039209883045,Hold,4271.803920988372,2723.1912144703538
Hold,2023-01-12 03:00:00,84.74,4293.591083673929,Hold,4293.591083673996,2737.0801033592425
Hold,2023-01-12 04:00:00,84.62,4287.510945250034,Hold,4287.5109452501,2733.2041343669953
Hold,2023-01-12 05:00:00,83.6,4235.829768646925,Hold,4235.829768646991,2700.258397932885
Hold,2023-01-12 06:00:00,83.92,4252.0434711106445,Hold,4252.043471110712,2710.5943152455475
Hold,2023-01-12 07:00:00,84.23,4267.750495372375,Hold,4267.750495372442,2720.6072351421885
Hold,2023-01-12 08:00:00,83.72,4241.909907070821,Hold,4241.909907070887,2704.1343669251337
Hold,2023-01-12 09:00:00,83.64,4237.856481454891,Hold,4237.856481454957,2701.5503875969684
Hold,2023-01-12 10:00:00,84.09,4260.657000544497,Hold,4260.657000544565,2716.085271317899
Hold,2023-01-12 11:00:00,83.96,4254.07018391861,Hold,4254.070183918677,2711.88630490963
Hold,2023-01-12 12:00:00,84.12,4262.17703515047,Hold,4262.177035150537,2717.0542635659613
Hold,2023-01-12 13:00:00,85.37,4325.511810399378,Hold,4325.5118103994455,2757.4289405685468
Hold,2023-01-12 14:00:00,82.93,4201.882329113511,Hold,4201.882329113577,2678.6175710595007
Hold,2023-01-12 15:00:00,83.16,4213.53592775931,Hold,4213.535927759375,2686.046511627976
Hold,2023-01-12 16:00:00,83.22,4216.575996971257,Hold,4216.575996971323,2687.9844961241
Hold,2023-01-12 17:00:00,85.23,4318.418315571501,Hold,4318.418315571568,2752.906976744257
Hold,2023-01-12 18:00:00,84.84,4298.657865693841,Hold,4298.657865693908,2740.3100775194503
Hold,2023-01-12 19:00:00,85.21,4317.404959167517,Hold,4317.404959167584,2752.260981912216
Hold,2023-01-12 20:00:00,86.06,4360.472606336774,Hold,4360.472606336843,2779.715762273974
Hold,2023-01-12 21:00:00,85.16,4314.871568157561,Hold,4314.871568157629,2750.6459948321126
Hold,2023-01-12 22:00:00,85.97,4355.912502518853,Hold,4355.9125025189205,2776.808785529788
Hold,2023-01-12 23:00:00,86.09,4361.992640942749,Hold,4361.992640942817,2780.684754522036
Hold,2023-01-13 00:00:00,85.26,4319.938350177474,Hold,4319.938350177541,2753.87596899232
Hold,2023-01-13 01:00:00,85.11,4312.338177147605,Hold,4312.3381771476725,2749.03100775201
Hold,2023-01-13 02:00:00,85.07,4310.311464339639,Hold,4310.311464339707,2747.739018087927
Hold,2023-01-13 03:00:00,85.33,4323.485097591412,Hold,4323.48509759148,2756.136950904465
Hold,2023-01-13 04:00:00,84.87,4300.1779002998155,Hold,4300.177900299882,2741.2790697675136
Hold,2023-01-13 05:00:00,84.4,4276.364024806226,Hold,4276.364024806292,2726.0981912145417
Hold,2023-01-13 06:00:00,84.75,4294.09776187592,Hold,4294.097761875986,2737.403100775265
Hold,2023-01-13 07:00:00,84.49,4280.924128624147,Hold,4280.924128624213,2729.0051679587273
Hold,2023-01-13 08:00:00,85.03,4308.284751531675,Hold,4308.284751531743,2746.447028423844
Hold,2023-01-13 09:00:00,85.16,4314.871568157561,Hold,4314.871568157629,2750.6459948321126
Hold,2023-01-13 10:00:00,85.16,4314.871568157561,Hold,4314.871568157629,2750.6459948321126
Hold,2023-01-13 11:00:00,84.56,4284.470876038085,Hold,4284.470876038152,2731.2661498708717
Hold,2023-01-13 12:00:00,84.09,4260.657000544497,Hold,4260.657000544564,2716.0852713179
Hold,2023-01-13 13:00:00,83.94,4253.056827514628,Hold,4253.056827514694,2711.24031007759
Hold,2023-01-13 14:00:00,84.07,4259.643644140514,Hold,4259.643644140579,2715.4392764858585
Hold,2023-01-13 15:00:00,85.13,4313.351533551587,Hold,4313.351533551653,2749.677002584051
Hold,2023-01-13 16:00:00,83.93,4252.550149312638,Hold,4252.550149312703,2710.917312661569
Hold,2023-01-13 17:00:00,84.15,4263.697069756445,Hold,4263.69706975651,2718.023255814024
Hold,2023-01-13 18:00:00,84.01,4256.6035749285675,Hold,4256.603574928633,2713.5012919897345
Hold,2023-01-13 19:00:00,84.85,4299.164543895831,Hold,4299.164543895897,2740.6330749354715
Hold,2023-01-13 20:00:00,85.15,4314.364889955571,Hold,4314.3648899556365,2750.322997416092
Hold,2023-01-13 21:00:00,86.6,4387.833229244303,Hold,4387.83322924437,2797.1576227390906
Hold,2023-01-13 22:00:00,85.96,4355.405824316862,Hold,4355.4058243169275,2776.485788113767
Hold,2023-01-13 23:00:00,86.23,4369.086135770626,Hold,4369.086135770693,2785.206718346325
Hold,2023-01-14 00:00:00,88.47,4482.582053016668,Hold,4482.582053016736,2857.5581395349573
Hold,2023-01-14 01:00:00,90.02,4561.117174325313,Hold,4561.117174325381,2907.622739018163
Hold,2023-01-14 02:00:00,89.16,4517.5428489540645,Hold,4517.542848954133,2879.8449612403847
Hold,2023-01-14 03:00:00,88.34,4475.995236390782,Hold,4475.99523639085,2853.3591731266893
Hold,2023-01-14 04:00:00,89.02,4510.449354126186,Hold,4510.449354126253,2875.322997416096
Hold,2023-01-14 05:00:00,89.12,4515.5161361461005,Hold,4515.516136146168,2878.5529715763028
Hold,2023-01-14 06:00:00,90.22,4571.250738365138,Hold,4571.250738365206,2914.0826873385777
Hold,2023-01-14 07:00:00,89.83,4551.490288487479,Hold,4551.490288487547,2901.4857881137714
Hold,2023-01-14 08:00:00,90.42,4581.384302404964,Hold,4581.384302405032,2920.542635658992
Hold,2023-01-14 09:00:00,87.76,4446.607900675289,Hold,4446.607900675355,2834.625322997491
Hold,2023-01-14 10:00:00,87.73,4445.087866069314,Hold,4445.087866069381,2833.656330749429
Hold,2023-01-14 11:00:00,87.82,4449.647969887236,Hold,4449.647969887303,2836.5633074936145
Hold,2023-01-14 12:00:00,88.09,4463.328281341,Hold,4463.328281341067,2845.284237726173
Hold,2023-01-14 13:00:00,87.75,4446.101222473298,Hold,4446.101222473365,2834.30232558147
Hold,2023-01-14 14:00:00,87.82,4449.647969887236,Hold,4449.647969887304,2836.5633074936145
Hold,2023-01-14 15:00:00,88.64,4491.195582450519,Hold,4491.195582450587,2863.049095607311
Hold,2023-01-14 16:00:00,88.15,4466.368350552948,Hold,4466.368350553015,2847.222222222297
Hold,2023-01-14 17:00:00,87.21,4418.740599565769,Hold,4418.7405995658355,2816.860465116353
Hold,2023-01-14 18:00:00,87.32,4424.314059787673,Hold,4424.31405978774,2820.4134366925805
Hold,2023-01-14 19:00:00,87.26,4421.273990575726,Hold,4421.2739905757935,2818.475452196457
Hold,2023-01-14 20:00:00,87.74,4445.594544271306,Hold,4445.594544271375,2833.9793281654493
Hold,2023-01-14 21:00:00,87.84,4450.661326291219,Hold,4450.661326291287,2837.2093023256566
Hold,2023-01-14 22:00:00,87.96,4456.741464715114,Hold,4456.741464715181,2841.0852713179042
Hold,2023-01-14 23:00:00,87.84,4450.661326291219,Hold,4450.661326291287,2837.209302325656
Hold,2023-01-15 00:00:00,86.66,4390.87329845625,Hold,4390.873298456318,2799.095607235216
Hold,2023-01-15 01:00:00,86.86,4401.006862496075,Hold,4401.006862496142,2805.555555555629
Hold,2023-01-15 02:00:00,86.29,4372.126204982574,Hold,4372.126204982641,2787.1447028424504
Hold,2023-01-15 03:00:00,86.95,4405.566966313997,Hold,4405.566966314064,2808.4625322998154
Hold,2023-01-15 04:00:00,86.95,4405.566966313997,Hold,4405.566966314064,2808.4625322998154
Hold,2023-01-15 05:00:00,87.2,4418.233921363778,Hold,4418.233921363845,2816.5374677003324
Hold,2023-01-15 06:00:00,86.59,4387.326551042312,Hold,4387.326551042379,2796.834625323071
Hold,2023-01-15 07:00:00,86.89,4402.52689710205,Hold,4402.526897102116,2806.5245478036913
Hold,2023-01-15 08:00:00,85.96,4355.405824316862,Hold,4355.4058243169275,2776.4857881137677
Hold,2023-01-15 09:00:00,86.66,4390.87329845625,Hold,4390.873298456317,2799.0956072352155
Hold,2023-01-15 10:00:00,86.94,4405.060288112005,Hold,4405.060288112072,2808.139534883794
Hold,2023-01-15 11:00:00,87.74,4445.594544271306,Hold,4445.594544271375,2833.979328165449
Hold,2023-01-15 12:00:00,87.69,4443.06115326135,Hold,4443.0611532614175,2832.3643410853456
Hold,2023-01-15 13:00:00,87.63,4440.021084049402,Hold,4440.021084049469,2830.4263565892215
Hold,2023-01-15 14:00:00,88.3,4473.9685235828165,Hold,4473.968523582885,2852.067183462607
Hold,2023-01-15 15:00:00,88.4,4479.03530560273,Hold,4479.035305602798,2855.297157622814
Hold,2023-01-15 16:00:00,87.71,4444.074509665332,Hold,4444.074509665399,2833.0103359173872
Hold,2023-01-15 17:00:00,87.99,4458.261499321087,Hold,4458.261499321155,2842.054263565966
Hold,2023-01-15 18:00:00,88.03,4460.288212129053,Hold,4460.28821212912,2843.3462532300487
Hold,2023-01-15 19:00:00,88.06,4461.808246735027,Hold,4461.808246735094,2844.3152454781107
Hold,2023-01-15 20:00:00,88.27,4472.448488976843,Hold,4472.44848897691,2851.098191214545
Hold,2023-01-15 21:00:00,87.86,4451.674682695201,Hold,4451.6746826952685,2837.8552971576974
Hold,2023-01-15 22:00:00,87.63,4440.021084049402,Hold,4440.021084049469,2830.4263565892215
Hold,2023-01-15 23:00:00,87.37,4426.84745079763,Hold,4426.847450797697,2822.028423772684
Hold,2023-01-16 00:00:00,87.73,4445.087866069314,Hold,4445.0878660693825,2833.6563307494284
Hold,2023-01-16 01:00:00,88.65,4491.702260652511,Hold,4491.70226065258,2863.3720930233303
Hold,2023-01-16 02:00:00,88.33,4475.48855818879,Hold,4475.488558188859,2853.0361757106684
Hold,2023-01-16 03:00:00,87.36,4426.340772595638,Hold,4426.340772595705,2821.7054263566624
Hold,2023-01-16 04:00:00,87.85,4451.16800449321,Hold,4451.168004493278,2837.5322997416756
Hold,2023-01-16 05:00:00,88.15,4466.368350552948,Hold,4466.368350553016,2847.222222222296
Hold,2023-01-16 06:00:00,87.46,4431.407554615551,Hold,4431.407554615618,2824.9354005168684
Hold,2023-01-16 07:00:00,87.14,4415.1938521518305,Hold,4415.193852151898,2814.599483204207
Hold,2023-01-16 08:00:00,85.48,4331.085270621282,Hold,4331.085270621348,2760.981912144774
Hold,2023-01-16 09:00:00,85.94,4354.3924679128795,Hold,4354.392467912947,2775.839793281725
Hold,2023-01-16 10:00:00,86.25,4370.099492174609,Hold,4370.099492174676,2785.8527131783662
Hold,2023-01-16 11:00:00,85.82,4348.312329488984,Hold,4348.31232948905,2771.9638242894766
Hold,2023-01-16 12:00:00,86.07,4360.979284538766,Hold,4360.979284538833,2780.038759689993
Hold,2023-01-16 13:00:00,86.17,4366.046066558679,Hold,4366.046066558746,2783.2687338502005
Hold,2023-01-16 14:00:00,86.08,4361.485962740757,Hold,4361.485962740824,2780.3617571060145
Hold,2023-01-16 15:00:00,86.19,4367.059422962661,Hold,4367.0594229627295,2783.9147286822417
Hold,2023-01-16 16:00:00,86.32,4373.646239588547,Hold,4373.646239588616,2788.1136950905106
Hold,2023-01-16 17:00:00,86.8,4397.966793284128,Hold,4397.966793284196,2803.6175710595035
Hold,2023-01-16 18:00:00,86.96,4406.073644515988,Hold,4406.073644516056,2808.785529715834
Hold,2023-01-16 19:00:00,87.05,4410.633748333909,Hold,4410.633748333978,2811.6925064600205
Hold,2023-01-16 20:00:00,86.86,4401.006862496075,Hold,4401.006862496142,2805.555555555628
Hold,2023-01-16 21:00:00,86.33,4374.152917790539,Hold,4374.152917790606,2788.4366925065315
Hold,2023-01-16 22:00:00,85.95,4354.899146114872,Hold,4354.899146114938,2776.162790697746
Hold,2023-01-16 23:00:00,85.91,4352.872433306906,Hold,4352.872433306972,2774.870801033663
Hold,2023-01-17 00:00:00,85.74,4344.258903873054,Hold,4344.25890387312,2769.379844961312
Hold,2023-01-17 01:00:00,85.33,4323.485097591412,Hold,4323.485097591479,2756.1369509044644
Hold,2023-01-17 02:00:00,85.37,4325.511810399378,Hold,4325.511810399444,2757.4289405685477
Hold,2023-01-17 03:00:00,85.25,4319.4316719754825,Hold,4319.431671975548,2753.552971576299
Hold,2023-01-17 04:00:00,86.0,4357.432537124827,Hold,4357.432537124893,2777.77777777785
Hold,2023-01-17 05:00:00,86.06,4360.472606336774,Hold,4360.472606336841,2779.715762273974
Hold,2023-01-17 06:00:00,85.47,4330.5785924192905,Hold,4330.578592419356,2760.658914728754
Hold,2023-01-17 07:00:00,85.86,4350.339042296949,Hold,4350.339042297015,2773.2558139535604
Hold,2023-01-17 08:00:00,86.17,4366.046066558679,Hold,4366.046066558745,2783.2687338502014
Hold,2023-01-17 09:00:00,85.95,4354.899146114872,Hold,4354.899146114937,2776.1627906977465
Hold,2023-01-17 10:00:00,85.85,4349.8323640949575,Hold,4349.832364095024,2772.9328165375396
Hold,2023-01-17 11:00:00,87.96,4456.741464715114,Hold,4456.741464715182,2841.0852713179033
Hold,2023-01-17 12:00:00,87.67,4442.047796857368,Hold,4442.047796857436,2831.718346253304
Hold,2023-01-17 13:00:00,87.87,4452.1813608971925,Hold,4452.18136089726,2838.1782945737177
Hold,2023-01-17 14:00:00,87.08,4412.153782939882,Hold,4412.153782939949,2812.6614987080834
Hold,2023-01-17 15:00:00,86.32,4373.646239588547,Hold,4373.646239588614,2788.113695090512
Hold,2023-01-17 16:00:00,87.42,4429.380841807586,Hold,4429.380841807654,2823.643410852787
Hold,2023-01-17 17:00:00,86.83,4399.486827890101,Hold,4399.486827890169,2804.586563307567
Hold,2023-01-17 18:00:00,87.17,4416.713886757805,Hold,4416.713886757873,2815.5684754522704
Hold,2023-01-17 19:00:00,87.2,4418.233921363778,Hold,4418.233921363845,2816.537467700332
Hold,2023-01-17 20:00:00,87.57,4436.9810148374545,Hold,4436.981014837523,2828.4883720930975
Hold,2023-01-17 21:00:00,86.99,4407.593679121961,Hold,4407.593679122029,2809.754521963898
Hold,2023-01-17 22:00:00,87.04,4410.127070131918,Hold,4410.127070131986,2811.369509044001
Hold,2023-01-17 23:00:00,87.02,4409.113713727936,Hold,4409.113713728004,2810.7235142119594
Hold,2023-01-18 00:00:00,87.72,4444.581187867323,Hold,4444.581187867392,2833.3333333334076
Hold,2023-01-18 01:00:00,87.95,4456.234786513122,Hold,4456.2347865131915,2840.7622739018834
Hold,2023-01-18 02:00:00,87.74,4445.594544271306,Hold,4445.5945442713755,2833.979328165449
Hold,2023-01-18 03:00:00,87.97,4457.248142917105,Hold,4457.248142917174,2841.4082687339246
Hold,2023-01-18 04:00:00,87.6,4438.501049443428,Hold,4438.501049443497,2829.4573643411595
Hold,2023-01-18 05:00:00,87.86,4451.674682695201,Hold,4451.67468269527,2837.8552971576974
Hold,2023-01-18 06:00:00,87.53,4434.9543020294905,Hold,4434.95430202956,2827.196382429015
Hold,2023-01-18 07:00:00,87.49,4432.927589221525,Hold,4432.927589221594,2825.904392764932
Hold,2023-01-18 08:00:00,86.89,4402.52689710205,Hold,4402.526897102118,2806.524547803691
Hold,2023-01-18 09:00:00,86.54,4384.793160032355,Hold,4384.793160032423,2795.2196382429674
Hold,2023-01-18 10:00:00,85.98,4356.419180720844,Hold,4356.419180720912,2777.1317829458094
Hold,2023-01-18 11:00:00,86.31,4373.139561386556,Hold,4373.139561386623,2787.7906976744916
Hold,2023-01-18 12:00:00,86.51,4383.273125426381,Hold,4383.273125426448,2794.2506459949054
Hold,2023-01-18 13:00:00,86.92,4404.046931708022,Hold,4404.04693170809,2807.493540051753
Hold,2023-01-18 14:00:00,86.92,4404.046931708022,Hold,4404.04693170809,2807.493540051753
Hold,2023-01-18 15:00:00,84.96,4304.738004117736,Hold,4304.738004117801,2744.1860465116993
Hold,2023-01-18 16:00:00,84.08,4260.150322342505,Hold,4260.150322342571,2715.76227390188
Hold,2023-01-18 17:00:00,84.36,4274.337311998261,Hold,4274.337311998327,2724.806201550459
Hold,2023-01-18 18:00:00,84.72,4292.577727269946,Hold,4292.5777272700125,2736.434108527203
Hold,2023-01-18 19:00:00,84.3,4271.297242786313,Hold,4271.29724278638,2722.8682170543348
Hold,2023-01-18 20:00:00,83.34,4222.656135395152,Hold,4222.6561353952175,2691.8604651163496
Hold,2023-01-18 21:00:00,83.6,4235.829768646925,Hold,4235.8297686469905,2700.258397932887
Hold,2023-01-18 22:00:00,83.64,4237.856481454891,Hold,4237.856481454955,2701.55038759697
Hold,2023-01-18 23:00:00,82.62,4186.175304851781,Hold,4186.175304851846,2668.6046511628606
Hold,2023-01-19 00:00:00,83.06,4208.4691457393965,Hold,4208.46914573946,2682.8165374677706
Hold,2023-01-19 01:00:00,82.89,4199.8556163055455,Hold,4199.855616305609,2677.325581395419
Hold,2023-01-19 02:00:00,83.07,4208.975823941389,Hold,4208.975823941453,2683.139534883791
Hold,2023-01-19 03:00:00,83.1,4210.495858547361,Hold,4210.495858547427,2684.108527131853
Hold,2023-01-19 04:00:00,83.53,4232.283021232986,Hold,4232.283021233052,2697.9974160207425
Hold,2023-01-19 05:00:00,83.62,4236.8431250509075,Hold,4236.843125050973,2700.904392764929
Hold,2023-01-19 06:00:00,83.61,4236.336446848916,Hold,4236.336446848982,2700.581395348908
Hold,2023-01-19 07:00:00,83.14,4212.522571355327,Hold,4212.522571355392,2685.400516795936
Hold,2023-01-19 08:00:00,83.3,4220.629422587187,Hold,4220.629422587252,2690.5684754522667
Hold,2023-01-19 09:00:00,83.39,4225.189526405108,Hold,4225.189526405173,2693.475452196453
Hold,2023-01-19 10:00:00,83.15,4213.0292495573185,Hold,4213.029249557383,2685.723514211957
Hold,2023-01-19 11:00:00,82.54,4182.121879235851,Hold,4182.121879235916,2666.0206718346953
Hold,2023-01-19 12:00:00,82.7,4190.228730467711,Hold,4190.228730467776,2671.1886304910263
Hold,2023-01-19 13:00:00,82.43,4176.548419013949,Hold,4176.548419014013,2662.467700258468
Hold,2023-01-19 14:00:00,83.16,4213.53592775931,Hold,4213.535927759375,2686.0465116279775
Hold,2023-01-19 15:00:00,83.45,4228.2295956170565,Hold,4228.229595617123,2695.4134366925773
Hold,2023-01-19 16:00:00,83.85,4248.496723696706,Hold,4248.496723696772,2708.333333333404
Hold,2023-01-19 17:00:00,83.36,4223.669491799135,Hold,4223.669491799202,2692.506459948391
Hold,2023-01-19 18:00:00,83.88,4250.0167583026805,Hold,4250.016758302747,2709.302325581466
Hold,2023-01-19 19:00:00,84.21,4266.737138968391,Hold,4266.737138968458,2719.9612403101482
Hold,2023-01-19 20:00:00,84.06,4259.136965938523,Hold,4259.136965938589,2715.1162790698386
Hold,2023-01-19 21:00:00,83.83,4247.483367292723,Hold,4247.48336729279,2707.687338501363
Hold,2023-01-19 22:00:00,84.01,4256.6035749285675,Hold,4256.603574928635,2713.5012919897354
Hold,2023-01-19 23:00:00,84.21,4266.737138968391,Hold,4266.737138968459,2719.9612403101487
Hold,2023-01-20 00:00:00,83.79,4245.456654484759,Hold,4245.456654484826,2706.3953488372804
Hold,2023-01-20 01:00:00,84.47,4279.910772220164,Hold,4279.910772220232,2728.3591731266865
Hold,2023-01-20 02:00:00,84.29,4270.790564584322,Hold,4270.790564584388,2722.5452196383144
Hold,2023-01-20 03:00:00,84.16,4264.203747958435,Hold,4264.2037479585015,2718.3462532300455
Hold,2023-01-20 04:00:00,83.56,4233.80305583896,Hold,4233.803055839026,2698.966408268805
Hold,2023-01-20 05:00:00,83.47,4229.242952021038,Hold,4229.2429520211035,2696.0594315246185
Hold,2023-01-20 06:00:00,83.07,4208.975823941389,Hold,4208.975823941454,2683.1395348837914
Hold,2023-01-20 07:00:00,83.56,4233.80305583896,Hold,4233.803055839026,2698.9664082688046
Hold,2023-01-20 08:00:00,84.21,4266.737138968391,Hold,4266.737138968457,2719.9612403101482
Hold,2023-01-20 09:00:00,84.47,4279.910772220164,Hold,4279.91077222023,2728.359173126686
Hold,2023-01-20 10:00:00,84.62,4287.510945250034,Hold,4287.5109452501,2733.204134366996
Hold,2023-01-20 11:00:00,84.38,4275.350668402243,Hold,4275.350668402309,2725.4521963825
Hold,2023-01-20 12:00:00,84.57,4284.977554240077,Hold,4284.977554240143,2731.5891472868925
Hold,2023-01-20 13:00:00,84.36,4274.337311998261,Hold,4274.337311998327,2724.8062015504584
Hold,2023-01-20 14:00:00,84.74,4293.591083673929,Hold,4293.591083673995,2737.080103359244
Hold,2023-01-20 15:00:00,84.81,4297.137831087867,Hold,4297.137831087934,2739.341085271389
Hold,2023-01-20 16:00:00,86.3,4372.632883184565,Hold,4372.632883184632,2787.46770025847
Hold,2023-01-20 17:00:00,87.2,4418.233921363778,Hold,4418.233921363846,2816.5374677003306
Hold,2023-01-20 18:00:00,87.25,4420.767312373735,Hold,4420.767312373803,2818.152454780434
Hold,2023-01-20 19:00:00,87.48,4432.420911019533,Hold,4432.420911019601,2825.581395348909
Hold,2023-01-20 20:00:00,88.75,4496.769042672424,Hold,4496.769042672493,2866.602067183536
Hold,2023-01-20 21:00:00,88.78,4498.289077278397,Hold,4498.289077278466,2867.5710594315983
Hold,2023-01-20 22:00:00,88.74,4496.262364470432,Hold,4496.262364470502,2866.2790697675155
Hold,2023-01-20 23:00:00,90.28,4574.290807577086,Hold,4574.290807577157,2916.0206718347
Hold,2023-01-21 00:00:00,89.42,4530.716482205838,Hold,4530.7164822059085,2888.2428940569216
Hold,2023-01-21 01:00:00,89.26,4522.609630973978,Hold,4522.609630974048,2883.0749354005907
Hold,2023-01-21 02:00:00,90.1,4565.1705999412425,Hold,4565.170599941313,2910.2067183463273
Hold,2023-01-21 03:00:00,90.01,4560.610496123322,Hold,4560.610496123393,2907.2997416021417
Hold,2023-01-21 04:00:00,89.86,4553.010323093453,Hold,4553.010323093524,2902.454780361831
Hold,2023-01-21 05:00:00,90.15,4567.7039909512,Hold,4567.703990951271,2911.8217054264314
Hold,2023-01-21 06:00:00,90.58,4589.491153636824,Hold,4589.4911536368945,2925.71059431532
Hold,2023-01-21 07:00:00,90.1,4565.1705999412425,Hold,4565.170599941313,2910.2067183463273
Hold,2023-01-21 08:00:00,89.98,4559.090461517349,Hold,4559.0904615174195,2906.3307493540797
Hold,2023-01-21 09:00:00,90.25,4572.770772971112,Hold,4572.770772971183,2915.0516795866383
Hold,2023-01-21 10:00:00,89.32,4525.649700185925,Hold,4525.649700185996,2885.0129198967143
Hold,2023-01-21 11:00:00,89.07,4512.982745136143,Hold,4512.982745136214,2876.9379844961977
Hold,2023-01-21 12:00:00,89.1,4514.502779742116,Hold,4514.502779742187,2877.90697674426
Hold,2023-01-21 13:00:00,88.56,4487.1421568345895,Hold,4487.14215683466,2860.465116279144
Hold,2023-01-21 14:00:00,88.74,4496.262364470432,Hold,4496.262364470503,2866.279069767516
Hold,2023-01-21 15:00:00,88.74,4496.262364470432,Hold,4496.262364470503,2866.279069767516
Hold,2023-01-21 16:00:00,90.26,4573.277451173104,Hold,4573.277451173176,2915.3746770026596
Hold,2023-01-21 17:00:00,90.03,4561.623852527304,Hold,4561.623852527376,2907.945736434184
Hold,2023-01-21 18:00:00,90.36,4578.3442331930155,Hold,4578.344233193087,2918.6046511628665
Hold,2023-01-21 19:00:00,90.28,4574.290807577086,Hold,4574.2908075771575,2916.020671834701
Hold,2023-01-21 20:00:00,90.25,4572.770772971112,Hold,4572.770772971184,2915.0516795866392
Hold,2023-01-21 21:00:00,90.18,4569.224025557174,Hold,4569.224025557246,2912.7906976744944
Hold,2023-01-21 22:00:00,89.21,4520.076239964021,Hold,4520.076239964093,2881.459948320488
Hold,2023-01-21 23:00:00,87.91,4454.208073705157,Hold,4454.208073705228,2839.4702842378
Hold,2023-01-22 00:00:00,88.24,4470.928454370869,Hold,4470.928454370941,2850.129198966482
Hold,2023-01-22 01:00:00,87.84,4450.661326291219,Hold,4450.661326291291,2837.209302325655
Hold,2023-01-22 02:00:00,87.77,4447.11457887728,Hold,4447.114578877351,2834.94832041351
Hold,2023-01-22 03:00:00,88.41,4479.54198380472,Hold,4479.541983804793,2855.6201550388328
Hold,2023-01-22 04:00:00,89.04,4511.462710530171,Hold,4511.462710530243,2875.968992248136
Hold,2023-01-22 05:00:00,88.78,4498.289077278397,Hold,4498.289077278469,2867.5710594315983
Hold,2023-01-22 06:00:00,88.97,4507.915963116231,Hold,4507.915963116305,2873.708010335991
Hold,2023-01-22 07:00:00,88.67,4492.715617056494,Hold,4492.715617056567,2864.0180878553706
Hold,2023-01-22 08:00:00,88.74,4496.262364470432,Hold,4496.262364470505,2866.2790697675155
Hold,2023-01-22 09:00:00,88.25,4471.43513257286,Hold,4471.435132572934,2850.452196382502
Hold,2023-01-22 10:00:00,89.09,4513.996101540126,Hold,4513.9961015402,2877.5839793282394
Hold,2023-01-22 11:00:00,88.82,4500.3157900863625,Hold,4500.315790086436,2868.8630490956807
Hold,2023-01-22 12:00:00,89.54,4536.796620629733,Hold,4536.796620629807,2892.1188630491697
Hold,2023-01-22 13:00:00,89.25,4522.102952771987,Hold,4522.102952772059,2882.7519379845703
Hold,2023-01-22 14:00:00,89.84,4551.996966689471,Hold,4551.996966689545,2901.808785529791
Hold,2023-01-22 15:00:00,88.75,4496.769042672424,Hold,4496.769042672497,2866.6020671835367
Hold,2023-01-22 16:00:00,89.0,4509.435997722205,Hold,4509.4359977222775,2874.677002584054
Hold,2023-01-22 17:00:00,89.21,4520.076239964021,Hold,4520.076239964094,2881.4599483204884
Hold,2023-01-22 18:00:00,88.85,4501.835824692335,Hold,4501.835824692409,2869.832041343744
Hold,2023-01-22 19:00:00,88.57,4487.64883503658,Hold,4487.648835036654,2860.788113695165
Hold,2023-01-22 20:00:00,86.99,4407.593679121961,Hold,4407.593679122034,2809.754521963898
Hold,2023-01-22 21:00:00,87.51,4433.940945625507,Hold,4433.94094562558,2826.5503875969735
Hold,2023-01-22 22:00:00,87.41,4428.874163605595,Hold,4428.874163605668,2823.3204134367666
Hold,2023-01-22 23:00:00,87.58,4437.487693039446,Hold,4437.487693039519,2828.8113695091183
Hold,2023-01-23 00:00:00,88.02,4459.781533927061,Hold,4459.781533927135,2843.0232558140283
Hold,2023-01-23 01:00:00,88.15,4466.368350552948,Hold,4466.3683505530225,2847.2222222222968
Hold,2023-01-23 02:00:00,88.43,4480.5553402087035,Hold,4480.555340208778,2856.266149870876
Hold,2023-01-23 03:00:00,87.87,4452.1813608971925,Hold,4452.181360897267,2838.1782945737177
Hold,2023-01-23 04:00:00,88.27,4472.448488976843,Hold,4472.448488976918,2851.0981912145444
Hold,2023-01-23 05:00:00,88.05,4461.301568533035,Hold,4461.30156853311,2843.9922480620894
Hold,2023-01-23 06:00:00,88.45,4481.568696612685,Hold,4481.5686966127605,2856.9121447029165
Hold,2023-01-23 07:00:00,87.77,4447.11457887728,Hold,4447.114578877355,2834.9483204135104
Hold,2023-01-23 08:00:00,88.43,4480.5553402087035,Hold,4480.555340208779,2856.2661498708753
Hold,2023-01-23 09:00:00,89.33,4526.156378387916,Hold,4526.156378387992,2885.3359173127365
Hold,2023-01-23 10:00:00,89.61,4540.343368043672,Hold,4540.343368043748,2894.3798449613155
Take-Profit,2023-01-23 11:00:00,92.01,4661.946136521574,TP 20.0% hit,4661.946136521652,2971.8992248062787
Buy,2023-01-23 15:00:00,90.41,4661.946136521574,Sinal: Compra,4661.946136521652,2920.2196382429693
Hold,2023-01-23 16:00:00,89.64,4613.001613441986,Hold,4613.001613442063,2895.348837209377
Hold,2023-01-23 17:00:00,89.67,4614.545456016766,Hold,4614.545456016844,2896.3178294574395
Hold,2023-01-23 18:00:00,89.93,4627.925424998191,Hold,4627.925424998269,2904.7157622739774
Hold,2023-01-23 19:00:00,89.38,4599.621644460561,Hold,4599.621644460638,2886.950904392839
Hold,2023-01-23 20:00:00,90.16,4639.761551404835,Hold,4639.761551404913,2912.1447028424527
Hold,2023-01-23 21:00:00,90.57,4660.860733260159,Hold,4660.860733260237,2925.3875968993
Hold,2023-01-23 22:00:00,90.38,4651.083063619887,Hold,4651.083063619965,2919.2506459949077
Hold,2023-01-23 23:00:00,89.9,4626.381582423411,Hold,4626.381582423488,2903.7467700259153
Hold,2023-01-24 00:00:00,90.47,4655.714591344226,Hold,4655.714591344305,2922.1576227390933
Hold,2023-01-24 01:00:00,90.35,4649.539221045107,Hold,4649.5392210451855,2918.281653746845
Hold,2023-01-24 02:00:00,90.2,4641.820008171209,Hold,4641.820008171288,2913.436692506535
Hold,2023-01-24 03:00:00,90.73,4669.094560325651,Hold,4669.0945603257305,2930.555555555631
Hold,2023-01-24 04:00:00,90.62,4663.433804218125,Hold,4663.4338042182035,2927.002583979404
Hold,2023-01-24 05:00:00,91.01,4683.503757690263,Hold,4683.503757690341,2939.5994832042106
Hold,2023-01-24 06:00:00,90.78,4671.667631283618,Hold,4671.667631283697,2932.1705426357353
Hold,2023-01-24 07:00:00,90.61,4662.919190026532,Hold,4662.9191900266105,2926.6795865633835
Hold,2023-01-24 08:00:00,90.47,4655.714591344226,Hold,4655.714591344305,2922.157622739094
Hold,2023-01-24 09:00:00,90.6,4662.404575834938,Hold,4662.404575835018,2926.356589147363
Hold,2023-01-24 10:00:00,90.32,4647.9953784703275,Hold,4647.995378470406,2917.312661498784
Hold,2023-01-24 11:00:00,89.99,4631.01311014775,Hold,4631.013110147828,2906.653746770102
Hold,2023-01-24 12:00:00,90.12,4637.703094638463,Hold,4637.70309463854,2910.852713178371
Hold,2023-01-24 13:00:00,89.63,4612.486999250392,Hold,4612.486999250469,2895.025839793357
Hold,2023-01-24 14:00:00,89.58,4609.913928292426,Hold,4609.913928292503,2893.4108527132535
Hold,2023-01-24 15:00:00,89.78,4620.206212124292,Hold,4620.206212124368,2899.8708010336672
Hold,2023-01-24 16:00:00,89.25,4592.931659969849,Hold,4592.931659969925,2882.751937984571
Hold,2023-01-24 17:00:00,89.26,4593.4462741614425,Hold,4593.446274161519,2883.074935400592
Hold,2023-01-24 18:00:00,89.62,4611.972385058799,Hold,4611.972385058875,2894.7028423773363
Hold,2023-01-24 19:00:00,89.68,4615.06007020836,Hold,4615.060070208437,2896.6408268734604
Hold,2023-01-24 20:00:00,89.16,4588.300132245508,Hold,4588.300132245585,2879.8449612403847
Hold,2023-01-24 21:00:00,88.15,4536.324098894591,Hold,4536.324098894666,2847.2222222222963
Hold,2023-01-24 22:00:00,86.74,4463.763497879941,Hold,4463.763497880014,2801.6795865633803
Hold,2023-01-24 23:00:00,87.19,4486.921136501637,Hold,4486.921136501712,2816.2144702843107
Hold,2023-01-25 00:00:00,86.71,4462.21965530516,Hold,4462.2196553052345,2800.710594315318
Hold,2023-01-25 01:00:00,86.75,4464.2781120715335,Hold,4464.278112071608,2802.0025839794007
Hold,2023-01-25 02:00:00,87.08,4481.260380394111,Hold,4481.2603803941865,2812.661498708083
Hold,2023-01-25 03:00:00,87.55,4505.4472473989945,Hold,4505.44724739907,2827.842377261055
Hold,2023-01-25 04:00:00,87.52,4503.903404824215,Hold,4503.903404824291,2826.8733850129925
Hold,2023-01-25 05:00:00,87.74,4515.224917039266,Hold,4515.2249170393425,2833.979328165448
Hold,2023-01-25 06:00:00,88.14,4535.809484702997,Hold,4535.8094847030725,2846.8992248062755
Hold,2023-01-25 07:00:00,87.8,4518.312602188826,Hold,4518.312602188901,2835.917312661572
Hold,2023-01-25 08:00:00,87.66,4511.108003506521,Hold,4511.108003506596,2831.395348837282
Hold,2023-01-25 09:00:00,87.26,4490.523435842791,Hold,4490.523435842866,2818.475452196455
Hold,2023-01-25 10:00:00,87.31,4493.096506800756,Hold,4493.096506800832,2820.0904392765588
Hold,2023-01-25 11:00:00,87.18,4486.406522310044,Hold,4486.40652231012,2815.89147286829
Hold,2023-01-25 12:00:00,87.81,4518.8272163804195,Hold,4518.827216380497,2836.240310077593
Hold,2023-01-25 13:00:00,88.06,4531.692571170251,Hold,4531.692571170329,2844.31524547811
Hold,2023-01-25 14:00:00,86.7,4461.705041113567,Hold,4461.705041113643,2800.3875968992975
Hold,2023-01-25 15:00:00,87.31,4493.096506800756,Hold,4493.096506800834,2820.0904392765588
Hold,2023-01-25 16:00:00,87.47,4501.330333866248,Hold,4501.330333866326,2825.2583979328897
Hold,2023-01-25 17:00:00,87.76,4516.254145422453,Hold,4516.254145422531,2834.625322997489
Hold,2023-01-25 18:00:00,88.05,4531.177956978658,Hold,4531.177956978736,2843.992248062089
Hold,2023-01-25 19:00:00,88.46,4552.277138833981,Hold,4552.277138834059,2857.235142118937
Hold,2023-01-25 20:00:00,89.15,4587.785518053916,Hold,4587.785518053995,2879.521963824364
Hold,2023-01-25 21:00:00,91.18,4692.252198947348,Hold,4692.252198947428,2945.0904392765624
Hold,2023-01-25 22:00:00,88.57,4557.937894941507,Hold,4557.937894941585,2860.788113695164
Hold,2023-01-25 23:00:00,89.38,4599.621644460561,Hold,4599.62164446064,2886.9509043928397
Hold,2023-01-26 00:00:00,89.75,4618.662369549512,Hold,4618.662369549592,2898.901808785605
Hold,2023-01-26 01:00:00,89.29,4594.990116736221,Hold,4594.9901167363005,2884.043927648654
Hold,2023-01-26 02:00:00,88.91,4575.434777455677,Hold,4575.434777455756,2871.7700258398677
Hold,2023-01-26 03:00:00,89.33,4597.048573502595,Hold,4597.048573502675,2885.3359173127365
Hold,2023-01-26 04:00:00,89.25,4592.931659969849,Hold,4592.931659969929,2882.751937984571
Hold,2023-01-26 05:00:00,89.74,4618.147755357919,Hold,4618.147755358,2898.578811369584
Hold,2023-01-26 06:00:00,89.55,4608.370085717646,Hold,4608.370085717727,2892.4418604651914
Hold,2023-01-26 07:00:00,88.95,4577.493234222052,Hold,4577.493234222132,2873.0620155039505
Hold,2023-01-26 08:00:00,88.85,4572.347092306118,Hold,4572.347092306198,2869.8320413437436
Hold,2023-01-26 09:00:00,88.3,4544.043311768489,Hold,4544.043311768569,2852.0671834626064
Hold,2023-01-26 10:00:00,88.24,4540.955626618929,Hold,4540.955626619009,2850.1291989664824
Hold,2023-01-26 11:00:00,88.36,4547.130996918048,Hold,4547.130996918128,2854.0051679587305
Hold,2023-01-26 12:00:00,88.92,4575.949391647271,Hold,4575.949391647351,2872.0930232558885
Hold,2023-01-26 13:00:00,89.6,4610.943156675613,Hold,4610.943156675694,2894.056847545294
Hold,2023-01-26 14:00:00,88.46,4552.277138833981,Hold,4552.27713883406,2857.235142118937
Hold,2023-01-26 15:00:00,87.81,4518.8272163804195,Hold,4518.827216380499,2836.2403100775928
Hold,2023-01-26 16:00:00,87.94,4525.5172008711315,Hold,4525.51720087121,2840.4392764858612
Hold,2023-01-26 17:00:00,87.9,4523.458744104759,Hold,4523.458744104837,2839.147286821779
Hold,2023-01-26 18:00:00,87.96,4526.546429254318,Hold,4526.546429254397,2841.085271317903
Hold,2023-01-26 19:00:00,87.96,4526.546429254318,Hold,4526.546429254397,2841.085271317903
Hold,2023-01-26 20:00:00,87.28,4491.5526642259765,Hold,4491.552664226054,2819.1214470284967
Hold,2023-01-26 21:00:00,87.35,4495.154963567129,Hold,4495.154963567207,2821.3824289406416
Hold,2023-01-26 22:00:00,87.36,4495.669577758723,Hold,4495.6695777588,2821.7054263566624
Hold,2023-01-26 23:00:00,87.52,4503.903404824215,Hold,4503.903404824293,2826.8733850129934
Hold,2023-01-27 00:00:00,86.74,4463.763497879941,Hold,4463.763497880018,2801.679586563381
Hold,2023-01-27 01:00:00,86.17,4434.430488959124,Hold,4434.430488959201,2783.268733850202
Hold,2023-01-27 02:00:00,86.77,4465.307340454719,Hold,4465.307340454797,2802.6485788114423
Hold,2023-01-27 03:00:00,86.9,4471.997324945432,Hold,4471.99732494551,2806.8475452197113
Hold,2023-01-27 04:00:00,86.81,4467.365797221094,Hold,4467.365797221171,2803.940568475525
Hold,2023-01-27 05:00:00,87.49,4502.359562249435,Hold,4502.359562249512,2825.904392764932
Hold,2023-01-27 06:00:00,87.44,4499.786491291468,Hold,4499.786491291546,2824.289405684828
Hold,2023-01-27 07:00:00,87.94,4525.5172008711315,Hold,4525.517200871209,2840.439276485862
Hold,2023-01-27 08:00:00,87.67,4511.622617698114,Hold,4511.622617698191,2831.718346253304
Hold,2023-01-27 09:00:00,87.66,4511.108003506521,Hold,4511.108003506599,2831.395348837283
Hold,2023-01-27 10:00:00,87.4,4497.728034525096,Hold,4497.728034525173,2822.9974160207457
Hold,2023-01-27 11:00:00,87.7,4513.166460272893,Hold,4513.166460272971,2832.687338501366
Hold,2023-01-27 12:00:00,87.23,4488.97959326801,Hold,4488.979593268086,2817.5064599483944
Hold,2023-01-27 13:00:00,87.33,4494.125735183943,Hold,4494.12573518402,2820.7364341086013
Hold,2023-01-27 14:00:00,87.36,4495.669577758723,Hold,4495.669577758801,2821.7054263566633
Hold,2023-01-27 15:00:00,87.37,4496.184191950316,Hold,4496.184191950394,2822.0284237726846
Hold,2023-01-27 16:00:00,87.98,4527.575657637505,Hold,4527.575657637583,2841.7312661499464
Hold,2023-01-27 17:00:00,88.25,4541.470240810522,Hold,4541.4702408106,2850.4521963825046
Hold,2023-01-27 18:00:00,88.32,4545.072540151675,Hold,4545.072540151753,2852.7131782946494
Hold,2023-01-27 19:00:00,88.62,4560.510965899473,Hold,4560.5109658995525,2862.40310077527
Hold,2023-01-27 20:00:00,88.12,4534.78025631981,Hold,4534.780256319888,2846.253229974236
Hold,2023-01-27 21:00:00,88.5,4554.335595600354,Hold,4554.3355956004325,2858.527131783022
Hold,2023-01-27 22:00:00,88.99,4579.551690988424,Hold,4579.551690988502,2874.3540051680347
Hold,2023-01-27 23:00:00,88.89,4574.405549072491,Hold,4574.40554907257,2871.1240310078283
Hold,2023-01-28 00:00:00,89.0,4580.0663051800175,Hold,4580.066305180095,2874.6770025840556
Hold,2023-01-28 01:00:00,88.5,4554.335595600354,Hold,4554.335595600432,2858.527131783022
Hold,2023-01-28 02:00:00,88.53,4555.879438175134,Hold,4555.879438175211,2859.496124031084
Hold,2023-01-28 03:00:00,89.42,4601.680101226933,Hold,4601.680101227012,2888.242894056925
Hold,2023-01-28 04:00:00,89.08,4584.183218712764,Hold,4584.183218712842,2877.2609819122217
Hold,2023-01-28 05:00:00,89.18,4589.329360628696,Hold,4589.329360628774,2880.490956072429
Hold,2023-01-28 06:00:00,88.76,4567.715564581779,Hold,4567.715564581857,2866.9250645995608
Hold,2023-01-28 07:00:00,88.7,4564.62787943222,Hold,4564.627879432297,2864.9870801034367
Hold,2023-01-28 08:00:00,88.42,4550.218682067609,Hold,4550.218682067686,2855.9431524548577
Hold,2023-01-28 09:00:00,88.5,4554.335595600354,Hold,4554.335595600432,2858.527131783023
Hold,2023-01-28 10:00:00,88.41,4549.704067876015,Hold,4549.704067876091,2855.6201550388364
Hold,2023-01-28 11:00:00,88.53,4555.879438175134,Hold,4555.87943817521,2859.496124031085
Hold,2023-01-28 12:00:00,87.96,4526.546429254318,Hold,4526.546429254395,2841.085271317906
Hold,2023-01-28 13:00:00,87.62,4509.049546740148,Hold,4509.049546740224,2830.1033591732034
Hold,2023-01-28 14:00:00,87.39,4497.213420333503,Hold,4497.213420333579,2822.674418604728
Hold,2023-01-28 15:00:00,87.98,4527.575657637505,Hold,4527.575657637582,2841.7312661499486
Hold,2023-01-28 16:00:00,88.21,4539.4117840441495,Hold,4539.411784044225,2849.1602067184235
Hold,2023-01-28 17:00:00,87.98,4527.575657637505,Hold,4527.575657637581,2841.7312661499486
Hold,2023-01-28 18:00:00,88.17,4537.353327277777,Hold,4537.353327277852,2847.868217054341
Hold,2023-01-28 19:00:00,88.23,4540.441012427336,Hold,4540.441012427413,2849.8062015504656
Hold,2023-01-28 20:00:00,87.88,4522.429515721572,Hold,4522.4295157216475,2838.5012919897417
Hold,2023-01-28 21:00:00,88.64,4561.540194282659,Hold,4561.540194282736,2863.0490956073136
Hold,2023-01-28 22:00:00,88.59,4558.967123324694,Hold,4558.96712332477,2861.4341085272104
Hold,2023-01-28 23:00:00,89.67,4614.545456016766,Hold,4614.545456016844,2896.317829457444
Hold,2023-01-29 00:00:00,94.38,4856.928740257191,Hold,4856.928740257273,3048.449612403184
Hold,2023-01-29 01:00:00,95.62,4920.740900014755,Hold,4920.740900014837,3088.5012919897486
Hold,2023-01-29 02:00:00,94.81,4879.0571504957015,Hold,4879.0571504957825,3062.3385012920735
Hold,2023-01-29 03:00:00,94.58,4867.221024089056,Hold,4867.221024089137,3054.909560723598
Hold,2023-01-29 04:00:00,94.89,4883.174064028448,Hold,4883.17406402853,3064.9224806202396
Hold,2023-01-29 05:00:00,95.26,4902.214789117399,Hold,4902.214789117481,3076.873385013005
Hold,2023-01-29 06:00:00,94.84,4880.600993070481,Hold,4880.600993070563,3063.3074935401364
Hold,2023-01-29 07:00:00,94.4,4857.957968640378,Hold,4857.957968640459,3049.0956072352265
Hold,2023-01-29 08:00:00,94.68,4872.3671660049895,Hold,4872.36716600507,3058.1395348838055
Hold,2023-01-29 09:00:00,94.78,4877.513307920922,Hold,4877.513307921003,3061.3695090440124
Hold,2023-01-29 10:00:00,95.51,4915.08014390723,Hold,4915.080143907312,3084.9483204135227
Hold,2023-01-29 11:00:00,95.24,4901.185560734211,Hold,4901.185560734293,3076.227390180964
Hold,2023-01-29 12:00:00,94.51,4863.618724747904,Hold,4863.618724747985,3052.648578811454
Hold,2023-01-29 13:00:00,94.88,4882.659449836854,Hold,4882.659449836935,3064.5994832042193
Hold,2023-01-29 14:00:00,95.42,4910.44861618289,Hold,4910.448616182972,3082.041343669336
Hold,2023-01-29 15:00:00,95.31,4904.787860075365,Hold,4904.787860075447,3078.4883720931084
Hold,2023-01-29 16:00:00,95.31,4904.787860075365,Hold,4904.787860075447,3078.4883720931084
Hold,2023-01-29 17:00:00,95.56,4917.653214865196,Hold,4917.653214865277,3086.5633074936254
Hold,2023-01-29 18:00:00,96.9,4986.611516538694,Hold,4986.611516538776,3129.844961240397
Hold,2023-01-29 19:00:00,97.14,4998.962257136931,Hold,4998.962257137014,3137.5968992248927
Hold,2023-01-29 20:00:00,96.47,4964.483106300182,Hold,4964.483106300264,3115.9560723515074
Hold,2023-01-29 21:00:00,96.85,4984.038445580726,Hold,4984.038445580809,3128.229974160293
Hold,2023-01-29 22:00:00,95.91,4935.66471157096,Hold,4935.664711571042,3097.8682170543493
Hold,2023-01-29 23:00:00,94.84,4880.600993070481,Hold,4880.600993070562,3063.307493540137
Hold,2023-01-30 00:00:00,95.11,4894.495576243499,Hold,4894.49557624358,3072.028423772695
Hold,2023-01-30 01:00:00,95.57,4918.167829056789,Hold,4918.167829056871,3086.8863049096462
Hold,2023-01-30 02:00:00,95.21,4899.641718159432,Hold,4899.641718159513,3075.2583979329015
Hold,2023-01-30 03:00:00,95.2,4899.127103967839,Hold,4899.12710396792,3074.935400516881
Hold,2023-01-30 04:00:00,95.15,4896.554033009873,Hold,4896.554033009955,3073.3204134367775
Hold,2023-01-30 05:00:00,94.93,4885.2325207948215,Hold,4885.232520794903,3066.2144702843225
Hold,2023-01-30 06:00:00,95.04,4890.893276902347,Hold,4890.8932769024295,3069.76744186055
Hold,2023-01-30 07:00:00,93.89,4831.7126448691215,Hold,4831.712644869203,3032.622739018172
Hold,2023-01-30 08:00:00,92.64,4767.385870919964,Hold,4767.385870920045,2992.248062015587
Hold,2023-01-30 09:00:00,91.6,4713.865994994265,Hold,4713.865994994345,2958.6563307494357
Hold,2023-01-30 10:00:00,92.05,4737.023633615961,Hold,4737.0236336160415,2973.1912144703665
Hold,2023-01-30 11:00:00,92.3,4749.888988405793,Hold,4749.888988405873,2981.2661498708835
Hold,2023-01-30 12:00:00,93.06,4788.999666966882,Hold,4788.999666966963,3005.813953488456
Hold,2023-01-30 13:00:00,92.56,4763.268957387218,Hold,4763.2689573872985,2989.664082687422
Hold,2023-01-30 14:00:00,92.83,4777.163540560236,Hold,4777.1635405603165,2998.38501291998
Hold,2023-01-30 15:00:00,92.19,4744.228232298267,Hold,4744.228232298347,2977.7131782946562
Hold,2023-01-30 16:00:00,92.42,4756.064358704912,Hold,4756.064358704993,2985.1421188631325
Hold,2023-01-30 17:00:00,92.11,4740.111318765521,Hold,4740.111318765601,2975.129198966491
Hold,2023-01-30 18:00:00,92.31,4750.403602597386,Hold,4750.4036025974665,2981.589147286905
Hold,2023-01-30 19:00:00,89.98,4630.498495956157,Hold,4630.498495956234,2906.3307493540865
Hold,2023-01-30 20:00:00,89.88,4625.352354040224,Hold,4625.352354040301,2903.1007751938796
Hold,2023-01-30 21:00:00,90.39,4651.597677811481,Hold,4651.597677811558,2919.573643410934
Hold,2023-01-30 22:00:00,90.49,4656.743819727412,Hold,4656.74381972749,2922.803617571141
Hold,2023-01-30 23:00:00,91.37,4702.0298685876205,Hold,4702.029868587699,2951.2273901809613
Hold,2023-01-31 00:00:00,93.48,4810.613463013798,Hold,4810.613463013878,3019.3798449613246
Hold,2023-01-31 01:00:00,93.91,4832.741873252308,Hold,4832.741873252389,3033.2687338502137
Hold,2023-01-31 02:00:00,94.98,4887.805591752787,Hold,4887.805591752869,3067.829457364427
Hold,2023-01-31 03:00:00,95.29,4903.758631692178,Hold,4903.75863169226,3077.842377261068
Hold,2023-01-31 04:00:00,94.98,4887.805591752787,Hold,4887.805591752869,3067.829457364427
Hold,2023-01-31 05:00:00,94.29,4852.297212532852,Hold,4852.297212532933,3045.5426356589996
Hold,2023-01-31 06:00:00,94.03,4838.917243551427,Hold,4838.917243551508,3037.1447028424623
Hold,2023-01-31 07:00:00,94.71,4873.911008579768,Hold,4873.911008579849,3059.1085271318675
Hold,2023-01-31 08:00:00,94.56,4866.19179570587,Hold,4866.191795705951,3054.263565891558
Hold,2023-01-31 09:00:00,94.07,4840.9757003178,Hold,4840.975700317881,3038.4366925065447
Hold,2023-01-31 10:00:00,93.25,4798.777336607153,Hold,4798.777336607234,3011.9509043928488
Hold,2023-01-31 11:00:00,93.88,4831.198030677528,Hold,4831.1980306776095,3032.2997416021517
Hold,2023-01-31 12:00:00,93.43,4808.040392055832,Hold,4808.040392055913,3017.764857881222
Hold,2023-01-31 13:00:00,93.88,4831.198030677528,Hold,4831.1980306776095,3032.2997416021517
Hold,2023-01-31 14:00:00,94.61,4868.764866663836,Hold,4868.764866663918,3055.8785529716615
Hold,2023-01-31 15:00:00,95.0,4888.834820135974,Hold,4888.834820136056,3068.4754521964687
Hold,2023-01-31 16:00:00,94.42,4858.9871970235645,Hold,4858.987197023646,3049.741602067269
Hold,2023-01-31 17:00:00,94.48,4862.074882173124,Hold,4862.074882173205,3051.6795865633935
Hold,2023-01-31 18:00:00,94.67,4871.852551813396,Hold,4871.8525518134775,3057.8165374677865
Hold,2023-01-31 19:00:00,94.42,4858.9871970235645,Hold,4858.987197023646,3049.7416020672695
Hold,2023-01-31 20:00:00,93.83,4828.624959719562,Hold,4828.624959719643,3030.6847545220494
Hold,2023-01-31 21:00:00,93.28,4800.321179181932,Hold,4800.321179182012,3012.9198966409117
Hold,2023-01-31 22:00:00,93.71,4822.449589420443,Hold,4822.449589420524,3026.8087855298013
Hold,2023-01-31 23:00:00,94.09,4842.004928700987,Hold,4842.004928701067,3039.082687338587
Hold,2023-02-01 00:00:00,95.73,4926.4016561222825,Hold,4926.401656122364,3092.054263565979
Hold,2023-02-01 01:00:00,96.73,4977.863075281607,Hold,4977.86307528169,3124.354005168047
Hold,2023-02-01 02:00:00,97.05,4994.330729412592,Hold,4994.330729412674,3134.689922480709
Hold,2023-02-01 03:00:00,96.87,4985.067673963913,Hold,4985.067673963995,3128.8759689923368
Hold,2023-02-01 04:00:00,97.47,5015.944525459508,Hold,5015.944525459591,3148.255813953577
Hold,2023-02-01 05:00:00,97.13,4998.447642945338,Hold,4998.447642945421,3137.2739018088737
Hold,2023-02-01 06:00:00,96.38,4959.851578575844,Hold,4959.8515785759255,3113.0490956073227
Hold,2023-02-01 07:00:00,96.12,4946.4716095944195,Hold,4946.471609594501,3104.6511627907853
Hold,2023-02-01 08:00:00,95.73,4926.4016561222825,Hold,4926.401656122363,3092.054263565979
Hold,2023-02-01 09:00:00,95.97,4938.75239672052,Hold,4938.752396720602,3099.806201550475
Hold,2023-02-01 10:00:00,95.32,4905.302474266958,Hold,4905.302474267039,3078.81136950913
Hold,2023-02-01 11:00:00,95.93,4936.693939954147,Hold,4936.693939954228,3098.514211886393
Hold,2023-02-01 12:00:00,95.53,4916.109372290417,Hold,4916.109372290498,3085.594315245565
Hold,2023-02-01 13:00:00,95.68,4923.828585164315,Hold,4923.828585164396,3090.4392764858753
Hold,2023-02-01 14:00:00,95.66,4922.799356781129,Hold,4922.799356781209,3089.7932816538337
Hold,2023-02-01 15:00:00,94.23,4849.209527383293,Hold,4849.209527383372,3043.6046511628765
Hold,2023-02-01 16:00:00,94.42,4858.9871970235645,Hold,4858.987197023643,3049.74160206727
Hold,2023-02-01 17:00:00,94.62,4869.27948085543,Hold,4869.279480855509,3056.2015503876833
Hold,2023-02-01 18:00:00,95.02,4889.86404851916,Hold,4889.864048519238,3069.12144702851
Hold,2023-02-01 19:00:00,98.21,5054.02597563741,Hold,5054.025975637492,3172.157622739107
Hold,2023-02-01 20:00:00,97.7,5027.780651866154,Hold,5027.7806518662355,3155.684754522052
Hold,2023-02-01 21:00:00,97.92,5039.102164081206,Hold,5039.102164081289,3162.790697674507
Hold,2023-02-01 22:00:00,100.71,5182.679523535725,Hold,5182.6795235358095,3252.906976744277
Hold,2023-02-01 23:00:00,100.33,5163.124184255181,Hold,5163.124184255265,3240.633074935491
Hold,2023-02-02 00:00:00,101.95,5246.4916832932895,Hold,5246.491683293375,3292.958656330841
Hold,2023-02-02 01:00:00,101.0,5197.60333509193,Hold,5197.603335092014,3262.2739018088764
Hold,2023-02-02 02:00:00,100.68,5181.135680960946,Hold,5181.135680961031,3251.937984496215
Hold,2023-02-02 03:00:00,100.83,5188.854893834844,Hold,5188.8548938349295,3256.782945736525
Hold,2023-02-02 04:00:00,101.05,5200.176406049896,Hold,5200.176406049982,3263.8888888889796
Hold,2023-02-02 05:00:00,100.43,5168.270326171114,Hold,5168.2703261711995,3243.8630490956975
Hold,2023-02-02 06:00:00,100.29,5161.065727488809,Hold,5161.065727488894,3239.341085271408
Hold,2023-02-02 07:00:00,99.95,5143.568844974638,Hold,5143.568844974722,3228.3591731267043
Hold,2023-02-02 08:00:00,100.29,5161.065727488809,Hold,5161.065727488894,3239.3410852714073
Hold,2023-02-02 09:00:00,100.42,5167.755711979521,Hold,5167.755711979606,3243.540051679676
Hold,2023-02-02 10:00:00,100.01,5146.656530124197,Hold,5146.656530124282,3230.2971576228283
Hold,2023-02-02 11:00:00,100.29,5161.065727488809,Hold,5161.065727488893,3239.3410852714073
Hold,2023-02-02 12:00:00,100.21,5156.948813956062,Hold,5156.948813956146,3236.7571059432416
Hold,2023-02-02 13:00:00,99.21,5105.487394796735,Hold,5105.487394796819,3204.457364341173
Hold,2023-02-02 14:00:00,98.79,5083.873598749819,Hold,5083.873598749904,3190.8914728683053
Hold,2023-02-02 15:00:00,100.44,5168.784940362707,Hold,5168.784940362792,3244.186046511717
Hold,2023-02-02 16:00:00,99.82,5136.878860483925,Hold,5136.878860484009,3224.160206718435
Hold,2023-02-02 17:00:00,100.7,5182.164909344132,Hold,5182.164909344218,3252.5839793282553
Hold,2023-02-02 18:00:00,101.51,5223.848658863187,Hold,5223.848658863273,3278.7467700259303
Sell,2023-02-02 19:00:00,100.02,5147.17114431579,Sinal: Venda,5147.171144315876,3230.620155038849
Buy,2023-02-08 16:00:00,98.55,5147.17114431579,Sinal: Compra,5147.171144315876,3183.139534883809
Hold,2023-02-08 17:00:00,99.2,5170.762956473584,Hold,5170.762956473671,3204.1343669251537
Hold,2023-02-08 18:00:00,99.01,5160.859277423887,Hold,5160.859277423973,3197.9974160207607
Hold,2023-02-08 19:00:00,98.93,5156.689307297698,Hold,5156.689307297784,3195.4134366925955
Hold,2023-02-08 20:00:00,97.87,5101.437203125703,Hold,5101.437203125787,3161.1757105944034
Hold,2023-02-08 21:00:00,98.81,5150.4343521084165,Hold,5150.434352108502,3191.5374677003474
Hold,2023-02-08 22:00:00,98.84,5151.998090905737,Hold,5151.998090905822,3192.506459948409
Hold,2023-02-08 23:00:00,99.22,5171.805449005131,Hold,5171.805449005217,3204.780361757195
Hold,2023-02-09 00:00:00,99.23,5172.326695270905,Hold,5172.326695270991,3205.1033591732153
Hold,2023-02-09 01:00:00,98.71,5145.22188945068,Hold,5145.221889450765,3188.30749354014
Hold,2023-02-09 02:00:00,97.4,5076.938628634346,Hold,5076.93862863443,3145.9948320414314
Hold,2023-02-09 03:00:00,95.93,5000.315427565634,Hold,5000.315427565718,3098.5142118863914
Hold,2023-02-09 04:00:00,96.54,5032.111449777821,Hold,5032.111449777905,3118.217054263653
Hold,2023-02-09 05:00:00,96.46,5027.941479651632,Hold,5027.941479651717,3115.633074935487
Hold,2023-02-09 06:00:00,96.85,5048.2700840168,Hold,5048.270084016885,3128.2299741602933
Hold,2023-02-09 07:00:00,96.77,5044.100113890612,Hold,5044.100113890698,3125.645994832128
Hold,2023-02-09 08:00:00,96.6,5035.238927372462,Hold,5035.238927372548,3120.1550387597767
Hold,2023-02-09 09:00:00,96.46,5027.941479651632,Hold,5027.941479651718,3115.633074935487
Hold,2023-02-09 10:00:00,96.45,5027.420233385858,Hold,5027.420233385945,3115.310077519467
Hold,2023-02-09 11:00:00,96.6,5035.238927372462,Hold,5035.2389273725485,3120.1550387597767
Hold,2023-02-09 12:00:00,96.6,5035.238927372462,Hold,5035.2389273725485,3120.1550387597767
Hold,2023-02-09 13:00:00,97.08,5060.258748129591,Hold,5060.258748129679,3135.65891472877
Hold,2023-02-09 14:00:00,97.03,5057.652516800725,Hold,5057.652516800811,3134.043927648667
Hold,2023-02-09 15:00:00,96.41,5025.3352483227645,Hold,5025.33524832285,3114.0180878553847
Hold,2023-02-09 16:00:00,95.58,4982.071808263559,Hold,4982.071808263644,3087.209302325668
Hold,2023-02-09 17:00:00,95.76,4991.454241047484,Hold,4991.45424104757,3093.02325581404
Hold,2023-02-09 18:00:00,95.8,4993.539226110578,Hold,4993.539226110664,3094.3152454781225
Hold,2023-02-09 19:00:00,91.73,4781.391995940745,Hold,4781.391995940827,2962.855297157706
Hold,2023-02-09 20:00:00,91.92,4791.295674990442,Hold,4791.295674990524,2968.992248062099
Hold,2023-02-09 21:00:00,91.55,4772.00956315682,Hold,4772.009563156902,2957.0413436693334
Hold,2023-02-09 22:00:00,90.76,4730.831108160711,Hold,4730.831108160792,2931.5245478036995
Hold,2023-02-09 23:00:00,92.05,4798.071876445498,Hold,4798.0718764455805,2973.1912144703674
Hold,2023-02-10 00:00:00,91.85,4787.646951130027,Hold,4787.64695113011,2966.731266149954
Hold,2023-02-10 01:00:00,91.88,4789.210689927348,Hold,4789.21068992743,2967.7002583980156
Hold,2023-02-10 02:00:00,92.28,4810.060540558289,Hold,4810.060540558372,2980.6201550388428
Hold,2023-02-10 03:00:00,92.1,4800.678107774366,Hold,4800.678107774449,2974.8062015504706
Hold,2023-02-10 04:00:00,92.4,4816.315495747573,Hold,4816.315495747655,2984.4961240310918
Hold,2023-02-10 05:00:00,92.5,4821.527958405308,Hold,4821.5279584053915,2987.726098191298
Hold,2023-02-10 06:00:00,93.42,4869.482614856474,Hold,4869.482614856558,3017.4418604652005
Hold,2023-02-10 07:00:00,93.02,4848.632764225532,Hold,4848.632764225616,3004.5219638243734
Hold,2023-02-10 08:00:00,92.76,4835.08036131542,Hold,4835.080361315503,2996.124031007836
Hold,2023-02-10 09:00:00,92.41,4816.836742013345,Hold,4816.836742013428,2984.8191214471117
Hold,2023-02-10 10:00:00,92.55,4824.134189734175,Hold,4824.134189734257,2989.3410852714014
Hold,2023-02-10 11:00:00,91.72,4780.870749674971,Hold,4780.870749675053,2962.5322997416847
Hold,2023-02-10 12:00:00,91.42,4765.233361701765,Hold,4765.233361701847,2952.842377261064
Hold,2023-02-10 13:00:00,91.87,4788.689443661575,Hold,4788.689443661657,2967.3772609819953
Hold,2023-02-10 14:00:00,92.4,4816.315495747573,Hold,4816.3154957476545,2984.4961240310913
Hold,2023-02-10 15:00:00,92.02,4796.508137648178,Hold,4796.508137648259,2972.222222222305
Hold,2023-02-10 16:00:00,91.76,4782.955734738065,Hold,4782.955734738146,2963.8242894057676
Hold,2023-02-10 17:00:00,92.42,4817.357988279119,Hold,4817.357988279201,2985.1421188631325
Hold,2023-02-10 18:00:00,92.85,4839.771577707382,Hold,4839.771577707464,2999.0310077520217
Hold,2023-02-10 19:00:00,94.1,4904.927360929075,Hold,4904.927360929159,3039.4056847546067
Hold,2023-02-10 20:00:00,93.66,4881.9925252350395,Hold,4881.992525235122,3025.1937984496967
Hold,2023-02-10 21:00:00,93.07,4851.2389955543995,Hold,4851.238995554482,3006.1369509044766
Hold,2023-02-10 22:00:00,92.95,4844.984040365118,Hold,4844.984040365201,3002.260981912229
Hold,2023-02-10 23:00:00,93.34,4865.312644730286,Hold,4865.312644730369,3014.8578811370353
Hold,2023-02-11 00:00:00,93.37,4866.876383527607,Hold,4866.87638352769,3015.8268733850978
Hold,2023-02-11 01:00:00,93.61,4879.386293906171,Hold,4879.386293906255,3023.578811369594
Hold,2023-02-11 02:00:00,94.1,4904.927360929075,Hold,4904.927360929159,3039.405684754607
Hold,2023-02-11 03:00:00,94.63,4932.553413015074,Hold,4932.553413015157,3056.524547803703
Hold,2023-02-11 04:00:00,94.36,4918.479763839188,Hold,4918.479763839272,3047.8036175711454
Hold,2023-02-11 05:00:00,94.19,4909.618577321036,Hold,4909.61857732112,3042.3126614987937
Hold,2023-02-11 06:00:00,93.9,4894.502435613605,Hold,4894.502435613687,3032.9457364341943
Hold,2023-02-11 07:00:00,93.93,4896.066174410926,Hold,4896.066174411008,3033.9147286822567
Hold,2023-02-11 08:00:00,93.44,4870.525107388021,Hold,4870.525107388104,3018.0878552972426
Hold,2023-02-11 09:00:00,93.69,4883.55626403236,Hold,4883.5562640324415,3026.1627906977596
Hold,2023-02-11 10:00:00,93.77,4887.726234158548,Hold,4887.726234158631,3028.746770025925
Hold,2023-02-11 11:00:00,93.73,4885.6412490954535,Hold,4885.641249095536,3027.4547803618425
Hold,2023-02-11 12:00:00,93.53,4875.216323779983,Hold,4875.216323780065,3020.9948320414287
Hold,2023-02-11 13:00:00,93.52,4874.6950775142095,Hold,4874.695077514291,3020.671834625408
Hold,2023-02-11 14:00:00,93.2,4858.015197009457,Hold,4858.015197009538,3010.3359173127465
Hold,2023-02-11 15:00:00,93.73,4885.6412490954535,Hold,4885.641249095535,3027.454780361843
Hold,2023-02-11 16:00:00,93.66,4881.9925252350395,Hold,4881.992525235121,3025.1937984496976
Hold,2023-02-11 17:00:00,93.48,4872.610092451116,Hold,4872.6100924511975,3019.3798449613255
Hold,2023-02-11 18:00:00,93.67,4882.513771500812,Hold,4882.513771500895,3025.5167958657184
Hold,2023-02-11 19:00:00,93.92,4895.544928145151,Hold,4895.544928145235,3033.591731266235
Hold,2023-02-11 20:00:00,93.95,4897.108666942472,Hold,4897.108666942556,3034.5607235142975
Hold,2023-02-11 21:00:00,94.59,4930.46842795198,Hold,4930.468427952063,3055.2325581396212
Hold,2023-02-11 22:00:00,94.31,4915.87353251032,Hold,4915.8735325104035,3046.1886304910417
Hold,2023-02-11 23:00:00,94.28,4914.309793713,Hold,4914.309793713083,3045.2196382429797
Hold,2023-02-12 00:00:00,94.24,4912.224808649905,Hold,4912.224808649988,3043.9276485788964
Hold,2023-02-12 01:00:00,93.98,4898.672405739793,Hold,4898.672405739877,3035.5297157623586
Hold,2023-02-12 02:00:00,94.16,4908.054838523716,Hold,4908.0548385238,3041.3436692507303
Hold,2023-02-12 03:00:00,93.49,4873.131338716889,Hold,4873.131338716973,3019.7028423773445
Hold,2023-02-12 04:00:00,93.27,4861.663920869871,Hold,4861.6639208699535,3012.5968992248895
Hold,2023-02-12 05:00:00,93.38,4867.39762979338,Hold,4867.397629793462,3016.1498708011163
Hold,2023-02-12 06:00:00,93.73,4885.6412490954535,Hold,4885.641249095537,3027.4547803618407
Hold,2023-02-12 07:00:00,93.12,4853.845226883268,Hold,4853.845226883351,3007.7519379845794
Hold,2023-02-12 08:00:00,93.15,4855.408965680588,Hold,4855.408965680671,3008.7209302326414
Hold,2023-02-12 09:00:00,93.72,4885.120002829681,Hold,4885.120002829764,3027.13178294582
Hold,2023-02-12 10:00:00,93.5,4873.652584982662,Hold,4873.652584982746,3020.025839793365
Hold,2023-02-12 11:00:00,93.54,4875.737570045757,Hold,4875.73757004584,3021.3178294574477
Hold,2023-02-12 12:00:00,93.42,4869.482614856474,Hold,4869.482614856557,3017.4418604651996
Hold,2023-02-12 13:00:00,93.24,4860.1001820725505,Hold,4860.100182072633,3011.6279069768275
Hold,2023-02-12 14:00:00,93.47,4872.088846185342,Hold,4872.088846185426,3019.0568475453038
Hold,2023-02-12 15:00:00,93.55,4876.258816311531,Hold,4876.258816311614,3021.640826873469
Hold,2023-02-12 16:00:00,94.19,4909.618577321036,Hold,4909.618577321121,3042.3126614987927
Hold,2023-02-12 17:00:00,94.04,4901.7998833344345,Hold,4901.799883334519,3037.4677002584826
Hold,2023-02-12 18:00:00,93.91,4895.023681879377,Hold,4895.023681879461,3033.2687338502137
Hold,2023-02-12 19:00:00,94.03,4901.27863706866,Hold,4901.278637068744,3037.1447028424623
Hold,2023-02-12 20:00:00,93.78,4888.247480424322,Hold,4888.247480424406,3029.0697674419453
Hold,2023-02-12 21:00:00,92.14,4802.76309283746,Hold,4802.763092837543,2976.098191214554
Hold,2023-02-12 22:00:00,92.22,4806.933062963649,Hold,4806.933062963732,2978.6821705427196
Hold,2023-02-12 23:00:00,92.51,4822.049204671082,Hold,4822.049204671165,2988.0490956073195
Hold,2023-02-13 00:00:00,93.73,4885.6412490954535,Hold,4885.641249095537,3027.4547803618425
Hold,2023-02-13 01:00:00,93.16,4855.930211946362,Hold,4855.9302119464455,3009.043927648663
Hold,2023-02-13 02:00:00,92.8,4837.165346378513,Hold,4837.165346378596,2997.416020671919
Hold,2023-02-13 03:00:00,93.06,4850.717749288627,Hold,4850.717749288709,3005.8139534884563
Hold,2023-02-13 04:00:00,92.83,4838.729085175834,Hold,4838.729085175916,2998.3850129199805
Hold,2023-02-13 05:00:00,92.73,4833.5166225181,Hold,4833.516622518181,2995.1550387597736
Hold,2023-02-13 06:00:00,93.16,4855.930211946362,Hold,4855.930211946444,3009.0439276486627
Hold,2023-02-13 07:00:00,92.99,4847.069025428211,Hold,4847.069025428292,3003.5529715763114
Hold,2023-02-13 08:00:00,91.44,4766.275854233311,Hold,4766.275854233391,2953.4883720931057
Hold,2023-02-13 09:00:00,90.24,4703.726302340486,Hold,4703.726302340565,2914.7286821706243
Hold,2023-02-13 10:00:00,90.6,4722.491167908334,Hold,4722.491167908413,2926.3565891473686
Hold,2023-02-13 11:00:00,90.85,4735.522324552672,Hold,4735.522324552751,2934.4315245478856
Hold,2023-02-13 12:00:00,91.11,4749.074727462785,Hold,4749.074727462864,2942.8294573644234
Hold,2023-02-13 13:00:00,90.95,4740.734787210407,Hold,4740.734787210486,2937.6614987080925
Hold,2023-02-13 14:00:00,91.39,4763.669622904445,Hold,4763.669622904524,2951.8733850130025
Hold,2023-02-13 15:00:00,90.99,4742.819772273502,Hold,4742.819772273581,2938.953488372175
Hold,2023-02-13 16:00:00,90.39,4711.544996327089,Hold,4711.5449963271685,2919.573643410934
Stop-Loss,2023-02-13 17:00:00,88.43,4609.380728235475,SL 10.0% hit,4609.380728235552,2856.266149870881
Buy,2023-02-16 23:00:00,98.55,4609.380728235475,Sinal: Compra,4609.380728235552,3183.1395348838096
Hold,2023-02-17 00:00:00,100.1,4672.518257469194,Hold,4672.518257469272,3233.204134367015
Hold,2023-02-17 01:00:00,100.32,4682.787528364731,Hold,4682.787528364809,3240.31007751947
Hold,2023-02-17 02:00:00,100.08,4671.584687387783,Hold,4671.584687387861,3232.5581395349736
Hold,2023-02-17 03:00:00,99.84,4660.3818464108335,Hold,4660.381846410911,3224.806201550478
Hold,2023-02-17 04:00:00,99.84,4660.3818464108335,Hold,4660.381846410911,3224.806201550478
Hold,2023-02-17 05:00:00,99.61,4649.64579047459,Hold,4649.645790474668,3217.377260982002
Hold,2023-02-17 06:00:00,99.68,4652.913285759534,Hold,4652.913285759611,3219.6382428941474
Hold,2023-02-17 07:00:00,99.48,4643.577584945409,Hold,4643.577584945487,3213.1782945737336
Hold,2023-02-17 08:00:00,99.76,4656.647566085184,Hold,4656.647566085262,3222.2222222223127
Hold,2023-02-17 09:00:00,99.66,4651.979715678121,Hold,4651.979715678199,3218.9922480621053
Hold,2023-02-17 10:00:00,99.56,4647.311865271059,Hold,4647.311865271136,3215.7622739018984
Hold,2023-02-17 11:00:00,99.43,4641.243659741878,Hold,4641.2436597419555,3211.5633074936295
Hold,2023-02-17 12:00:00,99.78,4657.581136166596,Hold,4657.581136166674,3222.868217054353
Hold,2023-02-17 13:00:00,98.85,4614.170127380918,Hold,4614.170127380995,3192.8294573644293
Hold,2023-02-17 14:00:00,98.83,4613.236557299506,Hold,4613.236557299583,3192.183462532388
Hold,2023-02-17 15:00:00,99.4,4639.84330461976,Hold,4639.843304619837,3210.594315245567
Hold,2023-02-17 16:00:00,98.93,4617.904407706567,Hold,4617.904407706645,3195.4134366925946
Hold,2023-02-17 17:00:00,100.0,4667.850407062133,Hold,4667.850407062211,3229.9741602068075
Hold,2023-02-17 18:00:00,100.53,4692.590014219561,Hold,4692.590014219641,3247.0930232559035
Hold,2023-02-17 19:00:00,100.94,4711.728200888516,Hold,4711.728200888595,3260.3359173127515
Hold,2023-02-17 20:00:00,101.33,4729.9328174760585,Hold,4729.932817476138,3272.9328165375578
Hold,2023-02-17 21:00:00,100.54,4693.056799260268,Hold,4693.056799260346,3247.4160206719243
Hold,2023-02-17 22:00:00,100.42,4687.455378771793,Hold,4687.455378771871,3243.540051679676
Hold,2023-02-17 23:00:00,100.12,4673.451827550608,Hold,4673.451827550686,3233.850129199055
Hold,2023-02-18 00:00:00,100.44,4688.388948853205,Hold,4688.388948853284,3244.1860465117165
Hold,2023-02-18 01:00:00,101.29,4728.065677313234,Hold,4728.065677313314,3271.640826873475
Hold,2023-02-18 02:00:00,101.69,4746.737078941483,Hold,4746.737078941562,3284.5607235143016
Hold,2023-02-18 03:00:00,100.84,4707.060350481454,Hold,4707.060350481533,3257.105943152544
Hold,2023-02-18 04:00:00,101.02,4715.462481214166,Hold,4715.462481214244,3262.9198966409162
Hold,2023-02-18 05:00:00,101.26,4726.665322191116,Hold,4726.665322191195,3270.6718346254133
Hold,2023-02-18 06:00:00,101.16,4721.997471784053,Hold,4721.997471784131,3267.441860465206
Hold,2023-02-18 07:00:00,101.08,4718.2631914584035,Hold,4718.263191458483,3264.8578811370407
Hold,2023-02-18 08:00:00,100.07,4671.117902347076,Hold,4671.117902347154,3232.235142118952
Hold,2023-02-18 09:00:00,100.03,4669.2507621842515,Hold,4669.25076218433,3230.9431524548695
Hold,2023-02-18 10:00:00,99.36,4637.976164456934,Hold,4637.976164457013,3209.3023255814837
Hold,2023-02-18 11:00:00,99.07,4624.439398276455,Hold,4624.439398276533,3199.9354005168834
Hold,2023-02-18 12:00:00,99.77,4657.11435112589,Hold,4657.114351125968,3222.5452196383317
Hold,2023-02-18 13:00:00,99.63,4650.579360556002,Hold,4650.57936055608,3218.023255814042
Hold,2023-02-18 14:00:00,99.91,4663.6493416957765,Hold,4663.649341695855,3227.067183462621
Hold,2023-02-18 15:00:00,100.16,4675.318967713432,Hold,4675.318967713511,3235.1421188631375
Hold,2023-02-18 16:00:00,100.08,4671.584687387783,Hold,4671.584687387862,3232.5581395349727
Hold,2023-02-18 17:00:00,99.87,4661.782201532952,Hold,4661.782201533031,3225.775193798538
Hold,2023-02-18 18:00:00,99.91,4663.6493416957765,Hold,4663.649341695855,3227.0671834626205
Hold,2023-02-18 19:00:00,99.6,4649.1790054338835,Hold,4649.179005433962,3217.0542635659795
Hold,2023-02-18 20:00:00,99.21,4630.974388846341,Hold,4630.974388846419,3204.4573643411727
Hold,2023-02-18 21:00:00,99.53,4645.911510148941,Hold,4645.911510149019,3214.7932816538346
Hold,2023-02-18 22:00:00,99.76,4656.647566085184,Hold,4656.647566085263,3222.2222222223104
Hold,2023-02-18 23:00:00,99.71,4654.313640881652,Hold,4654.31364088173,3220.6072351422063
Hold,2023-02-19 00:00:00,100.08,4671.584687387783,Hold,4671.584687387862,3232.558139534972
Hold,2023-02-19 01:00:00,99.69,4653.38007080024,Hold,4653.380070800319,3219.961240310165
Hold,2023-02-19 02:00:00,99.83,4659.915061370127,Hold,4659.915061370206,3224.4832041344544
Hold,2023-02-19 03:00:00,99.79,4658.047921207302,Hold,4658.0479212073815,3223.191214470372
Hold,2023-02-19 04:00:00,100.05,4670.184332265663,Hold,4670.184332265743,3231.5891472869093
Hold,2023-02-19 05:00:00,100.29,4681.387173242612,Hold,4681.387173242692,3239.341085271406
Hold,2023-02-19 06:00:00,99.39,4639.376519579053,Hold,4639.376519579132,3210.2713178295444
Hold,2023-02-19 07:00:00,99.28,4634.241884131285,Hold,4634.241884131364,3206.718346253317
Hold,2023-02-19 08:00:00,99.17,4629.107248683516,Hold,4629.107248683596,3203.1653746770894
Hold,2023-02-19 09:00:00,98.98,4620.2383329100985,Hold,4620.238332910178,3197.028423772697
Hold,2023-02-19 10:00:00,98.96,4619.304762828686,Hold,4619.304762828764,3196.3824289406552
Hold,2023-02-19 11:00:00,99.36,4637.976164456934,Hold,4637.976164457013,3209.302325581483
Hold,2023-02-19 12:00:00,99.58,4648.245435352471,Hold,4648.245435352549,3216.4082687339373
Hold,2023-02-19 13:00:00,99.38,4638.909734538347,Hold,4638.909734538424,3209.9483204135236
Hold,2023-02-19 14:00:00,100.1,4672.518257469194,Hold,4672.518257469273,3233.204134367013
Hold,2023-02-19 15:00:00,100.44,4688.388948853205,Hold,4688.388948853284,3244.186046511716
Hold,2023-02-19 16:00:00,99.5,4644.511155026822,Hold,4644.5111550269,3213.8242894057726
Hold,2023-02-19 17:00:00,98.05,4576.827324124421,Hold,4576.827324124498,3166.9896640827737
Hold,2023-02-19 18:00:00,97.88,4568.891978432414,Hold,4568.891978432492,3161.4987080104224
Hold,2023-02-19 19:00:00,97.99,4574.026613880183,Hold,4574.026613880259,3165.05167958665
Hold,2023-02-19 20:00:00,97.82,4566.091268188178,Hold,4566.091268188255,3159.560723514299
Hold,2023-02-19 21:00:00,98.45,4595.49872575267,Hold,4595.498725752747,3179.9095607236018
Hold,2023-02-19 22:00:00,98.21,4584.29588477572,Hold,4584.295884775796,3172.157622739105
Hold,2023-02-19 23:00:00,97.43,4547.8866516006365,Hold,4547.886651600712,3146.963824289492
Hold,2023-02-20 00:00:00,97.71,4560.95663274041,Hold,4560.9566327404855,3156.007751938071
Hold,2023-02-20 01:00:00,97.61,4556.288782333348,Hold,4556.288782333423,3152.7777777778647
Hold,2023-02-20 02:00:00,97.71,4560.95663274041,Hold,4560.9566327404855,3156.0077519380716
Hold,2023-02-20 03:00:00,97.74,4562.3569878625285,Hold,4562.356987862605,3156.976744186134
Hold,2023-02-20 04:00:00,98.15,4581.495174531483,Hold,4581.495174531559,3170.2196382429825
Hold,2023-02-20 05:00:00,98.26,4586.629809979251,Hold,4586.629809979328,3173.77260981921
Hold,2023-02-20 06:00:00,98.08,4578.227679246539,Hold,4578.2276792466155,3167.9586563308376
Hold,2023-02-20 07:00:00,97.83,4566.558053228884,Hold,4566.5580532289605,3159.883720930321
Hold,2023-02-20 08:00:00,97.95,4572.159473717358,Hold,4572.159473717435,3163.7596899225696
Hold,2023-02-20 09:00:00,98.34,4590.364090304901,Hold,4590.364090304977,3176.3565891473763
Hold,2023-02-20 10:00:00,98.03,4575.893754043008,Hold,4575.893754043083,3166.3436692507353
Hold,2023-02-20 11:00:00,97.62,4556.7555673740535,Hold,4556.755567374129,3153.100775193887
Hold,2023-02-20 12:00:00,96.12,4486.737811268123,Hold,4486.737811268196,3104.651162790785
Hold,2023-02-20 13:00:00,96.85,4520.813119239675,Hold,4520.8131192397495,3128.229974160294
Hold,2023-02-20 14:00:00,97.45,4548.820221682048,Hold,4548.820221682123,3147.6098191215356
Hold,2023-02-20 15:00:00,96.91,4523.613829483912,Hold,4523.613829483986,3130.1679586564183
Hold,2023-02-20 16:00:00,96.21,4490.938876634477,Hold,4490.938876634551,3107.5581395349705
Hold,2023-02-20 17:00:00,96.23,4491.872446715891,Hold,4491.8724467159645,3108.204134367012
Hold,2023-02-20 18:00:00,96.05,4483.470315983178,Hold,4483.470315983252,3102.3901808786395
Hold,2023-02-20 19:00:00,94.89,4429.323251261258,Hold,4429.32325126133,3064.9224806202405
Hold,2023-02-20 20:00:00,95.25,4446.127512726681,Hold,4446.1275127267545,3076.550387596985
Hold,2023-02-20 21:00:00,95.82,4472.734260046935,Hold,4472.734260047008,3094.9612403101632
Hold,2023-02-20 22:00:00,95.1,4439.125737116088,Hold,4439.125737116161,3071.7054263566747
Hold,2023-02-20 23:00:00,95.9,4476.468540372585,Hold,4476.468540372658,3097.5452196383294
Hold,2023-02-21 00:00:00,96.02,4482.069960861059,Hold,4482.069960861133,3101.4211886305775
Hold,2023-02-21 01:00:00,96.28,4494.206371919422,Hold,4494.206371919497,3109.819121447116
Hold,2023-02-21 02:00:00,96.49,4504.008857774251,Hold,4504.008857774325,3116.60206718355
Hold,2023-02-21 03:00:00,96.04,4483.003530942473,Hold,4483.003530942547,3102.06718346262
Hold,2023-02-21 04:00:00,95.94,4478.33568053541,Hold,4478.335680535483,3098.837209302413
Hold,2023-02-21 05:00:00,95.3,4448.461437930212,Hold,4448.461437930285,3078.1653746770894
Hold,2023-02-21 06:00:00,96.35,4497.473867204365,Hold,4497.473867204439,3112.0801033592616
Hold,2023-02-21 07:00:00,95.95,4478.802465576116,Hold,4478.802465576189,3099.1602067184344
Hold,2023-02-21 08:00:00,93.84,4380.310821987105,Hold,4380.310821987176,3031.0077519380707
Hold,2023-02-21 09:00:00,94.41,4406.917569307359,Hold,4406.917569307431,3049.4186046512496
Hold,2023-02-21 10:00:00,93.85,4380.7776070278105,Hold,4380.777607027882,3031.330749354092
Hold,2023-02-21 11:00:00,93.18,4349.503009300495,Hold,4349.503009300566,3009.689922480706
Hold,2023-02-21 12:00:00,93.56,4367.240840847332,Hold,4367.240840847403,3021.963824289492
Hold,2023-02-21 13:00:00,92.44,4314.960916288234,Hold,4314.960916288305,2985.788113695176
Hold,2023-02-21 14:00:00,93.55,4366.774055806625,Hold,4366.774055806696,3021.6408268734717
Hold,2023-02-21 15:00:00,93.42,4360.705850277444,Hold,4360.705850277515,3017.441860465203
Hold,2023-02-21 16:00:00,92.71,4327.564112387302,Hold,4327.564112387372,2994.509043927734
Hold,2023-02-21 17:00:00,93.73,4375.176186539336,Hold,4375.176186539406,3027.4547803618443
Hold,2023-02-21 18:00:00,94.16,4395.2479432897035,Hold,4395.2479432897735,3041.343669250733
Hold,2023-02-21 19:00:00,93.81,4378.910466864986,Hold,4378.910466865056,3030.0387596900096
Hold,2023-02-21 20:00:00,93.44,4361.639420358857,Hold,4361.639420358926,3018.087855297244
Hold,2023-02-21 21:00:00,92.39,4312.626991084704,Hold,4312.626991084773,2984.1731266150723
Hold,2023-02-21 22:00:00,93.04,4342.9680187306085,Hold,4342.9680187306785,3005.167958656417
Hold,2023-02-21 23:00:00,93.8,4378.443681824279,Hold,4378.443681824349,3029.7157622739887
Hold,2023-02-22 00:00:00,94.35,4404.116859063121,Hold,4404.116859063192,3047.480620155126
Hold,2023-02-22 01:00:00,93.87,4381.711177109224,Hold,4381.711177109294,3031.976744186134
Hold,2023-02-22 02:00:00,94.98,4433.524316627613,Hold,4433.524316627685,3067.8294573644293
Hold,2023-02-22 03:00:00,95.02,4435.3914567904385,Hold,4435.39145679051,3069.1214470285117
Hold,2023-02-22 04:00:00,94.79,4424.655400854196,Hold,4424.655400854268,3061.6925064600364
Hold,2023-02-22 05:00:00,94.2,4397.115083452529,Hold,4397.1150834526,3042.6356589148163
Hold,2023-02-22 06:00:00,93.82,4379.377251905692,Hold,4379.377251905763,3030.36175710603
Hold,2023-02-22 07:00:00,95.08,4438.192167034675,Hold,4438.1921670347465,3071.059431524636
Hold,2023-02-22 08:00:00,94.88,4428.856466220552,Hold,4428.856466220624,3064.599483204222
Hold,2023-02-22 09:00:00,95.21,4444.2603725638555,Hold,4444.260372563927,3075.2583979329042
Hold,2023-02-22 10:00:00,94.93,4431.190391424082,Hold,4431.190391424154,3066.2144702843257
Hold,2023-02-22 11:00:00,95.01,4434.924671749732,Hold,4434.924671749804,3068.7984496124914
Hold,2023-02-22 12:00:00,94.54,4412.98577483654,Hold,4412.985774836612,3053.6175710595194
Hold,2023-02-22 13:00:00,94.01,4388.246167679111,Hold,4388.246167679182,3036.498708010423
Hold,2023-02-22 14:00:00,93.17,4349.036224259789,Hold,4349.03622425986,3009.366925064686
Hold,2023-02-22 15:00:00,91.94,4291.621664252924,Hold,4291.621664252994,2969.638242894142
Hold,2023-02-22 16:00:00,93.17,4349.036224259789,Hold,4349.03622425986,3009.366925064686
Hold,2023-02-22 17:00:00,92.73,4328.4976824687155,Hold,4328.497682468786,2995.155038759776
Hold,2023-02-22 18:00:00,93.08,4344.835158893433,Hold,4344.835158893504,3006.4599483204993
Hold,2023-02-22 19:00:00,93.7,4373.775831417218,Hold,4373.775831417289,3026.485788113782
Hold,2023-02-22 20:00:00,93.63,4370.508336132275,Hold,4370.508336132346,3024.224806201637
Hold,2023-02-22 21:00:00,93.77,4377.043326702161,Hold,4377.043326702232,3028.7467700259267
Hold,2023-02-22 22:00:00,94.55,4413.452559877246,Hold,4413.452559877318,3053.9405684755393
Hold,2023-02-22 23:00:00,95.28,4447.527867848799,Hold,4447.527867848872,3077.519379845049
Hold,2023-02-23 00:00:00,95.13,4440.526092238206,Hold,4440.526092238279,3072.674418604739
Hold,2023-02-23 01:00:00,95.01,4434.924671749732,Hold,4434.924671749804,3068.798449612491
Hold,2023-02-23 02:00:00,96.04,4483.003530942473,Hold,4483.003530942546,3102.0671834626214
Hold,2023-02-23 03:00:00,95.62,4463.398559232812,Hold,4463.3985592328845,3088.5012919897526
Hold,2023-02-23 04:00:00,95.65,4464.79891435493,Hold,4464.798914355003,3089.4702842378147
Hold,2023-02-23 05:00:00,95.18,4442.860017441738,Hold,4442.860017441812,3074.289405684842
Hold,2023-02-23 06:00:00,94.81,4425.588970935608,Hold,4425.588970935681,3062.338501292077
Hold,2023-02-23 07:00:00,95.18,4442.860017441738,Hold,4442.860017441812,3074.2894056848427
Hold,2023-02-23 08:00:00,94.83,4426.522541017021,Hold,4426.522541017093,3062.9844961241183
Hold,2023-02-23 09:00:00,95.16,4441.926447360324,Hold,4441.926447360397,3073.6434108528006
Hold,2023-02-23 10:00:00,95.58,4461.531419069986,Hold,4461.531419070059,3087.209302325669
Hold,2023-02-23 11:00:00,93.73,4375.176186539336,Hold,4375.176186539407,3027.4547803618434
Hold,2023-02-23 12:00:00,94.79,4424.655400854196,Hold,4424.655400854268,3061.6925064600355
Hold,2023-02-23 13:00:00,95.0,4434.457886709025,Hold,4434.457886709099,3068.4754521964696
Hold,2023-02-23 14:00:00,94.68,4419.520765406428,Hold,4419.520765406502,3058.139534883808
Hold,2023-02-23 15:00:00,94.39,4405.983999225947,Hold,4405.98399922602,3048.772609819208
Hold,2023-02-23 16:00:00,94.06,4390.580092882642,Hold,4390.580092882716,3038.1136950905257
Hold,2023-02-23 17:00:00,94.16,4395.2479432897035,Hold,4395.247943289777,3041.3436692507325
Hold,2023-02-23 18:00:00,94.48,4410.185064592303,Hold,4410.185064592377,3051.679586563395
Hold,2023-02-23 19:00:00,94.43,4407.851139388772,Hold,4407.851139388847,3050.064599483291
Hold,2023-02-23 20:00:00,94.54,4412.98577483654,Hold,4412.985774836615,3053.6175710595194
Hold,2023-02-23 21:00:00,94.13,4393.847588167585,Hold,4393.8475881676595,3040.374677002671
Hold,2023-02-23 22:00:00,94.34,4403.6500740224155,Hold,4403.65007402249,3047.1576227391056
Hold,2023-02-23 23:00:00,94.59,4415.319700040071,Hold,4415.319700040146,3055.2325581396226
Hold,2023-02-24 00:00:00,94.73,4421.854690609958,Hold,4421.854690610033,3059.7545219639123
Hold,2023-02-24 01:00:00,94.6,4415.786485080777,Hold,4415.786485080852,3055.5555555556434
Hold,2023-02-24 02:00:00,94.39,4405.983999225947,Hold,4405.983999226021,3048.7726098192093
Hold,2023-02-24 03:00:00,94.3,4401.782933859591,Hold,4401.782933859665,3045.865633075023
Hold,2023-02-24 04:00:00,94.09,4391.980448004761,Hold,4391.980448004834,3039.0826873385886
Hold,2023-02-24 05:00:00,93.89,4382.644747190636,Hold,4382.6447471907095,3032.6227390181753
Hold,2023-02-24 06:00:00,94.19,4396.648298411822,Hold,4396.648298411896,3042.3126614987955
Hold,2023-02-24 07:00:00,93.99,4387.312597597698,Hold,4387.312597597772,3035.8527131783817
Hold,2023-02-24 08:00:00,94.11,4392.914018086172,Hold,4392.914018086247,3039.72868217063
Hold,2023-02-24 09:00:00,93.91,4383.5783172720485,Hold,4383.578317272122,3033.2687338502164
Hold,2023-02-24 10:00:00,93.95,4385.445457434874,Hold,4385.4454574349475,3034.560723514299
Hold,2023-02-24 11:00:00,93.84,4380.310821987105,Hold,4380.310821987178,3031.0077519380716
Hold,2023-02-24 12:00:00,93.78,4377.510111742868,Hold,4377.510111742941,3029.0697674419475
Hold,2023-02-24 13:00:00,92.95,4338.766953364252,Hold,4338.766953364325,3002.2609819122313
Hold,2023-02-24 14:00:00,93.27,4353.704074666851,Hold,4353.704074666924,3012.596899224893
Hold,2023-02-24 15:00:00,91.84,4286.953813845863,Hold,4286.953813845935,2966.408268733936
Trailing-Stop,2023-02-24 16:00:00,91.09,4251.944935792896,Trailing stop 10.0% hit,4251.944935792968,2942.183462532385
Buy,2023-02-27 09:00:00,94.31,4251.944935792896,Sinal: Compra,4251.944935792968,3046.188630491044
Hold,2023-02-27 10:00:00,94.2,4238.495886533775,Hold,4238.495886533846,3042.6356589148168
Hold,2023-02-27 11:00:00,94.52,4252.894174046417,Hold,4252.894174046488,3052.9715762274786
Hold,2023-02-27 12:00:00,94.42,4248.394709198717,Hold,4248.394709198787,3049.741602067272
Hold,2023-02-27 13:00:00,95.83,4311.837163551292,Hold,4311.837163551364,3095.284237726188
Hold,2023-02-27 14:00:00,95.68,4305.0879662797415,Hold,4305.087966279814,3090.439276485878
Hold,2023-02-27 15:00:00,94.63,4257.843585378887,Hold,4257.843585378958,3056.5245478037064
Hold,2023-02-27 16:00:00,94.09,4233.546475201305,Hold,4233.546475201376,3039.0826873385895
Hold,2023-02-27 17:00:00,93.69,4215.548615810503,Hold,4215.548615810573,3026.1627906977624
Hold,2023-02-27 18:00:00,93.16,4191.701452117691,Hold,4191.70145211776,3009.043927648666
Hold,2023-02-27 19:00:00,93.17,4192.151398602461,Hold,4192.151398602531,3009.3669250646867
Hold,2023-02-27 20:00:00,93.44,4204.299953691252,Hold,4204.299953691323,3018.087855297245
Hold,2023-02-27 21:00:00,93.52,4207.899525569413,Hold,4207.899525569484,3020.67183462541
Hold,2023-02-27 22:00:00,93.76,4218.698241203894,Hold,4218.698241203966,3028.423772609907
Hold,2023-02-27 23:00:00,94.07,4232.646582231765,Hold,4232.646582231837,3038.4366925065474
Hold,2023-02-28 00:00:00,94.07,4232.646582231765,Hold,4232.646582231837,3038.4366925065474
Hold,2023-02-28 01:00:00,94.37,4246.144976774866,Hold,4246.144976774938,3048.126614987168
Hold,2023-02-28 02:00:00,94.45,4249.744548653026,Hold,4249.744548653099,3050.7105943153333
Hold,2023-02-28 03:00:00,94.3,4242.995351381475,Hold,4242.995351381547,3045.865633075023
Hold,2023-02-28 04:00:00,94.04,4231.296742777455,Hold,4231.296742777527,3037.467700258486
Hold,2023-02-28 05:00:00,93.82,4221.397920112513,Hold,4221.397920112585,3030.3617571060304
Hold,2023-02-28 06:00:00,93.9,4224.9974919906745,Hold,4224.997491990746,3032.945736434196
Hold,2023-02-28 07:00:00,93.37,4201.150328297862,Hold,4201.150328297933,3015.8268733851
Hold,2023-02-28 08:00:00,93.55,4209.249365023722,Hold,4209.249365023793,3021.6408268734717
Hold,2023-02-28 09:00:00,93.81,4220.947973627744,Hold,4220.947973627815,3030.0387596900096
Hold,2023-02-28 10:00:00,94.27,4241.645511927165,Hold,4241.645511927236,3044.89664082696
Hold,2023-02-28 11:00:00,95.02,4275.391498284918,Hold,4275.391498284989,3069.1214470285113
Hold,2023-02-28 12:00:00,94.88,4269.092247498138,Hold,4269.092247498208,3064.599483204222
Hold,2023-02-28 13:00:00,94.78,4264.592782650438,Hold,4264.5927826505085,3061.369509044015
Hold,2023-02-28 14:00:00,94.98,4273.5917123458385,Hold,4273.591712345909,3067.829457364429
Hold,2023-02-28 15:00:00,95.68,4305.0879662797415,Hold,4305.087966279813,3090.4392764858767
Hold,2023-02-28 16:00:00,95.08,4278.091177193539,Hold,4278.09117719361,3071.059431524636
Hold,2023-02-28 17:00:00,95.38,4291.58957173664,Hold,4291.589571736711,3080.7493540052556
Hold,2023-02-28 18:00:00,95.05,4276.741337739229,Hold,4276.7413377393,3070.0904392765733
Hold,2023-02-28 19:00:00,94.57,4255.143906470266,Hold,4255.143906470337,3054.5865633075805
Hold,2023-02-28 20:00:00,94.24,4240.295672472855,Hold,4240.295672472925,3043.9276485788982
Hold,2023-02-28 21:00:00,93.53,4208.349472054182,Hold,4208.349472054252,3020.99483204143
Hold,2023-02-28 22:00:00,94.07,4232.646582231765,Hold,4232.646582231835,3038.4366925065465
Hold,2023-02-28 23:00:00,93.8,4220.498027142973,Hold,4220.498027143042,3029.7157622739887
Hold,2023-03-01 00:00:00,93.99,4229.0470103536045,Hold,4229.047010353674,3035.8527131783812
Hold,2023-03-01 01:00:00,94.65,4258.743478348427,Hold,4258.743478348497,3057.170542635747
Hold,2023-03-01 02:00:00,95.28,4287.090106888939,Hold,4287.09010688901,3077.5193798450496
Hold,2023-03-01 03:00:00,96.08,4323.085825670542,Hold,4323.085825670613,3103.3591731267043
Hold,2023-03-01 04:00:00,97.18,4372.579938995247,Hold,4372.57993899532,3138.88888888898
Hold,2023-03-01 05:00:00,96.95,4362.231169845537,Hold,4362.231169845609,3131.459948320504
Hold,2023-03-01 06:00:00,96.99,4364.030955784617,Hold,4364.0309557846895,3132.751937984586
Hold,2023-03-01 07:00:00,97.4,4382.478761660189,Hold,4382.478761660261,3145.994832041434
Hold,2023-03-01 08:00:00,97.87,4403.626246444381,Hold,4403.626246444453,3161.175710594406
Hold,2023-03-01 09:00:00,97.81,4400.926567535759,Hold,4400.926567535831,3159.237726098282
Hold,2023-03-01 10:00:00,98.0,4409.475550746391,Hold,4409.475550746462,3165.3746770026746
Hold,2023-03-01 11:00:00,97.72,4396.877049172829,Hold,4396.8770491729,3156.3307493540956
Hold,2023-03-01 12:00:00,97.51,4387.428172992659,Hold,4387.42817299273,3149.547803617662
Hold,2023-03-01 13:00:00,97.3,4377.9792968124875,Hold,4377.979296812558,3142.7648578812273
Hold,2023-03-01 14:00:00,97.31,4378.429243297258,Hold,4378.429243297329,3143.0878552972476
Hold,2023-03-01 15:00:00,97.56,4389.677905416509,Hold,4389.67790541658,3151.1627906977646
Hold,2023-03-01 16:00:00,97.61,4391.927637840358,Hold,4391.927637840428,3152.777777777868
Hold,2023-03-01 17:00:00,97.63,4392.827530809898,Hold,4392.827530809968,3153.4237726099086
Hold,2023-03-01 18:00:00,97.17,4372.129992510478,Hold,4372.129992510548,3138.5658914729574
Hold,2023-03-01 19:00:00,96.65,4348.732775302435,Hold,4348.732775302504,3121.7700258398822
Hold,2023-03-01 20:00:00,97.26,4376.179510873408,Hold,4376.179510873478,3141.472868217144
Hold,2023-03-01 21:00:00,97.51,4387.428172992659,Hold,4387.42817299273,3149.5478036176605
Hold,2023-03-01 22:00:00,97.4,4382.478761660189,Hold,4382.478761660259,3145.9948320414333
Hold,2023-03-01 23:00:00,97.78,4399.57672808145,Hold,4399.57672808152,3158.2687338502187
Hold,2023-03-02 00:00:00,97.34,4379.779082751568,Hold,4379.779082751638,3144.056847545309
Hold,2023-03-02 01:00:00,97.23,4374.829671419097,Hold,4374.829671419167,3140.5038759690815
Hold,2023-03-02 02:00:00,97.04,4366.280688208467,Hold,4366.280688208537,3134.3669250646885
Hold,2023-03-02 03:00:00,96.95,4362.231169845537,Hold,4362.231169845606,3131.459948320502
Hold,2023-03-02 04:00:00,97.3,4377.9792968124875,Hold,4377.979296812558,3142.7648578812264
Hold,2023-03-02 05:00:00,96.89,4359.531490936916,Hold,4359.531490936985,3129.5219638243784
Hold,2023-03-02 06:00:00,97.21,4373.9297784495575,Hold,4373.929778449627,3139.85788113704
Hold,2023-03-02 07:00:00,97.32,4378.8791897820265,Hold,4378.879189782097,3143.4108527132676
Hold,2023-03-02 08:00:00,97.1,4368.980367117087,Hold,4368.980367117156,3136.3049095608126
Hold,2023-03-02 09:00:00,96.68,4350.082614756746,Hold,4350.082614756815,3122.7390180879443
Hold,2023-03-02 10:00:00,96.63,4347.832882332895,Hold,4347.832882332964,3121.12403100784
Hold,2023-03-02 11:00:00,96.26,4331.184862396403,Hold,4331.1848623964715,3109.1731266150755
Hold,2023-03-02 12:00:00,95.72,4306.887752218821,Hold,4306.88775221889,3091.731266149958
Hold,2023-03-02 13:00:00,95.28,4287.090106888939,Hold,4287.090106889006,3077.519379845048
Hold,2023-03-02 14:00:00,94.71,4261.443157257047,Hold,4261.443157257114,3059.1085271318693
Hold,2023-03-02 15:00:00,94.59,4256.043799439807,Hold,4256.043799439874,3055.2325581396217
Hold,2023-03-02 16:00:00,94.03,4230.846796292685,Hold,4230.846796292752,3037.1447028424636
Hold,2023-03-02 17:00:00,94.36,4245.695030290096,Hold,4245.695030290163,3047.803617571146
Hold,2023-03-02 18:00:00,94.89,4269.542193982908,Hold,4269.542193982976,3064.922480620242
Hold,2023-03-02 19:00:00,94.93,4271.341979921989,Hold,4271.3419799220555,3066.2144702843248
Hold,2023-03-02 20:00:00,94.84,4267.292461559058,Hold,4267.2924615591255,3063.3074935401387
Hold,2023-03-02 21:00:00,95.05,4276.741337739229,Hold,4276.741337739297,3070.090439276573
Hold,2023-03-02 22:00:00,95.3,4287.989999858479,Hold,4287.989999858547,3078.16537467709
Hold,2023-03-02 23:00:00,95.39,4292.03951822141,Hold,4292.039518221477,3081.072351421277
Hold,2023-03-03 00:00:00,94.87,4268.6423010133685,Hold,4268.642301013435,3064.2764857882016
Trailing-Stop,2023-03-03 01:00:00,87.7,3946.0306714332496,Trailing stop 10.0% hit,3946.0306714333115,2832.6873385013732
Buy,2023-03-13 03:00:00,77.5,3946.0306714332496,Sinal: Compra,3946.0306714333115,2503.2299741602783
Hold,2023-03-13 04:00:00,77.39,3932.552934428496,Hold,3932.552934428558,2499.677002584051
Hold,2023-03-13 05:00:00,77.65,3945.764767519999,Hold,3945.7647675200615,2508.0749354005893
Hold,2023-03-13 06:00:00,77.92,3959.484748038098,Hold,3959.484748038161,2516.7958656331475
Hold,2023-03-13 07:00:00,77.94,3960.50104289129,Hold,3960.5010428913524,2517.441860465189
Hold,2023-03-13 08:00:00,76.44,3884.278928901851,Hold,3884.2789289019124,2468.992248062087
Hold,2023-03-13 09:00:00,75.03,3812.6301417517775,Hold,3812.630141751838,2423.449612403171
Hold,2023-03-13 10:00:00,75.74,3848.708609040112,Hold,3848.7086090401726,2446.3824289406393
Hold,2023-03-13 11:00:00,75.5,3836.513070801802,Hold,3836.5130708018623,2438.630490956143
Hold,2023-03-13 12:00:00,75.15,3818.7279108709326,Hold,3818.7279108709927,2427.3255813954197
Hold,2023-03-13 13:00:00,76.33,3878.6893072092917,Hold,3878.689307209353,2465.43927648586
Hold,2023-03-13 14:00:00,79.43,4036.2150094541344,Hold,4036.2150094541985,2565.5684754522713
Hold,2023-03-13 15:00:00,81.03,4117.518597709536,Hold,4117.518597709602,2617.2480620155798
Hold,2023-03-13 16:00:00,81.56,4144.450411319139,Hold,4144.450411319204,2634.366925064676
Hold,2023-03-13 17:00:00,81.44,4138.352642199983,Hold,4138.352642200049,2630.4909560724273
Hold,2023-03-13 18:00:00,81.94,4163.760013529796,Hold,4163.760013529863,2646.6408268734613
Hold,2023-03-13 19:00:00,81.25,4128.697841094655,Hold,4128.69784109472,2624.3540051680343
Hold,2023-03-13 20:00:00,81.25,4128.697841094655,Hold,4128.69784109472,2624.3540051680343
Hold,2023-03-13 21:00:00,81.52,4142.417821612754,Hold,4142.41782161282,2633.0749354005925
Hold,2023-03-13 22:00:00,82.4,4187.134795153224,Hold,4187.134795153292,2661.4987080104124
Hold,2023-03-13 23:00:00,81.46,4139.368937053176,Hold,4139.368937053242,2631.1369509044675
Hold,2023-03-14 00:00:00,80.69,4100.241585205263,Hold,4100.241585205329,2606.2661498708753
Hold,2023-03-14 01:00:00,81.32,4132.254873080828,Hold,4132.254873080894,2626.6149870801787
Hold,2023-03-14 02:00:00,80.64,4097.7008480722825,Hold,4097.700848072349,2604.6511627907726
Hold,2023-03-14 03:00:00,81.3,4131.238578227635,Hold,4131.2385782277015,2625.9689922481375
Hold,2023-03-14 04:00:00,81.21,4126.665251388268,Hold,4126.6652513883355,2623.062015503951
Hold,2023-03-14 05:00:00,80.66,4098.717142925475,Hold,4098.717142925541,2605.2971576228138
Hold,2023-03-14 06:00:00,80.52,4091.603078953127,Hold,4091.6030789531933,2600.775193798524
Hold,2023-03-14 07:00:00,80.18,4074.3260664488544,Hold,4074.3260664489203,2589.793281653821
Hold,2023-03-14 08:00:00,79.92,4061.114233357351,Hold,4061.1142333574167,2581.395348837283
Hold,2023-03-14 09:00:00,79.98,4064.163117916929,Hold,4064.163117916994,2583.333333333407
Hold,2023-03-14 10:00:00,80.66,4098.717142925475,Hold,4098.71714292554,2605.2971576228138
Hold,2023-03-14 11:00:00,80.84,4107.863796604208,Hold,4107.863796604273,2611.1111111111863
Hold,2023-03-14 12:00:00,86.22,4381.247112112998,Hold,4381.247112113068,2784.8837209303124
Hold,2023-03-14 13:00:00,86.33,4386.836733805557,Hold,4386.836733805627,2788.43669250654
Hold,2023-03-14 14:00:00,87.03,4422.407053667296,Hold,4422.407053667367,2811.046511627988
Hold,2023-03-14 15:00:00,87.68,4455.4366363960535,Hold,4455.436636396124,2832.041343669332
Hold,2023-03-14 16:00:00,87.11,4426.472233080066,Hold,4426.472233080137,2813.6304909561527
Hold,2023-03-14 17:00:00,86.45,4392.9345029247115,Hold,4392.9345029247825,2792.312661498788
Hold,2023-03-14 18:00:00,84.68,4302.9924084171735,Hold,4302.992408417243,2735.1421188631275
Hold,2023-03-14 19:00:00,84.19,4278.093184513957,Hold,4278.093184514026,2719.315245478114
Hold,2023-03-14 20:00:00,83.5,4243.0310120788145,Hold,4243.031012078883,2697.028423772687
Hold,2023-03-14 21:00:00,82.9,4212.542166483038,Hold,4212.5421664831065,2677.648578811446
Hold,2023-03-14 22:00:00,83.68,4252.177665757547,Hold,4252.1776657576165,2702.842377261059
Hold,2023-03-14 23:00:00,83.94,4265.389498849049,Hold,4265.389498849118,2711.2403100775964
Hold,2023-03-15 00:00:00,83.89,4262.848761716068,Hold,4262.848761716137,2709.6253229974936
Hold,2023-03-15 01:00:00,84.71,4304.516850696962,Hold,4304.516850697032,2736.1111111111895
Hold,2023-03-15 02:00:00,84.62,4299.943523857596,Hold,4299.943523857666,2733.2041343670035
Hold,2023-03-15 03:00:00,84.43,4290.288722752267,Hold,4290.288722752337,2727.067183462611
Hold,2023-03-15 04:00:00,85.13,4325.8590426140045,Hold,4325.8590426140745,2749.677002584058
Hold,2023-03-15 05:00:00,84.2,4278.601331940552,Hold,4278.601331940621,2719.6382428941347
Hold,2023-03-15 06:00:00,83.97,4266.913941128839,Hold,4266.913941128908,2712.209302325659
Hold,2023-03-15 07:00:00,84.1,4273.51985767459,Hold,4273.519857674659,2716.4082687339273
Hold,2023-03-15 08:00:00,83.62,4249.128781197969,Hold,4249.128781198037,2700.9043927649354
Hold,2023-03-15 09:00:00,82.44,4189.16738485961,Hold,4189.167384859677,2662.790697674495
Hold,2023-03-15 10:00:00,81.95,4164.268160956392,Hold,4164.26816095646,2646.9638242894816
Hold,2023-03-15 11:00:00,81.89,4161.219276396815,Hold,4161.219276396882,2645.0258397933576
Hold,2023-03-15 12:00:00,82.08,4170.874077502144,Hold,4170.874077502212,2651.16279069775
Hold,2023-03-15 13:00:00,81.17,4124.632661681884,Hold,4124.632661681951,2621.770025839868
Hold,2023-03-15 14:00:00,80.54,4092.6193738063193,Hold,4092.619373806385,2601.4211886305657
Trailing-Stop,2023-03-15 15:00:00,78.1,3968.6314017168306,Trailing stop 10.0% hit,3968.6314017168943,2522.6098191215187
Buy,2023-03-17 15:00:00,81.66,3968.6314017168306,Sinal: Compra,3968.6314017168943,2637.596899224881
Hold,2023-03-17 16:00:00,81.44,3950.0276007647367,Hold,3950.0276007648,2630.490956072426
Hold,2023-03-17 17:00:00,81.8,3967.488430041202,Hold,3967.4884300412655,2642.11886304917
Hold,2023-03-17 18:00:00,82.41,3997.074835204101,Hold,3997.0748352041655,2661.8217054264323
Hold,2023-03-17 19:00:00,82.83,4017.4458026933103,Hold,4017.4458026933744,2675.3875968993007
Hold,2023-03-17 20:00:00,82.73,4012.595572338737,Hold,4012.5955723388015,2672.157622739094
Hold,2023-03-17 21:00:00,83.54,4051.882438210783,Hold,4051.8824382108487,2698.32041343677
Hold,2023-03-17 22:00:00,84.44,4095.5345114019447,Hold,4095.534511402011,2727.390180878631
Hold,2023-03-17 23:00:00,85.51,4147.431976195883,Hold,4147.4319761959505,2761.9509043928438
Hold,2023-03-18 00:00:00,86.73,4206.604786521681,Hold,4206.604786521749,2801.3565891473672
Hold,2023-03-18 01:00:00,87.06,4222.610546691773,Hold,4222.610546691842,2812.0155038760495
Hold,2023-03-18 02:00:00,86.75,4207.574832592595,Hold,4207.574832592663,2802.0025839794084
Hold,2023-03-18 03:00:00,86.52,4196.419302777075,Hold,4196.4193027771435,2794.573643410932
Hold,2023-03-18 04:00:00,86.52,4196.419302777075,Hold,4196.4193027771435,2794.573643410932
Hold,2023-03-18 05:00:00,86.76,4208.059855628053,Hold,4208.059855628121,2802.3255813954283
Hold,2023-03-18 06:00:00,86.32,4186.718842067928,Hold,4186.718842067996,2788.113695090518
Hold,2023-03-18 07:00:00,86.44,4192.539118493417,Hold,4192.539118493484,2791.9896640827665
Hold,2023-03-18 08:00:00,85.67,4155.192344763201,Hold,4155.192344763267,2767.1188630491743
Hold,2023-03-18 09:00:00,86.03,4172.653174039665,Hold,4172.653174039732,2778.7467700259185
Hold,2023-03-18 10:00:00,86.32,4186.718842067928,Hold,4186.718842067996,2788.1136950905175
Hold,2023-03-18 11:00:00,86.93,4216.305247230828,Hold,4216.305247230896,2807.8165374677797
Hold,2023-03-18 12:00:00,86.73,4206.604786521681,Hold,4206.604786521749,2801.356589147366
Hold,2023-03-18 13:00:00,86.47,4193.994187599789,Hold,4193.9941875998575,2792.9586563308276
Hold,2023-03-18 14:00:00,86.74,4207.089809557137,Hold,4207.089809557205,2801.679586563386
Hold,2023-03-18 15:00:00,83.99,4073.7084748063635,Hold,4073.7084748064285,2712.8552971576987
Hold,2023-03-18 16:00:00,84.63,4104.7499490756345,Hold,4104.7499490757,2733.527131783022
Hold,2023-03-18 17:00:00,84.2,4083.893958550969,Hold,4083.893958551034,2719.638242894133
Hold,2023-03-18 18:00:00,85.07,4126.090962635759,Hold,4126.090962635824,2747.7390180879315
Hold,2023-03-18 19:00:00,84.28,4087.774142834627,Hold,4087.7741428346912,2722.222222222298
Hold,2023-03-18 20:00:00,84.56,4101.354787827434,Hold,4101.3547878274985,2731.266149870877
Hold,2023-03-18 21:00:00,84.03,4075.648566948193,Hold,4075.648566948257,2714.147286821781
Hold,2023-03-18 22:00:00,83.39,4044.6070926789225,Hold,4044.607092678986,2693.4754521964574
Hold,2023-03-18 23:00:00,83.02,4026.6612403669997,Hold,4026.661240367063,2681.5245478036923
Hold,2023-03-19 00:00:00,84.09,4078.5587051609377,Hold,4078.558705161002,2716.0852713179056
Hold,2023-03-19 01:00:00,83.98,4073.2234517709066,Hold,4073.2234517709703,2712.532299741678
Hold,2023-03-19 02:00:00,83.49,4049.457323033496,Hold,4049.4573230335595,2696.7054263566642
Hold,2023-03-19 03:00:00,83.73,4061.0978758844726,Hold,4061.097875884536,2704.457364341161
Hold,2023-03-19 04:00:00,83.49,4049.457323033496,Hold,4049.4573230335586,2696.7054263566642
Hold,2023-03-19 05:00:00,83.28,4039.2718392888914,Hold,4039.2718392889533,2689.9224806202305
Hold,2023-03-19 06:00:00,82.73,4012.595572338737,Hold,4012.595572338799,2672.157622739093
Hold,2023-03-19 07:00:00,83.0,4025.691194296085,Hold,4025.6911942961474,2680.878552971651
Hold,2023-03-19 08:00:00,82.95,4023.2660791187986,Hold,4023.2660791188605,2679.2635658915474
Hold,2023-03-19 09:00:00,83.06,4028.6013325088297,Hold,4028.6013325088916,2682.816537467775
Hold,2023-03-19 10:00:00,82.73,4012.595572338737,Hold,4012.595572338799,2672.1576227390924
Hold,2023-03-19 11:00:00,83.48,4048.972299998039,Hold,4048.972299998101,2696.382428940644
Hold,2023-03-19 12:00:00,83.7,4059.6428067781007,Hold,4059.6428067781626,2703.488372093099
Hold,2023-03-19 13:00:00,84.09,4078.5587051609377,Hold,4078.558705161,2716.0852713179056
Hold,2023-03-19 14:00:00,84.7,4108.145110323837,Hold,4108.145110323899,2735.788113695167
Hold,2023-03-19 15:00:00,84.9,4117.845571032984,Hold,4117.845571033045,2742.24806201558
Hold,2023-03-19 16:00:00,85.61,4152.282206550456,Hold,4152.282206550519,2765.1808785530484
Hold,2023-03-19 17:00:00,84.77,4111.540271572037,Hold,4111.540271572098,2738.0490956073113
Hold,2023-03-19 18:00:00,85.8,4161.497644224146,Hold,4161.497644224208,2771.3178294574413
Hold,2023-03-19 19:00:00,85.35,4139.671607628565,Hold,4139.671607628627,2756.78294573651
Hold,2023-03-19 20:00:00,84.15,4081.468843373682,Hold,4081.4688433737424,2718.0232558140287
Hold,2023-03-19 21:00:00,84.15,4081.468843373682,Hold,4081.4688433737424,2718.0232558140287
Hold,2023-03-19 22:00:00,85.03,4124.15087049393,Hold,4124.150870493991,2746.4470284238487
Hold,2023-03-19 23:00:00,83.98,4073.2234517709066,Hold,4073.2234517709667,2712.532299741677
Hold,2023-03-20 00:00:00,82.7,4011.1405032323646,Hold,4011.1405032324237,2671.18863049103
Hold,2023-03-20 01:00:00,83.39,4044.6070926789225,Hold,4044.6070926789826,2693.475452196457
Hold,2023-03-20 02:00:00,82.9,4020.8409639415117,Hold,4020.8409639415718,2677.6485788114437
Hold,2023-03-20 03:00:00,81.34,3945.177370410164,Hold,3945.1773704102225,2627.2609819122176
Hold,2023-03-20 04:00:00,81.67,3961.1831305802566,Hold,3961.1831305803153,2637.9198966408994
Hold,2023-03-20 05:00:00,81.87,3970.8835912894037,Hold,3970.883591289463,2644.379844961313
Hold,2023-03-20 06:00:00,81.57,3956.3329002256824,Hold,3956.3329002257415,2634.689922480692
Hold,2023-03-20 07:00:00,83.28,4039.2718392888914,Hold,4039.2718392889515,2689.9224806202287
Hold,2023-03-20 08:00:00,83.0,4025.691194296085,Hold,4025.6911942961456,2680.8785529716497
Hold,2023-03-20 09:00:00,82.19,3986.404328424039,Hold,3986.4043284240984,2654.7157622739746
Hold,2023-03-20 10:00:00,81.83,3968.943499147574,Hold,3968.9434991476332,2643.0878552972304
Hold,2023-03-20 11:00:00,81.66,3960.698107544799,Hold,3960.6981075448575,2637.596899224879
Hold,2023-03-20 12:00:00,82.2,3986.8893514594965,Hold,3986.8893514595557,2655.0387596899955
Hold,2023-03-20 13:00:00,81.53,3954.392808083853,Hold,3954.3928080839123,2633.39793281661
Hold,2023-03-20 14:00:00,82.26,3989.7994896722407,Hold,3989.7994896723003,2656.97674418612
Hold,2023-03-20 15:00:00,81.59,3957.302946296598,Hold,3957.302946296657,2635.335917312734
Hold,2023-03-20 16:00:00,80.44,3901.525297219001,Hold,3901.525297219059,2598.191214470356
Hold,2023-03-20 17:00:00,79.77,3869.0287538433577,Hold,3869.0287538434154,2576.5503875969707
Hold,2023-03-20 18:00:00,80.47,3902.9803663253733,Hold,3902.980366325431,2599.1602067184185
Hold,2023-03-20 19:00:00,79.69,3865.148569559699,Hold,3865.148569559756,2573.9664082688055
Hold,2023-03-20 20:00:00,80.4,3899.585205077172,Hold,3899.58520507723,2596.899224806274
Hold,2023-03-20 21:00:00,80.49,3903.9504123962874,Hold,3903.950412396346,2599.8062015504597
Hold,2023-03-20 22:00:00,79.92,3876.304099375219,Hold,3876.304099375277,2581.3953488372813
Trailing-Stop,2023-03-20 23:00:00,78.05,3785.604791744692,Trailing stop 10.0% hit,3785.604791744749,2520.994832041414
Buy,2023-03-22 22:00:00,86.38,3785.604791744692,Sinal: Compra,3785.604791744749,2790.051679586641
Hold,2023-03-22 23:00:00,87.27,3816.9636615528866,Hold,3816.9636615529434,2818.798449612482
Hold,2023-03-23 00:00:00,86.17,3768.852511928638,Hold,3768.8525119286937,2783.268733850207
Hold,2023-03-23 01:00:00,85.9,3757.043411566323,Hold,3757.043411566379,2774.547803617649
Hold,2023-03-23 02:00:00,87.11,3809.965676152996,Hold,3809.9656761530523,2813.6304909561513
Hold,2023-03-23 03:00:00,87.28,3817.40103564038,Hold,3817.4010356404365,2819.1214470285026
Hold,2023-03-23 04:00:00,86.73,3793.3454608282555,Hold,3793.345460828312,2801.3565891473654
Hold,2023-03-23 05:00:00,87.75,3837.957617752559,Hold,3837.9576177526164,2834.3023255814746
Hold,2023-03-23 06:00:00,87.96,3847.142473589915,Hold,3847.142473589972,2841.0852713179092
Hold,2023-03-23 07:00:00,87.91,3844.955603152449,Hold,3844.9556031525062,2839.4702842378056
Hold,2023-03-23 08:00:00,87.95,3846.7050995024224,Hold,3846.70509950248,2840.7622739018884
Hold,2023-03-23 09:00:00,90.39,3953.4243768507554,Hold,3953.4243768508145,2919.5736434109344
Hold,2023-03-23 10:00:00,91.32,3994.10016698762,Hold,3994.10016698768,2949.6124031008576
Hold,2023-03-23 11:00:00,90.76,3969.607218088003,Hold,3969.6072180880624,2931.5245478037
Hold,2023-03-23 12:00:00,91.03,3981.416318450318,Hold,3981.416318450378,2940.2454780362586
Hold,2023-03-23 13:00:00,89.77,3926.307183426179,Hold,3926.307183426238,2899.5478036176523
Hold,2023-03-23 14:00:00,91.32,3994.10016698762,Hold,3994.1001669876796,2949.612403100858
Hold,2023-03-23 15:00:00,92.62,4050.9587983617325,Hold,4050.958798361793,2991.602067183547
Hold,2023-03-23 16:00:00,94.33,4125.749767323064,Hold,4125.749767323125,3046.8346253230834
Hold,2023-03-23 17:00:00,92.98,4066.704265511486,Hold,4066.7042655115465,3003.2299741602915
Hold,2023-03-23 18:00:00,92.66,4052.7082947117046,Hold,4052.708294711765,2992.89405684763
Hold,2023-03-23 19:00:00,93.81,4103.006314773419,Hold,4103.00631477348,3030.038759690009
Hold,2023-03-23 20:00:00,93.02,4068.4537618614586,Hold,4068.4537618615186,3004.521963824375
Hold,2023-03-23 21:00:00,92.44,4043.086064786855,Hold,4043.0860647869144,2985.7881136951755
Hold,2023-03-23 22:00:00,93.23,4077.6386176988153,Hold,4077.6386176988754,3011.3049095608094
Hold,2023-03-23 23:00:00,93.61,4094.2588330235562,Hold,4094.2588330236163,3023.578811369595
Hold,2023-03-24 00:00:00,92.72,4055.3325392366637,Hold,4055.332539236723,2994.832041343754
Hold,2023-03-24 01:00:00,93.05,4069.765884123938,Hold,4069.7658841239972,3005.490956072436
Hold,2023-03-24 02:00:00,92.91,4063.642646899034,Hold,4063.642646899093,3000.968992248146
Hold,2023-03-24 03:00:00,93.37,4083.76185492372,Hold,4083.7618549237786,3015.826873385098
Hold,2023-03-24 04:00:00,93.22,4077.2012436113223,Hold,4077.2012436113814,3010.9819121447877
Hold,2023-03-24 05:00:00,95.57,4179.984154172217,Hold,4179.984154172278,3086.8863049096476
Hold,2023-03-24 06:00:00,95.01,4155.4912052725995,Hold,4155.4912052726595,3068.79844961249
Hold,2023-03-24 07:00:00,95.17,4162.48919067249,Hold,4162.489190672551,3073.966408268821
Hold,2023-03-24 08:00:00,92.63,4051.396172449225,Hold,4051.3961724492847,2991.9250645995676
Hold,2023-03-24 09:00:00,91.5,4001.972900562497,Hold,4001.9729005625563,2955.4263565892306
Hold,2023-03-24 10:00:00,92.23,4033.901208949499,Hold,4033.901208949558,2979.0051679587405
Hold,2023-03-24 11:00:00,91.79,4014.6567490997995,Hold,4014.656749099858,2964.7932816538305
Hold,2023-03-24 12:00:00,91.79,4014.6567490997995,Hold,4014.656749099858,2964.7932816538305
Hold,2023-03-24 14:00:00,91.17,3987.539555675223,Hold,3987.539555675281,2944.7674418605484
Hold,2023-03-24 15:00:00,91.33,3994.537541075113,Hold,3994.5375410751717,2949.935400516879
Hold,2023-03-24 16:00:00,92.03,4025.1537271996353,Hold,4025.1537271996945,2972.545219638326
Hold,2023-03-24 17:00:00,90.25,3947.301139625851,Hold,3947.301139625909,2915.051679586645
Hold,2023-03-24 18:00:00,90.66,3965.2334772130707,Hold,3965.2334772131285,2928.2945736434935
Hold,2023-03-24 19:00:00,91.43,3998.911281950045,Hold,3998.911281950104,2953.165374677086
Hold,2023-03-24 20:00:00,90.64,3964.3587290380847,Hold,3964.358729038143,2927.6485788114524
Hold,2023-03-24 21:00:00,91.23,3990.163800200182,Hold,3990.1638002002405,2946.705426356673
Hold,2023-03-24 22:00:00,92.56,4048.3345538367735,Hold,4048.334553836833,2989.664082687423
Hold,2023-03-24 23:00:00,93.58,4092.9467107610762,Hold,4092.9467107611367,3022.609819121532
Hold,2023-03-25 00:00:00,93.31,4081.137610398761,Hold,4081.1376103988214,3013.888888888974
Hold,2023-03-25 01:00:00,92.64,4051.833546536718,Hold,4051.8335465367777,2992.2480620155884
Hold,2023-03-25 02:00:00,92.75,4056.6446614991432,Hold,4056.6446614992033,2995.8010335918157
Hold,2023-03-25 03:00:00,92.11,4028.6527198995805,Hold,4028.6527198996405,2975.129198966492
Hold,2023-03-25 04:00:00,93.24,4078.0759917863084,Hold,4078.075991786369,3011.6279069768284
Hold,2023-03-25 05:00:00,92.81,4059.2689060241023,Hold,4059.268906024163,2997.7390180879393
Hold,2023-03-25 06:00:00,92.61,4050.5214242742386,Hold,4050.521424274299,2991.2790697675255
Hold,2023-03-25 07:00:00,92.72,4055.3325392366637,Hold,4055.3325392367246,2994.8320413437536
Hold,2023-03-25 08:00:00,91.73,4012.0325045748405,Hold,4012.0325045749005,2962.8552971577064
Hold,2023-03-25 09:00:00,92.37,4040.0244461744032,Hold,4040.0244461744633,2983.5271317830297
Hold,2023-03-25 10:00:00,93.25,4078.513365873802,Hold,4078.5133658738628,3011.9509043928497
Hold,2023-03-25 11:00:00,93.49,4089.0103439736376,Hold,4089.0103439736986,3019.702842377346
Hold,2023-03-25 12:00:00,93.0,4067.5790136864725,Hold,4067.579013686533,3003.8759689923327
Hold,2023-03-25 13:00:00,93.22,4077.2012436113223,Hold,4077.2012436113832,3010.9819121447877
Hold,2023-03-25 14:00:00,92.71,4054.89516514917,Hold,4054.8951651492303,2994.509043927733
Hold,2023-03-25 15:00:00,92.47,4044.398187049335,Hold,4044.398187049395,2986.7571059432366
Hold,2023-03-25 16:00:00,92.4,4041.3365684368828,Hold,4041.3365684369423,2984.496124031092
Hold,2023-03-25 17:00:00,92.17,4031.2769644245395,Hold,4031.276964424599,2977.067183462616
Hold,2023-03-25 18:00:00,91.07,3983.1658148002907,Hold,3983.1658148003494,2941.537467700341
Hold,2023-03-25 19:00:00,90.22,3945.989017363371,Hold,3945.9890173634294,2914.0826873385836
Hold,2023-03-25 20:00:00,90.56,3960.859736338139,Hold,3960.8597363381978,2925.064599483287
Hold,2023-03-25 21:00:00,91.16,3987.1021815877293,Hold,3987.1021815877884,2944.4444444445276
Hold,2023-03-25 22:00:00,91.22,3989.7264261126884,Hold,3989.7264261127475,2946.3824289406516
Hold,2023-03-25 23:00:00,91.5,4001.972900562497,Hold,4001.9729005625563,2955.4263565892306
Hold,2023-03-26 00:00:00,91.74,4012.469878662333,Hold,4012.469878662392,2963.178294573727
Hold,2023-03-26 01:00:00,93.64,4095.5709552860353,Hold,4095.570955286096,3024.5478036176564
Hold,2023-03-26 02:00:00,93.2,4076.326495436336,Hold,4076.3264954363967,3010.3359173127465
Hold,2023-03-26 03:00:00,93.34,4082.4497326612404,Hold,4082.449732661302,3014.857881137036
Hold,2023-03-26 04:00:00,93.38,4084.199229011213,Hold,4084.199229011275,3016.149870801119
Hold,2023-03-26 05:00:00,94.49,4132.747752722954,Hold,4132.747752723017,3052.0025839794143
Hold,2023-03-26 06:00:00,93.57,4092.5093366735828,Hold,4092.509336673644,3022.286821705512
Hold,2023-03-26 07:00:00,93.48,4088.5729698861446,Hold,4088.572969886206,3019.379844961326
Hold,2023-03-26 08:00:00,93.68,4097.320451636008,Hold,4097.32045163607,3025.8397932817397
Hold,2023-03-26 09:00:00,93.67,4096.883077548516,Hold,4096.883077548578,3025.516795865719
Hold,2023-03-26 10:00:00,93.59,4093.3840848485697,Hold,4093.3840848486316,3022.932816537553
Hold,2023-03-26 11:00:00,93.93,4108.254803823337,Hold,4108.2548038234,3033.9147286822563
Hold,2023-03-26 12:00:00,94.04,4113.065918785763,Hold,4113.065918785825,3037.4677002584835
Hold,2023-03-26 13:00:00,94.57,4136.2467454229,Hold,4136.246745422963,3054.5865633075796
Sell,2023-03-26 14:00:00,92.57,4048.771927924266,Sinal: Venda,4048.771927924327,2989.9870801034435
Buy,2023-03-26 17:00:00,93.07,4048.771927924266,Sinal: Compra,4048.771927924327,3006.1369509044775
Hold,2023-03-26 18:00:00,93.36,4053.2689211343572,Hold,4053.2689211344186,3015.5038759690774
Hold,2023-03-26 19:00:00,93.02,4038.50765899655,Hold,4038.507658996611,3004.521963824374
Hold,2023-03-26 20:00:00,92.79,4028.522099315093,Hold,4028.5220993151543,2997.0930232558985
Hold,2023-03-26 21:00:00,93.16,4044.5858257591763,Hold,4044.5858257592377,3009.0439276486636
Hold,2023-03-26 22:00:00,94.2,4089.737921710116,Hold,4089.737921710178,3042.6356589148145
Hold,2023-03-26 23:00:00,93.32,4051.5323020593205,Hold,4051.532302059382,3014.211886304994
Hold,2023-03-27 00:00:00,93.49,4058.9129331282247,Hold,4058.912933128286,3019.7028423773463
Hold,2023-03-27 01:00:00,92.34,4008.985134720936,Hold,4008.985134720997,2982.558139534968
Hold,2023-03-27 02:00:00,92.51,4016.3657657898398,Hold,4016.3657657899003,2988.0490956073195
Hold,2023-03-27 03:00:00,92.49,4015.497456252321,Hold,4015.4974562523817,2987.403100775278
Hold,2023-03-27 04:00:00,92.55,4018.102384864875,Hold,4018.102384864936,2989.341085271402
Hold,2023-03-27 05:00:00,91.34,3965.569657845032,Hold,3965.569657845092,2950.2583979328997
Hold,2023-03-27 06:00:00,91.44,3969.9112055326223,Hold,3969.9112055326827,2953.4883720931066
Hold,2023-03-27 07:00:00,91.84,3987.2773962829842,Hold,3987.2773962830447,2966.408268733934
Hold,2023-03-27 08:00:00,92.2,4002.906967958309,Hold,4002.90696795837,2978.036175710679
Hold,2023-03-27 09:00:00,92.31,4007.682670414659,Hold,4007.6826704147193,2981.589147286906
Hold,2023-03-27 10:00:00,92.09,3998.13126550196,Hold,3998.1312655020206,2974.483204134451
Hold,2023-03-27 11:00:00,92.25,4005.0777418021044,Hold,4005.0777418021653,2979.651162790782
Hold,2023-03-27 12:00:00,92.11,3998.999575039478,Hold,3998.9995750395387,2975.1291989664924
Hold,2023-03-27 13:00:00,92.91,4033.7319565402004,Hold,4033.7319565402618,3000.968992248147
Hold,2023-03-27 14:00:00,89.36,3879.607013630743,Hold,3879.6070136308017,2886.3049095608053
Hold,2023-03-27 15:00:00,89.03,3865.279906261695,Hold,3865.2799062617532,2875.645994832123
Hold,2023-03-27 16:00:00,88.79,3854.8601918114787,Hold,3854.860191811537,2867.894056847627
Hold,2023-03-27 17:00:00,88.16,3827.5084413796585,Hold,3827.5084413797163,2847.545219638324
Hold,2023-03-27 18:00:00,88.97,3862.6749776491406,Hold,3862.674977649199,2873.708010335999
Hold,2023-03-27 19:00:00,88.56,3844.87463213002,Hold,3844.8746321300778,2860.465116279151
Hold,2023-03-27 20:00:00,88.73,3852.255263198924,Hold,3852.2552631989815,2865.956072351503
Hold,2023-03-27 21:00:00,88.95,3861.806668111623,Hold,3861.8066681116807,2873.062015503958
Hold,2023-03-27 22:00:00,88.56,3844.87463213002,Hold,3844.8746321300773,2860.4651162791506
Hold,2023-03-27 23:00:00,89.23,3873.963001636876,Hold,3873.9630016369333,2882.105943152537
Hold,2023-03-28 00:00:00,88.03,3821.864429385791,Hold,3821.864429385848,2843.3462532300546
Hold,2023-03-28 01:00:00,87.84,3813.61548877937,Hold,3813.615488779427,2837.209302325662
Hold,2023-03-28 02:00:00,86.92,3773.673250053538,Hold,3773.6732500535945,2807.4935400517593
Hold,2023-03-28 03:00:00,86.55,3757.609523609454,Hold,3757.60952360951,2795.542635658994
Hold,2023-03-28 04:00:00,86.58,3758.911987915731,Hold,3758.9119879157874,2796.511627907056
Hold,2023-03-28 05:00:00,86.93,3774.1074048222977,Hold,3774.1074048223536,2807.8165374677806
Hold,2023-03-28 06:00:00,87.46,3797.117607566526,Hold,3797.1176075665826,2824.935400516876
Hold,2023-03-28 07:00:00,86.84,3770.200011903466,Hold,3770.200011903522,2804.9095607235945
Hold,2023-03-28 08:00:00,86.99,3776.712333434851,Hold,3776.712333434907,2809.7545219639046
Hold,2023-03-28 09:00:00,86.45,3753.267975921864,Hold,3753.2679759219195,2792.3126614987877
Hold,2023-03-28 10:00:00,86.06,3736.335939940261,Hold,3736.335939940316,2779.715762273981
Hold,2023-03-28 11:00:00,87.51,3799.2883814103216,Hold,3799.288381410378,2826.55038759698
Hold,2023-03-28 12:00:00,86.29,3746.3214996217193,Hold,3746.321499621775,2787.144702842457
Hold,2023-03-28 13:00:00,86.27,3745.453190084201,Hold,3745.4531900842567,2786.498708010415
Hold,2023-03-28 14:00:00,86.87,3771.5024762097437,Hold,3771.5024762097996,2805.8785529716565
Hold,2023-03-28 15:00:00,87.37,3793.210214647695,Hold,3793.2102146477514,2822.02842377269
Hold,2023-03-28 16:00:00,86.52,3756.3070593031766,Hold,3756.3070593032326,2794.573643410932
Hold,2023-03-28 17:00:00,86.36,3749.3605830030324,Hold,3749.3605830030883,2789.405684754601
Hold,2023-03-28 18:00:00,88.45,3840.098929673671,Hold,3840.098929673728,2856.912144702924
Hold,2023-03-28 19:00:00,88.92,3860.5042038053457,Hold,3860.5042038054025,2872.093023255896
Hold,2023-03-28 20:00:00,88.3,3833.586608142285,Hold,3833.5866081423414,2852.0671834626132
Hold,2023-03-28 21:00:00,88.5,3842.269703517466,Hold,3842.2697035175224,2858.527131783027
Hold,2023-03-28 22:00:00,88.55,3844.440477361261,Hold,3844.440477361318,2860.1421188631307
Hold,2023-03-28 23:00:00,89.13,3869.6214539492853,Hold,3869.6214539493426,2878.8759689923304
Hold,2023-03-29 00:00:00,89.0,3863.977441955418,Hold,3863.977441955475,2874.6770025840615
Hold,2023-03-29 01:00:00,89.53,3886.987644699647,Hold,3886.987644699704,2891.795865633157
Hold,2023-03-29 02:00:00,89.86,3901.314752068695,Hold,3901.3147520687526,2902.4547803618398
Hold,2023-03-29 03:00:00,89.51,3886.1193351621287,Hold,3886.1193351621864,2891.149870801116
Hold,2023-03-29 04:00:00,90.65,3935.6129788006588,Hold,3935.6129788007174,2927.9715762274736
Hold,2023-03-29 05:00:00,90.68,3936.915443106936,Hold,3936.915443106994,2928.940568475535
Hold,2023-03-29 06:00:00,92.03,3995.5263368894057,Hold,3995.5263368894653,2972.545219638327
Hold,2023-03-29 07:00:00,92.04,3995.9604916581648,Hold,3995.9604916582243,2972.8682170543484
Hold,2023-03-29 08:00:00,92.72,4025.483015933779,Hold,4025.4830159338385,2994.8320413437546
Hold,2023-03-29 09:00:00,92.07,3997.2629559644415,Hold,3997.262955964501,2973.83720930241
Hold,2023-03-29 10:00:00,91.89,3989.448170126779,Hold,3989.4481701268387,2968.023255814038
Hold,2023-03-29 11:00:00,92.02,3995.092182120646,Hold,3995.092182120706,2972.2222222223068
Hold,2023-03-29 12:00:00,91.31,3964.2671935387552,Hold,3964.267193538815,2949.2894056848386
Hold,2023-03-29 13:00:00,91.12,3956.018252932334,Hold,3956.018252932393,2943.1524547804456
Hold,2023-03-29 14:00:00,90.73,3939.086216950731,Hold,3939.0862169507905,2930.5555555556393
Hold,2023-03-29 15:00:00,91.51,3972.9502889139358,Hold,3972.9502889139953,2955.7493540052524
Hold,2023-03-29 16:00:00,91.04,3952.5450147822617,Hold,3952.545014782321,2940.56847545228
Hold,2023-03-29 17:00:00,91.92,3990.7506344330563,Hold,3990.750634433116,2968.9922480621
Hold,2023-03-29 18:00:00,92.47,4014.629146714803,Hold,4014.6291467148626,2986.7571059432366
Hold,2023-03-29 19:00:00,92.4,4011.59006333349,Hold,4011.59006333355,2984.496124031092
Hold,2023-03-29 20:00:00,92.1,3998.5654202707187,Hold,3998.5654202707788,2974.806201550471
Hold,2023-03-29 21:00:00,91.54,3974.252753220213,Hold,3974.2527532202726,2956.7183462533135
Hold,2023-03-29 22:00:00,91.32,3964.7013483075134,Hold,3964.7013483075734,2949.612403100858
Hold,2023-03-29 23:00:00,91.31,3964.2671935387552,Hold,3964.2671935388153,2949.2894056848377
Hold,2023-03-30 00:00:00,90.37,3923.4566452754057,Hold,3923.456645275465,2918.9276485788937
Hold,2023-03-30 01:00:00,89.93,3904.3538354500083,Hold,3904.3538354500674,2904.7157622739837
Hold,2023-03-30 02:00:00,92.54,4017.6682300961165,Hold,4017.6682300961775,2989.0180878553815
Hold,2023-03-30 03:00:00,90.03,3908.695383137598,Hold,3908.695383137657,2907.94573643419
Hold,2023-03-30 04:00:00,90.34,3922.154180969129,Hold,3922.1541809691876,2917.9586563308317
Hold,2023-03-30 05:00:00,90.45,3926.929883425478,Hold,3926.9298834255364,2921.5116279070594
Hold,2023-03-30 06:00:00,90.3,3920.417561894092,Hold,3920.417561894151,2916.6666666667493
Hold,2023-03-30 07:00:00,90.64,3935.1788240318997,Hold,3935.178824031959,2927.6485788114524
Hold,2023-03-30 08:00:00,90.02,3908.261228368839,Hold,3908.261228368898,2907.6227390181703
Hold,2023-03-30 09:00:00,90.06,3909.997847443876,Hold,3909.997847443935,2908.914728682253
Hold,2023-03-30 10:00:00,90.23,3917.378478512779,Hold,3917.3784785128382,2914.4056847546044
Hold,2023-03-30 11:00:00,90.04,3909.1295379063577,Hold,3909.1295379064163,2908.268733850212
Hold,2023-03-30 12:00:00,90.1,3911.7344665189116,Hold,3911.7344665189707,2910.2067183463355
Hold,2023-03-30 13:00:00,89.75,3896.5390496123455,Hold,3896.5390496124046,2898.9018087856116
Hold,2023-03-30 14:00:00,89.54,3887.421799468406,Hold,3887.4217994684645,2892.118863049178
Hold,2023-03-30 15:00:00,89.15,3870.4897634868034,Hold,3870.4897634868616,2879.5219638243716
Hold,2023-03-30 16:00:00,89.05,3866.148215799213,Hold,3866.148215799272,2876.2919896641647
Hold,2023-03-30 17:00:00,87.23,3787.132047885069,Hold,3787.132047885126,2817.506459948401
Hold,2023-03-30 18:00:00,88.0,3820.5619650795143,Hold,3820.561965079572,2842.377260981994
Hold,2023-03-30 19:00:00,88.33,3834.8890724485623,Hold,3834.88907244862,2853.036175710676
Hold,2023-03-30 20:00:00,89.48,3884.816870855852,Hold,3884.81687085591,2890.1808785530548
Hold,2023-03-30 21:00:00,89.01,3864.411596724177,Hold,3864.411596724235,2875.0000000000828
Hold,2023-03-30 22:00:00,88.55,3844.440477361261,Hold,3844.440477361319,2860.142118863131
Hold,2023-03-30 23:00:00,89.06,3866.582370567972,Hold,3866.5823705680305,2876.614987080186
Hold,2023-03-31 00:00:00,89.28,3876.133775480671,Hold,3876.13377548073,2883.720930232641
Hold,2023-03-31 01:00:00,89.4,3881.34363270578,Hold,3881.343632705839,2887.5968992248895
Hold,2023-03-31 02:00:00,89.57,3888.7242637746826,Hold,3888.7242637747418,2893.0878552972404
Hold,2023-03-31 03:00:00,89.76,3896.9732043811046,Hold,3896.973204381164,2899.224806201634
Hold,2023-03-31 04:00:00,90.05,3909.5636926751163,Hold,3909.5636926751763,2908.591731266233
Hold,2023-03-31 05:00:00,89.46,3883.9485613183333,Hold,3883.948561318393,2889.5348837210126
Hold,2023-03-31 06:00:00,89.08,3867.45068010549,Hold,3867.4506801055495,2877.2609819122267
Hold,2023-03-31 07:00:00,88.17,3827.942596148418,Hold,3827.942596148477,2847.8682170543448
Hold,2023-03-31 08:00:00,88.13,3826.2059770733813,Hold,3826.2059770734404,2846.576227390262
Hold,2023-03-31 09:00:00,88.06,3823.1668936920687,Hold,3823.166893692128,2844.3152454781175
Hold,2023-03-31 10:00:00,88.17,3827.942596148418,Hold,3827.942596148477,2847.8682170543443
Hold,2023-03-31 11:00:00,88.33,3834.8890724485623,Hold,3834.8890724486214,2853.036175710675
Hold,2023-03-31 12:00:00,89.15,3870.4897634868034,Hold,3870.489763486863,2879.521963824371
Hold,2023-03-31 13:00:00,89.71,3894.802430537309,Hold,3894.8024305373697,2897.6098191215283
Hold,2023-03-31 14:00:00,89.84,3900.446442531177,Hold,3900.4464425312376,2901.8087855297977
Hold,2023-03-31 15:00:00,89.56,3888.290109005924,Hold,3888.290109005984,2892.7648578812186
Hold,2023-03-31 16:00:00,89.33,3878.304549324466,Hold,3878.3045493245263,2885.335917312743
Hold,2023-03-31 17:00:00,89.14,3870.0556087180444,Hold,3870.0556087181044,2879.19896640835
Hold,2023-03-31 18:00:00,89.18,3871.7922277930807,Hold,3871.792227793141,2880.490956072433
Hold,2023-03-31 19:00:00,89.75,3896.5390496123455,Hold,3896.5390496124064,2898.9018087856116
Hold,2023-03-31 20:00:00,89.59,3889.592573312201,Hold,3889.5925733122617,2893.7338501292807
Hold,2023-03-31 21:00:00,89.88,3902.1830616062125,Hold,3902.183061606274,2903.100775193881
Hold,2023-03-31 22:00:00,90.02,3908.261228368839,Hold,3908.2612283689004,2907.6227390181703
Hold,2023-03-31 23:00:00,89.57,3888.7242637746826,Hold,3888.7242637747436,2893.087855297239
Hold,2023-04-01 00:00:00,89.58,3889.158418543442,Hold,3889.1584185435036,2893.41085271326
Hold,2023-04-01 01:00:00,92.46,4014.1949919460435,Hold,4014.1949919461063,2986.434108527216
Hold,2023-04-01 02:00:00,93.61,4064.122790353333,Hold,4064.1227903533972,3023.578811369594
Hold,2023-04-01 03:00:00,93.31,4051.0981472905623,Hold,4051.0981472906265,3013.8888888889737
Hold,2023-04-01 04:00:00,93.41,4055.439694978152,Hold,4055.439694978217,3017.11886304918
Hold,2023-04-01 05:00:00,92.9,4033.2978017714418,Hold,4033.2978017715063,3000.645994832126
Hold,2023-04-01 06:00:00,93.5,4059.347087896984,Hold,4059.3470878970484,3020.0258397933662
Hold,2023-04-01 07:00:00,93.47,4058.0446235907066,Hold,4058.0446235907716,3019.056847545304
Hold,2023-04-01 08:00:00,93.05,4039.8101233028274,Hold,4039.8101233028915,3005.4909560724354
Hold,2023-04-01 09:00:00,93.24,4048.0590639092484,Hold,4048.059063909313,3011.6279069768284
Hold,2023-04-01 10:00:00,93.24,4048.0590639092484,Hold,4048.059063909313,3011.6279069768284
Hold,2023-04-01 11:00:00,93.3,4050.6639925218033,Hold,4050.6639925218674,3013.5658914729524
Hold,2023-04-01 12:00:00,93.39,4054.5713854406345,Hold,4054.571385440698,3016.4728682171394
Hold,2023-04-01 13:00:00,93.51,4059.781242665743,Hold,4059.7812426658065,3020.348837209388
Hold,2023-04-01 14:00:00,92.9,4033.2978017714418,Hold,4033.2978017715054,3000.6459948321262
Hold,2023-04-01 15:00:00,92.92,4034.16611130896,Hold,4034.166111309023,3001.291989664168
Hold,2023-04-01 16:00:00,91.98,3993.355563045611,Hold,3993.3555630456735,2970.930232558224
Hold,2023-04-01 17:00:00,92.41,4012.0242181022486,Hold,4012.0242181023114,2984.8191214471126
Hold,2023-04-01 18:00:00,92.5,4015.9316110210802,Hold,4015.931611021143,2987.726098191299
Hold,2023-04-01 19:00:00,92.44,4013.3266824085263,Hold,4013.3266824085895,2985.788113695175
Hold,2023-04-01 20:00:00,92.22,4003.775277495827,Hold,4003.7752774958904,2978.68217054272
Hold,2023-04-01 21:00:00,92.62,4021.141468246189,Hold,4021.1414682462523,2991.6020671835477
Hold,2023-04-01 22:00:00,92.93,4034.600266077719,Hold,4034.600266077782,3001.6149870801887
Hold,2023-04-01 23:00:00,92.57,4018.9706944023933,Hold,4018.970694402456,2989.9870801034435
Hold,2023-04-02 00:00:00,92.5,4015.9316110210802,Hold,4015.931611021143,2987.726098191299
Hold,2023-04-02 01:00:00,93.03,4038.9418137653092,Hold,4038.941813765373,3004.8449612403956
Hold,2023-04-02 02:00:00,92.47,4014.629146714803,Hold,4014.6291467148662,2986.757105943237
Hold,2023-04-02 03:00:00,92.56,4018.5365396336347,Hold,4018.536539633699,2989.664082687423
Hold,2023-04-02 04:00:00,92.55,4018.102384864875,Hold,4018.1023848649397,2989.341085271402
Hold,2023-04-02 05:00:00,92.85,4031.1270279276464,Hold,4031.1270279277114,2999.0310077520226
Hold,2023-04-02 06:00:00,93.67,4066.727718965887,Hold,4066.7277189659526,3025.516795865719
Hold,2023-04-02 07:00:00,94.2,4089.737921710116,Hold,4089.7379217101825,3042.635658914815
Hold,2023-04-02 08:00:00,93.33,4051.96645682808,Hold,4051.966456828146,3014.5348837210154
Hold,2023-04-02 09:00:00,93.78,4071.503421422237,Hold,4071.5034214223033,3029.0697674419457
Hold,2023-04-02 10:00:00,93.55,4061.517861740779,Hold,4061.517861740845,3021.6408268734704
Hold,2023-04-02 11:00:00,93.59,4063.254480815815,Hold,4063.254480815881,3022.932816537553
Hold,2023-04-02 12:00:00,93.55,4061.517861740779,Hold,4061.517861740845,3021.6408268734704
Hold,2023-04-02 13:00:00,93.92,4077.5815881848634,Hold,4077.5815881849294,3033.591731266236
Hold,2023-04-02 14:00:00,93.54,4061.08370697202,Hold,4061.083706972086,3021.3178294574504
Hold,2023-04-02 15:00:00,92.53,4017.2340753273575,Hold,4017.234075327423,2988.6950904393616
Hold,2023-04-02 16:00:00,92.67,4023.312242089984,Hold,4023.312242090049,2993.217054263651
Hold,2023-04-02 17:00:00,92.46,4014.1949919460435,Hold,4014.194991946108,2986.4341085272163
Hold,2023-04-02 18:00:00,91.87,3988.579860589261,Hold,3988.579860589325,2967.377260981996
Hold,2023-04-02 19:00:00,90.89,3946.032693250875,Hold,3946.0326932509392,2935.7235142119694
Hold,2023-04-02 20:00:00,91.47,3971.2136698388995,Hold,3971.213669838964,2954.4573643411686
Hold,2023-04-02 21:00:00,91.66,3979.4626104453214,Hold,3979.462610445386,2960.594315245561
Hold,2023-04-02 22:00:00,92.82,4029.824563621369,Hold,4029.8245636214347,2998.06201550396
Hold,2023-04-02 23:00:00,92.77,4027.6537897775743,Hold,4027.6537897776398,2996.4470284238564
Hold,2023-04-03 00:00:00,93.11,4042.4150519153814,Hold,4042.4150519154464,3007.42894056856
Hold,2023-04-03 01:00:00,91.02,3951.6767052447426,Hold,3951.6767052448063,2939.9224806202374
Hold,2023-04-03 02:00:00,91.31,3964.2671935387552,Hold,3964.267193538819,2949.2894056848377
Hold,2023-04-03 03:00:00,90.95,3948.63762186343,Hold,3948.637621863493,2937.661498708093
Hold,2023-04-03 04:00:00,91.16,3957.754872007369,Hold,3957.7548720074324,2944.444444444527
Hold,2023-04-03 05:00:00,90.99,3950.3742409384654,Hold,3950.3742409385286,2938.953488372176
Hold,2023-04-03 06:00:00,91.33,3965.135503076273,Hold,3965.135503076337,2949.935400516879
Hold,2023-04-03 07:00:00,91.76,3983.8041581329117,Hold,3983.804158132976,2963.8242894057685
Hold,2023-04-03 08:00:00,93.14,4043.7175162216586,Hold,4043.717516221724,3008.397932816622
Hold,2023-04-03 09:00:00,92.61,4020.7073134774296,Hold,4020.7073134774946,2991.279069767526
Hold,2023-04-03 10:00:00,92.38,4010.7217537959714,Hold,4010.7217537960364,2983.85012919905
Hold,2023-04-03 11:00:00,92.61,4020.7073134774296,Hold,4020.7073134774955,2991.279069767526
Hold,2023-04-03 12:00:00,92.86,4031.5611826964055,Hold,4031.5611826964714,2999.3540051680434
Hold,2023-04-03 13:00:00,92.52,4016.7999205585984,Hold,4016.799920558664,2988.3720930233403
Hold,2023-04-03 14:00:00,91.59,3976.423527064008,Hold,3976.4235270640725,2958.333333333417
Hold,2023-04-03 15:00:00,91.92,3990.7506344330563,Hold,3990.7506344331214,2968.9922480620994
Hold,2023-04-03 16:00:00,91.73,3982.501693826635,Hold,3982.5016938267004,2962.8552971577064
Hold,2023-04-03 17:00:00,92.0,3994.2238725831285,Hold,3994.2238725831935,2971.576227390264
Hold,2023-04-03 18:00:00,93.97,4079.7523620286584,Hold,4079.752362028725,3035.2067183463387
Hold,2023-04-03 19:00:00,93.43,4056.3080045156707,Hold,4056.3080045157367,3017.764857881222
Hold,2023-04-03 20:00:00,91.54,3974.252753220213,Hold,3974.2527532202776,2956.718346253313
Hold,2023-04-03 21:00:00,92.15,4000.736194114514,Hold,4000.7361941145787,2976.4211886305743
Hold,2023-04-03 22:00:00,93.14,4043.7175162216586,Hold,4043.717516221723,3008.3979328166215
Hold,2023-04-03 23:00:00,92.97,4036.3368851527553,Hold,4036.33688515282,3002.90697674427
Hold,2023-04-04 00:00:00,92.31,4007.682670414659,Hold,4007.682670414723,2981.5891472869052
Hold,2023-04-04 01:00:00,92.42,4012.458372871008,Hold,4012.4583728710722,2985.142118863133
Hold,2023-04-04 02:00:00,92.3,4007.2485156458993,Hold,4007.248515645963,2981.266149870885
Hold,2023-04-04 03:00:00,92.25,4005.0777418021044,Hold,4005.077741802168,2979.651162790781
Hold,2023-04-04 04:00:00,91.65,3979.0284556765628,Hold,3979.0284556766264,2960.2713178295407
Hold,2023-04-04 05:00:00,92.17,4001.6045036520322,Hold,4001.6045036520964,2977.067183462616
Hold,2023-04-04 06:00:00,92.55,4018.102384864875,Hold,4018.1023848649397,2989.3410852714014
Hold,2023-04-04 07:00:00,92.1,3998.5654202707187,Hold,3998.5654202707833,2974.8062015504706
Hold,2023-04-04 08:00:00,92.61,4020.7073134774296,Hold,4020.7073134774946,2991.2790697675255
Hold,2023-04-04 09:00:00,92.94,4035.0344208464776,Hold,4035.034420846543,3001.937984496208
Hold,2023-04-04 10:00:00,92.91,4033.7319565402004,Hold,4033.731956540266,3000.968992248146
Hold,2023-04-04 11:00:00,93.65,4065.85940942837,Hold,4065.8594094284367,3024.870801033677
Hold,2023-04-04 12:00:00,93.79,4071.937576190996,Hold,4071.937576191062,3029.3927648579665
Hold,2023-04-04 13:00:00,93.28,4049.795682984285,Hold,4049.7956829843515,3012.9198966409112
Hold,2023-04-04 14:00:00,93.03,4038.9418137653092,Hold,4038.9418137653756,3004.8449612403942
Hold,2023-04-04 15:00:00,92.67,4023.312242089984,Hold,4023.31224209005,2993.2170542636495
Hold,2023-04-04 16:00:00,92.92,4034.16611130896,Hold,4034.166111309026,3001.291989664167
Hold,2023-04-04 17:00:00,93.03,4038.9418137653092,Hold,4038.9418137653747,3004.8449612403947
Hold,2023-04-04 18:00:00,92.62,4021.141468246189,Hold,4021.141468246254,2991.6020671835468
Hold,2023-04-04 19:00:00,92.83,4030.2587183901283,Hold,4030.2587183901933,2998.385012919981
Hold,2023-04-04 20:00:00,93.14,4043.7175162216586,Hold,4043.717516221724,3008.397932816622
Hold,2023-04-04 21:00:00,92.75,4026.785480240056,Hold,4026.7854802401216,2995.8010335918157
Hold,2023-04-04 22:00:00,92.63,4021.5756230149473,Hold,4021.5756230150123,2991.9250645995676
Hold,2023-04-04 23:00:00,92.58,4019.4048491711524,Hold,4019.4048491712174,2990.3100775194644
Hold,2023-04-05 00:00:00,93.75,4070.20095711596,Hold,4070.200957116026,3028.100775193884
Hold,2023-04-05 01:00:00,93.71,4068.4643380409234,Hold,4068.4643380409893,3026.8087855298013
Hold,2023-04-05 02:00:00,93.65,4065.85940942837,Hold,4065.859409428436,3024.8708010336777
Hold,2023-04-05 03:00:00,93.85,4074.5425048035495,Hold,4074.542504803615,3031.330749354091
Hold,2023-04-05 04:00:00,93.74,4069.7668023472006,Hold,4069.7668023472665,3027.7777777778633
Hold,2023-04-05 05:00:00,93.99,4080.6206715661765,Hold,4080.6206715662424,3035.8527131783803
Hold,2023-04-05 06:00:00,94.14,4087.132993097562,Hold,4087.1329930976276,3040.6976744186904
Hold,2023-04-05 07:00:00,94.89,4119.69460075449,Hold,4119.694600754557,3064.922480620241
Hold,2023-04-05 08:00:00,94.87,4118.826291216972,Hold,4118.8262912170385,3064.2764857882
Hold,2023-04-05 09:00:00,94.47,4101.46010046661,Hold,4101.4601004666765,3051.3565891473722
Hold,2023-04-05 10:00:00,94.73,4112.748124454346,Hold,4112.748124454412,3059.75452196391
Hold,2023-04-05 11:00:00,94.67,4110.143195841791,Hold,4110.143195841856,3057.816537467786
Hold,2023-04-05 12:00:00,94.4,4098.4210170852975,Hold,4098.421017085362,3049.095607235228
Hold,2023-04-05 13:00:00,93.55,4061.517861740779,Hold,4061.5178617408433,3021.6408268734695
Hold,2023-04-05 14:00:00,92.2,4002.906967958309,Hold,4002.906967958372,2978.0361757106775
Hold,2023-04-05 15:00:00,92.14,4000.302039345755,Hold,4000.3020393458187,2976.0981912145535
Hold,2023-04-05 16:00:00,92.42,4012.458372871008,Hold,4012.4583728710713,2985.1421188631325
Hold,2023-04-05 17:00:00,92.22,4003.775277495827,Hold,4003.7752774958904,2978.6821705427187
Hold,2023-04-05 18:00:00,92.33,4008.5509799521765,Hold,4008.5509799522397,2982.235142118946
Hold,2023-04-05 19:00:00,92.69,4024.180551627502,Hold,4024.1805516275654,2993.8630490956907
Hold,2023-04-05 20:00:00,92.4,4011.59006333349,Hold,4011.5900633335527,2984.4961240310918
Hold,2023-04-05 21:00:00,92.34,4008.985134720936,Hold,4008.9851347209988,2982.5581395349677
Hold,2023-04-05 22:00:00,92.41,4012.0242181022486,Hold,4012.0242181023114,2984.8191214471117
Hold,2023-04-05 23:00:00,92.64,4022.009777783707,Hold,4022.0097777837705,2992.248062015588
Hold,2023-04-06 00:00:00,92.13,3999.8678845769955,Hold,3999.8678845770587,2975.7751937985327
Hold,2023-04-06 01:00:00,92.13,3999.8678845769955,Hold,3999.8678845770587,2975.7751937985327
Hold,2023-04-06 02:00:00,92.27,4005.9460513396225,Hold,4005.946051339686,2980.297157622822
Hold,2023-04-06 03:00:00,92.48,4015.063301483562,Hold,4015.063301483626,2987.0801033592566
Hold,2023-04-06 04:00:00,92.29,4006.8143608771406,Hold,4006.8143608772048,2980.9431524548636
Hold,2023-04-06 05:00:00,92.2,4002.906967958309,Hold,4002.906967958373,2978.0361757106775
Hold,2023-04-06 06:00:00,91.99,3993.7897178143694,Hold,3993.789717814433,2971.2532299742425
Hold,2023-04-06 07:00:00,90.97,3949.505931400948,Hold,3949.5059314010114,2938.3074935401332
Hold,2023-04-06 08:00:00,91.12,3956.018252932334,Hold,3956.0182529323974,2943.152454780444
Hold,2023-04-06 09:00:00,90.75,3939.954526488249,Hold,3939.9545264883127,2931.2015503876783
Hold,2023-04-06 10:00:00,90.39,3924.324954812924,Hold,3924.324954812987,2919.5736434109335
Hold,2023-04-06 11:00:00,90.87,3945.164383713358,Hold,3945.164383713421,2935.0775193799263
Hold,2023-04-06 12:00:00,90.92,3947.335157557153,Hold,3947.335157557216,2936.6925064600296
Hold,2023-04-06 13:00:00,91.04,3952.5450147822617,Hold,3952.5450147823253,2940.5684754522777
Hold,2023-04-06 14:00:00,90.93,3947.769312325912,Hold,3947.7693123259755,2937.0155038760504
Hold,2023-04-06 15:00:00,91.19,3959.0573363136464,Hold,3959.05733631371,2945.4134366925878
Hold,2023-04-06 16:00:00,91.15,3957.3207172386105,Hold,3957.3207172386738,2944.1214470285054
Hold,2023-04-06 17:00:00,91.14,3956.8865624698515,Hold,3956.8865624699147,2943.798449612484
Hold,2023-04-06 18:00:00,90.63,3934.74466926314,Hold,3934.744669263203,2927.3255813954293
Hold,2023-04-06 19:00:00,90.92,3947.335157557153,Hold,3947.3351575572156,2936.692506460029
Hold,2023-04-06 20:00:00,90.62,3934.310514494382,Hold,3934.3105144944443,2927.0025839794093
Hold,2023-04-06 21:00:00,90.56,3931.705585881827,Hold,3931.70558588189,2925.0645994832853
Hold,2023-04-06 22:00:00,90.62,3934.310514494382,Hold,3934.3105144944448,2927.0025839794093
Hold,2023-04-06 23:00:00,90.97,3949.505931400948,Hold,3949.505931401011,2938.307493540133
Hold,2023-04-07 00:00:00,91.27,3962.5305744637185,Hold,3962.5305744637812,2947.9974160207535
Hold,2023-04-07 01:00:00,91.03,3952.110860013502,Hold,3952.1108600135644,2940.2454780362573
Hold,2023-04-07 02:00:00,90.74,3939.5203717194895,Hold,3939.520371719552,2930.8785529716574
Hold,2023-04-07 03:00:00,90.78,3941.2569907945262,Hold,3941.2569907945885,2932.1705426357407
Hold,2023-04-07 04:00:00,90.98,3949.940086169707,Hold,3949.94008616977,2938.630490956154
Hold,2023-04-07 05:00:00,90.75,3939.954526488249,Hold,3939.954526488312,2931.2015503876787
Hold,2023-04-07 06:00:00,90.35,3922.5883357378875,Hold,3922.5883357379503,2918.281653746851
Hold,2023-04-07 07:00:00,89.63,3891.3291923872366,Hold,3891.329192387299,2895.025839793362
Hold,2023-04-07 08:00:00,89.7,3894.36827576855,Hold,3894.368275768613,2897.2868217055075
Hold,2023-04-07 09:00:00,90.04,3909.1295379063577,Hold,3909.129537906421,2908.2687338502105
Hold,2023-04-07 10:00:00,90.21,3916.5101689752605,Hold,3916.5101689753237,2913.7596899225614
Hold,2023-04-07 11:00:00,89.92,3903.9196806812492,Hold,3903.9196806813125,2904.3927648579624
Hold,2023-04-07 12:00:00,90.2,3916.076014206502,Hold,3916.0760142065647,2913.4366925065415
Hold,2023-04-07 13:00:00,90.33,3921.7200262003694,Hold,3921.720026200432,2917.6356589148104
Hold,2023-04-07 14:00:00,90.46,3927.3640381942364,Hold,3927.3640381942987,2921.8346253230793
Hold,2023-04-07 15:00:00,90.56,3931.705585881827,Hold,3931.70558588189,2925.0645994832867
Hold,2023-04-07 16:00:00,90.19,3915.641859437743,Hold,3915.6418594378047,2913.113695090521
Hold,2023-04-07 17:00:00,90.33,3921.7200262003694,Hold,3921.7200262004317,2917.635658914811
Hold,2023-04-07 18:00:00,90.2,3916.076014206502,Hold,3916.076014206564,2913.4366925065424
Hold,2023-04-07 19:00:00,90.3,3920.417561894092,Hold,3920.4175618941545,2916.666666666749
Hold,2023-04-07 20:00:00,89.99,3906.9587640625623,Hold,3906.958764062624,2906.6537467701073
Hold,2023-04-07 21:00:00,89.99,3906.9587640625623,Hold,3906.958764062624,2906.6537467701073
Hold,2023-04-07 22:00:00,90.63,3934.74466926314,Hold,3934.7446692632025,2927.3255813954306
Hold,2023-04-07 23:00:00,90.6,3933.4422049568634,Hold,3933.4422049569257,2926.3565891473686
Hold,2023-04-08 00:00:00,90.27,3919.1150975878154,Hold,3919.1150975878772,2915.697674418686
Hold,2023-04-08 01:00:00,90.3,3920.417561894092,Hold,3920.4175618941545,2916.6666666667484
Hold,2023-04-08 02:00:00,90.44,3926.495728656719,Hold,3926.4957286567815,2921.1886304910377
Hold,2023-04-08 03:00:00,90.76,3940.388681257008,Hold,3940.388681257071,2931.5245478036995
Hold,2023-04-08 04:00:00,90.52,3929.9689668067913,Hold,3929.968966806854,2923.7726098192034
Hold,2023-04-08 05:00:00,91.11,3955.5840981635743,Hold,3955.5840981636375,2942.8294573644234
Hold,2023-04-08 06:00:00,91.11,3955.5840981635743,Hold,3955.5840981636375,2942.8294573644234
Hold,2023-04-08 07:00:00,91.0,3950.808395707225,Hold,3950.8083957072886,2939.2764857881957
Hold,2023-04-08 08:00:00,90.56,3931.705585881827,Hold,3931.705585881891,2925.064599483286
Hold,2023-04-08 09:00:00,90.7,3937.783752644454,Hold,3937.7837526445182,2929.586563307576
Hold,2023-04-08 10:00:00,90.61,3933.8763597256225,Hold,3933.8763597256866,2926.6795865633894
Hold,2023-04-08 11:00:00,90.57,3932.139740650586,Hold,3932.1397406506503,2925.3875968993066
Hold,2023-04-08 12:00:00,90.41,3925.1932643504415,Hold,3925.1932643505056,2920.2196382429756
Hold,2023-04-08 13:00:00,90.32,3921.2858714316103,Hold,3921.2858714316744,2917.3126614987896
Hold,2023-04-08 14:00:00,90.4,3924.759109581683,Hold,3924.759109581747,2919.8966408269553
Hold,2023-04-08 15:00:00,90.46,3927.3640381942364,Hold,3927.364038194301,2921.8346253230793
Hold,2023-04-08 16:00:00,90.46,3927.3640381942364,Hold,3927.364038194301,2921.8346253230793
Hold,2023-04-08 17:00:00,89.93,3904.3538354500083,Hold,3904.353835450072,2904.7157622739833
Hold,2023-04-08 18:00:00,89.56,3888.290109005924,Hold,3888.2901090059877,2892.7648578812177
Hold,2023-04-08 19:00:00,89.79,3898.2756686873818,Hold,3898.2756686874463,2900.1937984496935
Hold,2023-04-08 20:00:00,89.91,3903.48552591249,Hold,3903.4855259125547,2904.0697674419416
Hold,2023-04-08 21:00:00,89.95,3905.222144987526,Hold,3905.22214498759,2905.3617571060245
Hold,2023-04-08 22:00:00,89.89,3902.617216374972,Hold,3902.617216375036,2903.4237726099004
Hold,2023-04-08 23:00:00,89.91,3903.48552591249,Hold,3903.4855259125547,2904.069767441942
Hold,2023-04-09 00:00:00,90.37,3923.4566452754057,Hold,3923.4566452754707,2918.927648578894
Hold,2023-04-09 01:00:00,90.68,3936.915443106936,Hold,3936.9154431070015,2928.940568475535
Hold,2023-04-09 02:00:00,90.57,3932.139740650586,Hold,3932.139740650651,2925.3875968993075
Hold,2023-04-09 03:00:00,90.67,3936.481288338177,Hold,3936.481288338242,2928.6175710595144
Hold,2023-04-09 04:00:00,90.62,3934.310514494382,Hold,3934.310514494447,2927.002583979411
Hold,2023-04-09 05:00:00,90.5,3929.100657269273,Hold,3929.100657269338,2923.126614987163
Hold,2023-04-09 06:00:00,90.13,3913.0369308251884,Hold,3913.0369308252534,2911.1757105943975
Hold,2023-04-09 07:00:00,90.19,3915.641859437743,Hold,3915.6418594378074,2913.1136950905216
Hold,2023-04-09 08:00:00,90.11,3912.1686212876707,Hold,3912.1686212877353,2910.529715762356
Hold,2023-04-09 09:00:00,89.97,3906.090454525044,Hold,3906.0904545251087,2906.0077519380666
Hold,2023-04-09 10:00:00,89.85,3900.8805972999353,Hold,3900.8805973,2902.1317829458185
Hold,2023-04-09 11:00:00,90.23,3917.378478512779,Hold,3917.378478512844,2914.405684754605
Hold,2023-04-09 12:00:00,90.19,3915.641859437743,Hold,3915.641859437808,2913.113695090522
Hold,2023-04-09 13:00:00,89.9,3903.051371143731,Hold,3903.0513711437957,2903.746770025923
Hold,2023-04-09 14:00:00,89.43,3882.6460970120565,Hold,3882.6460970121207,2888.5658914729506
Hold,2023-04-09 15:00:00,89.39,3880.9094779370203,Hold,3880.9094779370844,2887.273901808868
Hold,2023-04-09 16:00:00,89.55,3887.8559542371645,Hold,3887.855954237229,2892.4418604651987
Hold,2023-04-09 17:00:00,89.56,3888.290109005924,Hold,3888.290109005989,2892.7648578812195
Hold,2023-04-09 18:00:00,90.19,3915.641859437743,Hold,3915.6418594378088,2913.113695090522
Hold,2023-04-09 19:00:00,90.31,3920.8517166628517,Hold,3920.851716662917,2916.98966408277
Hold,2023-04-09 20:00:00,90.09,3911.300311750153,Hold,3911.300311750219,2909.883720930315
Hold,2023-04-09 21:00:00,90.75,3939.954526488249,Hold,3939.9545264883154,2931.20155038768
Hold,2023-04-09 22:00:00,90.97,3949.505931400948,Hold,3949.5059314010145,2938.307493540135
Hold,2023-04-09 23:00:00,90.58,3932.5738954193453,Hold,3932.573895419411,2925.7105943153288
Hold,2023-04-10 00:00:00,90.57,3932.139740650586,Hold,3932.139740650652,2925.3875968993075
Hold,2023-04-10 01:00:00,89.9,3903.051371143731,Hold,3903.0513711437966,2903.746770025922
Hold,2023-04-10 02:00:00,90.33,3921.7200262003694,Hold,3921.7200262004358,2917.6356589148113
Hold,2023-04-10 03:00:00,90.38,3923.8908000441643,Hold,3923.890800044231,2919.250645994915
Hold,2023-04-10 04:00:00,90.47,3927.798192962996,Hold,3927.798192963063,2922.157622739101
Hold,2023-04-10 05:00:00,90.58,3932.5738954193453,Hold,3932.5738954194126,2925.7105943153288
Hold,2023-04-10 06:00:00,90.5,3929.100657269273,Hold,3929.10065726934,2923.126614987163
Hold,2023-04-10 07:00:00,90.48,3928.232347731755,Hold,3928.232347731822,2922.480620155122
Hold,2023-04-10 08:00:00,90.42,3925.627419119201,Hold,3925.6274191192683,2920.542635658998
Hold,2023-04-10 09:00:00,90.48,3928.232347731755,Hold,3928.2323477318223,2922.480620155122
Hold,2023-04-10 10:00:00,90.62,3934.310514494382,Hold,3934.3105144944493,2927.002583979411
Hold,2023-04-10 11:00:00,90.47,3927.798192962996,Hold,3927.798192963063,2922.157622739101
Hold,2023-04-10 12:00:00,90.58,3932.5738954193453,Hold,3932.5738954194126,2925.7105943153288
Hold,2023-04-10 13:00:00,90.26,3918.680942819057,Hold,3918.6809428191236,2915.374677002667
Hold,2023-04-10 14:00:00,92.85,4031.1270279276464,Hold,4031.127027927715,2999.0310077520226
Hold,2023-04-10 15:00:00,92.23,4004.2094322645867,Hold,4004.2094322646544,2979.0051679587405
Hold,2023-04-10 16:00:00,92.93,4034.600266077719,Hold,4034.6002660777876,3001.6149870801883
Hold,2023-04-10 17:00:00,92.71,4025.0488611650194,Hold,4025.0488611650876,2994.509043927733
Hold,2023-04-10 18:00:00,93.13,4043.2833614528995,Hold,4043.2833614529686,3008.0749354006016
Hold,2023-04-10 19:00:00,92.69,4024.180551627502,Hold,4024.180551627571,2993.8630490956916
Hold,2023-04-10 20:00:00,92.53,4017.2340753273575,Hold,4017.234075327425,2988.6950904393607
Hold,2023-04-10 21:00:00,92.88,4032.4294922339236,Hold,4032.429492233992,3000.0000000000846
Hold,2023-04-10 22:00:00,93.13,4043.2833614528995,Hold,4043.2833614529677,3008.074935400601
Hold,2023-04-10 23:00:00,93.78,4071.503421422237,Hold,4071.503421422305,3029.0697674419457
Hold,2023-04-11 00:00:00,93.73,4069.332647578442,Hold,4069.33264757851,3027.4547803618425
Hold,2023-04-11 01:00:00,93.7,4068.030183272165,Hold,4068.030183272233,3026.4857881137805
Hold,2023-04-11 02:00:00,94.83,4117.089672141936,Hold,4117.089672142005,3062.984496124117
Hold,2023-04-11 03:00:00,94.3,4094.0794693977064,Hold,4094.0794693977755,3045.865633075021
Hold,2023-04-11 04:00:00,95.92,4164.41254193667,Hold,4164.41254193674,3098.191214470371
Hold,2023-04-11 05:00:00,95.73,4156.163601330249,Hold,4156.16360133032,3092.0542635659785
Hold,2023-04-11 06:00:00,96.44,4186.98858991214,Hold,4186.988589912211,3114.9870801034467
Hold,2023-04-11 07:00:00,96.39,4184.817816068345,Hold,4184.8178160684165,3113.3720930233435
Hold,2023-04-11 08:00:00,95.56,4148.782970261345,Hold,4148.782970261416,3086.563307493627
Hold,2023-04-11 09:00:00,95.39,4141.402339192442,Hold,4141.402339192513,3081.0723514212755
Hold,2023-04-11 10:00:00,95.73,4156.163601330249,Hold,4156.16360133032,3092.0542635659785
Hold,2023-04-11 11:00:00,95.27,4136.192481967333,Hold,4136.192481967403,3077.196382429027
Hold,2023-04-11 12:00:00,94.85,4117.957981679453,Hold,4117.957981679522,3063.630490956158
Hold,2023-04-11 13:00:00,95.2,4133.15339858602,Hold,4133.15339858609,3074.935400516883
Hold,2023-04-11 14:00:00,94.91,4120.562910292008,Hold,4120.562910292078,3065.5684754522827
Hold,2023-04-11 15:00:00,94.99,4124.03614844208,Hold,4124.03614844215,3068.152454780448
Hold,2023-04-11 16:00:00,94.9,4120.128755523249,Hold,4120.128755523319,3065.2454780362623
Hold,2023-04-11 17:00:00,94.83,4117.089672141936,Hold,4117.089672142006,3062.984496124117
Hold,2023-04-11 18:00:00,95.05,4126.6410770546345,Hold,4126.641077054705,3070.090439276572
Hold,2023-04-11 19:00:00,94.61,4107.538267229236,Hold,4107.538267229306,3055.878552971662
Hold,2023-04-11 20:00:00,94.69,4111.011505379309,Hold,4111.011505379379,3058.4625322998277
Hold,2023-04-11 21:00:00,94.04,4082.791445409972,Hold,4082.7914454100414,3037.467700258484
Hold,2023-04-11 22:00:00,94.03,4082.357290641213,Hold,4082.357290641283,3037.1447028424636
Hold,2023-04-11 23:00:00,94.22,4090.6062312476342,Hold,4090.606231247704,3043.281653746856
Hold,2023-04-12 00:00:00,93.88,4075.844969109827,Hold,4075.8449691098963,3032.299741602153
Hold,2023-04-12 01:00:00,93.03,4038.9418137653092,Hold,4038.941813765378,3004.8449612403956
Hold,2023-04-12 02:00:00,91.62,3977.725991370285,Hold,3977.725991370353,2959.3023255814796
Hold,2023-04-12 03:00:00,91.57,3975.5552175264897,Hold,3975.5552175265575,2957.687338501376
Hold,2023-04-12 04:00:00,91.74,3982.9358485953935,Hold,3982.9358485954613,2963.1782945737273
Hold,2023-04-12 05:00:00,91.47,3971.2136698388995,Hold,3971.2136698389672,2954.457364341169
Hold,2023-04-12 06:00:00,91.79,3985.106622439189,Hold,3985.106622439257,2964.793281653831
Hold,2023-04-12 07:00:00,92.07,3997.2629559644415,Hold,3997.26295596451,2973.8372093024095
Hold,2023-04-12 08:00:00,91.51,3972.9502889139358,Hold,3972.9502889140044,2955.7493540052524
Hold,2023-04-12 09:00:00,91.78,3984.67246767043,Hold,3984.6724676704985,2964.4702842378106
Hold,2023-04-12 10:00:00,91.59,3976.423527064008,Hold,3976.4235270640766,2958.333333333418
Hold,2023-04-12 11:00:00,91.42,3969.042895995104,Hold,3969.0428959951723,2952.8423772610663
Hold,2023-04-12 12:00:00,92.28,4006.380206108381,Hold,4006.3802061084493,2980.620155038845
Hold,2023-04-12 13:00:00,91.79,3985.106622439189,Hold,3985.1066224392566,2964.7932816538314
Hold,2023-04-12 14:00:00,92.37,4010.2875990272128,Hold,4010.287599027281,2983.5271317830307
Hold,2023-04-12 15:00:00,91.99,3993.7897178143694,Hold,3993.789717814437,2971.2532299742447
Hold,2023-04-12 16:00:00,91.73,3982.501693826635,Hold,3982.5016938267026,2962.8552971577074
Hold,2023-04-12 17:00:00,91.92,3990.7506344330563,Hold,3990.7506344331246,2968.9922480621008
Hold,2023-04-12 18:00:00,91.59,3976.423527064008,Hold,3976.4235270640756,2958.3333333334185
Hold,2023-04-12 19:00:00,91.66,3979.4626104453214,Hold,3979.462610445389,2960.5943152455625
Hold,2023-04-12 20:00:00,91.96,3992.487253508092,Hold,3992.4872535081604,2970.2842377261827
Hold,2023-04-12 21:00:00,92.22,4003.775277495827,Hold,4003.775277495896,2978.6821705427205
Hold,2023-04-12 22:00:00,91.9,3989.8823248955387,Hold,3989.8823248956064,2968.346253230059
Hold,2023-04-12 23:00:00,92.06,3996.828801195683,Hold,3996.8288011957516,2973.51421188639
Hold,2023-04-13 00:00:00,91.98,3993.355563045611,Hold,3993.355563045679,2970.930232558225
Hold,2023-04-13 01:00:00,92.19,4002.47281318955,Hold,4002.4728131896186,2977.7131782946585
Hold,2023-04-13 02:00:00,92.42,4012.458372871008,Hold,4012.4583728710777,2985.142118863135
Hold,2023-04-13 03:00:00,92.46,4014.1949919460435,Hold,4014.1949919461135,2986.4341085272167
Hold,2023-04-13 04:00:00,92.37,4010.2875990272128,Hold,4010.287599027283,2983.5271317830307
Hold,2023-04-13 05:00:00,92.59,4019.839003939912,Hold,4019.839003939983,2990.6330749354856
Hold,2023-04-13 06:00:00,92.25,4005.0777418021044,Hold,4005.0777418021753,2979.651162790782
Hold,2023-04-13 07:00:00,92.66,4022.8780873212245,Hold,4022.8780873212954,2992.8940568476305
Hold,2023-04-13 08:00:00,93.73,4069.332647578442,Hold,4069.332647578514,3027.4547803618434
Hold,2023-04-13 09:00:00,93.61,4064.122790353333,Hold,4064.122790353405,3023.578811369595
Hold,2023-04-13 10:00:00,93.77,4071.0692666534774,Hold,4071.0692666535497,3028.746770025926
Hold,2023-04-13 11:00:00,93.6,4063.6886355845736,Hold,4063.6886355846455,3023.255813953574
Hold,2023-04-13 12:00:00,94.19,4089.303766941357,Hold,4089.303766941429,3042.312661498794
Hold,2023-04-13 13:00:00,93.74,4069.7668023472006,Hold,4069.7668023472716,3027.7777777778633
Hold,2023-04-13 14:00:00,94.12,4086.264683560044,Hold,4086.264683560115,3040.0516795866497
Hold,2023-04-13 15:00:00,94.28,4093.211159860188,Hold,4093.2111598602596,3045.21963824298
Hold,2023-04-13 16:00:00,94.04,4082.791445409972,Hold,4082.7914454100423,3037.467700258484
Hold,2023-04-13 17:00:00,94.44,4100.157636160333,Hold,4100.157636160404,3050.387596899311
Hold,2023-04-13 18:00:00,94.3,4094.0794693977064,Hold,4094.0794693977773,3045.8656330750214
Hold,2023-04-13 19:00:00,94.4,4098.4210170852975,Hold,4098.4210170853685,3049.0956072352283
Hold,2023-04-13 20:00:00,94.07,4084.0939097162486,Hold,4084.0939097163196,3038.4366925065456
Hold,2023-04-13 21:00:00,93.97,4079.7523620286584,Hold,4079.752362028729,3035.206718346339
Hold,2023-04-13 22:00:00,94.02,4081.9231358724533,Hold,4081.9231358725237,3036.8217054264423
Hold,2023-04-13 23:00:00,94.17,4088.4354574038393,Hold,4088.43545740391,3041.6666666667525
Hold,2023-04-14 00:00:00,97.44,4230.4040667880445,Hold,4230.404066788117,3147.2868217055156
Hold,2023-04-14 01:00:00,97.45,4230.838221556803,Hold,4230.838221556875,3147.6098191215365
Hold,2023-04-14 02:00:00,97.29,4223.891745256658,Hold,4223.891745256731,3142.4418604652055
Hold,2023-04-14 03:00:00,97.66,4239.955471700742,Hold,4239.955471700815,3154.39276485797
Hold,2023-04-14 04:00:00,98.18,4262.531519676212,Hold,4262.531519676286,3171.188630491046
Hold,2023-04-14 05:00:00,98.24,4265.136448288767,Hold,4265.13644828884,3173.12661498717
Hold,2023-04-14 06:00:00,98.09,4258.624126757381,Hold,4258.624126757454,3168.2816537468602
Hold,2023-04-14 07:00:00,96.89,4206.525554506296,Hold,4206.525554506369,3129.521963824378
Hold,2023-04-14 08:00:00,97.21,4220.418507106586,Hold,4220.4185071066595,3139.8578811370394
Hold,2023-04-14 09:00:00,97.3,4224.325900025417,Hold,4224.32590002549,3142.764857881226
Hold,2023-04-14 10:00:00,96.77,4201.3156972811885,Hold,4201.315697281261,3125.6459948321294
Hold,2023-04-14 11:00:00,96.93,4208.262173581334,Hold,4208.262173581406,3130.8139534884604
Hold,2023-04-14 12:00:00,95.64,4152.256208411418,Hold,4152.256208411491,3089.1472868217925
Hold,2023-04-14 13:00:00,96.68,4197.408304362358,Hold,4197.4083043624305,3122.739018087944
Hold,2023-04-14 14:00:00,96.27,4179.607958843237,Hold,4179.6079588433095,3109.496124031096
Hold,2023-04-14 15:00:00,93.97,4079.7523620286584,Hold,4079.752362028729,3035.206718346339
Hold,2023-04-14 16:00:00,94.31,4094.513624166466,Hold,4094.5136241665364,3046.1886304910417
Hold,2023-04-14 17:00:00,95.02,4125.338612748356,Hold,4125.338612748427,3069.12144702851
Hold,2023-04-14 18:00:00,95.16,4131.416779510984,Hold,4131.416779511055,3073.643410852799
Hold,2023-04-14 19:00:00,95.98,4167.0174705492245,Hold,4167.017470549296,3100.1291989664946
Hold,2023-04-14 20:00:00,96.38,4184.3836612995865,Hold,4184.383661299658,3113.0490956073218
Hold,2023-04-14 21:00:00,96.16,4174.832256386887,Hold,4174.832256386958,3105.943152454867
Hold,2023-04-14 22:00:00,96.59,4193.500911443526,Hold,4193.500911443598,3119.8320413437564
Hold,2023-04-14 23:00:00,96.33,4182.21288745579,Hold,4182.212887455861,3111.434108527219
Hold,2023-04-15 00:00:00,95.44,4143.5731130362365,Hold,4143.5731130363065,3082.687338501378
Hold,2023-04-15 01:00:00,95.36,4140.099874886165,Hold,4140.099874886235,3080.1033591732125
Hold,2023-04-15 02:00:00,95.42,4142.704803498718,Hold,4142.704803498788,3082.0413436693366
Hold,2023-04-15 03:00:00,95.6,4150.519589336381,Hold,4150.519589336452,3087.8552971577087
Hold,2023-04-15 04:00:00,95.6,4150.519589336381,Hold,4150.519589336452,3087.8552971577087
Hold,2023-04-15 05:00:00,95.8,4159.202684711562,Hold,4159.202684711634,3094.3152454781225
Hold,2023-04-15 06:00:00,95.61,4150.953744105141,Hold,4150.953744105212,3088.17829457373
Hold,2023-04-15 07:00:00,96.27,4179.607958843237,Hold,4179.607958843309,3109.496124031095
Hold,2023-04-15 08:00:00,96.09,4171.793173005574,Hold,4171.793173005646,3103.682170542723
Hold,2023-04-15 09:00:00,96.56,4192.198447137249,Hold,4192.198447137321,3118.863049095695
Hold,2023-04-15 10:00:00,96.64,4195.6716852873205,Hold,4195.671685287392,3121.44702842386
Hold,2023-04-15 11:00:00,96.23,4177.8713397682,Hold,4177.871339768272,3108.204134367012
Hold,2023-04-15 12:00:00,96.74,4200.013232974911,Hold,4200.013232974982,3124.6770025840665
Hold,2023-04-15 13:00:00,95.99,4167.451625317983,Hold,4167.451625318053,3100.4521963825155
Hold,2023-04-15 14:00:00,96.06,4170.490708699296,Hold,4170.490708699366,3102.713178294661
Hold,2023-04-15 15:00:00,96.06,4170.490708699296,Hold,4170.490708699366,3102.713178294661
Hold,2023-04-15 16:00:00,96.47,4188.291054218418,Hold,4188.291054218488,3115.9560723515087
Hold,2023-04-15 17:00:00,95.73,4156.163601330249,Hold,4156.163601330319,3092.0542635659785
Hold,2023-04-15 18:00:00,96.24,4178.305494536959,Hold,4178.305494537028,3108.527131783033
Hold,2023-04-15 19:00:00,96.26,4179.173804074478,Hold,4179.173804074547,3109.1731266150746
Hold,2023-04-15 20:00:00,96.21,4177.003030230682,Hold,4177.003030230751,3107.558139534971
Hold,2023-04-15 21:00:00,96.67,4196.974149593598,Hold,4196.974149593667,3122.416020671922
Hold,2023-04-15 22:00:00,96.78,4201.749852049948,Hold,4201.749852050018,3125.96899224815
Hold,2023-04-15 23:00:00,96.68,4197.408304362358,Hold,4197.408304362428,3122.7390180879434
Hold,2023-04-16 00:00:00,96.12,4173.0956373118515,Hold,4173.095637311922,3104.6511627907853
Hold,2023-04-16 01:00:00,95.98,4167.0174705492245,Hold,4167.017470549295,3100.129198966496
Hold,2023-04-16 02:00:00,96.15,4174.398101618128,Hold,4174.398101618198,3105.620155038848
Hold,2023-04-16 03:00:00,95.88,4162.675922861635,Hold,4162.675922861705,3096.899224806289
Hold,2023-04-16 04:00:00,96.22,4177.437184999442,Hold,4177.437184999513,3107.881136950992
Hold,2023-04-16 05:00:00,96.12,4173.0956373118515,Hold,4173.0956373119225,3104.6511627907853
Hold,2023-04-16 06:00:00,96.04,4169.62239916178,Hold,4169.622399161851,3102.06718346262
Hold,2023-04-16 07:00:00,96.1,4172.2273277743325,Hold,4172.227327774403,3104.0051679587436
Hold,2023-04-16 08:00:00,96.12,4173.0956373118515,Hold,4173.095637311923,3104.6511627907853
Hold,2023-04-16 09:00:00,96.86,4205.22309020002,Hold,4205.223090200092,3128.552971576316
Hold,2023-04-16 10:00:00,96.58,4193.066756674766,Hold,4193.066756674838,3119.509043927737
Hold,2023-04-16 11:00:00,96.54,4191.330137599732,Hold,4191.3301375998035,3118.2170542636545
Hold,2023-04-16 12:00:00,97.71,4242.126245544537,Hold,4242.126245544609,3156.007751938074
Hold,2023-04-16 13:00:00,98.31,4268.17553167008,Hold,4268.175531670154,3175.387596899315
Hold,2023-04-16 14:00:00,98.6,4280.766019964092,Hold,4280.766019964165,3184.7545219639146
Hold,2023-04-16 15:00:00,101.35,4400.158581372827,Hold,4400.158581372902,3273.5788113696017
Hold,2023-04-16 16:00:00,101.77,4418.393081660706,Hold,4418.393081660781,3287.1447028424705
Hold,2023-04-16 17:00:00,101.3,4397.987807529032,Hold,4397.987807529106,3271.9638242894985
Hold,2023-04-16 18:00:00,101.44,4404.065974291659,Hold,4404.065974291732,3276.485788113788
Hold,2023-04-16 19:00:00,101.0,4384.96316446626,Hold,4384.963164466334,3262.2739018088782
Hold,2023-04-16 20:00:00,101.22,4394.514569378959,Hold,4394.514569379033,3269.379844961333
Hold,2023-04-16 21:00:00,101.17,4392.343795535165,Hold,4392.343795535238,3267.7648578812295
Hold,2023-04-16 22:00:00,100.84,4378.016688166116,Hold,4378.01668816619,3257.1059431525473
Hold,2023-04-16 23:00:00,100.01,4341.981842359116,Hold,4341.98184235919,3230.297157622831
Hold,2023-04-17 00:00:00,97.85,4248.204412307165,Hold,4248.2044123072355,3160.5297157623636
Hold,2023-04-17 01:00:00,99.06,4300.737139327008,Hold,4300.73713932708,3199.6124031008662
Hold,2023-04-17 02:00:00,99.11,4302.907913170802,Hold,4302.907913170873,3201.2273901809695
Hold,2023-04-17 03:00:00,98.76,4287.7124962642365,Hold,4287.712496264307,3189.922480620246
Hold,2023-04-17 04:00:00,98.8,4289.449115339273,Hold,4289.449115339345,3191.2144702843284
Hold,2023-04-17 05:00:00,99.17,4305.512841783357,Hold,4305.512841783429,3203.165374677094
Hold,2023-04-17 06:00:00,98.37,4270.7804602826345,Hold,4270.780460282706,3177.3255813954397
Hold,2023-04-17 07:00:00,99.14,4304.21037747708,Hold,4304.210377477152,3202.196382429032
Hold,2023-04-17 08:00:00,99.52,4320.708258689923,Hold,4320.708258689995,3214.4702842378174
Hold,2023-04-17 09:00:00,98.74,4286.844186726718,Hold,4286.84418672679,3189.2764857882044
Hold,2023-04-17 10:00:00,99.08,4301.605448864526,Hold,4301.605448864599,3200.2583979329074
Hold,2023-04-17 11:00:00,98.37,4270.7804602826345,Hold,4270.780460282706,3177.3255813954393
Hold,2023-04-17 12:00:00,98.9,4293.7906630268635,Hold,4293.790663026936,3194.4444444445353
Hold,2023-04-17 13:00:00,98.97,4296.829746408176,Hold,4296.829746408249,3196.7054263566793
Hold,2023-04-17 14:00:00,99.54,4321.576568227441,Hold,4321.576568227514,3215.1162790698586
Hold,2023-04-17 15:00:00,99.21,4307.249460858393,Hold,4307.249460858466,3204.4573643411754
Hold,2023-04-17 16:00:00,98.76,4287.7124962642365,Hold,4287.712496264308,3189.922480620245
Hold,2023-04-17 17:00:00,98.39,4271.648769820153,Hold,4271.6487698202245,3177.97157622748
Hold,2023-04-17 18:00:00,99.07,4301.171294095767,Hold,4301.17129409584,3199.9354005168857
Hold,2023-04-17 19:00:00,98.87,4292.488198720586,Hold,4292.488198720659,3193.4754521964724
Hold,2023-04-17 20:00:00,98.34,4269.477995976357,Hold,4269.477995976429,3176.3565891473763
Hold,2023-04-17 21:00:00,98.46,4274.687853201465,Hold,4274.687853201538,3180.2325581396244
Hold,2023-04-17 22:00:00,98.8,4289.449115339273,Hold,4289.4491153393465,3191.2144702843275
Hold,2023-04-17 23:00:00,98.84,4291.185734414308,Hold,4291.185734414382,3192.5064599484103
Hold,2023-04-18 00:00:00,98.76,4287.7124962642365,Hold,4287.71249626431,3189.9224806202446
Hold,2023-04-18 01:00:00,99.41,4315.932556233574,Hold,4315.932556233649,3210.9173126615883
Hold,2023-04-18 02:00:00,101.99,4427.944486573405,Hold,4427.944486573481,3294.2506459949236
Hold,2023-04-18 03:00:00,101.86,4422.300474579538,Hold,4422.300474579613,3290.051679586655
Hold,2023-04-18 04:00:00,101.89,4423.602938885814,Hold,4423.602938885891,3291.020671834717
Hold,2023-04-18 05:00:00,101.66,4413.617379204356,Hold,4413.617379204433,3283.5917312662414
Hold,2023-04-18 06:00:00,101.83,4420.998010273261,Hold,4420.998010273337,3289.082687338593
Hold,2023-04-18 07:00:00,101.71,4415.788153048152,Hold,4415.788153048228,3285.2067183463446
Hold,2023-04-18 08:00:00,102.28,4440.534974867417,Hold,4440.5349748674935,3303.6175710595235
Hold,2023-04-18 09:00:00,102.3,4441.403284404935,Hold,4441.4032844050125,3304.263565891564
Hold,2023-04-18 10:00:00,101.93,4425.339557960851,Hold,4425.339557960929,3292.312661498799
Hold,2023-04-18 11:00:00,103.05,4473.964892061863,Hold,4473.96489206194,3328.4883720931157
Hold,2023-04-18 12:00:00,101.56,4409.275831516767,Hold,4409.275831516843,3280.3617571060345
Hold,2023-04-18 13:00:00,101.5,4406.670902904212,Hold,4406.670902904289,3278.4237726099104
Hold,2023-04-18 14:00:00,101.59,4410.578295823044,Hold,4410.57829582312,3281.330749354097
Hold,2023-04-18 15:00:00,101.16,4391.909640766405,Hold,4391.909640766481,3267.4418604652074
Hold,2023-04-18 16:00:00,101.32,4398.856117066549,Hold,4398.856117066625,3272.609819121538
Hold,2023-04-18 17:00:00,100.62,4368.4652832534175,Hold,4368.465283253493,3250.0000000000905
Hold,2023-04-18 18:00:00,100.48,4362.3871164907905,Hold,4362.387116490866,3245.4780361758008
Hold,2023-04-18 19:00:00,100.73,4373.240985709766,Hold,4373.240985709842,3253.5529715763178
Hold,2023-04-18 20:00:00,101.36,4400.592736141586,Hold,4400.592736141662,3273.9018087856207
Hold,2023-04-18 21:00:00,101.49,4406.236748135453,Hold,4406.236748135529,3278.1007751938887
Hold,2023-04-18 22:00:00,101.39,4401.895200447862,Hold,4401.895200447938,3274.870801033682
Hold,2023-04-18 23:00:00,101.95,4426.207867498369,Hold,4426.207867498444,3292.9586563308403
Sell,2023-04-19 00:00:00,101.47,4405.368438597935,Sinal: Venda,4405.3684385980105,3277.4547803618475
Buy,2023-04-19 07:00:00,99.93,4405.368438597935,Sinal: Compra,4405.3684385980105,3227.713178294663
Hold,2023-04-19 08:00:00,95.0,4179.659763569217,Hold,4179.659763569289,3068.4754521964674
Hold,2023-04-19 09:00:00,95.2,4188.459047281995,Hold,4188.459047282066,3074.935400516881
Hold,2023-04-19 10:00:00,95.4,4197.258330994771,Hold,4197.258330994843,3081.395348837295
Hold,2023-04-19 11:00:00,95.46,4199.898116108605,Hold,4199.898116108677,3083.3333333334185
Hold,2023-04-19 12:00:00,95.3,4192.858689138383,Hold,4192.858689138455,3078.1653746770876
Hold,2023-04-19 13:00:00,95.31,4193.298653324022,Hold,4193.298653324094,3078.4883720931084
Hold,2023-04-19 14:00:00,95.1,4184.059405425605,Hold,4184.059405425677,3071.7054263566743
Hold,2023-04-19 15:00:00,94.23,4145.782521275024,Hold,4145.782521275096,3043.604651162875
Hold,2023-04-19 16:00:00,94.39,4152.821948245246,Hold,4152.821948245318,3048.772609819205
Hold,2023-04-19 17:00:00,93.5,4113.665135723388,Hold,4113.66513572346,3020.0258397933644
Hold,2023-04-19 18:00:00,93.08,4095.1866399265546,Hold,4095.1866399266255,3006.459948320496
Hold,2023-04-19 19:00:00,93.26,4103.105995268054,Hold,4103.105995268126,3012.2739018088682
Hold,2023-04-19 20:00:00,93.27,4103.545959453693,Hold,4103.545959453765,3012.596899224889
Hold,2023-04-19 21:00:00,92.89,4086.8273203994163,Hold,4086.8273203994877,3000.322997416103
Hold,2023-04-19 22:00:00,93.02,4092.546854812721,Hold,4092.5468548127924,3004.5219638243725
Hold,2023-04-19 23:00:00,90.47,3980.3559874748107,Hold,3980.3559874748803,2922.1576227390988
Hold,2023-04-20 00:00:00,90.78,3993.994877229616,Hold,3993.994877229686,2932.1705426357403
Hold,2023-04-20 01:00:00,91.28,4015.993086511559,Hold,4015.993086511629,2948.320413436774
Stop-Loss,2023-04-20 02:00:00,89.49,3937.2394972822017,SL 10.0% hit,3937.23949728227,2890.5038759690724
Buy,2023-04-26 15:00:00,92.39,3937.2394972822017,Sinal: Compra,3937.23949728227,2984.1731266150696
Hold,2023-04-26 16:00:00,92.26,3923.8400242118564,Hold,3923.8400242119246,2979.974160206801
Hold,2023-04-26 17:00:00,91.71,3900.448391724142,Hold,3900.44839172421,2962.2093023256634
Hold,2023-04-26 18:00:00,91.66,3898.321879679804,Hold,3898.3218796798724,2960.5943152455598
Hold,2023-04-26 19:00:00,86.31,3670.785090935675,Hold,3670.7850909357385,2787.7906976744957
Hold,2023-04-26 20:00:00,88.06,3745.213012487493,Hold,3745.2130124875584,2844.3152454781152
Hold,2023-04-26 21:00:00,88.7,3772.432366655015,Hold,3772.4323666550804,2864.987080103438
Sell,2023-04-26 22:00:00,87.99,3742.2358956254197,Sinal: Venda,3742.2358956254843,2842.0542635659694
Buy,2023-05-16 00:00:00,86.9,3742.2358956254197,Sinal: Compra,3742.2358956254843,2806.8475452197154
Hold,2023-05-16 01:00:00,88.09,3785.898533706697,Hold,3785.8985337067625,2845.2842377261763
Hold,2023-05-16 02:00:00,87.46,3758.8226331931855,Hold,3758.82263319325,2824.935400516873
Hold,2023-05-16 03:00:00,87.45,3758.3928569945583,Hold,3758.392856994623,2824.6124031008526
Hold,2023-05-16 04:00:00,88.22,3791.48562428885,Hold,3791.4856242889155,2849.483204134445
Hold,2023-05-16 05:00:00,87.55,3762.69061898083,Hold,3762.690618980895,2827.842377261059
Hold,2023-05-16 06:00:00,87.56,3763.1203951794573,Hold,3763.120395179523,2828.1653746770803
Hold,2023-05-16 07:00:00,88.75,3814.2637628160896,Hold,3814.263762816156,2866.602067183541
Hold,2023-05-16 08:00:00,89.01,3825.437943980396,Hold,3825.4379439804625,2875.0000000000787
Hold,2023-05-16 09:00:00,89.39,3841.7694395282288,Hold,3841.7694395282956,2887.273901808864
Hold,2023-05-16 10:00:00,88.76,3814.6935390147173,Hold,3814.6935390147837,2866.925064599561
Hold,2023-05-16 11:00:00,89.37,3840.909887130974,Hold,3840.9098871310407,2886.6279069768234
Hold,2023-05-16 12:00:00,89.27,3836.612125144702,Hold,3836.612125144769,2883.397932816616
Hold,2023-05-16 13:00:00,88.69,3811.6851056243268,Hold,3811.685105624393,2864.6640826874163
Hold,2023-05-16 14:00:00,88.86,3818.9913010009886,Hold,3818.991301001055,2870.155038759768
Hold,2023-05-16 15:00:00,89.75,3857.2413826788065,Hold,3857.2413826788734,2898.901808785609
Hold,2023-05-16 16:00:00,90.09,3871.8537734321303,Hold,3871.8537734321976,2909.883720930312
Hold,2023-05-16 17:00:00,89.97,3866.6964590486036,Hold,3866.696459048671,2906.0077519380634
Hold,2023-05-16 18:00:00,89.47,3845.2076491172456,Hold,3845.207649117312,2889.8578811370294
Hold,2023-05-16 19:00:00,89.11,3829.7357059666674,Hold,3829.735705966734,2878.229974160285
Hold,2023-05-16 20:00:00,89.45,3844.348096719991,Hold,3844.348096720058,2889.2118863049886
Hold,2023-05-16 21:00:00,89.42,3843.0587681241095,Hold,3843.058768124176,2888.2428940569266
Hold,2023-05-16 22:00:00,89.49,3846.0672015144996,Hold,3846.067201514566,2890.5038759690715
Hold,2023-05-16 23:00:00,89.99,3867.5560114458576,Hold,3867.556011445924,2906.653746770105
Hold,2023-05-17 00:00:00,92.12,3959.0983417534444,Hold,3959.098341753512,2975.4521963825105
Hold,2023-05-17 01:00:00,92.97,3995.6293186367534,Hold,3995.6293186368216,3002.906976744268
Hold,2023-05-17 02:00:00,92.66,3982.3062564793113,Hold,3982.306256479379,2992.894056847627
Hold,2023-05-17 03:00:00,92.93,3993.910213842245,Hold,3993.910213842313,3001.6149870801855
Hold,2023-05-17 04:00:00,92.96,3995.1995424381257,Hold,3995.199542438194,3002.583979328247
Hold,2023-05-17 05:00:00,92.39,3970.702299116378,Hold,3970.702299116446,2984.173126615068
Hold,2023-05-17 06:00:00,92.3,3966.8343133287335,Hold,3966.8343133288017,2981.266149870882
Hold,2023-05-17 07:00:00,91.53,3933.741546034442,Hold,3933.7415460345096,2956.39534883729
Hold,2023-05-17 08:00:00,91.27,3922.567364870135,Hold,3922.5673648702023,2947.997416020752
Hold,2023-05-17 09:00:00,92.91,3993.05066144499,Hold,3993.0506614450583,3000.9689922481434
Hold,2023-05-17 10:00:00,92.88,3991.7613328491084,Hold,3991.7613328491766,3000.0000000000814
Hold,2023-05-17 11:00:00,91.82,3946.205055794629,Hold,3946.205055794697,2965.762273901889
Hold,2023-05-17 12:00:00,92.5,3975.4298373012766,Hold,3975.4298373013453,2987.726098191295
Hold,2023-05-17 13:00:00,91.88,3948.7837129863924,Hold,3948.7837129864606,2967.7002583980125
Hold,2023-05-17 14:00:00,91.9,3949.643265383647,Hold,3949.643265383715,2968.3462532300546
Hold,2023-05-17 15:00:00,92.08,3957.3792369589355,Hold,3957.3792369590037,2974.1602067184263
Hold,2023-05-17 16:00:00,93.34,4011.531037985959,Hold,4011.5310379860284,3014.857881137032
Hold,2023-05-17 17:00:00,93.53,4019.6967857598747,Hold,4019.6967857599448,3020.9948320414246
Hold,2023-05-17 18:00:00,94.24,4050.210895862403,Hold,4050.210895862474,3043.9276485788923
Hold,2023-05-17 19:00:00,94.75,4072.1294819923887,Hold,4072.1294819924597,3060.4005167959467
Hold,2023-05-17 20:00:00,94.46,4059.6659722322006,Hold,4059.6659722322715,3051.033591731347
Hold,2023-05-17 21:00:00,93.96,4038.1771623008426,Hold,4038.177162300913,3034.883720930313
Hold,2023-05-17 22:00:00,93.77,4030.0114145269267,Hold,4030.0114145269977,3028.7467700259203
Hold,2023-05-17 23:00:00,93.88,4034.7389527118253,Hold,4034.7389527118958,3032.2997416021476
Hold,2023-05-18 00:00:00,93.19,4005.084395006551,Hold,4005.0843950066214,3010.012919896721
Hold,2023-05-18 01:00:00,93.34,4011.531037985959,Hold,4011.5310379860293,3014.857881137032
Hold,2023-05-18 02:00:00,93.79,4030.870966924181,Hold,4030.870966924252,3029.3927648579624
Hold,2023-05-18 03:00:00,94.09,4043.764252882996,Hold,4043.764252883067,3039.0826873385827
Hold,2023-05-18 04:00:00,93.35,4011.9608141845856,Hold,4011.960814184656,3015.180878553052
Hold,2023-05-18 05:00:00,93.25,4007.663052198314,Hold,4007.6630521983843,3011.9509043928456
Hold,2023-05-18 06:00:00,92.98,3996.059094835381,Hold,3996.0590948354507,3003.2299741602874
Hold,2023-05-18 07:00:00,92.96,3995.1995424381257,Hold,3995.1995424381957,3002.5839793282457
Hold,2023-05-18 08:00:00,92.92,3993.4804376436177,Hold,3993.4804376436878,3001.2919896641633
Hold,2023-05-18 09:00:00,92.89,3992.191109047736,Hold,3992.191109047806,3000.3229974161013
Hold,2023-05-18 10:00:00,93.39,4013.679918979094,Hold,4013.6799189791645,3016.472868217136
Hold,2023-05-18 11:00:00,92.9,3992.6208852463637,Hold,3992.6208852464338,3000.6459948321226
Hold,2023-05-18 12:00:00,92.21,3962.9663275410885,Hold,3962.966327541158,2978.359173126695
Hold,2023-05-18 13:00:00,92.09,3957.8090131575627,Hold,3957.809013157632,2974.4832041344475
Hold,2023-05-18 14:00:00,92.09,3957.8090131575627,Hold,3957.809013157632,2974.4832041344475
Hold,2023-05-18 15:00:00,91.54,3934.171322233069,Hold,3934.171322233138,2956.71834625331
Hold,2023-05-18 16:00:00,92.0,3953.941027369918,Hold,3953.9410273699878,2971.576227390261
Hold,2023-05-18 17:00:00,90.01,3868.415563843113,Hold,3868.4155638431807,2907.299741602146
Hold,2023-05-18 18:00:00,89.92,3864.5475780554684,Hold,3864.5475780555357,2904.3927648579597
Hold,2023-05-18 19:00:00,90.37,3883.8875069936907,Hold,3883.8875069937585,2918.92764857889
Hold,2023-05-18 20:00:00,90.58,3892.9128071648606,Hold,3892.9128071649284,2925.7105943153247
Hold,2023-05-18 21:00:00,91.49,3932.0224412399325,Hold,3932.0224412400007,2955.1033591732066
Hold,2023-05-18 22:00:00,91.42,3929.014007849543,Hold,3929.014007849611,2952.842377261062
Hold,2023-05-18 23:00:00,90.43,3886.4661641854536,Hold,3886.466164185521,2920.865633075015
Hold,2023-05-19 00:00:00,90.8,3902.3678835346586,Hold,3902.3678835347264,2932.81653746778
Hold,2023-05-19 01:00:00,90.88,3905.806093123676,Hold,3905.8060931237437,2935.4005167959454
Hold,2023-05-19 02:00:00,91.23,3920.848260075627,Hold,3920.848260075695,2946.7054263566692
Hold,2023-05-19 03:00:00,92.51,3975.859613499904,Hold,3975.8596134999734,2988.0490956073163
Hold,2023-05-19 04:00:00,92.76,3986.604018465583,Hold,3986.604018465653,2996.1240310078333
Hold,2023-05-19 05:00:00,92.63,3981.0169278834296,Hold,3981.0169278834996,2991.925064599564
Hold,2023-05-19 06:00:00,92.2,3962.5365513424617,Hold,3962.5365513425318,2978.0361757106753
Hold,2023-05-19 07:00:00,91.84,3947.064608191884,Hold,3947.0646081919535,2966.408268733931
Hold,2023-05-19 08:00:00,92.13,3959.5281179520716,Hold,3959.5281179521417,2975.7751937985304
Hold,2023-05-19 09:00:00,91.8,3945.3455033973746,Hold,3945.345503397444,2965.1162790698477
Hold,2023-05-19 10:00:00,91.46,3930.733112644051,Hold,3930.7331126441204,2954.134366925144
Hold,2023-05-19 11:00:00,91.01,3911.393183705829,Hold,3911.393183705898,2939.599483204214
Hold,2023-05-19 12:00:00,91.67,3939.758412815222,Hold,3939.7584128152916,2960.9173126615788
Hold,2023-05-19 13:00:00,91.31,3924.2864696646443,Hold,3924.286469664714,2949.289405684834
Hold,2023-05-19 14:00:00,91.63,3938.0393080207127,Hold,3938.0393080207823,2959.625322997496
Hold,2023-05-19 15:00:00,92.16,3960.817446547953,Hold,3960.8174465480233,2976.7441860465915
Hold,2023-05-19 16:00:00,92.2,3962.5365513424617,Hold,3962.5365513425327,2978.036175710675
Hold,2023-05-19 17:00:00,93.02,3997.778199629889,Hold,3997.7781996299605,3004.5219638243707
Hold,2023-05-19 18:00:00,92.38,3970.2725229177504,Hold,3970.2725229178213,2983.850129199047
Hold,2023-05-19 19:00:00,91.63,3938.0393080207127,Hold,3938.0393080207828,2959.625322997496
Hold,2023-05-19 20:00:00,91.49,3932.0224412399325,Hold,3932.0224412400025,2955.1033591732066
Hold,2023-05-19 21:00:00,91.55,3934.601098431696,Hold,3934.601098431766,2957.041343669331
Hold,2023-05-19 22:00:00,91.62,3937.6095318220864,Hold,3937.6095318221564,2959.3023255814755
Hold,2023-05-19 23:00:00,91.8,3945.3455033973746,Hold,3945.345503397444,2965.1162790698477
Hold,2023-05-20 00:00:00,90.95,3908.814526514066,Hold,3908.8145265141347,2937.66149870809
Hold,2023-05-20 01:00:00,91.37,3926.865126856407,Hold,3926.8651268564763,2951.227390180959
Hold,2023-05-20 02:00:00,91.51,3932.881993637188,Hold,3932.8819936372565,2955.7493540052487
Hold,2023-05-20 03:00:00,91.49,3932.0224412399325,Hold,3932.022441240001,2955.103359173207
Hold,2023-05-20 04:00:00,91.35,3926.0055744591523,Hold,3926.005574459221,2950.581395348918
Hold,2023-05-20 05:00:00,90.99,3910.5336313085745,Hold,3910.533631308643,2938.953488372173
Hold,2023-05-20 06:00:00,90.84,3904.086988329167,Hold,3904.0869883292357,2934.108527131863
Hold,2023-05-20 07:00:00,91.02,3911.822959904456,Hold,3911.8229599045253,2939.922480620235
Hold,2023-05-20 08:00:00,91.21,3919.988707678372,Hold,3919.988707678441,2946.0594315246276
Hold,2023-05-20 09:00:00,91.32,3924.7162458632706,Hold,3924.7162458633406,2949.612403100855
Hold,2023-05-20 10:00:00,91.33,3925.1460220618983,Hold,3925.1460220619683,2949.9354005168757
Hold,2023-05-20 11:00:00,91.18,3918.699379082491,Hold,3918.699379082561,2945.0904392765656
Hold,2023-05-20 12:00:00,91.38,3927.294903055034,Hold,3927.2949030551044,2951.550387596979
Hold,2023-05-20 13:00:00,91.39,3927.724679253661,Hold,3927.724679253732,2951.873385013
Hold,2023-05-20 14:00:00,91.53,3933.741546034442,Hold,3933.741546034513,2956.3953488372895
Hold,2023-05-20 15:00:00,92.1,3958.23878935619,Hold,3958.2387893562613,2974.806201550468
Hold,2023-05-20 16:00:00,91.91,3950.073041582274,Hold,3950.0730415823455,2968.6692506460754
Hold,2023-05-20 17:00:00,92.69,3983.5955850751925,Hold,3983.595585075264,2993.8630490956884
Hold,2023-05-20 18:00:00,92.26,3965.1152085342246,Hold,3965.115208534296,2979.9741602067998
Hold,2023-05-20 19:00:00,92.05,3956.0899083630543,Hold,3956.0899083631257,2973.191214470365
Hold,2023-05-20 20:00:00,91.96,3952.2219225754097,Hold,3952.221922575481,2970.2842377261786
Hold,2023-05-20 21:00:00,92.02,3954.8005797671726,Hold,3954.800579767244,2972.2222222223027
Hold,2023-05-20 22:00:00,91.99,3953.511251171291,Hold,3953.5112511713623,2971.2532299742406
Hold,2023-05-20 23:00:00,92.42,3971.9916277122593,Hold,3971.9916277123307,2985.14211886313
Hold,2023-05-21 00:00:00,92.72,3984.884913671074,Hold,3984.884913671146,2994.8320413437505
Hold,2023-05-21 01:00:00,91.89,3949.2134891850196,Hold,3949.2134891850906,2968.023255814034
Hold,2023-05-21 02:00:00,92.25,3964.6854323355974,Hold,3964.685432335669,2979.6511627907785
Hold,2023-05-21 03:00:00,92.26,3965.1152085342246,Hold,3965.115208534296,2979.9741602067998
Hold,2023-05-21 04:00:00,92.09,3957.8090131575627,Hold,3957.8090131576337,2974.4832041344484
Hold,2023-05-21 05:00:00,92.24,3964.25565613697,Hold,3964.2556561370416,2979.328165374758
Hold,2023-05-21 06:00:00,92.31,3967.2640895273603,Hold,3967.2640895274317,2981.5891472869025
Hold,2023-05-21 07:00:00,92.83,3989.612451855973,Hold,3989.6124518560455,2998.3850129199777
Hold,2023-05-21 08:00:00,93.08,4000.356856821652,Hold,4000.3568568217247,3006.4599483204947
Hold,2023-05-21 09:00:00,92.89,3992.191109047736,Hold,3992.191109047809,3000.3229974161018
Hold,2023-05-21 10:00:00,92.5,3975.4298373012766,Hold,3975.429837301349,2987.726098191295
Hold,2023-05-21 11:00:00,92.33,3968.1236419246147,Hold,3968.1236419246866,2982.2351421189433
Hold,2023-05-21 12:00:00,92.46,3973.7107325067677,Hold,3973.710732506839,2986.434108527212
Hold,2023-05-21 13:00:00,92.07,3956.9494607603083,Hold,3956.9494607603797,2973.837209302406
Hold,2023-05-21 14:00:00,92.33,3968.1236419246147,Hold,3968.123641924686,2982.2351421189433
Hold,2023-05-21 15:00:00,91.74,3942.766846205612,Hold,3942.7668462056836,2963.178294573723
Hold,2023-05-21 16:00:00,91.48,3931.592665041306,Hold,3931.592665041377,2954.780361757186
Hold,2023-05-21 17:00:00,91.53,3933.741546034442,Hold,3933.7415460345132,2956.3953488372895
Hold,2023-05-21 18:00:00,91.66,3939.3286366165944,Hold,3939.328636616666,2960.5943152455575
Hold,2023-05-21 19:00:00,91.9,3949.643265383647,Hold,3949.6432653837187,2968.3462532300546
Hold,2023-05-21 20:00:00,91.7,3941.0477414111037,Hold,3941.047741411175,2961.886304909641
Hold,2023-05-21 21:00:00,92.32,3967.6938657259875,Hold,3967.69386572606,2981.912144702923
Hold,2023-05-21 22:00:00,92.44,3972.8511801095137,Hold,3972.8511801095865,2985.7881136951714
Hold,2023-05-21 23:00:00,92.18,3961.6769989452077,Hold,3961.67699894528,2977.390180878634
Hold,2023-05-22 00:00:00,91.74,3942.766846205612,Hold,3942.766846205684,2963.1782945737236
Hold,2023-05-22 01:00:00,90.17,3875.291983021147,Hold,3875.2919830212177,2912.4677002584767
Hold,2023-05-22 02:00:00,91.03,3912.2527361030834,Hold,3912.2527361031543,2940.2454780362555
Hold,2023-05-22 03:00:00,90.83,3903.6572121305403,Hold,3903.6572121306112,2933.7855297158417
Hold,2023-05-22 04:00:00,90.99,3910.5336313085745,Hold,3910.5336313086455,2938.9534883721726
Hold,2023-05-22 05:00:00,91.06,3913.542064698965,Hold,3913.5420646990365,2941.2144702843175
Hold,2023-05-22 06:00:00,90.82,3903.2274359319126,Hold,3903.227435931984,2933.462532299821
Hold,2023-05-22 07:00:00,91.05,3913.112288500338,Hold,3913.1122885004097,2940.8914728682967
Hold,2023-05-22 08:00:00,91.08,3914.401617096219,Hold,3914.401617096291,2941.8604651163587
Hold,2023-05-22 09:00:00,91.4,3928.154455452289,Hold,3928.1544554523607,2952.1963824290206
Hold,2023-05-22 10:00:00,91.53,3933.741546034442,Hold,3933.7415460345146,2956.395348837289
Hold,2023-05-22 11:00:00,91.28,3922.9971410687626,Hold,3922.997141068835,2948.3204134367716
Hold,2023-05-22 12:00:00,90.77,3901.078554938777,Hold,3901.078554938849,2931.847545219717
Hold,2023-05-22 13:00:00,91.53,3933.741546034442,Hold,3933.741546034514,2956.395348837289
Hold,2023-05-22 14:00:00,91.42,3929.014007849543,Hold,3929.014007849615,2952.8423772610613
Hold,2023-05-22 15:00:00,91.1,3915.261169493473,Hold,3915.261169493545,2942.5064599483994
Hold,2023-05-22 16:00:00,90.98,3910.1038551099477,Hold,3910.1038551100196,2938.630490956152
Hold,2023-05-22 17:00:00,91.04,3912.6825123017106,Hold,3912.6825123017825,2940.568475452276
Hold,2023-05-22 18:00:00,90.94,3908.384750315439,Hold,3908.3847503155102,2937.338501292069
Hold,2023-05-22 19:00:00,90.79,3901.938107336032,Hold,3901.9381073361033,2932.493540051759
Hold,2023-05-22 20:00:00,90.9,3906.6656455209304,Hold,3906.665645521002,2936.046511627986
Hold,2023-05-22 21:00:00,91.03,3912.2527361030834,Hold,3912.2527361031543,2940.2454780362546
Hold,2023-05-22 22:00:00,91.0,3910.963407507202,Hold,3910.963407507273,2939.2764857881925
Hold,2023-05-22 23:00:00,90.83,3903.6572121305403,Hold,3903.6572121306112,2933.7855297158408
Hold,2023-05-23 00:00:00,90.49,3889.0448213772165,Hold,3889.0448213772875,2922.8036175711372
Hold,2023-05-23 01:00:00,91.28,3922.9971410687626,Hold,3922.997141068834,2948.320413436771
Hold,2023-05-23 02:00:00,91.69,3940.617965212476,Hold,3940.617965212548,2961.563307493619
Hold,2023-05-23 03:00:00,92.74,3985.744466068328,Hold,3985.7444660684005,2995.4780361757903
Hold,2023-05-23 04:00:00,92.35,3968.9831943218687,Hold,3968.983194321941,2982.881136950984
Hold,2023-05-23 05:00:00,92.41,3971.561851513632,Hold,3971.5618515137044,2984.8191214471076
Hold,2023-05-23 06:00:00,91.92,3950.502817780901,Hold,3950.5028177809727,2968.9922480620944
Hold,2023-05-23 07:00:00,91.96,3952.2219225754097,Hold,3952.221922575482,2970.284237726177
Hold,2023-05-23 08:00:00,91.73,3942.337070006985,Hold,3942.337070007057,2962.8552971577014
Hold,2023-05-23 09:00:00,91.72,3941.9072938083577,Hold,3941.9072938084296,2962.5322997416806
Hold,2023-05-23 10:00:00,91.85,3947.4943843905107,Hold,3947.494384390582,2966.731266149949
Hold,2023-05-23 11:00:00,91.77,3944.0561748014934,Hold,3944.056174801565,2964.1472868217834
Hold,2023-05-23 12:00:00,91.61,3937.1797556234587,Hold,3937.17975562353,2958.9793281654524
Hold,2023-05-23 13:00:00,91.37,3926.865126856407,Hold,3926.865126856478,2951.2273901809563
Hold,2023-05-23 14:00:00,91.73,3942.337070006985,Hold,3942.337070007056,2962.8552971577005
Hold,2023-05-23 15:00:00,91.63,3938.0393080207127,Hold,3938.039308020783,2959.6253229974936
Hold,2023-05-23 16:00:00,91.24,3921.2780362742537,Hold,3921.278036274324,2947.0284237726873
Hold,2023-05-23 17:00:00,91.29,3923.42691726739,Hold,3923.4269172674603,2948.643410852791
Hold,2023-05-23 18:00:00,91.07,3913.971840897592,Hold,3913.9718408976623,2941.5374677003356
Hold,2023-05-23 19:00:00,91.06,3913.542064698965,Hold,3913.5420646990356,2941.2144702843157
Hold,2023-05-23 20:00:00,90.87,3905.3763169250487,Hold,3905.3763169251188,2935.0775193799227
Hold,2023-05-23 21:00:00,91.01,3911.393183705829,Hold,3911.393183705899,2939.599483204212
Hold,2023-05-23 22:00:00,91.31,3924.2864696646443,Hold,3924.286469664715,2949.289405684832
Hold,2023-05-23 23:00:00,91.7,3941.0477414111037,Hold,3941.0477414111742,2961.8863049096385
Hold,2023-05-24 00:00:00,91.78,3944.4859510001206,Hold,3944.4859510001916,2964.4702842378038
Hold,2023-05-24 01:00:00,91.22,3920.4184838769993,Hold,3920.4184838770702,2946.3824289406457
Hold,2023-05-24 02:00:00,91.41,3928.5842316509156,Hold,3928.5842316509866,2952.5193798450387
Hold,2023-05-24 03:00:00,89.27,3836.612125144702,Hold,3836.6121251447717,2883.3979328166133
Hold,2023-05-24 04:00:00,88.43,3800.5109244600208,Hold,3800.5109244600894,2856.2661498708762
Hold,2023-05-24 05:00:00,87.9,3777.732785932781,Hold,3777.7327859328493,2839.14728682178
Hold,2023-05-24 06:00:00,86.02,3696.9348605908735,Hold,3696.9348605909404,2778.423772609892
Hold,2023-05-24 07:00:00,85.62,3679.7438126457873,Hold,3679.7438126458537,2765.5038759690647
Hold,2023-05-24 08:00:00,86.54,3719.2832229194864,Hold,3719.2832229195537,2795.2196382429674
Hold,2023-05-24 09:00:00,86.64,3723.580984905758,Hold,3723.5809849058255,2798.449612403174
Hold,2023-05-24 10:00:00,86.34,3710.687698946943,Hold,3710.6876989470097,2788.759689922553
Hold,2023-05-24 11:00:00,86.37,3711.9770275428245,Hold,3711.977027542891,2789.728682170615
Hold,2023-05-24 12:00:00,86.51,3717.9938943236048,Hold,3717.9938943236716,2794.250645994904
Hold,2023-05-24 13:00:00,85.73,3684.4713508306863,Hold,3684.4713508307523,2769.056847545291
Hold,2023-05-24 14:00:00,85.46,3672.867393467752,Hold,3672.867393467818,2760.3359173127324
Hold,2023-05-24 15:00:00,86.0,3696.075308193619,Hold,3696.075308193685,2777.777777777849
Hold,2023-05-24 16:00:00,85.38,3669.429183878735,Hold,3669.429183878801,2757.7519379845667
Hold,2023-05-24 17:00:00,85.59,3678.4544840499057,Hold,3678.454484049972,2764.5348837210017
Trailing-Stop,2023-05-24 18:00:00,85.07,3656.1061217212928,Trailing stop 10.0% hit,3656.1061217213587,2747.739018087926
Buy,2023-06-03 21:00:00,96.11,3656.1061217212928,Sinal: Compra,3656.1061217213587,3104.328165374757
Hold,2023-06-03 22:00:00,96.3,3656.0108788444127,Hold,3656.0108788444786,3110.4651162791497
Hold,2023-06-03 23:00:00,96.03,3645.7603810532605,Hold,3645.7603810533265,3101.744186046592
Hold,2023-06-04 00:00:00,94.96,3605.138037954989,Hold,3605.138037955054,3067.183462532379
Hold,2023-06-04 01:00:00,95.28,3617.2867760778363,Hold,3617.286776077902,3077.519379845041
Hold,2023-06-04 02:00:00,95.05,3608.55487055204,Hold,3608.554870552106,3070.0904392765647
Hold,2023-06-04 03:00:00,95.3,3618.0460722105145,Hold,3618.046072210581,3078.165374677082
Hold,2023-06-04 04:00:00,95.07,3609.3141666847177,Hold,3609.3141666847837,3070.7364341086063
Hold,2023-06-04 05:00:00,95.03,3607.7955744193623,Hold,3607.795574419428,3069.444444444524
Hold,2023-06-04 06:00:00,95.4,3621.8425528739044,Hold,3621.8425528739704,3081.3953488372895
Hold,2023-06-04 07:00:00,95.83,3638.1674197264806,Hold,3638.167419726547,3095.2842377261786
Hold,2023-06-04 08:00:00,95.77,3635.889531328447,Hold,3635.8895313285134,3093.3462532300546
Hold,2023-06-04 09:00:00,96.36,3658.288767242447,Hold,3658.288767242514,3112.403100775275
Hold,2023-06-04 10:00:00,96.36,3658.288767242447,Hold,3658.288767242514,3112.403100775275
Hold,2023-06-04 11:00:00,96.34,3657.529471109769,Hold,3657.529471109836,3111.757105943234
Hold,2023-06-04 12:00:00,96.18,3651.4551020483455,Hold,3651.455102048412,3106.589147286903
Hold,2023-06-04 13:00:00,96.0,3644.6214368542437,Hold,3644.62143685431,3100.775193798531
Hold,2023-06-04 14:00:00,95.81,3637.408123593803,Hold,3637.408123593869,3094.638242894138
Hold,2023-06-04 15:00:00,95.52,3626.398329669972,Hold,3626.3983296700376,3085.2713178295385
Hold,2023-06-04 16:00:00,95.8,3637.0284755274633,Hold,3637.0284755275293,3094.3152454781175
Hold,2023-06-04 17:00:00,95.76,3635.509883262108,Hold,3635.509883262174,3093.023255814035
Hold,2023-06-04 18:00:00,95.55,3627.537273868989,Hold,3627.537273869055,3086.2403100776005
Hold,2023-06-04 19:00:00,95.79,3636.648827461125,Hold,3636.648827461191,3093.992248062097
Hold,2023-06-04 20:00:00,95.9,3640.8249561908538,Hold,3640.8249561909197,3097.545219638325
Hold,2023-06-04 21:00:00,95.25,3616.14783187882,Hold,3616.1478318788854,3076.5503875969807
Hold,2023-06-04 22:00:00,95.37,3620.703608674888,Hold,3620.7036086749536,3080.426356589229
Hold,2023-06-04 23:00:00,94.19,3575.905136846887,Hold,3575.905136846952,3042.3126614987887
Hold,2023-06-05 00:00:00,93.75,3559.200621927972,Hold,3559.200621928036,3028.1007751938787
Hold,2023-06-05 01:00:00,93.7,3557.3023815962774,Hold,3557.302381596341,3026.485788113775
Hold,2023-06-05 02:00:00,92.69,3518.95792689604,Hold,3518.957926896103,2993.863049095686
Hold,2023-06-05 03:00:00,92.89,3526.5508882228196,Hold,3526.550888222883,3000.3229974161
Hold,2023-06-05 04:00:00,93.05,3532.625257284243,Hold,3532.625257284306,3005.4909560724304
Hold,2023-06-05 05:00:00,93.26,3540.597866677362,Hold,3540.597866677425,3012.2739018088655
Hold,2023-06-05 06:00:00,93.38,3545.15364347343,Hold,3545.1536434734926,3016.1498708011136
Hold,2023-06-05 07:00:00,93.36,3544.3943473407517,Hold,3544.3943473408144,3015.5038759690724
Hold,2023-06-05 08:00:00,93.05,3532.625257284243,Hold,3532.625257284306,3005.490956072431
Hold,2023-06-05 09:00:00,93.05,3532.625257284243,Hold,3532.625257284306,3005.490956072431
Hold,2023-06-05 10:00:00,92.5,3511.7446136355993,Hold,3511.7446136356616,2987.7260981912937
Hold,2023-06-05 11:00:00,93.04,3532.2456092179045,Hold,3532.2456092179673,3005.1679586564105
Hold,2023-06-05 12:00:00,92.47,3510.605669436582,Hold,3510.6056694366443,2986.757105943231
Hold,2023-06-05 13:00:00,92.25,3502.2534119771244,Hold,3502.2534119771863,2979.6511627907767
Hold,2023-06-05 14:00:00,92.49,3511.3649655692598,Hold,3511.364965569321,2987.4031007752724
Stop-Loss,2023-06-05 15:00:00,86.05,3266.8716108469544,SL 10.0% hit,3266.8716108470117,2779.3927648579543
Buy,2023-06-20 22:00:00,79.97,3266.8716108469544,Sinal: Compra,3266.8716108470117,2583.010335917381
Hold,2023-06-20 23:00:00,80.33,3275.01817349173,Hold,3275.018173491788,2594.6382428941256
Hold,2023-06-21 00:00:00,81.43,3319.8646815315774,Hold,3319.864681531636,2630.1679586564005
Hold,2023-06-21 01:00:00,81.98,3342.2879355515006,Hold,3342.28793555156,2647.932816537538
Hold,2023-06-21 02:00:00,82.2,3351.25723715947,Hold,3351.2572371595297,2655.0387596899923
Hold,2023-06-21 03:00:00,82.13,3348.4033684660253,Hold,3348.403368466085,2652.7777777778474
Hold,2023-06-21 04:00:00,81.95,3341.064848968596,Hold,3341.0648489686555,2646.9638242894753
Hold,2023-06-21 05:00:00,84.33,3438.096384545719,Hold,3438.0963845457804,2723.837209302397
Hold,2023-06-21 06:00:00,84.24,3434.427124797004,Hold,3434.4271247970655,2720.9302325582107
Hold,2023-06-21 07:00:00,84.43,3442.173339822069,Hold,3442.173339822131,2727.067183462604
Hold,2023-06-21 08:00:00,83.89,3420.1577813297804,Hold,3420.1577813298413,2709.625322997487
Hold,2023-06-21 09:00:00,83.92,3421.380867912685,Hold,3421.380867912746,2710.5943152455493
Hold,2023-06-21 10:00:00,83.66,3410.780784194176,Hold,3410.7807841942367,2702.1963824290115
Hold,2023-06-21 11:00:00,84.34,3438.5040800733545,Hold,3438.504080073416,2724.1602067184176
Hold,2023-06-21 12:00:00,83.78,3415.673130525796,Hold,3415.673130525857,2706.072351421259
Hold,2023-06-21 13:00:00,84.4,3440.9502532391643,Hold,3440.9502532392257,2726.0981912145417
Hold,2023-06-21 14:00:00,84.92,3462.1504206761824,Hold,3462.150420676244,2742.8940568476164
Hold,2023-06-21 15:00:00,84.54,3446.657990626054,Hold,3446.657990626115,2730.620155038831
Hold,2023-06-21 16:00:00,85.35,3479.681328364486,Hold,3479.681328364548,2756.782945736506
Hold,2023-06-21 17:00:00,84.78,3456.4426832892927,Hold,3456.442683289354,2738.372093023327
Hold,2023-06-21 18:00:00,85.37,3480.4967194197566,Hold,3480.4967194198184,2757.428940568548
Hold,2023-06-21 19:00:00,85.22,3474.3812865052314,Hold,3474.381286505293,2752.5839793282375
Hold,2023-06-21 20:00:00,85.05,3467.450462535437,Hold,3467.4504625354984,2747.0930232558862
Hold,2023-06-21 21:00:00,84.69,3452.773423540578,Hold,3452.773423540639,2735.4651162791415
Hold,2023-06-21 22:00:00,85.38,3480.9044149473907,Hold,3480.904414947452,2757.751937984568
Hold,2023-06-21 23:00:00,85.05,3467.450462535437,Hold,3467.4504625354984,2747.093023255886
Hold,2023-06-22 00:00:00,86.82,3539.612570926827,Hold,3539.61257092689,2804.263565891546
Hold,2023-06-22 01:00:00,87.89,3583.2359923837694,Hold,3583.235992383833,2838.824289405759
Hold,2023-06-22 02:00:00,88.83,3621.5593719814565,Hold,3621.5593719815206,2869.186046511703
Hold,2023-06-22 03:00:00,87.86,3582.012905800864,Hold,3582.0129058009275,2837.855297157697
Hold,2023-06-22 04:00:00,87.89,3583.2359923837694,Hold,3583.2359923838326,2838.824289405759
Hold,2023-06-22 05:00:00,87.33,3560.4050428362107,Hold,3560.4050428362734,2820.7364341086004
Hold,2023-06-22 06:00:00,86.56,3529.012487208318,Hold,3529.01248720838,2795.865633075008
Hold,2023-06-22 07:00:00,87.03,3548.1741770071617,Hold,3548.1741770072244,2811.04651162798
Hold,2023-06-22 08:00:00,86.66,3533.0894424846674,Hold,3533.0894424847297,2799.095607235215
Hold,2023-06-22 09:00:00,87.03,3548.1741770071617,Hold,3548.174177007224,2811.04651162798
Hold,2023-06-22 10:00:00,87.07,3549.804959117701,Hold,3549.8049591177632,2812.3385012920626
Hold,2023-06-22 11:00:00,85.54,3487.427543389551,Hold,3487.4275433896123,2762.919896640899
Hold,2023-06-22 12:00:00,85.99,3505.7738421331246,Hold,3505.773842133186,2777.4547803618293
Hold,2023-06-22 13:00:00,86.13,3511.481579520014,Hold,3511.481579520075,2781.976744186119
Hold,2023-06-22 14:00:00,85.13,3470.712026756517,Hold,3470.7120267565774,2749.6770025840515
Hold,2023-06-22 15:00:00,85.43,3482.9428925855664,Hold,3482.9428925856264,2759.3669250646726
Hold,2023-06-22 16:00:00,85.42,3482.5351970579313,Hold,3482.5351970579914,2759.0439276486513
Hold,2023-06-22 17:00:00,85.97,3504.9584510778545,Hold,3504.958451077915,2776.8087855297886
Hold,2023-06-22 18:00:00,85.98,3505.3661466054896,Hold,3505.36614660555,2777.1317829458094
Hold,2023-06-22 19:00:00,86.07,3509.035406354204,Hold,3509.0354063542645,2780.038759689995
Hold,2023-06-22 20:00:00,86.06,3508.6277108265695,Hold,3508.62771082663,2779.7157622739746
Hold,2023-06-22 21:00:00,85.88,3501.2891913291396,Hold,3501.2891913291996,2773.901808785602
Hold,2023-06-22 22:00:00,85.29,3477.2351551986767,Hold,3477.235155198736,2754.8449612403824
Hold,2023-06-22 23:00:00,85.93,3503.3276689673153,Hold,3503.3276689673753,2775.5167958657057
Hold,2023-06-23 00:00:00,86.72,3535.535615650477,Hold,3535.5356156505377,2801.0335917313396
Hold,2023-06-23 01:00:00,85.96,3504.550755550219,Hold,3504.550755550279,2776.4857881137677
Hold,2023-06-23 02:00:00,86.15,3512.296970575284,Hold,3512.296970575344,2782.6227390181607
Hold,2023-06-23 03:00:00,86.32,3519.2277945450783,Hold,3519.2277945451383,2788.113695090512
Hold,2023-06-23 04:00:00,86.36,3520.8585766556184,Hold,3520.8585766556785,2789.405684754595
Hold,2023-06-23 05:00:00,86.73,3535.9433111781123,Hold,3535.9433111781723,2801.3565891473604
Hold,2023-06-23 06:00:00,86.66,3533.0894424846674,Hold,3533.0894424847274,2799.0956072352155
Hold,2023-06-23 07:00:00,86.44,3524.120140876698,Hold,3524.120140876758,2791.9896640827606
Hold,2023-06-23 08:00:00,86.82,3539.612570926827,Hold,3539.612570926887,2804.263565891546
Hold,2023-06-23 09:00:00,86.86,3541.243353037367,Hold,3541.2433530374265,2805.555555555629
Hold,2023-06-23 10:00:00,86.42,3523.3047498214282,Hold,3523.3047498214873,2791.3436692507194
Hold,2023-06-23 11:00:00,86.36,3520.8585766556184,Hold,3520.858576655678,2789.4056847545953
Hold,2023-06-23 12:00:00,85.89,3501.6968868567747,Hold,3501.696886856834,2774.224806201623
Hold,2023-06-23 13:00:00,85.71,3494.3583673593453,Hold,3494.3583673594044,2768.4108527132503
Hold,2023-06-23 14:00:00,86.45,3524.527836404333,Hold,3524.527836404393,2792.312661498781
Hold,2023-06-23 15:00:00,88.64,3613.813156956392,Hold,3613.813156956454,2863.04909560731
Hold,2023-06-23 16:00:00,89.79,3660.698142634414,Hold,3660.6981426344773,2900.193798449688
Hold,2023-06-23 17:00:00,91.01,3710.4369970058806,Hold,3710.4369970059447,2939.5994832042106
Hold,2023-06-23 18:00:00,91.38,3725.521731528374,Hold,3725.5217315284385,2951.5503875969757
Hold,2023-06-23 19:00:00,91.8,3742.6449436890434,Hold,3742.644943689108,2965.116279069844
Hold,2023-06-23 20:00:00,91.86,3745.091116854853,Hold,3745.0911168549183,2967.054263565968
Hold,2023-06-23 21:00:00,90.78,3701.059999870276,Hold,3701.05999987034,2932.170542635735
Hold,2023-06-23 22:00:00,90.84,3703.506173036086,Hold,3703.5061730361504,2934.1085271318593
Hold,2023-06-23 23:00:00,91.26,3720.629385196755,Hold,3720.62938519682,2947.674418604728
Hold,2023-06-24 00:00:00,89.72,3657.844273940969,Hold,3657.844273941033,2897.9328165375427
Hold,2023-06-24 01:00:00,90.68,3696.9830445939265,Hold,3696.983044593991,2928.9405684755284
Hold,2023-06-24 02:00:00,91.45,3728.3756002218197,Hold,3728.3756002218847,2953.81136950912
Hold,2023-06-24 03:00:00,92.04,3752.429636352283,Hold,3752.4296363523486,2972.8682170543407
Hold,2023-06-24 04:00:00,92.14,3756.506591628632,Hold,3756.506591628698,2976.098191214547
Hold,2023-06-24 05:00:00,92.39,3766.698979819507,Hold,3766.6989798195727,2984.173126615064
Hold,2023-06-24 06:00:00,92.06,3753.2450274075527,Hold,3753.2450274076186,2973.5142118863814
Hold,2023-06-24 07:00:00,90.85,3703.9138685637204,Hold,3703.9138685637854,2934.431524547879
Hold,2023-06-24 08:00:00,90.97,3708.8062148953404,Hold,3708.8062148954054,2938.3074935401273
Hold,2023-06-24 09:00:00,91.25,3720.2216896691198,Hold,3720.221689669185,2947.3514211887064
Hold,2023-06-24 10:00:00,91.33,3723.4832538901996,Hold,3723.483253890265,2949.935400516872
Hold,2023-06-24 11:00:00,90.76,3700.2446088150064,Hold,3700.2446088150714,2931.5245478036936
Hold,2023-06-24 12:00:00,90.99,3709.6216059506105,Hold,3709.621605950676,2938.9534883721685
Hold,2023-06-24 13:00:00,90.56,3692.0906982623064,Hold,3692.090698262372,2925.0645994832794
Hold,2023-06-24 14:00:00,90.76,3700.2446088150064,Hold,3700.2446088150723,2931.524547803693
Hold,2023-06-24 15:00:00,87.51,3567.74356233364,Hold,3567.7435623337037,2826.550387596972
Hold,2023-06-24 16:00:00,88.25,3597.913031378628,Hold,3597.9130313786923,2850.452196382502
Hold,2023-06-24 17:00:00,88.7,3616.2593301222023,Hold,3616.2593301222664,2864.9870801034326
Hold,2023-06-24 18:00:00,89.28,3639.9056707250306,Hold,3639.9056707250948,2883.720930232632
Hold,2023-06-24 19:00:00,89.13,3633.7902378105055,Hold,3633.7902378105696,2878.8759689923213
Hold,2023-06-24 20:00:00,88.78,3619.5208943432817,Hold,3619.520894343346,2867.571059431598
Hold,2023-06-24 21:00:00,88.55,3610.143897207677,Hold,3610.143897207741,2860.142118863122
Hold,2023-06-24 22:00:00,88.63,3613.405461428757,Hold,3613.405461428821,2862.7260981912877
Hold,2023-06-24 23:00:00,89.71,3657.436578413334,Hold,3657.436578413399,2897.6098191215215
Hold,2023-06-25 00:00:00,89.23,3637.867193086856,Hold,3637.8671930869205,2882.105943152529
Hold,2023-06-25 01:00:00,89.35,3642.759539418475,Hold,3642.75953941854,2885.981912144777
Hold,2023-06-25 02:00:00,89.33,3641.944148363205,Hold,3641.94414836327,2885.335917312736
Hold,2023-06-25 03:00:00,89.99,3668.852053187113,Hold,3668.852053187179,2906.653746770101
Hold,2023-06-25 04:00:00,89.8,3661.1058381620487,Hold,3661.1058381621147,2900.516795865708
Hold,2023-06-25 05:00:00,90.11,3673.744399518733,Hold,3673.744399518799,2910.5297157623495
Hold,2023-06-25 06:00:00,89.53,3650.098058915905,Hold,3650.098058915971,2891.7958656331502
Hold,2023-06-25 07:00:00,89.06,3630.936369117061,Hold,3630.9363691171266,2876.6149870801787
Hold,2023-06-25 08:00:00,89.08,3631.7517601723307,Hold,3631.7517601723966,2877.26098191222
Hold,2023-06-25 09:00:00,88.64,3613.813156956392,Hold,3613.8131569564575,2863.04909560731
Hold,2023-06-25 10:00:00,88.56,3610.551592735312,Hold,3610.5515927353777,2860.4651162791442
Hold,2023-06-25 11:00:00,89.0,3628.4901959512513,Hold,3628.490195951317,2874.6770025840538
Hold,2023-06-25 12:00:00,88.73,3617.482416705107,Hold,3617.482416705173,2865.956072351495
Hold,2023-06-25 13:00:00,88.02,3588.5360342430236,Hold,3588.5360342430886,2843.0232558140265
Hold,2023-06-25 14:00:00,87.46,3565.7050846954653,Hold,3565.7050846955303,2824.9354005168684
Hold,2023-06-25 15:00:00,88.1,3591.7975984641034,Hold,3591.7975984641694,2845.607235142192
Hold,2023-06-25 16:00:00,88.22,3596.6899447957235,Hold,3596.68994479579,2849.4832041344403
Hold,2023-06-25 17:00:00,88.05,3589.7591208259287,Hold,3589.759120825995,2843.992248062089
Hold,2023-06-25 18:00:00,88.12,3592.612989519374,Hold,3592.6129895194404,2846.253229974234
Hold,2023-06-25 19:00:00,87.64,3573.043604192895,Hold,3573.0436041929615,2830.749354005241
Hold,2023-06-25 20:00:00,87.15,3553.0665233387813,Hold,3553.066523338847,2814.922480620228
Hold,2023-06-25 21:00:00,87.6,3571.4128220823545,Hold,3571.412822082421,2829.4573643411577
Hold,2023-06-25 22:00:00,88.1,3591.7975984641034,Hold,3591.79759846417,2845.6072351421917
Hold,2023-06-25 23:00:00,88.2,3595.8745537404534,Hold,3595.87455374052,2848.8372093023986
Hold,2023-06-26 00:00:00,87.52,3568.151257861275,Hold,3568.151257861341,2826.873385012992
Hold,2023-06-26 01:00:00,87.09,3550.6203501729715,Hold,3550.620350173037,2812.984496124103
Hold,2023-06-26 02:00:00,86.98,3546.1356993689865,Hold,3546.135699369052,2809.4315245478756
Hold,2023-06-26 03:00:00,87.26,3557.551174142766,Hold,3557.5511741428318,2818.4754521964546
Hold,2023-06-26 04:00:00,87.22,3555.920392032226,Hold,3555.920392032292,2817.183462532372
Hold,2023-06-26 05:00:00,87.03,3548.1741770071617,Hold,3548.1741770072276,2811.0465116279793
Hold,2023-06-26 06:00:00,88.05,3589.7591208259287,Hold,3589.7591208259955,2843.9922480620885
Hold,2023-06-26 07:00:00,87.63,3572.63590866526,Hold,3572.6359086653265,2830.4263565892197
Hold,2023-06-26 08:00:00,87.78,3578.7513415797844,Hold,3578.7513415798508,2835.27131782953
Hold,2023-06-26 09:00:00,87.58,3570.597431027085,Hold,3570.5974310271513,2828.811369509116
Hold,2023-06-26 10:00:00,87.94,3585.274470021944,Hold,3585.2744700220105,2840.4392764858603
Hold,2023-06-26 11:00:00,88.09,3591.3899029364684,Hold,3591.389902936535,2845.284237726171
Hold,2023-06-26 12:00:00,88.63,3613.405461428757,Hold,3613.4054614288234,2862.7260981912873
Hold,2023-06-26 13:00:00,89.99,3668.852053187113,Hold,3668.8520531871804,2906.6537467701
Hold,2023-06-26 14:00:00,88.33,3601.1745955997076,Hold,3601.174595599774,2853.036175710667
Hold,2023-06-26 15:00:00,88.67,3615.0362435392967,Hold,3615.0362435393627,2864.01808785537
Hold,2023-06-26 16:00:00,86.85,3540.835657509732,Hold,3540.835657509797,2805.232558139606
Hold,2023-06-26 17:00:00,86.85,3540.835657509732,Hold,3540.835657509797,2805.232558139606
Hold,2023-06-26 18:00:00,87.21,3555.5126965045906,Hold,3555.512696504656,2816.8604651163505
Hold,2023-06-26 19:00:00,87.38,3562.4435204743854,Hold,3562.4435204744505,2822.351421188702
Hold,2023-06-26 20:00:00,86.93,3544.097221730812,Hold,3544.097221730877,2807.816537467772
Hold,2023-06-26 21:00:00,86.44,3524.120140876698,Hold,3524.120140876762,2791.9896640827583
Hold,2023-06-26 22:00:00,87.13,3552.251132283511,Hold,3552.2511322835758,2814.2764857881853
Hold,2023-06-26 23:00:00,87.21,3555.5126965045906,Hold,3555.512696504655,2816.860465116351
Hold,2023-06-27 00:00:00,87.4,3563.258911529656,Hold,3563.25891152972,2822.997416020744
Hold,2023-06-27 01:00:00,88.54,3609.7362016800425,Hold,3609.7362016801076,2859.819121447101
Hold,2023-06-27 02:00:00,88.49,3607.6977240418673,Hold,3607.697724041932,2858.204134366997
Hold,2023-06-27 03:00:00,87.94,3585.274470021944,Hold,3585.2744700220087,2840.43927648586
Hold,2023-06-27 04:00:00,88.04,3589.351425298294,Hold,3589.3514252983587,2843.6692506460668
Hold,2023-06-27 05:00:00,87.77,3578.3436460521493,Hold,3578.343646052214,2834.948320413508
Hold,2023-06-27 06:00:00,88.02,3588.5360342430236,Hold,3588.5360342430877,2843.0232558140247
Hold,2023-06-27 07:00:00,88.39,3603.6207687655174,Hold,3603.6207687655815,2854.9741602067897
Hold,2023-06-27 08:00:00,88.26,3598.320726906263,Hold,3598.3207269063273,2850.7751937985213
Hold,2023-06-27 09:00:00,88.41,3604.4361598207875,Hold,3604.436159820852,2855.6201550388314
Hold,2023-06-27 10:00:00,88.95,3626.451718313076,Hold,3626.4517183131406,2873.0620155039483
Hold,2023-06-27 11:00:00,89.12,3633.382542282871,Hold,3633.382542282936,2878.5529715763
Hold,2023-06-27 12:00:00,89.28,3639.9056707250306,Hold,3639.9056707250957,2883.720930232631
Hold,2023-06-27 13:00:00,88.71,3616.6670256498364,Hold,3616.667025649901,2865.3100775194516
Hold,2023-06-27 14:00:00,88.65,3614.220852484027,Hold,3614.2208524840917,2863.372093023328
Hold,2023-06-27 15:00:00,87.45,3565.2973891678303,Hold,3565.297389167894,2824.612403100846
Hold,2023-06-27 16:00:00,88.45,3606.066941931328,Hold,3606.0669419313926,2856.912144702914
Hold,2023-06-27 17:00:00,88.17,3594.6514671575487,Hold,3594.651467157613,2847.868217054335
Hold,2023-06-27 18:00:00,88.1,3591.7975984641034,Hold,3591.7975984641675,2845.60723514219
Hold,2023-06-27 19:00:00,88.04,3589.351425298294,Hold,3589.351425298358,2843.6692506460663
Hold,2023-06-27 20:00:00,88.21,3596.282249268088,Hold,3596.282249268152,2849.1602067184176
Hold,2023-06-27 21:00:00,88.26,3598.320726906263,Hold,3598.320726906327,2850.775193798521
Hold,2023-06-27 22:00:00,87.62,3572.228213137625,Hold,3572.228213137688,2830.103359173197
Hold,2023-06-27 23:00:00,88.07,3590.5745118811983,Hold,3590.574511881261,2844.6382428941274
Hold,2023-06-28 00:00:00,87.47,3566.1127802231003,Hold,3566.112780223163,2825.2583979328865
Hold,2023-06-28 01:00:00,87.37,3562.035824946751,Hold,3562.0358249468136,2822.0284237726796
Hold,2023-06-28 02:00:00,86.89,3542.466439620272,Hold,3542.4664396203343,2806.524547803687
Hold,2023-06-28 03:00:00,87.37,3562.035824946751,Hold,3562.0358249468136,2822.0284237726796
Hold,2023-06-28 04:00:00,87.24,3556.7357830874957,Hold,3556.7357830875585,2817.8294573644107
Hold,2023-06-28 05:00:00,87.14,3552.6588278111462,Hold,3552.658827811209,2814.5994832042043
Hold,2023-06-28 06:00:00,86.66,3533.0894424846674,Hold,3533.08944248473,2799.0956072352114
Hold,2023-06-28 07:00:00,84.8,3457.2580743445624,Hold,3457.2580743446238,2739.018087855365
Hold,2023-06-28 08:00:00,85.54,3487.427543389551,Hold,3487.4275433896128,2762.919896640896
Hold,2023-06-28 09:00:00,85.82,3498.84301816333,Hold,3498.843018163392,2771.963824289475
Hold,2023-06-28 10:00:00,86.06,3508.6277108265695,Hold,3508.6277108266318,2779.7157622739714
Hold,2023-06-28 11:00:00,85.7,3493.9506718317107,Hold,3493.950671831773,2768.087855297227
Hold,2023-06-28 12:00:00,84.89,3460.9273340932778,Hold,3460.927334093339,2741.925064599552
Hold,2023-06-28 13:00:00,85.2,3473.5658954499618,Hold,3473.565895450023,2751.9379844961927
Hold,2023-06-28 14:00:00,85.48,3484.981370223741,Hold,3484.981370223803,2760.981912144772
Hold,2023-06-28 15:00:00,85.81,3498.4353226356952,Hold,3498.4353226357575,2771.640826873455
Hold,2023-06-28 16:00:00,85.2,3473.5658954499618,Hold,3473.5658954500236,2751.937984496193
Hold,2023-06-28 17:00:00,84.83,3458.4811609274675,Hold,3458.481160927529,2739.987080103428
Hold,2023-06-28 18:00:00,84.93,3462.558116203818,Hold,3462.5581162038793,2743.2170542636354
Trailing-Stop,2023-06-28 19:00:00,82.56,3365.934276154329,Trailing stop 10.0% hit,3365.934276154389,2666.666666666734
Buy,2023-06-30 06:00:00,95.31,3365.934276154329,Sinal: Compra,3365.934276154389,3078.4883720931007
Hold,2023-06-30 07:00:00,95.14,3353.21411493278,Hold,3353.2141149328395,3072.9974160207494
Hold,2023-06-30 08:00:00,97.36,3431.458127284585,Hold,3431.458127284646,3144.7028423773404
Hold,2023-06-30 09:00:00,99.97,3523.4477093738697,Hold,3523.447709373932,3229.0051679587377
Hold,2023-06-30 10:00:00,100.13,3529.086917471297,Hold,3529.08691747136,3234.1731266150687
Hold,2023-06-30 11:00:00,100.78,3551.996200367096,Hold,3551.9962003671594,3255.1679586564132
Hold,2023-06-30 12:00:00,102.17,3600.9868207134973,Hold,3600.9868207135614,3300.0645994832876
Hold,2023-06-30 13:00:00,95.06,3350.394510884066,Hold,3350.394510884126,3070.4134366925837
Hold,2023-06-30 14:00:00,96.36,3396.213076675664,Hold,3396.2130766757246,3112.4031007752724
Hold,2023-06-30 15:00:00,97.44,3434.2777313332986,Hold,3434.2777313333595,3147.2868217055056
Hold,2023-06-30 16:00:00,108.17,3812.4571243670252,Hold,3812.457124367093,3493.8630490956953
Hold,2023-06-30 17:00:00,107.94,3804.3507627269732,Hold,3804.3507627270405,3486.4341085272195
Hold,2023-06-30 18:00:00,104.5,3683.1077886322837,Hold,3683.1077886323487,3375.3229974161054
Hold,2023-06-30 19:00:00,105.39,3714.475883674224,Hold,3714.4758836742894,3404.0697674419457
Hold,2023-06-30 20:00:00,107.31,3782.1463808433527,Hold,3782.1463808434196,3466.085271317916
Hold,2023-06-30 21:00:00,107.2,3778.2694252763717,Hold,3778.2694252764386,3462.532299741689
Hold,2023-06-30 22:00:00,107.8,3799.416455641724,Hold,3799.4164556417913,3481.9121447029293
Hold,2023-06-30 23:00:00,108.7,3831.137001189754,Hold,3831.137001189822,3510.98191214479
Hold,2023-07-01 00:00:00,108.42,3821.268387019256,Hold,3821.268387019324,3501.937984496211
Hold,2023-07-01 01:00:00,106.49,3753.245439344037,Hold,3753.245439344104,3439.5994832042197
Hold,2023-07-01 02:00:00,106.76,3762.761603008446,Hold,3762.7616030085132,3448.3204134367784
Hold,2023-07-01 03:00:00,107.07,3773.687568697211,Hold,3773.6875686972785,3458.3333333334185
Hold,2023-07-01 04:00:00,106.24,3744.4341766918064,Hold,3744.4341766918733,3431.5245478037023
Hold,2023-07-01 05:00:00,106.87,3766.6385585754274,Hold,3766.6385585754942,3451.8733850130056
Hold,2023-07-01 06:00:00,109.21,3849.111977000303,Hold,3849.111977000371,3527.4547803618443
Hold,2023-07-01 07:00:00,107.04,3772.6302171789443,Hold,3772.630217179011,3457.364341085357
Hold,2023-07-01 08:00:00,110.62,3898.8074983588826,Hold,3898.8074983589518,3572.9974160207603
Hold,2023-07-01 09:00:00,110.9,3908.676112529381,Hold,3908.6761125294506,3582.0413436693393
Hold,2023-07-01 10:00:00,106.58,3756.41749389884,Hold,3756.4174938989067,3442.5064599484053
Hold,2023-07-01 11:00:00,106.31,3746.9013302344315,Hold,3746.901330234498,3433.7855297158476
Hold,2023-07-01 12:00:00,105.82,3729.6312554360597,Hold,3729.6312554361257,3417.958656330834
Hold,2023-07-01 13:00:00,105.55,3720.1150917716514,Hold,3720.115091771717,3409.2377260982753
Hold,2023-07-01 14:00:00,105.57,3720.8199927838295,Hold,3720.8199927838946,3409.883720930317
Hold,2023-07-01 15:00:00,105.26,3709.8940270950643,Hold,3709.894027095129,3399.870801033677
Hold,2023-07-01 16:00:00,104.75,3691.9190512845144,Hold,3691.919051284579,3383.397932816622
Hold,2023-07-01 17:00:00,104.77,3692.6239522966926,Hold,3692.6239522967567,3384.0439276486627
Hold,2023-07-01 18:00:00,105.39,3714.475883674224,Hold,3714.4758836742885,3404.0697674419453
Hold,2023-07-01 19:00:00,105.11,3704.607269503726,Hold,3704.6072695037906,3395.0258397933662
Hold,2023-07-01 20:00:00,105.68,3724.6969483508115,Hold,3724.6969483508765,3413.436692506545
Hold,2023-07-01 21:00:00,105.27,3710.2464776011534,Hold,3710.246477601218,3400.1937984496967
Hold,2023-07-01 22:00:00,105.62,3722.582245314276,Hold,3722.582245314341,3411.498708010421
Hold,2023-07-01 23:00:00,107.1,3774.744920215479,Hold,3774.744920215545,3459.3023255814815
Hold,2023-07-02 00:00:00,106.78,3763.4665040206246,Hold,3763.46650402069,3448.9664082688196
Hold,2023-07-02 01:00:00,106.28,3745.8439787161637,Hold,3745.843978716229,3432.8165374677856
Hold,2023-07-02 02:00:00,107.82,3800.1213566539027,Hold,3800.121356653969,3482.55813953497
Hold,2023-07-02 03:00:00,106.01,3736.327815051755,Hold,3736.32781505182,3424.0956072352274
Hold,2023-07-02 04:00:00,110.81,3905.504057974578,Hold,3905.504057974646,3579.1343669251537
Hold,2023-07-02 05:00:00,109.7,3866.382051798675,Hold,3866.382051798743,3543.2816537468584
Hold,2023-07-02 06:00:00,109.75,3868.144304329121,Hold,3868.144304329189,3544.8966408269616
Hold,2023-07-02 07:00:00,110.98,3911.4957165780943,Hold,3911.4957165781634,3584.6253229975055
Hold,2023-07-02 08:00:00,110.15,3882.2423245726895,Hold,3882.242324572758,3557.816537467789
Hold,2023-07-02 09:00:00,110.87,3907.6187610111133,Hold,3907.6187610111824,3581.0723514212787
Hold,2023-07-02 10:00:00,109.92,3874.1359629326375,Hold,3874.1359629327058,3550.387596899314
Hold,2023-07-02 11:00:00,111.15,3917.4873751816112,Hold,3917.4873751816804,3590.1162790698577
Hold,2023-07-02 12:00:00,111.82,3941.101559089588,Hold,3941.1015590896577,3611.757105943243
Hold,2023-07-02 13:00:00,111.25,3921.011880242503,Hold,3921.0118802425727,3593.3462532300646
Hold,2023-07-02 14:00:00,110.9,3908.676112529381,Hold,3908.6761125294506,3582.0413436693407
Hold,2023-07-02 15:00:00,111.86,3942.5113611139454,Hold,3942.5113611140155,3613.049095607326
Hold,2023-07-02 16:00:00,111.56,3931.937845931269,Hold,3931.937845931339,3603.3591731267056
Hold,2023-07-02 17:00:00,110.62,3898.8074983588826,Hold,3898.807498358952,3572.9974160207616
Hold,2023-07-02 18:00:00,111.47,3928.765791376466,Hold,3928.765791376536,3600.4521963825196
Hold,2023-07-02 19:00:00,111.07,3914.667771132897,Hold,3914.667771132967,3587.532299741692
Hold,2023-07-02 20:00:00,112.09,3950.617722753997,Hold,3950.617722754067,3620.4780361758017
Hold,2023-07-02 21:00:00,112.3,3958.0191833818703,Hold,3958.0191833819404,3627.260981912236
Hold,2023-07-02 22:00:00,112.8,3975.641708686331,Hold,3975.6417086864017,3643.4108527132694
Hold,2023-07-02 23:00:00,113.58,4003.13284816129,Hold,4003.1328481613605,3668.604651162883
Hold,2023-07-03 00:00:00,112.74,3973.5270056497957,Hold,3973.5270056498657,3641.4728682171453
Hold,2023-07-03 01:00:00,113.57,4002.7803976552004,Hold,4002.780397655271,3668.281653746862
Hold,2023-07-03 02:00:00,112.88,3978.4613127350444,Hold,3978.4613127351145,3645.9948320414346
Hold,2023-07-03 03:00:00,112.81,3975.9941591924203,Hold,3975.9941591924903,3643.73385012929
Hold,2023-07-03 04:00:00,112.38,3960.838787430584,Hold,3960.838787430654,3629.844961240401
Hold,2023-07-03 05:00:00,112.41,3961.8961389488513,Hold,3961.896138948921,3630.813953488463
Hold,2023-07-03 06:00:00,111.88,3943.2162621261236,Hold,3943.216262126193,3613.6950904393675
Hold,2023-07-03 07:00:00,112.34,3959.428985406227,Hold,3959.4289854062968,3628.5529715763196
Hold,2023-07-03 08:00:00,110.66,3900.2173003832395,Hold,3900.217300383308,3574.289405684845
Hold,2023-07-03 09:00:00,110.2,3884.0045771031355,Hold,3884.0045771032037,3559.4315245478942
Hold,2023-07-03 10:00:00,110.26,3886.119280139671,Hold,3886.1192801397397,3561.369509044018
Hold,2023-07-03 11:00:00,109.12,3845.9399224455005,Hold,3845.9399224455683,3524.5478036176605
Hold,2023-07-03 12:00:00,109.42,3856.5134376281767,Hold,3856.513437628245,3534.2377260982807
Hold,2023-07-03 13:00:00,109.27,3851.2266800368384,Hold,3851.2266800369066,3529.3927648579697
Hold,2023-07-03 14:00:00,108.95,3839.948263841984,Hold,3839.948263842052,3519.0568475453088
Hold,2023-07-03 15:00:00,109.41,3856.1609871220876,Hold,3856.160987122156,3533.914728682259
Hold,2023-07-03 16:00:00,106.28,3745.8439787161637,Hold,3745.84397871623,3432.8165374677865
Hold,2023-07-03 17:00:00,107.7,3795.891950580832,Hold,3795.891950580899,3478.6821705427233
Hold,2023-07-03 18:00:00,107.3,3781.7939303372636,Hold,3781.79393033733,3465.7622739018957
Hold,2023-07-03 19:00:00,107.6,3792.36744551994,Hold,3792.367445520006,3475.452196382516
Hold,2023-07-03 20:00:00,106.61,3757.4748454171076,Hold,3757.4748454171736,3443.4754521964687
Hold,2023-07-03 21:00:00,106.85,3765.9336575632487,Hold,3765.9336575633142,3451.227390180965
Hold,2023-07-03 22:00:00,106.39,3749.720934283145,Hold,3749.7209342832107,3436.3695090440137
Hold,2023-07-03 23:00:00,107.27,3780.736578818996,Hold,3780.7365788190623,3464.7932816538337
Hold,2023-07-04 00:00:00,106.35,3748.311132258788,Hold,3748.3111322588534,3435.0775193799313
Hold,2023-07-04 01:00:00,106.6,3757.1223949110185,Hold,3757.1223949110836,3443.1524547804484
Hold,2023-07-04 02:00:00,107.39,3784.9659848920664,Hold,3784.9659848921324,3468.669250646082
Hold,2023-07-04 03:00:00,108.74,3832.5468032141102,Hold,3832.546803214177,3512.273901808874
Hold,2023-07-04 04:00:00,108.25,3815.276728415739,Hold,3815.276728415806,3496.447028423861
Hold,2023-07-04 05:00:00,107.89,3802.5885101965273,Hold,3802.5885101965937,3484.8191214471162
Hold,2023-07-04 06:00:00,107.45,3787.080687928602,Hold,3787.080687928668,3470.6072351422063
Hold,2023-07-04 07:00:00,106.9,3767.695910093695,Hold,3767.6959100937606,3452.842377261069
Hold,2023-07-04 08:00:00,106.7,3760.646899971911,Hold,3760.646899971976,3446.3824289406552
Hold,2023-07-04 09:00:00,107.38,3784.6135343859773,Hold,3784.613534386043,3468.3462532300614
Hold,2023-07-04 10:00:00,107.02,3771.9253161667652,Hold,3771.92531616683,3456.718346253317
Hold,2023-07-04 11:00:00,107.17,3777.212073758104,Hold,3777.2120737581686,3461.5633074936272
Hold,2023-07-04 12:00:00,106.83,3765.2287565510705,Hold,3765.228756551135,3450.581395348924
Hold,2023-07-04 13:00:00,107.35,3783.5561828677096,Hold,3783.5561828677746,3467.377260982
Hold,2023-07-04 14:00:00,107.73,3796.9493020991,Hold,3796.9493020991654,3479.651162790786
Hold,2023-07-04 15:00:00,106.95,3769.458162624141,Hold,3769.458162624206,3454.457364341173
Hold,2023-07-04 16:00:00,106.87,3766.6385585754274,Hold,3766.6385585754924,3451.8733850130075
Hold,2023-07-04 17:00:00,106.92,3768.4008111058733,Hold,3768.400811105939,3453.488372093111
Hold,2023-07-04 18:00:00,106.65,3758.884647441465,Hold,3758.8846474415304,3444.767441860553
Hold,2023-07-04 19:00:00,105.1,3704.2548189976364,Hold,3704.2548189977006,3394.7028423773468
Hold,2023-07-04 20:00:00,106.47,3752.540538331859,Hold,3752.5405383319235,3438.95348837218
Hold,2023-07-04 21:00:00,106.26,3745.1390777039855,Hold,3745.1390777040497,3432.1705426357457
Hold,2023-07-04 22:00:00,106.16,3741.6145726430927,Hold,3741.6145726431573,3428.940568475539
Hold,2023-07-04 23:00:00,104.27,3675.0014269922317,Hold,3675.001426992295,3367.8940568476305
Hold,2023-07-05 00:00:00,104.42,3680.28818458357,Hold,3680.288184583633,3372.7390180879406
Hold,2023-07-05 01:00:00,105.39,3714.475883674224,Hold,3714.475883674287,3404.0697674419466
Hold,2023-07-05 02:00:00,105.7,3725.4018493629897,Hold,3725.401849363053,3414.082687338587
Hold,2023-07-05 03:00:00,105.64,3723.287146326454,Hold,3723.2871463265174,3412.1447028424636
Hold,2023-07-05 04:00:00,104.9,3697.2058088758527,Hold,3697.2058088759154,3388.2428940569334
Hold,2023-07-05 05:00:00,105.0,3700.7303139367446,Hold,3700.7303139368073,3391.4728682171403
Hold,2023-07-05 06:00:00,104.66,3688.746996729711,Hold,3688.746996729774,3380.4909560724373
Hold,2023-07-05 07:00:00,105.03,3701.7876654550123,Hold,3701.787665455076,3392.4418604652024
Hold,2023-07-05 08:00:00,105.88,3731.7459584725952,Hold,3731.745958472659,3419.89664082696
Hold,2023-07-05 09:00:00,105.61,3722.229794808187,Hold,3722.229794808251,3411.1757105944016
Hold,2023-07-05 10:00:00,103.26,3639.4039258772214,Hold,3639.403925877284,3335.271317829542
Hold,2023-07-05 11:00:00,102.46,3611.207885390084,Hold,3611.2078853901457,3309.4315245478874
Trailing-Stop,2023-07-05 12:00:00,102.01,3595.34761261607,Trailing stop 10.0% hit,3595.3476126161318,3294.896640826957
Buy,2023-07-13 21:00:00,99.99,3595.34761261607,Sinal: Compra,3595.3476126161318,3229.651162790779
Hold,2023-07-13 22:00:00,101.04,3625.8399660675377,Hold,3625.8399660676,3263.565891472951
Hold,2023-07-13 23:00:00,101.85,3654.9069729214043,Hold,3654.9069729214675,3289.7286821706257
Hold,2023-07-14 00:00:00,103.3,3706.9405037091906,Hold,3706.9405037092542,3336.563307493624
Hold,2023-07-14 01:00:00,102.84,3690.4333146316862,Hold,3690.433314631749,3321.705426356673
Hold,2023-07-14 02:00:00,102.44,3676.0792371729863,Hold,3676.0792371730495,3308.7855297158453
Hold,2023-07-14 03:00:00,101.5,3642.347155145042,Hold,3642.347155145105,3278.4237726099013
Hold,2023-07-14 04:00:00,101.82,3653.830417112001,Hold,3653.830417112064,3288.7596899225628
Hold,2023-07-14 05:00:00,101.22,3632.299300923952,Hold,3632.299300924015,3269.3798449613223
Hold,2023-07-14 06:00:00,101.66,3648.088786128522,Hold,3648.0887861285846,3283.5917312662323
Hold,2023-07-14 07:00:00,100.85,3619.0217792746553,Hold,3619.021779274717,3257.428940568557
Hold,2023-07-14 08:00:00,101.16,3630.1461893051473,Hold,3630.1461893052096,3267.4418604651983
Hold,2023-07-14 09:00:00,100.6,3610.0504808629676,Hold,3610.0504808630294,3249.35400516804
Hold,2023-07-14 10:00:00,100.31,3599.643774705411,Hold,3599.643774705473,3239.9870801034403
Hold,2023-07-14 11:00:00,100.91,3621.17489089346,Hold,3621.1748908935224,3259.3669250646813
Hold,2023-07-14 12:00:00,100.08,3591.390180166658,Hold,3591.39018016672,3232.558139534965
Hold,2023-07-14 13:00:00,101.14,3629.4284854322123,Hold,3629.428485432275,3266.795865633157
Hold,2023-07-14 14:00:00,101.01,3624.763410258135,Hold,3624.763410258198,3262.5968992248886
Hold,2023-07-14 15:00:00,100.95,3622.6102986393303,Hold,3622.6102986393926,3260.6589147287646
Hold,2023-07-14 16:00:00,100.35,3601.0791824512803,Hold,3601.0791824513426,3241.279069767523
Hold,2023-07-14 17:00:00,96.94,3478.7106721158657,Hold,3478.7106721159257,3131.1369509044716
Hold,2023-07-14 18:00:00,93.2,3344.500047877024,Hold,3344.500047877081,3010.335917312738
Hold,2023-07-14 19:00:00,93.34,3349.5239749875686,Hold,3349.5239749876264,3014.8578811370276
Hold,2023-07-14 20:00:00,93.83,3367.1077198744756,Hold,3367.1077198745334,3030.6847545220403
Hold,2023-07-14 21:00:00,94.53,3392.2273554272,Hold,3392.2273554272583,3053.2945736434885
Hold,2023-07-14 22:00:00,94.26,3382.538353142578,Hold,3382.5383531426364,3044.57364341093
Hold,2023-07-14 23:00:00,95.13,3413.7584716152496,Hold,3413.7584716153087,3072.6744186047295
Hold,2023-07-15 00:00:00,94.9,3405.504877076498,Hold,3405.504877076557,3065.2454780362536
Hold,2023-07-15 01:00:00,95.08,3411.9642119329123,Hold,3411.9642119329715,3071.059431524626
Hold,2023-07-15 02:00:00,94.78,3401.198653838888,Hold,3401.1986538389465,3061.3695090440056
Hold,2023-07-15 03:00:00,94.62,3395.457022855408,Hold,3395.4570228554667,3056.201550387675
Hold,2023-07-15 04:00:00,94.83,3402.992913521225,Hold,3402.992913521284,3062.9844961241097
Hold,2023-07-15 05:00:00,94.71,3398.686690283615,Hold,3398.6866902836737,3059.108527131861
Hold,2023-07-15 06:00:00,94.78,3401.198653838888,Hold,3401.198653838947,3061.3695090440056
Hold,2023-07-15 07:00:00,95.32,3420.576658408132,Hold,3420.5766584081916,3078.811369509122
Hold,2023-07-15 08:00:00,95.16,3414.8350274246523,Hold,3414.835027424712,3073.643410852791
Hold,2023-07-15 09:00:00,95.43,3424.5240297092746,Hold,3424.524029709334,3082.3643410853497
Hold,2023-07-15 10:00:00,95.28,3419.1412506622623,Hold,3419.141250662322,3077.5193798450396
Hold,2023-07-15 11:00:00,94.79,3401.5575057753554,Hold,3401.557505775415,3061.6925064600264
Hold,2023-07-15 12:00:00,94.94,3406.9402848223676,Hold,3406.940284822427,3066.537467700336
Hold,2023-07-15 13:00:00,94.57,3393.66276317307,Hold,3393.662763173129,3054.586563307571
Hold,2023-07-15 14:00:00,94.38,3386.844576380188,Hold,3386.844576380247,3048.449612403178
Hold,2023-07-15 15:00:00,94.42,3388.279984126058,Hold,3388.279984126117,3049.741602067261
Hold,2023-07-15 16:00:00,94.32,3384.691464761383,Hold,3384.691464761442,3046.511627907054
Hold,2023-07-15 17:00:00,94.4,3387.5622802531234,Hold,3387.5622802531825,3049.0956072352196
Hold,2023-07-15 18:00:00,94.84,3403.3517654576926,Hold,3403.3517654577518,3063.3074935401296
Hold,2023-07-15 19:00:00,94.67,3397.2512825377453,Hold,3397.251282537804,3057.8165374677783
Hold,2023-07-15 20:00:00,94.57,3393.66276317307,Hold,3393.6627631731285,3054.5865633075714
Hold,2023-07-15 21:00:00,94.38,3386.844576380188,Hold,3386.8445763802465,3048.4496124031784
Hold,2023-07-15 22:00:00,94.68,3397.610134474213,Hold,3397.6101344742715,3058.139534883799
Hold,2023-07-15 23:00:00,94.78,3401.198653838888,Hold,3401.1986538389465,3061.369509044006
Hold,2023-07-16 00:00:00,94.88,3404.7871732035624,Hold,3404.7871732036206,3064.599483204213
Hold,2023-07-16 01:00:00,95.01,3409.45224837764,Hold,3409.4522483776977,3068.7984496124823
Hold,2023-07-16 02:00:00,94.7,3398.327838347148,Hold,3398.3278383472057,3058.7855297158408
Hold,2023-07-16 03:00:00,94.23,3381.4617973331756,Hold,3381.461797333233,3043.6046511628692
Hold,2023-07-16 04:00:00,94.61,3395.09817091894,Hold,3395.0981709189978,3055.8785529716547
Hold,2023-07-16 05:00:00,94.74,3399.7632460930176,Hold,3399.7632460930754,3060.0775193799236
Hold,2023-07-16 06:00:00,94.82,3402.6340615847575,Hold,3402.6340615848153,3062.661498708089
Hold,2023-07-16 07:00:00,94.8,3401.9163577118225,Hold,3401.9163577118807,3062.0155038760477
Hold,2023-07-16 08:00:00,94.64,3396.1747267283426,Hold,3396.174726728401,3056.847545219717
Hold,2023-07-16 09:00:00,94.65,3396.53357866481,Hold,3396.533578664869,3057.1705426357385
Hold,2023-07-16 10:00:00,94.58,3394.021615109538,Hold,3394.0216151095965,3054.909560723593
Hold,2023-07-16 11:00:00,94.53,3392.2273554272,Hold,3392.2273554272588,3053.2945736434904
Hold,2023-07-16 12:00:00,94.37,3386.4857244437203,Hold,3386.4857244437785,3048.1266149871594
Hold,2023-07-16 13:00:00,94.46,3389.7153918719277,Hold,3389.7153918719864,3051.033591731345
Hold,2023-07-16 14:00:00,95.09,3412.32306386938,Hold,3412.3230638694395,3071.3824289406484
Hold,2023-07-16 15:00:00,94.83,3402.992913521225,Hold,3402.992913521284,3062.984496124111
Hold,2023-07-16 16:00:00,94.98,3408.375692568238,Hold,3408.3756925682974,3067.8294573644207
Hold,2023-07-16 17:00:00,95.18,3415.5527312975873,Hold,3415.552731297647,3074.2894056848345
Sell,2023-07-16 18:00:00,94.31,3384.3326128249155,Sinal: Venda,3384.3326128249746,3046.1886304910354
Buy,2023-07-30 02:00:00,94.2,3384.3326128249155,Sinal: Compra,3384.3326128249746,3042.6356589148077
Hold,2023-07-30 03:00:00,94.63,3392.9851021307177,Hold,3392.985102130777,3056.524547803697
Hold,2023-07-30 04:00:00,94.78,3398.3633940605455,Hold,3398.3633940606046,3061.369509044007
Hold,2023-07-30 05:00:00,94.73,3396.5706300839365,Hold,3396.570630083995,3059.7545219639037
Hold,2023-07-30 06:00:00,94.2,3377.567331931878,Hold,3377.5673319319367,3042.635658914807
Hold,2023-07-30 07:00:00,94.46,3386.889704610246,Hold,3386.8897046103048,3051.0335917313446
Hold,2023-07-30 08:00:00,94.82,3399.7976052418326,Hold,3399.7976052418917,3062.6614987080893
Hold,2023-07-30 09:00:00,94.64,3393.3436549260396,Hold,3393.3436549260987,3056.847545219717
Hold,2023-07-30 10:00:00,94.47,3387.248257405568,Hold,3387.2482574056266,3051.356589147366
Hold,2023-07-30 11:00:00,94.58,3391.1923381541087,Hold,3391.1923381541674,3054.909560723593
Hold,2023-07-30 12:00:00,94.61,3392.2679965400744,Hold,3392.267996540133,3055.878552971655
Hold,2023-07-30 13:00:00,94.31,3381.5114126804183,Hold,3381.5114126804765,3046.188630491035
Hold,2023-07-30 14:00:00,94.74,3396.929182879258,Hold,3396.929182879316,3060.0775193799236
Hold,2023-07-30 15:00:00,94.6,3391.909443744752,Hold,3391.9094437448102,3055.555555555634
Hold,2023-07-30 16:00:00,95.37,3419.5180089845353,Hold,3419.518008984594,3080.4263565892265
Hold,2023-07-30 17:00:00,95.2,3413.4226114640637,Hold,3413.4226114641224,3074.9354005168752
Hold,2023-07-30 18:00:00,94.74,3396.929182879258,Hold,3396.929182879316,3060.0775193799236
Hold,2023-07-30 19:00:00,93.02,3335.2581020838993,Hold,3335.2581020839566,3004.521963824367
Hold,2023-07-30 20:00:00,93.57,3354.9785058266007,Hold,3354.9785058266584,3022.2868217055043
Hold,2023-07-30 21:00:00,93.46,3351.0344250780604,Hold,3351.0344250781177,3018.733850129277
Hold,2023-07-30 22:00:00,93.43,3349.958766692095,Hold,3349.958766692153,3017.764857881215
Hold,2023-07-30 23:00:00,94.03,3371.471934411407,Hold,3371.471934411465,3037.144702842456
Hold,2023-07-31 00:00:00,94.88,3401.9489220137643,Hold,3401.948922013823,3064.5994832042134
Hold,2023-07-31 01:00:00,94.22,3378.284437522522,Hold,3378.28443752258,3043.2816537468484
Hold,2023-07-31 02:00:00,94.15,3375.774567955269,Hold,3375.7745679553273,3041.020671834704
Hold,2023-07-31 03:00:00,94.1,3373.9818039786596,Hold,3373.9818039787174,3039.4056847546
Hold,2023-07-31 04:00:00,93.08,3337.40941885583,Hold,3337.4094188558875,3006.459948320491
Hold,2023-07-31 05:00:00,93.25,3343.5048163763017,Hold,3343.5048163763586,3011.9509043928424
Hold,2023-07-31 06:00:00,93.33,3346.373238738877,Hold,3346.373238738933,3014.5348837210076
Hold,2023-07-31 07:00:00,93.26,3343.863369171624,Hold,3343.8633691716805,3012.2739018088632
Hold,2023-07-31 08:00:00,93.9,3366.8107480722224,Hold,3366.8107480722792,3032.9457364341865
Hold,2023-07-31 09:00:00,93.94,3368.24495925351,Hold,3368.2449592535672,3034.237726098269
Hold,2023-07-31 10:00:00,93.75,3361.4324561423946,Hold,3361.4324561424514,3028.1007751938764
Hold,2023-07-31 11:00:00,93.76,3361.791008937717,Hold,3361.791008937774,3028.4237726098972
Hold,2023-07-31 12:00:00,94.0,3370.396276025441,Hold,3370.396276025498,3036.175710594393
Sell,2023-07-31 13:00:00,92.8,3327.3699405868183,Sinal: Venda,3327.369940586875,2997.4160206719116
Buy,2023-08-29 19:00:00,68.73,3327.3699405868183,Sinal: Compra,3327.369940586875,2219.961240310135
Hold,2023-08-29 20:00:00,68.73,3320.7185280755853,Hold,3320.718528075642,2219.961240310135
Hold,2023-08-29 21:00:00,69.15,3341.0110027124506,Hold,3341.0110027125074,2233.527131783004
Hold,2023-08-29 22:00:00,69.11,3339.0783860803676,Hold,3339.078386080425,2232.235142118921
Hold,2023-08-29 23:00:00,68.86,3326.999532129853,Hold,3326.9995321299098,2224.1602067184035
Hold,2023-08-30 00:00:00,68.13,3291.7292785943487,Hold,3291.729278594405,2200.5813953488937
Hold,2023-08-30 01:00:00,67.95,3283.0325037499783,Hold,3283.0325037500347,2194.7674418605216
Hold,2023-08-30 02:00:00,67.83,3277.234653853731,Hold,3277.2346538537868,2190.8914728682735
Hold,2023-08-30 03:00:00,67.9,3280.616732959875,Hold,3280.6167329599316,2193.152454780419
Hold,2023-08-30 04:00:00,67.82,3276.7514996957098,Hold,3276.751499695766,2190.5684754522526
Hold,2023-08-30 05:00:00,67.92,3281.583041275916,Hold,3281.5830412759724,2193.7984496124595
Hold,2023-08-30 06:00:00,67.65,3268.5378790093605,Hold,3268.5378790094164,2185.077519379901
Hold,2023-08-30 07:00:00,67.74,3272.886266431545,Hold,3272.886266431602,2187.984496124087
Hold,2023-08-30 08:00:00,67.84,3277.717808011752,Hold,3277.7178080118088,2191.214470284294
Hold,2023-08-30 09:00:00,67.68,3269.9873414834224,Hold,3269.9873414834788,2186.046511627963
Hold,2023-08-30 10:00:00,67.7,3270.953649799463,Hold,3270.9536497995196,2186.692506460004
Hold,2023-08-30 11:00:00,67.43,3257.908487532907,Hold,3257.908487532963,2177.9715762274454
Hold,2023-08-30 12:00:00,67.48,3260.32425832301,Hold,3260.324258323066,2179.586563307549
Hold,2023-08-30 13:00:00,67.63,3267.571570693319,Hold,3267.571570693375,2184.4315245478588
Hold,2023-08-30 14:00:00,66.91,3232.7844713158356,Hold,3232.784471315891,2161.1757105943702
Hold,2023-08-30 15:00:00,67.04,3239.0654753701037,Hold,3239.0654753701597,2165.374677002639
Hold,2023-08-30 16:00:00,67.25,3249.211712688536,Hold,3249.211712688592,2172.1576227390733
Hold,2023-08-30 17:00:00,67.3,3251.627483478639,Hold,3251.627483478695,2173.7726098191765
Hold,2023-08-30 18:00:00,67.58,3265.1557999032157,Hold,3265.155799903272,2182.8165374677556
Hold,2023-08-30 19:00:00,67.42,3257.4253333748866,Hold,3257.425333374943,2177.6485788114246
Hold,2023-08-30 20:00:00,67.64,3268.0547248513394,Hold,3268.054724851396,2184.7545219638796
Hold,2023-08-30 21:00:00,67.48,3260.32425832301,Hold,3260.3242583230663,2179.5865633075487
Hold,2023-08-30 22:00:00,67.47,3259.8411041649892,Hold,3259.8411041650456,2179.2635658915274
Hold,2023-08-30 23:00:00,67.65,3268.5378790093605,Hold,3268.5378790094173,2185.0775193798995
Hold,2023-08-31 00:00:00,67.37,3255.0095625847835,Hold,3255.00956258484,2176.033591731321
Hold,2023-08-31 01:00:00,67.23,3248.245404372495,Hold,3248.245404372551,2171.511627907031
Hold,2023-08-31 02:00:00,67.36,3254.5264084267624,Hold,3254.5264084268188,2175.7105943152997
Hold,2023-08-31 03:00:00,67.19,3246.3127877404127,Hold,3246.312787740469,2170.219638242948
Hold,2023-08-31 04:00:00,67.5,3261.290566639051,Hold,3261.2905666391075,2180.232558139589
Hold,2023-08-31 05:00:00,67.5,3261.290566639051,Hold,3261.2905666391075,2180.232558139589
Hold,2023-08-31 06:00:00,67.72,3271.9199581155044,Hold,3271.9199581155613,2187.338501292044
Hold,2023-08-31 07:00:00,67.89,3280.1335788018546,Hold,3280.1335788019114,2192.8294573643952
Hold,2023-08-31 08:00:00,67.87,3279.167270485814,Hold,3279.16727048587,2192.183462532354
Hold,2023-08-31 09:00:00,67.67,3269.5041873254013,Hold,3269.5041873254577,2185.7235142119403
Hold,2023-08-31 10:00:00,67.62,3267.088416535298,Hold,3267.0884165353546,2184.108527131837
Hold,2023-08-31 11:00:00,68.02,3286.4145828561223,Hold,3286.4145828561786,2197.028423772664
Hold,2023-08-31 12:00:00,67.6,3266.122108219257,Hold,3266.122108219313,2183.4625322997954
Hold,2023-08-31 13:00:00,67.31,3252.11063763666,Hold,3252.110637636716,2174.095607235196
Hold,2023-08-31 14:00:00,67.4,3256.4590250588453,Hold,3256.4590250589017,2177.002583979382
Hold,2023-08-31 15:00:00,66.11,3194.1321386741874,Hold,3194.1321386742425,2135.335917312714
Hold,2023-08-31 16:00:00,64.44,3113.445394284747,Hold,3113.445394284801,2081.3953488372604
Hold,2023-08-31 17:00:00,64.49,3115.8611650748503,Hold,3115.8611650749035,2083.010335917364
Hold,2023-08-31 18:00:00,64.45,3113.9285484427683,Hold,3113.928548442822,2081.7183462532817
Hold,2023-08-31 19:00:00,64.26,3104.748619440377,Hold,3104.74861944043,2075.5813953488887
Hold,2023-08-31 20:00:00,63.85,3084.939298961532,Hold,3084.939298961585,2062.3385012920407
Hold,2023-08-31 21:00:00,63.66,3075.7593699591407,Hold,3075.759369959193,2056.201550387648
Hold,2023-08-31 22:00:00,64.11,3097.5013070700675,Hold,3097.5013070701207,2070.736434108578
Hold,2023-08-31 23:00:00,63.89,3086.8719155936146,Hold,3086.871915593668,2063.630490956123
Hold,2023-09-01 00:00:00,64.13,3098.4676153861087,Hold,3098.4676153861624,2071.3824289406193
Hold,2023-09-01 01:00:00,63.86,3085.4224531195528,Hold,3085.422453119606,2062.6614987080616
Hold,2023-09-01 02:00:00,63.99,3091.7034571738204,Hold,3091.703457173874,2066.8604651163305
Hold,2023-09-01 03:00:00,64.05,3094.602382121944,Hold,3094.6023821219983,2068.798449612454
Hold,2023-09-01 04:00:00,63.91,3087.8382239096554,Hold,3087.838223909709,2064.2764857881643
Hold,2023-09-01 05:00:00,63.92,3088.3213780676765,Hold,3088.32137806773,2064.5994832041856
Hold,2023-09-01 06:00:00,63.45,3065.6131326407085,Hold,3065.6131326407613,2049.4186046512136
Hold,2023-09-01 07:00:00,63.69,3077.208832433202,Hold,3077.2088324332553,2057.17054263571
Hold,2023-09-01 08:00:00,63.59,3072.377290852997,Hold,3072.37729085305,2053.940568475503
Hold,2023-09-01 09:00:00,63.91,3087.8382239096554,Hold,3087.8382239097086,2064.2764857881643
Hold,2023-09-01 10:00:00,63.71,3078.175140749244,Hold,3078.175140749297,2057.816537467751
Hold,2023-09-01 11:00:00,63.94,3089.2876863837173,Hold,3089.2876863837705,2065.245478036227
Hold,2023-09-01 12:00:00,63.9,3087.3550697516353,Hold,3087.355069751688,2063.953488372144
Hold,2023-09-01 13:00:00,63.66,3075.7593699591407,Hold,3075.759369959193,2056.2015503876473
Hold,2023-09-01 14:00:00,62.94,3040.9722705816575,Hold,3040.9722705817094,2032.9457364341583
Hold,2023-09-01 15:00:00,63.24,3055.4668953222754,Hold,3055.4668953223277,2042.635658914779
Hold,2023-09-01 16:00:00,63.04,3045.8038121618633,Hold,3045.8038121619156,2036.1757105943652
Hold,2023-09-01 17:00:00,62.3,3010.050404468339,Hold,3010.0504044683908,2012.2739018088348
Hold,2023-09-01 18:00:00,62.82,3035.17442068541,Hold,3035.1744206854623,2029.0697674419102
Hold,2023-09-01 19:00:00,62.91,3039.5228081075957,Hold,3039.5228081076484,2031.976744186096
Hold,2023-09-01 20:00:00,63.12,3049.669045426028,Hold,3049.669045426081,2038.7596899225305
Hold,2023-09-01 21:00:00,63.09,3048.2195829519665,Hold,3048.2195829520197,2037.7906976744687
Hold,2023-09-01 22:00:00,63.18,3052.567970374152,Hold,3052.5679703742053,2040.6976744186545
Hold,2023-09-01 23:00:00,62.98,3042.9048872137396,Hold,3042.904887213793,2034.2377260982407
Hold,2023-09-02 00:00:00,63.1,3048.702737109987,Hold,3048.7027371100407,2038.1136950904888
Hold,2023-09-02 01:00:00,63.1,3048.702737109987,Hold,3048.7027371100407,2038.1136950904888
Hold,2023-09-02 02:00:00,63.24,3055.4668953222754,Hold,3055.4668953223286,2042.6356589147786
Hold,2023-09-02 03:00:00,63.47,3066.5794409567493,Hold,3066.579440956803,2050.064599483254
Hold,2023-09-02 04:00:00,63.45,3065.6131326407085,Hold,3065.6131326407617,2049.4186046512127
Hold,2023-09-02 05:00:00,63.34,3060.2984369024816,Hold,3060.298436902535,2045.8656330749855
Hold,2023-09-02 06:00:00,63.24,3055.4668953222754,Hold,3055.4668953223286,2042.6356589147786
Hold,2023-09-02 07:00:00,63.44,3065.1299784826874,Hold,3065.1299784827406,2049.0956072351923
Hold,2023-09-02 08:00:00,63.41,3063.6805160086255,Hold,3063.680516008679,2048.1266149871303
Hold,2023-09-02 09:00:00,63.92,3088.3213780676765,Hold,3088.32137806773,2064.599483204185
Hold,2023-09-02 10:00:00,64.14,3098.9507695441293,Hold,3098.9507695441835,2071.7054263566397
Hold,2023-09-02 11:00:00,64.11,3097.5013070700675,Hold,3097.5013070701216,2070.7364341085777
Hold,2023-09-02 12:00:00,63.81,3083.0066823294496,Hold,3083.0066823295037,2061.0465116279574
Hold,2023-09-02 13:00:00,64.1,3097.0181529120464,Hold,3097.0181529121005,2070.413436692557
Hold,2023-09-02 14:00:00,64.1,3097.0181529120464,Hold,3097.0181529121005,2070.413436692557
Hold,2023-09-02 15:00:00,64.29,3106.1980819144387,Hold,3106.198081914493,2076.5503875969503
Hold,2023-09-02 16:00:00,64.22,3102.816002808294,Hold,3102.816002808348,2074.289405684805
Hold,2023-09-02 17:00:00,64.04,3094.119227963924,Hold,3094.119227963978,2068.4754521964333
Hold,2023-09-02 18:00:00,64.01,3092.669765489862,Hold,3092.669765489916,2067.506459948371
Hold,2023-09-02 19:00:00,64.43,3112.9622401267275,Hold,3112.962240126781,2081.0723514212395
Hold,2023-09-02 20:00:00,64.36,3109.5801610205826,Hold,3109.5801610206363,2078.811369509094
Hold,2023-09-02 21:00:00,64.36,3109.5801610205826,Hold,3109.5801610206363,2078.811369509094
Hold,2023-09-02 22:00:00,64.5,3116.344319232871,Hold,3116.344319232924,2083.333333333384
Hold,2023-09-02 23:00:00,64.59,3120.6927066550566,Hold,3120.69270665511,2086.2403100775705
Hold,2023-09-03 00:00:00,64.65,3123.5916316031803,Hold,3123.591631603234,2088.1782945736945
Hold,2023-09-03 01:00:00,64.56,3119.2432441809947,Hold,3119.2432441810483,2085.271317829508
Hold,2023-09-03 02:00:00,64.65,3123.5916316031803,Hold,3123.5916316032335,2088.178294573694
Hold,2023-09-03 03:00:00,64.8,3130.8389439734888,Hold,3130.838943973542,2093.023255814004
Hold,2023-09-03 04:00:00,64.53,3117.793781706933,Hold,3117.7937817069856,2084.302325581446
Hold,2023-09-03 05:00:00,64.46,3114.4117026007884,Hold,3114.4117026008416,2082.0413436693007
Hold,2023-09-03 06:00:00,64.51,3116.827473390892,Hold,3116.8274733909448,2083.6563307494043
Hold,2023-09-03 07:00:00,64.23,3103.299156966315,Hold,3103.2991569663677,2074.6124031008253
Hold,2023-09-03 08:00:00,64.29,3106.1980819144387,Hold,3106.1980819144915,2076.5503875969493
Hold,2023-09-03 09:00:00,64.3,3106.681236072459,Hold,3106.6812360725116,2076.8733850129693
Hold,2023-09-03 10:00:00,64.19,3101.3665403342325,Hold,3101.366540334285,2073.320413436742
Hold,2023-09-03 11:00:00,64.06,3095.085536279965,Hold,3095.0855362800175,2069.1214470284735
Hold,2023-09-03 12:00:00,63.98,3091.2203030158,Hold,3091.220303015852,2066.537467700308
Hold,2023-09-03 13:00:00,64.0,3092.186611331841,Hold,3092.1866113318933,2067.1834625323495
Hold,2023-09-03 14:00:00,64.01,3092.669765489862,Hold,3092.6697654899144,2067.5064599483703
Hold,2023-09-03 15:00:00,63.79,3082.040374013409,Hold,3082.040374013461,2060.4005167959153
Hold,2023-09-03 16:00:00,63.78,3081.557219855388,Hold,3081.5572198554405,2060.077519379895
Hold,2023-09-03 17:00:00,63.95,3089.770840541738,Hold,3089.7708405417907,2065.5684754522467
Hold,2023-09-03 18:00:00,64.1,3097.0181529120464,Hold,3097.0181529120987,2070.413436692557
Hold,2023-09-03 19:00:00,64.05,3094.602382121944,Hold,3094.6023821219965,2068.798449612453
Hold,2023-09-03 20:00:00,64.19,3101.3665403342325,Hold,3101.3665403342848,2073.320413436743
Hold,2023-09-03 21:00:00,63.83,3083.972990645491,Hold,3083.972990645543,2061.692506459998
Hold,2023-09-03 22:00:00,63.82,3083.4898364874703,Hold,3083.4898364875226,2061.369509043978
Hold,2023-09-03 23:00:00,63.93,3088.804532225697,Hold,3088.80453222575,2064.922480620205
Hold,2023-09-04 00:00:00,64.23,3103.299156966315,Hold,3103.2991569663677,2074.6124031008258
Hold,2023-09-04 01:00:00,64.14,3098.9507695441293,Hold,3098.950769544182,2071.7054263566392
Hold,2023-09-04 02:00:00,64.57,3119.726398339015,Hold,3119.7263983390676,2085.5943152455284
Hold,2023-09-04 03:00:00,64.47,3114.8948567588095,Hold,3114.8948567588623,2082.364341085322
Hold,2023-09-04 04:00:00,64.46,3114.4117026007884,Hold,3114.411702600841,2082.0413436693007
Hold,2023-09-04 05:00:00,64.15,3099.4339237021504,Hold,3099.433923702203,2072.02842377266
Hold,2023-09-04 06:00:00,64.14,3098.9507695441293,Hold,3098.950769544182,2071.7054263566392
Hold,2023-09-04 07:00:00,64.22,3102.816002808294,Hold,3102.8160028083466,2074.289405684804
Hold,2023-09-04 08:00:00,64.33,3108.1306985465208,Hold,3108.130698546574,2077.8423772610317
Hold,2023-09-04 09:00:00,64.13,3098.4676153861087,Hold,3098.467615386162,2071.382428940618
Hold,2023-09-04 10:00:00,64.07,3095.568690437985,Hold,3095.568690438038,2069.4444444444935
Hold,2023-09-04 11:00:00,63.92,3088.3213780676765,Hold,3088.3213780677293,2064.599483204184
Hold,2023-09-04 12:00:00,63.84,3084.4561448035115,Hold,3084.4561448035643,2062.0155038760186
Hold,2023-09-04 13:00:00,63.92,3088.3213780676765,Hold,3088.321378067729,2064.599483204184
Hold,2023-09-04 14:00:00,63.65,3075.27621580112,Hold,3075.2762158011724,2055.878552971625
Hold,2023-09-04 15:00:00,63.56,3070.927828378935,Hold,3070.9278283789868,2052.971576227439
Hold,2023-09-04 16:00:00,63.66,3075.7593699591407,Hold,3075.759369959193,2056.201550387646
Hold,2023-09-04 17:00:00,63.87,3085.905607277573,Hold,3085.905607277625,2062.98449612408
Hold,2023-09-04 18:00:00,63.86,3085.4224531195528,Hold,3085.422453119605,2062.6614987080598
Hold,2023-09-04 19:00:00,63.7,3077.691986591223,Hold,3077.6919865912755,2057.4935400517293
Hold,2023-09-04 20:00:00,63.57,3071.410982536955,Hold,3071.410982537007,2053.2945736434604
Hold,2023-09-04 21:00:00,63.24,3055.4668953222754,Hold,3055.4668953223268,2042.635658914778
Hold,2023-09-04 22:00:00,63.43,3064.646824324667,Hold,3064.6468243247186,2048.7726098191706
Hold,2023-09-04 23:00:00,63.75,3080.1077573813263,Hold,3080.1077573813786,2059.1085271318325
Hold,2023-09-05 00:00:00,63.48,3067.06259511477,Hold,3067.0625951148218,2050.3875968992743
Hold,2023-09-05 01:00:00,63.52,3068.9952117468524,Hold,3068.9952117469047,2051.679586563357
Hold,2023-09-05 02:00:00,63.31,3058.8489744284198,Hold,3058.848974428472,2044.8966408269227
Hold,2023-09-05 03:00:00,63.43,3064.646824324667,Hold,3064.6468243247195,2048.7726098191706
Hold,2023-09-05 04:00:00,63.34,3060.2984369024816,Hold,3060.298436902534,2045.865633074985
Hold,2023-09-05 05:00:00,63.22,3054.5005870062346,Hold,3054.500587006287,2041.9896640827365
Hold,2023-09-05 06:00:00,63.02,3044.8375038458225,Hold,3044.8375038458744,2035.5297157623231
Hold,2023-09-05 07:00:00,62.99,3043.3880413717607,Hold,3043.3880413718125,2034.5607235142613
Hold,2023-09-05 08:00:00,62.83,3035.6575748434307,Hold,3035.657574843482,2029.3927648579304
Hold,2023-09-05 09:00:00,63.02,3044.8375038458225,Hold,3044.837503845874,2035.5297157623231
Hold,2023-09-05 10:00:00,63.04,3045.8038121618633,Hold,3045.803812161915,2036.1757105943643
Hold,2023-09-05 11:00:00,63.07,3047.2532746359257,Hold,3047.2532746359775,2037.1447028424266
Hold,2023-09-05 12:00:00,63.11,3049.1858912680077,Hold,3049.1858912680595,2038.436692506509
Hold,2023-09-05 13:00:00,62.74,3031.3091874212455,Hold,3031.309187421297,2026.485788113744
Hold,2023-09-05 14:00:00,62.86,3037.1070373174925,Hold,3037.107037317544,2030.3617571059926
Hold,2023-09-05 15:00:00,63.1,3048.702737109987,Hold,3048.702737110039,2038.1136950904893
Hold,2023-09-05 16:00:00,63.03,3045.320658003843,Hold,3045.3206580038946,2035.8527131783442
Hold,2023-09-05 17:00:00,63.12,3049.669045426028,Hold,3049.6690454260797,2038.75968992253
Hold,2023-09-05 18:00:00,63.3,3058.365820270399,Hold,3058.3658202704514,2044.5736434109022
Hold,2023-09-05 19:00:00,63.03,3045.320658003843,Hold,3045.320658003895,2035.8527131783437
Hold,2023-09-05 20:00:00,62.97,3042.421733055719,Hold,3042.4217330557713,2033.9147286822197
Hold,2023-09-05 21:00:00,62.99,3043.3880413717607,Hold,3043.3880413718134,2034.5607235142609
Hold,2023-09-05 22:00:00,63.04,3045.8038121618633,Hold,3045.803812161916,2036.1757105943643
Hold,2023-09-05 23:00:00,63.15,3051.11850790009,Hold,3051.1185079001434,2039.7286821705918
Hold,2023-09-06 00:00:00,63.14,3050.6353537420696,Hold,3050.635353742123,2039.4056847545712
Hold,2023-09-06 01:00:00,63.24,3055.4668953222754,Hold,3055.466895322329,2042.635658914778
Hold,2023-09-06 02:00:00,63.53,3069.4783659048726,Hold,3069.4783659049267,2052.002583979378
Hold,2023-09-06 03:00:00,63.11,3049.1858912680077,Hold,3049.1858912680614,2038.4366925065094
Hold,2023-09-06 04:00:00,63.03,3045.320658003843,Hold,3045.3206580038964,2035.8527131783442
Hold,2023-09-06 05:00:00,62.84,3036.1407290014517,Hold,3036.140729001505,2029.7157622739514
Hold,2023-09-06 06:00:00,62.8,3034.2081123693692,Hold,3034.2081123694225,2028.4237726098686
Hold,2023-09-06 07:00:00,62.84,3036.1407290014517,Hold,3036.1407290015054,2029.7157622739514
Hold,2023-09-06 08:00:00,62.91,3039.5228081075957,Hold,3039.5228081076493,2031.976744186096
Hold,2023-09-06 09:00:00,62.99,3043.3880413717607,Hold,3043.3880413718143,2034.5607235142618
Hold,2023-09-06 10:00:00,62.88,3038.0733456335342,Hold,3038.073345633588,2031.0077519380343
Hold,2023-09-06 11:00:00,62.97,3042.421733055719,Hold,3042.421733055772,2033.9147286822201
Hold,2023-09-06 12:00:00,62.96,3041.938578897699,Hold,3041.938578897752,2033.5917312661995
Hold,2023-09-06 13:00:00,63.08,3047.736428793946,Hold,3047.736428793999,2037.4677002584476
Hold,2023-09-06 14:00:00,62.93,3040.489116423637,Hold,3040.4891164236897,2032.6227390181373
Hold,2023-09-06 15:00:00,62.87,3037.590191475513,Hold,3037.590191475566,2030.6847545220132
Hold,2023-09-06 16:00:00,62.87,3037.590191475513,Hold,3037.590191475566,2030.6847545220132
Hold,2023-09-06 17:00:00,63.13,3050.152199584049,Hold,3050.1521995841017,2039.082687338551
Hold,2023-09-06 18:00:00,62.45,3017.2977168386483,Hold,3017.2977168387006,2017.118863049145
Hold,2023-09-06 19:00:00,62.58,3023.578720892916,Hold,3023.5787208929682,2021.3178294574136
Hold,2023-09-06 20:00:00,62.53,3021.162950102813,Hold,3021.162950102865,2019.7028423773106
Hold,2023-09-06 21:00:00,62.8,3034.2081123693692,Hold,3034.208112369422,2028.423772609869
Hold,2023-09-06 22:00:00,62.69,3028.8934166311424,Hold,3028.893416631195,2024.8708010336416
Hold,2023-09-06 23:00:00,62.87,3037.590191475513,Hold,3037.590191475566,2030.6847545220137
Hold,2023-09-07 00:00:00,62.93,3040.489116423637,Hold,3040.4891164236897,2032.6227390181377
Hold,2023-09-07 01:00:00,63.06,3046.770120477905,Hold,3046.7701204779582,2036.8217054264064
Hold,2023-09-07 02:00:00,63.14,3050.6353537420696,Hold,3050.635353742123,2039.4056847545717
Hold,2023-09-07 03:00:00,63.29,3057.8826661123785,Hold,3057.8826661124317,2044.2506459948816
Hold,2023-09-07 04:00:00,63.0,3043.871195529781,Hold,3043.871195529834,2034.883720930282
Hold,2023-09-07 05:00:00,63.05,3046.286966319884,Hold,3046.2869663199367,2036.4987080103854
Hold,2023-09-07 06:00:00,63.1,3048.702737109987,Hold,3048.70273711004,2038.1136950904888
Hold,2023-09-07 07:00:00,63.21,3054.017432848214,Hold,3054.0174328482667,2041.6666666667163
Hold,2023-09-07 08:00:00,63.12,3049.669045426028,Hold,3049.6690454260806,2038.75968992253
Hold,2023-09-07 09:00:00,63.05,3046.286966319884,Hold,3046.2869663199363,2036.4987080103854
Hold,2023-09-07 10:00:00,63.02,3044.8375038458225,Hold,3044.837503845875,2035.5297157623236
Hold,2023-09-07 11:00:00,62.9,3039.039653949575,Hold,3039.039653949628,2031.653746770075
Hold,2023-09-07 12:00:00,62.91,3039.5228081075957,Hold,3039.5228081076484,2031.9767441860956
Hold,2023-09-07 13:00:00,62.63,3025.994491683019,Hold,3025.9944916830714,2022.932816537517
Hold,2023-09-07 14:00:00,62.91,3039.5228081075957,Hold,3039.522808107648,2031.9767441860956
Hold,2023-09-07 15:00:00,62.87,3037.590191475513,Hold,3037.5901914755655,2030.6847545220128
Hold,2023-09-07 16:00:00,63.01,3044.3543496878015,Hold,3044.354349687854,2035.206718346302
Hold,2023-09-07 17:00:00,63.08,3047.736428793946,Hold,3047.7364287939986,2037.4677002584472
Hold,2023-09-07 18:00:00,62.86,3037.1070373174925,Hold,3037.1070373175453,2030.3617571059922
Hold,2023-09-07 19:00:00,62.92,3040.0059622656167,Hold,3040.0059622656695,2032.2997416021162
Hold,2023-09-07 20:00:00,63.12,3049.669045426028,Hold,3049.669045426081,2038.75968992253
Hold,2023-09-07 21:00:00,63.52,3068.9952117468524,Hold,3068.9952117469065,2051.679586563357
Hold,2023-09-07 22:00:00,63.82,3083.4898364874703,Hold,3083.4898364875244,2061.3695090439774
Hold,2023-09-07 23:00:00,63.71,3078.175140749244,Hold,3078.175140749298,2057.8165374677496
Hold,2023-09-08 00:00:00,64.03,3093.636073805903,Hold,3093.6360738059575,2068.1524547804115
Hold,2023-09-08 01:00:00,63.64,3074.7930616431,Hold,3074.793061643154,2055.555555555605
Hold,2023-09-08 02:00:00,63.46,3066.0962867987287,Hold,3066.096286798783,2049.741602067233
Hold,2023-09-08 03:00:00,63.55,3070.444674220914,Hold,3070.444674220968,2052.6485788114187
Hold,2023-09-08 04:00:00,63.7,3077.691986591223,Hold,3077.6919865912773,2057.4935400517293
Hold,2023-09-08 05:00:00,63.3,3058.365820270399,Hold,3058.365820270453,2044.5736434109017
Hold,2023-09-08 06:00:00,63.29,3057.8826661123785,Hold,3057.882666112432,2044.250645994881
Hold,2023-09-08 07:00:00,63.36,3061.264745218523,Hold,3061.264745218576,2046.5116279070257
Hold,2023-09-08 08:00:00,63.28,3057.399511954358,Hold,3057.399511954411,2043.9276485788605
Hold,2023-09-08 09:00:00,63.09,3048.2195829519665,Hold,3048.2195829520197,2037.7906976744678
Hold,2023-09-08 10:00:00,62.59,3024.0618750509366,Hold,3024.0618750509893,2021.6408268734338
Hold,2023-09-08 11:00:00,62.56,3022.6124125768747,Hold,3022.6124125769275,2020.671834625372
Hold,2023-09-08 12:00:00,62.73,3030.826033263225,Hold,3030.8260332632776,2026.162790697723
Hold,2023-09-08 13:00:00,62.82,3035.17442068541,Hold,3035.1744206854632,2029.0697674419093
Hold,2023-09-08 14:00:00,62.72,3030.3428791052042,Hold,3030.3428791052575,2025.8397932817024
Hold,2023-09-08 15:00:00,62.6,3024.545029208957,Hold,3024.5450292090104,2021.9638242894544
Hold,2023-09-08 16:00:00,62.49,3019.230333470731,Hold,3019.230333470784,2018.4108527132269
Hold,2023-09-08 17:00:00,62.6,3024.545029208957,Hold,3024.545029209011,2021.9638242894544
Hold,2023-09-08 18:00:00,62.46,3017.780870996669,Hold,3017.7808709967226,2017.4418604651646
Hold,2023-09-08 19:00:00,62.52,3020.679795944792,Hold,3020.679795944846,2019.3798449612887
Hold,2023-09-08 20:00:00,62.48,3018.7471793127097,Hold,3018.747179312764,2018.0878552972058
Hold,2023-09-08 21:00:00,62.4,3014.8819460485447,Hold,3014.8819460485984,2015.5038759690408
Hold,2023-09-08 22:00:00,62.47,3018.264025154689,Hold,3018.264025154743,2017.7648578811857
Hold,2023-09-08 23:00:00,62.61,3025.028183366978,Hold,3025.028183367032,2022.286821705475
Hold,2023-09-09 00:00:00,62.53,3021.162950102813,Hold,3021.162950102867,2019.7028423773097
Hold,2023-09-09 01:00:00,62.85,3036.623883159472,Hold,3036.6238831595265,2030.0387596899716
Hold,2023-09-09 02:00:00,62.83,3035.6575748434307,Hold,3035.6575748434852,2029.3927648579304
Hold,2023-09-09 03:00:00,62.81,3034.6912665273894,Hold,3034.691266527444,2028.7467700258892
Hold,2023-09-09 04:00:00,62.8,3034.2081123693692,Hold,3034.208112369424,2028.4237726098681
Hold,2023-09-09 05:00:00,62.7,3029.376570789163,Hold,3029.3765707892176,2025.1937984496612
Hold,2023-09-09 06:00:00,62.7,3029.376570789163,Hold,3029.3765707892176,2025.1937984496612
Hold,2023-09-09 07:00:00,62.74,3031.3091874212455,Hold,3031.3091874213005,2026.485788113744
Hold,2023-09-09 08:00:00,62.66,3027.4439541570805,Hold,3027.4439541571355,2023.9018087855784
Hold,2023-09-09 09:00:00,62.66,3027.4439541570805,Hold,3027.4439541571355,2023.9018087855784
Hold,2023-09-09 10:00:00,62.71,3029.8597249471836,Hold,3029.859724947238,2025.5167958656818
Hold,2023-09-09 11:00:00,62.76,3032.2754957372867,Hold,3032.2754957373413,2027.1317829457853
Hold,2023-09-09 12:00:00,62.82,3035.17442068541,Hold,3035.1744206854646,2029.0697674419093
Hold,2023-09-09 13:00:00,62.76,3032.2754957372867,Hold,3032.2754957373413,2027.1317829457853
Hold,2023-09-09 14:00:00,62.95,3041.455424739678,Hold,3041.4554247397327,2033.268733850178
Hold,2023-09-09 15:00:00,63.05,3046.286966319884,Hold,3046.286966319939,2036.498708010385
Hold,2023-09-09 16:00:00,63.14,3050.6353537420696,Hold,3050.6353537421246,2039.4056847545712
Hold,2023-09-09 17:00:00,63.06,3046.770120477905,Hold,3046.77012047796,2036.821705426406
Hold,2023-09-09 18:00:00,63.04,3045.8038121618633,Hold,3045.8038121619184,2036.1757105943643
Hold,2023-09-09 19:00:00,63.1,3048.702737109987,Hold,3048.7027371100426,2038.1136950904884
Hold,2023-09-09 20:00:00,63.03,3045.320658003843,Hold,3045.320658003898,2035.8527131783433
Hold,2023-09-09 21:00:00,63.15,3051.11850790009,Hold,3051.1185079001452,2039.7286821705914
Hold,2023-09-09 22:00:00,63.19,3053.0511245321723,Hold,3053.0511245322277,2041.0206718346737
Hold,2023-09-09 23:00:00,63.06,3046.770120477905,Hold,3046.7701204779605,2036.821705426405
Hold,2023-09-10 00:00:00,62.88,3038.0733456335342,Hold,3038.0733456335897,2031.007751938033
Hold,2023-09-10 01:00:00,62.76,3032.2754957372867,Hold,3032.275495737342,2027.1317829457844
Hold,2023-09-10 02:00:00,62.8,3034.2081123693692,Hold,3034.2081123694243,2028.4237726098672
Hold,2023-09-10 03:00:00,62.72,3030.3428791052042,Hold,3030.3428791052593,2025.839793281702
Stop-Loss,2023-09-10 04:00:00,61.68,2980.0948466710615,SL 10.0% hit,2980.0948466711156,1992.2480620155513
Buy,2023-09-14 21:00:00,62.8,2980.0948466710615,Sinal: Compra,2980.0948466711156,2028.4237726098672
Hold,2023-09-14 22:00:00,63.06,2986.4509457610834,Hold,2986.4509457611375,2036.821705426405
Hold,2023-09-14 23:00:00,62.83,2975.5584034597027,Hold,2975.558403459757,2029.392764857929
Hold,2023-09-15 00:00:00,62.7,2969.4017491154445,Hold,2969.4017491154987,2025.1937984496603
Hold,2023-09-15 01:00:00,62.86,2976.9791698468393,Hold,2976.979169846893,2030.3617571059913
Hold,2023-09-15 02:00:00,63.16,2991.186833718205,Hold,2991.1868337182586,2040.0516795866115
Hold,2023-09-15 03:00:00,63.22,2994.028366492478,Hold,2994.0283664925323,2041.989664082736
Hold,2023-09-15 04:00:00,63.25,2995.4491328796153,Hold,2995.44913287967,2042.9586563307978
Hold,2023-09-15 05:00:00,63.37,3001.1321984281612,Hold,3001.132198428216,2046.8346253230459
Hold,2023-09-15 06:00:00,63.17,2991.660422513917,Hold,2991.6604225139713,2040.3746770026326
Hold,2023-09-15 07:00:00,62.98,2982.662235395386,Hold,2982.6622353954394,2034.2377260982394
Hold,2023-09-15 08:00:00,63.37,3001.1321984281612,Hold,3001.1321984282154,2046.8346253230459
Hold,2023-09-15 09:00:00,63.31,2998.290665653888,Hold,2998.290665653942,2044.8966408269218
Hold,2023-09-15 10:00:00,63.51,3007.7624415681316,Hold,3007.762441568186,2051.356589147335
Hold,2023-09-15 11:00:00,63.2,2993.0811889010542,Hold,2993.081188901109,2041.3436692506943
Hold,2023-09-15 12:00:00,63.13,2989.766067331069,Hold,2989.7660673311234,2039.0826873385497
Hold,2023-09-15 13:00:00,63.54,3009.1832079552687,Hold,3009.1832079553233,2052.3255813953974
Hold,2023-09-15 14:00:00,63.42,3003.5001424067223,Hold,3003.500142406777,2048.4496124031493
Hold,2023-09-15 15:00:00,64.24,3042.3344236551216,Hold,3042.3344236551766,2074.935400516845
Hold,2023-09-15 16:00:00,64.7,3064.119508257883,Hold,3064.1195082579384,2089.7932816537964
Hold,2023-09-15 17:00:00,64.47,3053.226965956502,Hold,3053.2269659565573,2082.364341085321
Hold,2023-09-15 18:00:00,64.62,3060.3307978921857,Hold,3060.330797892241,2087.2093023256316
Hold,2023-09-15 19:00:00,64.75,3066.4874522364435,Hold,3066.4874522364994,2091.4082687339005
Hold,2023-09-15 20:00:00,64.98,3077.379994537824,Hold,3077.37999453788,2098.8372093023763
Hold,2023-09-15 21:00:00,65.12,3084.010237677795,Hold,3084.010237677851,2103.3591731266656
Hold,2023-09-15 22:00:00,65.95,3123.318107721907,Hold,3123.3181077219638,2130.1679586563823
Hold,2023-09-15 23:00:00,65.89,3120.4765749476337,Hold,3120.4765749476906,2128.2299741602583
Hold,2023-09-16 00:00:00,65.66,3109.584032646253,Hold,3109.5840326463094,2120.8010335917825
Hold,2023-09-16 01:00:00,65.81,3116.687864581936,Hold,3116.6878645819925,2125.645994832093
Hold,2023-09-16 02:00:00,66.46,3147.4711363032284,Hold,3147.471136303285,2146.6408268734367
Hold,2023-09-16 03:00:00,66.15,3132.7898836361505,Hold,3132.7898836362065,2136.627906976796
Hold,2023-09-16 04:00:00,66.16,3133.2634724318627,Hold,3133.263472431919,2136.950904392817
Hold,2023-09-16 05:00:00,65.99,3125.2124629047553,Hold,3125.2124629048117,2131.459948320465
Hold,2023-09-16 06:00:00,65.58,3105.7953222805554,Hold,3105.7953222806113,2118.2170542636177
Hold,2023-09-16 07:00:00,65.58,3105.7953222805554,Hold,3105.7953222806113,2118.2170542636177
Hold,2023-09-16 08:00:00,65.24,3089.693303226341,Hold,3089.6933032263964,2107.2351421189146
Hold,2023-09-16 09:00:00,65.06,3081.1687049035218,Hold,3081.1687049035772,2101.4211886305425
Hold,2023-09-16 10:00:00,65.22,3088.7461256349166,Hold,3088.746125634972,2106.589147286873
Hold,2023-09-16 11:00:00,65.04,3080.221527312098,Hold,3080.221527312153,2100.775193798501
Hold,2023-09-16 12:00:00,64.82,3069.802573806429,Hold,3069.802573806484,2093.6692506460454
Hold,2023-09-16 13:00:00,64.69,3063.6459194621707,Hold,3063.6459194622257,2089.470284237777
Hold,2023-09-16 14:00:00,64.47,3053.226965956502,Hold,3053.226965956557,2082.364341085322
Hold,2023-09-16 15:00:00,64.49,3054.174143547926,Hold,3054.174143547981,2083.010335917363
Hold,2023-09-16 16:00:00,64.78,3067.90821862358,Hold,3067.9082186236346,2092.3772609819625
Hold,2023-09-16 17:00:00,65.09,3082.5894712906584,Hold,3082.5894712907134,2102.390180878604
Hold,2023-09-16 18:00:00,65.03,3079.747938516385,Hold,3079.74793851644,2100.45219638248
Hold,2023-09-16 19:00:00,64.68,3063.1723306664585,Hold,3063.172330666513,2089.147286821756
Hold,2023-09-16 20:00:00,64.73,3065.5402746450195,Hold,3065.540274645074,2090.7622739018598
Hold,2023-09-16 21:00:00,65.0,3078.3271721292485,Hold,3078.3271721293036,2099.483204134418
Hold,2023-09-16 22:00:00,65.08,3082.115882494946,Hold,3082.1158824950016,2102.067183462583
Hold,2023-09-16 23:00:00,65.38,3096.323546366312,Hold,3096.3235463663673,2111.7571059432034
Hold,2023-09-17 00:00:00,64.57,3057.9628539136243,Hold,3057.962853913679,2085.5943152455284
Hold,2023-09-17 01:00:00,63.97,3029.5475261708925,Hold,3029.547526170946,2066.2144702842875
Hold,2023-09-17 02:00:00,63.92,3027.179582192332,Hold,3027.1795821923856,2064.5994832041843
Hold,2023-09-17 03:00:00,64.05,3033.33623653659,Hold,3033.336236536644,2068.7984496124527
Hold,2023-09-17 04:00:00,64.01,3031.441881353742,Hold,3031.441881353796,2067.5064599483703
Hold,2023-09-17 05:00:00,63.68,3015.813451095239,Hold,3015.8134510952927,2056.847545219688
Hold,2023-09-17 06:00:00,63.93,3027.653170988044,Hold,3027.653170988098,2064.922480620205
Hold,2023-09-17 07:00:00,63.73,3018.1813950737996,Hold,3018.181395073853,2058.4625322997913
Hold,2023-09-17 08:00:00,64.04,3032.8626477408784,Hold,3032.862647740932,2068.475452196433
Hold,2023-09-17 09:00:00,64.25,3042.808012450834,Hold,3042.808012450888,2075.2583979328665
Hold,2023-09-17 10:00:00,64.24,3042.3344236551216,Hold,3042.3344236551748,2074.935400516845
Hold,2023-09-17 11:00:00,64.13,3037.124946902288,Hold,3037.124946902341,2071.382428940618
Hold,2023-09-17 12:00:00,64.14,3037.598535698,Hold,3037.598535698053,2071.705426356639
Hold,2023-09-17 13:00:00,63.96,3029.073937375181,Hold,3029.073937375234,2065.8914728682666
Hold,2023-09-17 14:00:00,64.21,3040.913657267985,Hold,3040.913657268038,2073.966408268783
Hold,2023-09-17 15:00:00,64.25,3042.808012450834,Hold,3042.808012450887,2075.258397932866
Hold,2023-09-17 16:00:00,63.91,3026.7059933966198,Hold,3026.705993396672,2064.276485788163
Hold,2023-09-17 17:00:00,63.7,3016.7606286866635,Hold,3016.760628686716,2057.4935400517293
Hold,2023-09-17 18:00:00,63.96,3029.073937375181,Hold,3029.073937375233,2065.891472868267
Hold,2023-09-17 19:00:00,63.99,3030.4947037623174,Hold,3030.4947037623697,2066.860465116329
Hold,2023-09-17 20:00:00,63.04,2985.503768169659,Hold,2985.5037681697104,2036.1757105943643
Hold,2023-09-17 21:00:00,63.42,3003.5001424067223,Hold,3003.5001424067736,2048.4496124031507
Hold,2023-09-17 22:00:00,63.52,3008.2360303638443,Hold,3008.236030363896,2051.6795865633576
Hold,2023-09-17 23:00:00,63.55,3009.6567967509804,Hold,3009.656796751032,2052.648578811419
Hold,2023-09-18 00:00:00,63.18,2992.13401130963,Hold,2992.1340113096812,2040.6976744186545
Hold,2023-09-18 01:00:00,63.64,3013.9190959123907,Hold,3013.9190959124426,2055.5555555556057
Hold,2023-09-18 02:00:00,64.3,3045.1759564293952,Hold,3045.175956429447,2076.87338501297
Hold,2023-09-18 03:00:00,64.76,3066.961041032156,Hold,3066.9610410322084,2091.731266149922
Hold,2023-09-18 04:00:00,64.71,3064.5930970535946,Hold,3064.593097053647,2090.116279069818
Hold,2023-09-18 05:00:00,64.91,3074.0648729678387,Hold,3074.0648729678906,2096.576227390232
Hold,2023-09-18 06:00:00,64.82,3069.802573806429,Hold,3069.8025738064807,2093.6692506460454
Hold,2023-09-18 07:00:00,64.83,3070.276162602141,Hold,3070.2761626021934,2093.9922480620667
Hold,2023-09-18 08:00:00,65.01,3078.800760924961,Hold,3078.800760925014,2099.8062015504393
Hold,2023-09-18 09:00:00,65.72,3112.4255654205263,Hold,3112.4255654205795,2122.7390180879074
Hold,2023-09-18 10:00:00,66.15,3132.7898836361505,Hold,3132.789883636204,2136.6279069767966
Hold,2023-09-18 11:00:00,65.76,3114.319920603375,Hold,3114.3199206034283,2124.0310077519903
Hold,2023-09-18 12:00:00,67.29,3186.779006347341,Hold,3186.779006347395,2173.4496124031543
Hold,2023-09-18 13:00:00,66.72,3159.7844449917457,Hold,3159.7844449918,2155.038759689975
Hold,2023-09-18 14:00:00,67.16,3180.622352003082,Hold,3180.6223520031363,2169.250645994885
Hold,2023-09-18 15:00:00,66.85,3165.941099336004,Hold,3165.941099336057,2159.237726098244
Hold,2023-09-18 16:00:00,67.22,3183.463884777355,Hold,3183.4638847774086,2171.1886304910095
Hold,2023-09-18 17:00:00,66.04,3127.5804068833168,Hold,3127.580406883369,2133.0749354005698
Hold,2023-09-18 18:00:00,65.92,3121.8973413347703,Hold,3121.8973413348226,2129.1989664083217
Hold,2023-09-18 19:00:00,66.21,3135.6314164104233,Hold,3135.631416410476,2138.565891472921
Hold,2023-09-18 20:00:00,66.24,3137.05218279756,Hold,3137.052182797612,2139.534883720983
Hold,2023-09-18 21:00:00,66.33,3141.31448195897,Hold,3141.3144819590225,2142.441860465169
Hold,2023-09-18 22:00:00,66.34,3141.7880707546824,Hold,3141.788070754735,2142.76485788119
Hold,2023-09-18 23:00:00,65.89,3120.4765749476337,Hold,3120.476574947686,2128.229974160259
Hold,2023-09-19 00:00:00,65.97,3124.265285313331,Hold,3124.2652853133836,2130.8139534884244
Hold,2023-09-19 01:00:00,66.05,3128.0539956790285,Hold,3128.053995679081,2133.3979328165897
Hold,2023-09-19 02:00:00,66.74,3160.73162258317,Hold,3160.731622583223,2155.684754522016
Hold,2023-09-19 03:00:00,66.5,3149.3654914860776,Hold,3149.3654914861304,2147.93281653752
Hold,2023-09-19 04:00:00,66.99,3172.5713424759747,Hold,3172.571342476028,2163.759689922533
Hold,2023-09-19 05:00:00,67.13,3179.2015856159455,Hold,3179.201585615999,2168.2816537468225
Hold,2023-09-19 06:00:00,67.04,3174.939286454536,Hold,3174.93928645459,2165.3746770026364
Hold,2023-09-19 07:00:00,66.96,3171.150576088838,Hold,3171.1505760888917,2162.7906976744707
Hold,2023-09-19 08:00:00,67.31,3187.726183938765,Hold,3187.726183938819,2174.095607235195
Hold,2023-09-19 09:00:00,67.93,3217.088689272921,Hold,3217.088689272975,2194.1214470284767
Hold,2023-09-19 10:00:00,67.87,3214.247156498648,Hold,3214.247156498702,2192.1834625323527
Hold,2023-09-19 11:00:00,67.67,3204.775380584404,Hold,3204.775380584458,2185.723514211939
Hold,2023-09-19 12:00:00,67.29,3186.779006347341,Hold,3186.779006347395,2173.4496124031534
Hold,2023-09-19 13:00:00,67.11,3178.254408024521,Hold,3178.2544080245752,2167.635658914781
Hold,2023-09-19 14:00:00,67.39,3191.5148943044624,Hold,3191.514894304517,2176.67958656336
Hold,2023-09-19 15:00:00,68.25,3232.243530735711,Hold,3232.243530735766,2204.457364341138
Hold,2023-09-19 16:00:00,67.74,3208.0905021543886,Hold,3208.090502154443,2187.9844961240833
Hold,2023-09-19 17:00:00,67.48,3195.777193465872,Hold,3195.7771934659263,2179.586563307546
Hold,2023-09-19 18:00:00,67.43,3193.4092494873116,Hold,3193.4092494873657,2177.9715762274427
Hold,2023-09-19 19:00:00,67.6,3201.460259014418,Hold,3201.4602590144723,2183.4625322997936
Hold,2023-09-19 20:00:00,67.31,3187.726183938765,Hold,3187.7261839388193,2174.095607235194
Hold,2023-09-19 21:00:00,67.3,3187.2525951430525,Hold,3187.2525951431066,2173.772609819173
Hold,2023-09-19 22:00:00,67.38,3191.04130550875,Hold,3191.0413055088043,2176.356589147338
Hold,2023-09-19 23:00:00,67.28,3186.3054175516286,Hold,3186.305417551683,2173.1266149871312
Hold,2023-09-20 00:00:00,67.0,3173.044931271687,Hold,3173.044931271741,2164.082687338552
Hold,2023-09-20 01:00:00,67.41,3192.4620718958868,Hold,3192.4620718959413,2177.3255813954
Hold,2023-09-20 02:00:00,66.89,3167.835454518853,Hold,3167.835454518907,2160.529715762325
Hold,2023-09-20 03:00:00,66.84,3165.467510540292,Hold,3165.467510540346,2158.9147286822213
Hold,2023-09-20 04:00:00,66.66,3156.942912217472,Hold,3156.942912217526,2153.1007751938487
Hold,2023-09-20 05:00:00,66.44,3146.523958711804,Hold,3146.5239587118576,2145.994832041394
Hold,2023-09-20 06:00:00,66.53,3150.786257873214,Hold,3150.786257873268,2148.90180878558
Hold,2023-09-20 07:00:00,66.51,3149.83908028179,Hold,3149.839080281844,2148.255813953539
Hold,2023-09-20 08:00:00,66.5,3149.3654914860776,Hold,3149.3654914861318,2147.9328165375186
Hold,2023-09-20 09:00:00,65.72,3112.4255654205263,Hold,3112.42556542058,2122.7390180879056
Hold,2023-09-20 10:00:00,65.64,3108.636855054829,Hold,3108.6368550548827,2120.1550387597404
Hold,2023-09-20 11:00:00,65.47,3100.5858455277216,Hold,3100.585845527775,2114.6640826873886
Hold,2023-09-20 12:00:00,64.81,3069.328985010717,Hold,3069.32898501077,2093.346253230024
Hold,2023-09-20 13:00:00,64.72,3065.0666858493073,Hold,3065.0666858493596,2090.4392764858376
Hold,2023-09-20 14:00:00,64.48,3053.700554752215,Hold,3053.700554752267,2082.6873385013414
Hold,2023-09-20 15:00:00,64.77,3067.434629827868,Hold,3067.4346298279206,2092.0542635659413
Hold,2023-09-20 16:00:00,64.76,3066.961041032156,Hold,3066.961041032209,2091.731266149921
Hold,2023-09-20 17:00:00,64.97,3076.906405742112,Hold,3076.9064057421647,2098.514211886355
Hold,2023-09-20 18:00:00,65.15,3085.4310040649316,Hold,3085.431004064985,2104.3281653747276
Hold,2023-09-20 19:00:00,64.09,3035.230591719439,Hold,3035.2305917194913,2070.090439276535
Hold,2023-09-20 20:00:00,64.48,3053.700554752215,Hold,3053.700554752267,2082.6873385013414
Hold,2023-09-20 21:00:00,64.66,3062.2251530750336,Hold,3062.2251530750864,2088.501291989713
Hold,2023-09-20 22:00:00,64.48,3053.700554752215,Hold,3053.7005547522676,2082.687338501341
Hold,2023-09-20 23:00:00,64.55,3057.0156763222,Hold,3057.0156763222526,2084.948320413486
Hold,2023-09-21 00:00:00,64.75,3066.4874522364435,Hold,3066.4874522364967,2091.408268733899
Hold,2023-09-21 01:00:00,64.57,3057.9628539136243,Hold,3057.9628539136775,2085.5943152455266
Hold,2023-09-21 02:00:00,64.61,3059.8572090964726,Hold,3059.857209096526,2086.88630490961
Hold,2023-09-21 03:00:00,64.91,3074.0648729678387,Hold,3074.064872967892,2096.5762273902305
Hold,2023-09-21 04:00:00,64.71,3064.5930970535946,Hold,3064.593097053648,2090.1162790698168
Hold,2023-09-21 05:00:00,64.51,3055.121321139351,Hold,3055.1213211394042,2083.6563307494034
Hold,2023-09-21 06:00:00,64.5,3054.647732343639,Hold,3054.647732343692,2083.333333333382
Hold,2023-09-21 07:00:00,64.27,3043.755190042258,Hold,3043.7551900423114,2075.904392764907
Hold,2023-09-21 08:00:00,63.96,3029.073937375181,Hold,3029.073937375234,2065.891472868266
Hold,2023-09-21 09:00:00,63.86,3024.3380494180587,Hold,3024.3380494181115,2062.6614987080593
Hold,2023-09-21 10:00:00,63.02,2984.5565905782346,Hold,2984.556590578287,2035.5297157623222
Hold,2023-09-21 11:00:00,63.54,3009.1832079552687,Hold,3009.183207955321,2052.325581395398
Hold,2023-09-21 12:00:00,63.77,3020.075750256649,Hold,3020.075750256702,2059.7545219638732
Hold,2023-09-21 13:00:00,63.71,3017.2342174823757,Hold,3017.234217482429,2057.816537467749
Hold,2023-09-21 14:00:00,64.54,3056.5420875264876,Hold,3056.5420875265413,2084.6253229974654
Hold,2023-09-21 15:00:00,64.46,3052.7533771607896,Hold,3052.7533771608437,2082.0413436692997
Hold,2023-09-21 16:00:00,64.56,3057.489265117912,Hold,3057.489265117966,2085.271317829507
Hold,2023-09-21 17:00:00,64.49,3054.174143547926,Hold,3054.1741435479803,2083.010335917362
Hold,2023-09-21 18:00:00,64.76,3066.961041032156,Hold,3066.9610410322102,2091.731266149921
Hold,2023-09-21 19:00:00,64.53,3056.0684987307754,Hold,3056.068498730829,2084.302325581445
Hold,2023-09-21 20:00:00,64.7,3064.119508257883,Hold,3064.119508257937,2089.7932816537964
Hold,2023-09-21 21:00:00,64.85,3071.2233401935655,Hold,3071.2233401936196,2094.6382428941065
Hold,2023-09-21 22:00:00,64.5,3054.647732343639,Hold,3054.647732343693,2083.3333333333826
Hold,2023-09-21 23:00:00,64.69,3063.6459194621707,Hold,3063.645919462225,2089.470284237776
Hold,2023-09-22 00:00:00,64.91,3074.0648729678387,Hold,3074.064872967893,2096.576227390231
Hold,2023-09-22 01:00:00,65.24,3089.693303226341,Hold,3089.6933032263955,2107.2351421189132
Hold,2023-09-22 02:00:00,64.75,3066.4874522364435,Hold,3066.487452236498,2091.4082687339005
Hold,2023-09-22 03:00:00,65.08,3082.115882494946,Hold,3082.1158824950007,2102.0671834625828
Hold,2023-09-22 04:00:00,64.93,3075.012050559263,Hold,3075.0120505593172,2097.222222222273
Hold,2023-09-22 05:00:00,64.78,3067.90821862358,Hold,3067.908218623634,2092.3772609819625
Hold,2023-09-22 06:00:00,64.7,3064.119508257883,Hold,3064.1195082579375,2089.7932816537973
Hold,2023-09-22 07:00:00,64.85,3071.2233401935655,Hold,3071.22334019362,2094.6382428941074
Hold,2023-09-22 08:00:00,65.11,3083.5366488820828,Hold,3083.536648882138,2103.0361757106452
Hold,2023-09-22 09:00:00,65.05,3080.695116107809,Hold,3080.695116107864,2101.098191214521
Hold,2023-09-22 10:00:00,64.73,3065.5402746450195,Hold,3065.540274645074,2090.7622739018598
Hold,2023-09-22 11:00:00,64.79,3068.3818074192927,Hold,3068.3818074193473,2092.700258397984
Hold,2023-09-22 12:00:00,64.72,3065.0666858493073,Hold,3065.066685849362,2090.4392764858385
Hold,2023-09-22 13:00:00,64.64,3061.2779754836097,Hold,3061.2779754836642,2087.8552971576732
Hold,2023-09-22 14:00:00,64.82,3069.802573806429,Hold,3069.8025738064835,2093.6692506460454
Hold,2023-09-22 15:00:00,64.52,3055.5949099350632,Hold,3055.5949099351174,2083.9793281654247
Hold,2023-09-22 16:00:00,64.27,3043.755190042258,Hold,3043.7551900423123,2075.9043927649077
Hold,2023-09-22 17:00:00,64.32,3046.1231340208187,Hold,3046.123134020873,2077.5193798450105
Hold,2023-09-22 18:00:00,64.67,3062.6987418707463,Hold,3062.6987418708004,2088.824289405735
Hold,2023-09-22 19:00:00,64.42,3050.8590219779417,Hold,3050.8590219779953,2080.749354005218
Hold,2023-09-22 20:00:00,64.23,3041.86083485941,Hold,3041.8608348594635,2074.612403100825
Hold,2023-09-22 21:00:00,64.51,3055.121321139351,Hold,3055.121321139405,2083.656330749404
Hold,2023-09-22 22:00:00,64.41,3050.385433182229,Hold,3050.3854331822827,2080.426356589197
Hold,2023-09-22 23:00:00,64.37,3048.4910779993806,Hold,3048.4910779994343,2079.1343669251146
Hold,2023-09-23 00:00:00,64.7,3064.119508257883,Hold,3064.119508257937,2089.793281653797
Hold,2023-09-23 01:00:00,64.87,3072.1705177849904,Hold,3072.1705177850445,2095.2842377261486
Hold,2023-09-23 02:00:00,64.64,3061.2779754836097,Hold,3061.277975483664,2087.8552971576723
Hold,2023-09-23 03:00:00,64.73,3065.5402746450195,Hold,3065.540274645073,2090.762273901859
Hold,2023-09-23 04:00:00,64.78,3067.90821862358,Hold,3067.9082186236337,2092.377260981962
Hold,2023-09-23 05:00:00,64.56,3057.489265117912,Hold,3057.4892651179657,2085.271317829507
Hold,2023-09-23 06:00:00,64.64,3061.2779754836097,Hold,3061.277975483664,2087.855297157673
Hold,2023-09-23 07:00:00,64.81,3069.328985010717,Hold,3069.3289850107712,2093.3462532300246
Hold,2023-09-23 08:00:00,64.9,3073.591284172127,Hold,3073.591284172181,2096.2532299742106
Hold,2023-09-23 09:00:00,64.98,3077.379994537824,Hold,3077.3799945378787,2098.837209302376
Hold,2023-09-23 10:00:00,64.84,3070.7497513978537,Hold,3070.7497513979083,2094.3152454780866
Hold,2023-09-23 11:00:00,64.77,3067.434629827868,Hold,3067.434629827923,2092.0542635659417
Hold,2023-09-23 12:00:00,64.8,3068.8553962150045,Hold,3068.855396215059,2093.0232558140033
Hold,2023-09-23 13:00:00,64.77,3067.434629827868,Hold,3067.4346298279224,2092.0542635659413
Hold,2023-09-23 14:00:00,64.84,3070.7497513978537,Hold,3070.7497513979083,2094.3152454780857
Hold,2023-09-23 15:00:00,64.75,3066.4874522364435,Hold,3066.4874522364985,2091.4082687338996
Hold,2023-09-23 16:00:00,64.94,3075.4856393549753,Hold,3075.4856393550303,2097.5452196382926
Hold,2023-09-23 17:00:00,65.08,3082.115882494946,Hold,3082.1158824950016,2102.0671834625823
Hold,2023-09-23 18:00:00,65.02,3079.2743497206725,Hold,3079.274349720728,2100.1291989664583
Hold,2023-09-23 19:00:00,65.1,3083.06306008637,Hold,3083.0630600864256,2102.7131782946235
Hold,2023-09-23 20:00:00,64.99,3077.8535833335363,Hold,3077.853583333592,2099.1602067183962
Hold,2023-09-23 21:00:00,64.98,3077.379994537824,Hold,3077.3799945378796,2098.8372093023754
Hold,2023-09-23 22:00:00,64.88,3072.6441065807016,Hold,3072.644106580757,2095.6072351421685
Hold,2023-09-23 23:00:00,65.07,3081.6422936992335,Hold,3081.642293699289,2101.7441860465615
Hold,2023-09-24 00:00:00,64.9,3073.591284172127,Hold,3073.591284172182,2096.25322997421
Hold,2023-09-24 01:00:00,64.85,3071.2233401935655,Hold,3071.2233401936205,2094.6382428941065
Hold,2023-09-24 02:00:00,64.91,3074.0648729678387,Hold,3074.0648729678937,2096.5762273902305
Hold,2023-09-24 03:00:00,64.78,3067.90821862358,Hold,3067.908218623635,2092.3772609819616
Hold,2023-09-24 04:00:00,64.7,3064.119508257883,Hold,3064.1195082579384,2089.7932816537964
Hold,2023-09-24 05:00:00,64.55,3057.0156763222,Hold,3057.0156763222553,2084.9483204134863
Hold,2023-09-24 06:00:00,64.55,3057.0156763222,Hold,3057.0156763222553,2084.9483204134863
Hold,2023-09-24 07:00:00,64.63,3060.804386687897,Hold,3060.804386687953,2087.5322997416515
Hold,2023-09-24 08:00:00,64.78,3067.90821862358,Hold,3067.908218623636,2092.3772609819616
Hold,2023-09-24 09:00:00,64.8,3068.8553962150045,Hold,3068.8553962150604,2093.023255814003
Hold,2023-09-24 10:00:00,64.72,3065.0666858493073,Hold,3065.0666858493632,2090.4392764858376
Hold,2023-09-24 11:00:00,64.63,3060.804386687897,Hold,3060.804386687953,2087.5322997416515
Hold,2023-09-24 12:00:00,64.68,3063.1723306664585,Hold,3063.1723306665144,2089.1472868217547
Hold,2023-09-24 13:00:00,64.69,3063.6459194621707,Hold,3063.645919462227,2089.4702842377756
Hold,2023-09-24 14:00:00,64.74,3066.0138634407313,Hold,3066.013863440787,2091.085271317879
Hold,2023-09-24 15:00:00,64.69,3063.6459194621707,Hold,3063.6459194622266,2089.4702842377756
Hold,2023-09-24 16:00:00,64.71,3064.5930970535946,Hold,3064.59309705365,2090.116279069817
Hold,2023-09-24 17:00:00,64.9,3073.591284172127,Hold,3073.591284172183,2096.25322997421
Hold,2023-09-24 18:00:00,64.66,3062.2251530750336,Hold,3062.225153075089,2088.5012919897135
Hold,2023-09-24 19:00:00,64.33,3046.596722816532,Hold,3046.5967228165873,2077.8423772610313
Hold,2023-09-24 20:00:00,64.31,3045.6495452251074,Hold,3045.649545225163,2077.19638242899
Hold,2023-09-24 21:00:00,64.32,3046.1231340208187,Hold,3046.123134020874,2077.51937984501
Hold,2023-09-24 22:00:00,64.21,3040.913657267985,Hold,3040.91365726804,2073.9664082687827
Hold,2023-09-24 23:00:00,63.58,3011.077563138117,Hold,3011.077563138172,2053.6175710594803
Hold,2023-09-25 00:00:00,63.71,3017.2342174823757,Hold,3017.2342174824303,2057.8165374677487
Hold,2023-09-25 01:00:00,63.8,3021.496516643785,Hold,3021.49651664384,2060.7235142119353
Hold,2023-09-25 02:00:00,64.21,3040.913657267985,Hold,3040.9136572680404,2073.966408268783
Hold,2023-09-25 03:00:00,64.24,3042.3344236551216,Hold,3042.334423655177,2074.935400516845
Hold,2023-09-25 04:00:00,64.36,3048.017489203668,Hold,3048.0174892037235,2078.811369509093
Hold,2023-09-25 05:00:00,64.27,3043.755190042258,Hold,3043.7551900423136,2075.904392764907
Hold,2023-09-25 06:00:00,64.32,3046.1231340208187,Hold,3046.123134020874,2077.51937984501
Hold,2023-09-25 07:00:00,64.44,3051.8061995693656,Hold,3051.8061995694216,2081.3953488372576
Hold,2023-09-25 08:00:00,64.37,3048.4910779993806,Hold,3048.4910779994366,2079.134366925113
Hold,2023-09-25 09:00:00,64.2,3040.4400684722737,Hold,3040.4400684723296,2073.643410852762
Hold,2023-09-25 10:00:00,64.28,3044.228778837971,Hold,3044.2287788380263,2076.227390180927
Hold,2023-09-25 11:00:00,63.95,3028.600348579468,Hold,3028.6003485795236,2065.5684754522445
Hold,2023-09-25 12:00:00,64.23,3041.86083485941,Hold,3041.8608348594653,2074.6124031008235
Hold,2023-09-25 13:00:00,64.44,3051.8061995693656,Hold,3051.8061995694216,2081.3953488372576
Hold,2023-09-25 14:00:00,64.24,3042.3344236551216,Hold,3042.3344236551775,2074.9354005168443
Hold,2023-09-25 15:00:00,64.66,3062.2251530750336,Hold,3062.2251530750896,2088.5012919897126
Hold,2023-09-25 16:00:00,64.61,3059.8572090964726,Hold,3059.8572090965285,2086.8863049096094
Hold,2023-09-25 17:00:00,64.64,3061.2779754836097,Hold,3061.2779754836656,2087.8552971576714
Hold,2023-09-25 18:00:00,64.54,3056.5420875264876,Hold,3056.542087526543,2084.625322997465
Hold,2023-09-25 19:00:00,64.47,3053.226965956502,Hold,3053.2269659565577,2082.36434108532
Hold,2023-09-25 20:00:00,64.2,3040.4400684722737,Hold,3040.440068472329,2073.643410852762
Hold,2023-09-25 21:00:00,64.28,3044.228778837971,Hold,3044.228778838026,2076.227390180927
Hold,2023-09-25 22:00:00,64.26,3043.2816012465464,Hold,3043.281601246602,2075.581395348886
Hold,2023-09-25 23:00:00,64.33,3046.596722816532,Hold,3046.5967228165878,2077.8423772610304
Hold,2023-09-26 00:00:00,64.3,3045.1759564293952,Hold,3045.175956429451,2076.8733850129684
Hold,2023-09-26 01:00:00,64.62,3060.3307978921857,Hold,3060.330797892242,2087.2093023256302
Hold,2023-09-26 02:00:00,64.64,3061.2779754836097,Hold,3061.277975483666,2087.855297157672
Hold,2023-09-26 03:00:00,64.53,3056.0684987307754,Hold,3056.0684987308314,2084.3023255814446
Hold,2023-09-26 04:00:00,64.62,3060.3307978921857,Hold,3060.330797892242,2087.2093023256307
Hold,2023-09-26 05:00:00,64.57,3057.9628539136243,Hold,3057.9628539136806,2085.594315245527
Hold,2023-09-26 06:00:00,64.35,3047.543900407956,Hold,3047.5439004080117,2078.488372093072
Hold,2023-09-26 07:00:00,64.41,3050.385433182229,Hold,3050.385433182285,2080.426356589196
Hold,2023-09-26 08:00:00,64.4,3049.9118443865173,Hold,3049.911844386573,2080.1033591731752
Hold,2023-09-26 09:00:00,64.4,3049.9118443865173,Hold,3049.911844386573,2080.1033591731752
Hold,2023-09-26 10:00:00,64.33,3046.596722816532,Hold,3046.596722816588,2077.8423772610304
Hold,2023-09-26 11:00:00,64.42,3050.8590219779417,Hold,3050.859021977998,2080.7493540052164
Hold,2023-09-26 12:00:00,64.22,3041.387246063697,Hold,3041.387246063753,2074.289405684803
Hold,2023-09-26 13:00:00,64.09,3035.230591719439,Hold,3035.230591719495,2070.090439276534
Hold,2023-09-26 14:00:00,64.12,3036.6513581065756,Hold,3036.651358106632,2071.0594315245967
Hold,2023-09-26 15:00:00,63.93,3027.653170988044,Hold,3027.6531709881,2064.9224806202033
Hold,2023-09-26 16:00:00,64.08,3034.7570029237268,Hold,3034.757002923783,2069.767441860514
Hold,2023-09-26 17:00:00,63.89,3025.7588158051954,Hold,3025.7588158052517,2063.630490956121
Hold,2023-09-26 18:00:00,63.87,3024.8116382137705,Hold,3024.811638213827,2062.984496124079
Hold,2023-09-26 19:00:00,63.98,3030.021114966605,Hold,3030.0211149666616,2066.537467700307
Hold,2023-09-26 20:00:00,63.66,3014.866273503814,Hold,3014.86627350387,2056.201550387645
Hold,2023-09-26 21:00:00,63.57,3010.6039743424053,Hold,3010.6039743424612,2053.294573643459
Hold,2023-09-26 22:00:00,63.48,3006.341675180995,Hold,3006.3416751810505,2050.387596899273
Hold,2023-09-26 23:00:00,63.8,3021.496516643785,Hold,3021.496516643841,2060.723514211935
Hold,2023-09-27 00:00:00,63.93,3027.653170988044,Hold,3027.6531709881,2064.9224806202033
Hold,2023-09-27 01:00:00,63.82,3022.44369423521,Hold,3022.443694235266,2061.369509043976
Hold,2023-09-27 02:00:00,63.74,3018.6549838695123,Hold,3018.6549838695682,2058.7855297158108
Hold,2023-09-27 03:00:00,64.05,3033.33623653659,Hold,3033.3362365366465,2068.798449612452
Hold,2023-09-27 04:00:00,63.91,3026.7059933966198,Hold,3026.7059933966757,2064.276485788162
Hold,2023-09-27 05:00:00,63.76,3019.6021614609367,Hold,3019.602161460993,2059.431524547852
Hold,2023-09-27 06:00:00,63.84,3023.3908718266343,Hold,3023.3908718266903,2062.0155038760176
Hold,2023-09-27 07:00:00,63.88,3025.2852270094827,Hold,3025.2852270095386,2063.3074935401005
Hold,2023-09-27 08:00:00,63.86,3024.3380494180587,Hold,3024.3380494181147,2062.661498708059
Hold,2023-09-27 09:00:00,64.33,3046.596722816532,Hold,3046.596722816588,2077.8423772610304
Hold,2023-09-27 10:00:00,64.71,3064.5930970535946,Hold,3064.5930970536515,2090.116279069816
Hold,2023-09-27 11:00:00,65.36,3095.3763687748874,Hold,3095.376368774945,2111.1111111111604
Hold,2023-09-27 12:00:00,65.05,3080.695116107809,Hold,3080.695116107867,2101.0981912145194
Hold,2023-09-27 13:00:00,64.57,3057.9628539136243,Hold,3057.9628539136816,2085.5943152455266
Hold,2023-09-27 14:00:00,63.32,2998.7642544496007,Hold,2998.764254449657,2045.219638242942
Hold,2023-09-27 15:00:00,63.62,3012.971918320966,Hold,3012.9719183210223,2054.909560723562
Hold,2023-09-27 16:00:00,63.69,3016.2870398909513,Hold,3016.2870398910077,2057.1705426357066
Hold,2023-09-27 17:00:00,63.6,3012.0247407295415,Hold,3012.0247407295974,2054.263565891521
Hold,2023-09-27 18:00:00,63.57,3010.6039743424053,Hold,3010.6039743424617,2053.2945736434585
Hold,2023-09-27 19:00:00,63.68,3015.813451095239,Hold,3015.813451095296,2056.8475452196863
Hold,2023-09-27 20:00:00,63.52,3008.2360303638443,Hold,3008.2360303639007,2051.6795865633553
Hold,2023-09-27 21:00:00,63.45,3004.920908793859,Hold,3004.9209087939157,2049.4186046512104
Hold,2023-09-27 22:00:00,63.56,3010.1303855466927,Hold,3010.1303855467495,2052.971576227438
Hold,2023-09-27 23:00:00,63.53,3008.7096191595565,Hold,3008.7096191596133,2052.0025839793757
Hold,2023-09-28 00:00:00,63.85,3023.8644606223465,Hold,3023.864460622404,2062.3385012920376
Hold,2023-09-28 01:00:00,63.7,3016.7606286866635,Hold,3016.760628686721,2057.493540051728
Hold,2023-09-28 02:00:00,63.37,3001.1321984281612,Hold,3001.132198428218,2046.8346253230454
Hold,2023-09-28 03:00:00,63.31,2998.290665653888,Hold,2998.290665653945,2044.8966408269214
Hold,2023-09-28 04:00:00,63.46,3005.394497589571,Hold,3005.3944975896275,2049.7416020672317
Hold,2023-09-28 05:00:00,63.64,3013.9190959123907,Hold,3013.919095912447,2055.555555555604
Hold,2023-09-28 06:00:00,63.77,3020.075750256649,Hold,3020.0757502567053,2059.754521963873
Hold,2023-09-28 07:00:00,63.89,3025.7588158051954,Hold,3025.7588158052517,2063.630490956121
Hold,2023-09-28 08:00:00,63.9,3026.232404600907,Hold,3026.232404600964,2063.9534883721417
Hold,2023-09-28 09:00:00,63.8,3021.496516643785,Hold,3021.496516643842,2060.723514211935
Hold,2023-09-28 10:00:00,64.21,3040.913657267985,Hold,3040.9136572680422,2073.9664082687827
Hold,2023-09-28 11:00:00,64.05,3033.33623653659,Hold,3033.3362365366474,2068.798449612452
Hold,2023-09-28 12:00:00,63.94,3028.126759783756,Hold,3028.126759783813,2065.2454780362245
Hold,2023-09-28 13:00:00,64.01,3031.441881353742,Hold,3031.4418813537995,2067.5064599483694
Hold,2023-09-28 14:00:00,64.67,3062.6987418707463,Hold,3062.6987418708045,2088.8242894057344
Hold,2023-09-28 15:00:00,64.91,3074.0648729678387,Hold,3074.0648729678974,2096.5762273902305
Hold,2023-09-28 16:00:00,64.92,3074.538461763551,Hold,3074.5384617636096,2096.899224806251
Hold,2023-09-28 17:00:00,64.95,3075.9592281506875,Hold,3075.959228150746,2097.868217054313
Hold,2023-09-28 18:00:00,64.63,3060.804386687897,Hold,3060.8043866879552,2087.532299741651
Hold,2023-09-28 19:00:00,65.19,3087.32535924778,Hold,3087.325359247838,2105.620155038809
Hold,2023-09-28 20:00:00,65.21,3088.2725368392043,Hold,3088.272536839262,2106.2661498708503
Hold,2023-09-28 21:00:00,65.17,3086.3781816563555,Hold,3086.3781816564133,2104.974160206768
Hold,2023-09-28 22:00:00,65.31,3093.0084247963264,Hold,3093.0084247963846,2109.496124031057
Hold,2023-09-28 23:00:00,65.21,3088.2725368392043,Hold,3088.272536839262,2106.2661498708503
Hold,2023-09-29 00:00:00,65.23,3089.219714430629,Hold,3089.219714430687,2106.912144702892
Hold,2023-09-29 01:00:00,65.28,3091.58765840919,Hold,3091.587658409248,2108.527131782995
Hold,2023-09-29 02:00:00,64.96,3076.4328169463997,Hold,3076.432816946457,2098.1912144703333
Hold,2023-09-29 03:00:00,65.16,3085.9045928606433,Hold,3085.9045928607006,2104.651162790747
Hold,2023-09-29 04:00:00,65.3,3092.534836000614,Hold,3092.534836000672,2109.173126615037
Hold,2023-09-29 05:00:00,65.25,3090.1668920220536,Hold,3090.1668920221114,2107.5581395349336
Hold,2023-09-29 06:00:00,65.73,3112.8991542162385,Hold,3112.8991542162967,2123.062015503926
Hold,2023-09-29 07:00:00,66.48,3148.4183138946532,Hold,3148.418313894712,2147.2868217054775
Hold,2023-09-29 08:00:00,65.74,3113.3727430119507,Hold,3113.372743012009,2123.385012919947
Hold,2023-09-29 09:00:00,65.79,3115.740686990512,Hold,3115.7406869905703,2125.0000000000505
Hold,2023-09-29 10:00:00,65.78,3115.2670981947995,Hold,3115.2670981948577,2124.6770025840297
Hold,2023-09-29 11:00:00,65.7,3111.4783878291023,Hold,3111.478387829161,2122.0930232558644
Hold,2023-09-29 12:00:00,65.85,3118.5822197647844,Hold,3118.582219764843,2126.937984496174
Hold,2023-09-29 13:00:00,65.51,3102.4802007105704,Hold,3102.480200710629,2115.9560723514714
Hold,2023-09-29 14:00:00,65.72,3112.4255654205263,Hold,3112.425565420585,2122.7390180879056
Hold,2023-09-29 15:00:00,65.72,3112.4255654205263,Hold,3112.425565420585,2122.7390180879056
Hold,2023-09-29 16:00:00,65.99,3125.2124629047553,Hold,3125.2124629048144,2131.4599483204634
Hold,2023-09-29 17:00:00,65.97,3124.265285313331,Hold,3124.26528531339,2130.813953488422
Hold,2023-09-29 18:00:00,66.3,3139.8937155718336,Hold,3139.893715571893,2141.472868217105
Hold,2023-09-29 19:00:00,66.15,3132.7898836361505,Hold,3132.7898836362097,2136.6279069767947
Hold,2023-09-29 20:00:00,66.22,3136.105005206136,Hold,3136.105005206195,2138.8888888889396
Hold,2023-09-29 21:00:00,65.94,3122.8445189261947,Hold,3122.844518926254,2129.8449612403606
Hold,2023-09-29 22:00:00,65.64,3108.636855054829,Hold,3108.6368550548873,2120.1550387597404
Hold,2023-09-29 23:00:00,65.55,3104.374555893419,Hold,3104.3745558934775,2117.248062015554
Hold,2023-09-30 00:00:00,65.63,3108.1632662591164,Hold,3108.1632662591755,2119.832041343719
Hold,2023-09-30 01:00:00,65.47,3100.5858455277216,Hold,3100.5858455277803,2114.664082687388
Hold,2023-09-30 02:00:00,65.47,3100.5858455277216,Hold,3100.5858455277803,2114.664082687388
Hold,2023-09-30 03:00:00,65.43,3098.6914903448733,Hold,3098.691490344932,2113.3720930233058
Hold,2023-09-30 04:00:00,65.49,3101.5330231191456,Hold,3101.5330231192047,2115.3100775194293
Hold,2023-09-30 05:00:00,65.69,3111.0047990333896,Hold,3111.0047990334488,2121.770025839843
Hold,2023-09-30 06:00:00,65.56,3104.8481446891315,Hold,3104.8481446891906,2117.5710594315747
Hold,2023-09-30 07:00:00,65.53,3103.427378301995,Hold,3103.4273783020535,2116.602067183512
Hold,2023-09-30 08:00:00,65.76,3114.319920603375,Hold,3114.319920603434,2124.031007751988
Hold,2023-09-30 09:00:00,65.77,3114.7935093990873,Hold,3114.7935093991455,2124.3540051680084
Hold,2023-09-30 10:00:00,65.69,3111.0047990333896,Hold,3111.004799033448,2121.770025839843
Hold,2023-09-30 11:00:00,65.64,3108.636855054829,Hold,3108.6368550548873,2120.15503875974
Hold,2023-09-30 12:00:00,65.58,3105.7953222805554,Hold,3105.7953222806136,2118.2170542636154
Hold,2023-09-30 13:00:00,65.86,3119.055808560497,Hold,3119.0558085605553,2127.2609819121944
Hold,2023-09-30 14:00:00,65.93,3122.3709301304825,Hold,3122.3709301305407,2129.521963824339
Hold,2023-09-30 15:00:00,66.27,3138.4729491846965,Hold,3138.4729491847547,2140.5038759690415
Hold,2023-09-30 16:00:00,66.37,3143.208837141819,Hold,3143.208837141877,2143.7338501292484
Hold,2023-09-30 17:00:00,66.49,3148.8919026903645,Hold,3148.8919026904227,2147.6098191214965
Hold,2023-09-30 18:00:00,66.4,3144.6296035289556,Hold,3144.6296035290134,2144.702842377311
Hold,2023-09-30 19:00:00,66.31,3140.367304367546,Hold,3140.3673043676035,2141.7958656331243
Hold,2023-09-30 20:00:00,66.4,3144.6296035289556,Hold,3144.629603529013,2144.7028423773104
Hold,2023-09-30 21:00:00,66.2,3135.1578276147116,Hold,3135.1578276147693,2138.2428940568966
Hold,2023-09-30 22:00:00,66.27,3138.4729491846965,Hold,3138.4729491847547,2140.503875969041
Hold,2023-09-30 23:00:00,65.97,3124.265285313331,Hold,3124.265285313388,2130.813953488421
Hold,2023-10-01 00:00:00,66.12,3131.3691172490144,Hold,3131.369117249072,2135.6589147287314
Hold,2023-10-01 01:00:00,66.16,3133.2634724318627,Hold,3133.26347243192,2136.9509043928138
Hold,2023-10-01 02:00:00,65.95,3123.318107721907,Hold,3123.318107721964,2130.1679586563796
Hold,2023-10-01 03:00:00,65.97,3124.265285313331,Hold,3124.2652853133877,2130.813953488421
Hold,2023-10-01 04:00:00,65.97,3124.265285313331,Hold,3124.2652853133877,2130.813953488421
Hold,2023-10-01 05:00:00,66.11,3130.8955284533017,Hold,3130.895528453359,2135.3359173127105
Hold,2023-10-01 06:00:00,66.22,3136.105005206136,Hold,3136.1050052061933,2138.8888888889383
Hold,2023-10-01 07:00:00,66.19,3134.6842388189993,Hold,3134.684238819057,2137.919896640876
Hold,2023-10-01 08:00:00,66.34,3141.7880707546824,Hold,3141.78807075474,2142.7648578811863
Hold,2023-10-01 09:00:00,66.58,3153.154201851775,Hold,3153.1542018518335,2150.516795865682
Hold,2023-10-01 10:00:00,67.25,3184.8846511644915,Hold,3184.8846511645506,2172.1576227390674
Hold,2023-10-01 11:00:00,67.4,3191.988483100175,Hold,3191.988483100234,2177.0025839793775
Hold,2023-10-01 12:00:00,67.52,3197.6715486487205,Hold,3197.67154864878,2180.8785529716256
Hold,2023-10-01 13:00:00,67.12,3178.7279968202333,Hold,3178.7279968202924,2167.9586563307985
Hold,2023-10-01 14:00:00,66.82,3164.5203329488672,Hold,3164.5203329489264,2158.2687338501783
Hold,2023-10-01 15:00:00,66.89,3167.835454518853,Hold,3167.8354545189127,2160.529715762323
Hold,2023-10-01 16:00:00,66.67,3157.4165010131846,Hold,3157.4165010132438,2153.423772609868
Hold,2023-10-01 17:00:00,66.24,3137.05218279756,Hold,3137.0521827976186,2139.534883720979
Hold,2023-10-01 18:00:00,66.43,3146.050369916092,Hold,3146.050369916151,2145.671834625372
Hold,2023-10-01 19:00:00,66.47,3147.9447250989406,Hold,3147.9447250989992,2146.9638242894544
Hold,2023-10-01 20:00:00,66.44,3146.523958711804,Hold,3146.5239587118626,2145.9948320413923
Hold,2023-10-01 21:00:00,66.64,3155.995734626048,Hold,3155.9957346261067,2152.454780361806
Hold,2023-10-01 22:00:00,68.65,3251.187082564199,Hold,3251.1870825642586,2217.3772609819625
Hold,2023-10-01 23:00:00,68.19,3229.4019979614377,Hold,3229.4019979614973,2202.519379845011
Hold,2023-10-02 00:00:00,67.98,3219.456633251482,Hold,3219.4566332515415,2195.736434108577
Hold,2023-10-02 01:00:00,68.05,3222.771754821467,Hold,3222.771754821527,2197.9974160207216
Hold,2023-10-02 02:00:00,67.92,3216.6151004772087,Hold,3216.6151004772687,2193.798449612453
Hold,2023-10-02 03:00:00,67.83,3212.352801315799,Hold,3212.3528013158593,2190.891472868267
Hold,2023-10-02 04:00:00,67.48,3195.777193465872,Hold,3195.7771934659318,2179.586563307543
Hold,2023-10-02 05:00:00,67.33,3188.673361530189,Hold,3188.6733615302487,2174.741602067233
Hold,2023-10-02 06:00:00,67.58,3200.513081422994,Hold,3200.513081423054,2182.8165374677496
Hold,2023-10-02 07:00:00,67.75,3208.564090950101,Hold,3208.5640909501612,2188.3074935401014
Hold,2023-10-02 08:00:00,67.79,3210.4584461329505,Hold,3210.45844613301,2189.5994832041843
Hold,2023-10-02 09:00:00,67.72,3207.143324562965,Hold,3207.1433245630246,2187.338501292039
Hold,2023-10-02 10:00:00,67.77,3209.5112685415256,Hold,3209.511268541585,2188.9534883721426
Hold,2023-10-02 11:00:00,67.59,3200.9866702187064,Hold,3200.986670218766,2183.1395348837705
Hold,2023-10-02 12:00:00,67.74,3208.0905021543886,Hold,3208.0905021544486,2187.98449612408
Hold,2023-10-02 13:00:00,67.67,3204.775380584404,Hold,3204.775380584464,2185.7235142119357
Hold,2023-10-02 14:00:00,67.43,3193.4092494873116,Hold,3193.409249487371,2177.9715762274395
Hold,2023-10-02 15:00:00,66.68,3157.890089808897,Hold,3157.8900898089555,2153.7467700258885
Hold,2023-10-02 16:00:00,66.83,3164.9939217445794,Hold,3164.9939217446386,2158.591731266198
Hold,2023-10-02 17:00:00,67.13,3179.2015856159455,Hold,3179.201585616005,2168.2816537468184
Hold,2023-10-02 18:00:00,65.59,3106.2689110762676,Hold,3106.268911076326,2118.5400516796344
Hold,2023-10-02 19:00:00,66.23,3136.5785940018486,Hold,3136.5785940019077,2139.2118863049577
Hold,2023-10-02 20:00:00,65.98,3124.7388741090435,Hold,3124.738874109102,2131.1369509044407
Hold,2023-10-02 21:00:00,65.63,3108.1632662591164,Hold,3108.163266259175,2119.832041343717
Hold,2023-10-02 22:00:00,65.77,3114.7935093990873,Hold,3114.793509399146,2124.354005168006
Hold,2023-10-02 23:00:00,65.97,3124.265285313331,Hold,3124.2652853133895,2130.81395348842
Hold,2023-10-03 00:00:00,66.23,3136.5785940018486,Hold,3136.5785940019077,2139.2118863049577
Hold,2023-10-03 01:00:00,66.37,3143.208837141819,Hold,3143.2088371418786,2143.733850129247
Hold,2023-10-03 02:00:00,66.32,3140.8408931632575,Hold,3140.840893163317,2142.1188630491433
Hold,2023-10-03 03:00:00,66.19,3134.6842388189993,Hold,3134.684238819059,2137.9198966408744
Hold,2023-10-03 04:00:00,66.3,3139.8937155718336,Hold,3139.8937155718927,2141.472868217102
Hold,2023-10-03 05:00:00,66.15,3132.7898836361505,Hold,3132.789883636209,2136.627906976792
Hold,2023-10-03 06:00:00,66.62,3155.048557034624,Hold,3155.0485570346837,2151.808785529764
Hold,2023-10-03 07:00:00,66.31,3140.367304367546,Hold,3140.3673043676054,2141.7958656331225
Hold,2023-10-03 08:00:00,66.34,3141.7880707546824,Hold,3141.7880707547415,2142.7648578811845
Hold,2023-10-03 09:00:00,65.96,3123.7916965176187,Hold,3123.7916965176773,2130.490956072398
Hold,2023-10-03 10:00:00,65.97,3124.265285313331,Hold,3124.2652853133895,2130.8139534884185
Hold,2023-10-03 11:00:00,65.76,3114.319920603375,Hold,3114.3199206034337,2124.0310077519844
Hold,2023-10-03 12:00:00,65.7,3111.4783878291023,Hold,3111.478387829161,2122.0930232558603
Hold,2023-10-03 13:00:00,65.87,3119.5293973562093,Hold,3119.529397356268,2127.583979328212
Hold,2023-10-03 14:00:00,65.57,3105.321733484843,Hold,3105.3217334849014,2117.894056847592
Hold,2023-10-03 15:00:00,65.72,3112.4255654205263,Hold,3112.4255654205845,2122.739018087902
Hold,2023-10-03 16:00:00,65.9,3120.950163743346,Hold,3120.950163743404,2128.552971576274
Hold,2023-10-03 17:00:00,65.89,3120.4765749476337,Hold,3120.4765749476924,2128.2299741602533
Hold,2023-10-03 18:00:00,65.52,3102.9537895062826,Hold,3102.953789506341,2116.2790697674877
Hold,2023-10-03 19:00:00,65.52,3102.9537895062826,Hold,3102.953789506341,2116.2790697674877
Hold,2023-10-03 20:00:00,65.82,3117.161453377648,Hold,3117.1614533777065,2125.968992248108
Hold,2023-10-03 21:00:00,65.57,3105.321733484843,Hold,3105.3217334849014,2117.8940568475914
Hold,2023-10-03 22:00:00,65.62,3107.6896774634047,Hold,3107.689677463463,2119.5090439276946
Hold,2023-10-03 23:00:00,65.5,3102.0066119148582,Hold,3102.0066119149164,2115.6330749354465
Hold,2023-10-04 00:00:00,63.86,3024.3380494180587,Hold,3024.338049418115,2062.661498708055
Hold,2023-10-04 01:00:00,64.22,3041.387246063697,Hold,3041.387246063754,2074.2894056847995
Hold,2023-10-04 02:00:00,64.23,3041.86083485941,Hold,3041.8608348594666,2074.61240310082
Hold,2023-10-04 03:00:00,64.23,3041.86083485941,Hold,3041.8608348594666,2074.61240310082
Hold,2023-10-04 04:00:00,64.17,3039.0193020851366,Hold,3039.0193020851934,2072.674418604696
Hold,2023-10-04 05:00:00,64.43,3051.332610773654,Hold,3051.332610773711,2081.0723514212336
Hold,2023-10-04 06:00:00,64.53,3056.0684987307754,Hold,3056.0684987308327,2084.3023255814405
Hold,2023-10-04 07:00:00,64.44,3051.8061995693656,Hold,3051.806199569423,2081.3953488372545
Hold,2023-10-04 08:00:00,64.52,3055.5949099350632,Hold,3055.5949099351205,2083.9793281654197
Hold,2023-10-04 09:00:00,64.6,3059.3836203007604,Hold,3059.3836203008177,2086.563307493585
Hold,2023-10-04 10:00:00,64.5,3054.647732343639,Hold,3054.647732343696,2083.3333333333785
Hold,2023-10-04 11:00:00,64.41,3050.385433182229,Hold,3050.385433182286,2080.426356589192
Hold,2023-10-04 12:00:00,64.46,3052.7533771607896,Hold,3052.7533771608464,2082.041343669295
Hold,2023-10-04 13:00:00,63.98,3030.021114966605,Hold,3030.021114966662,2066.537467700303
Hold,2023-10-04 14:00:00,64.02,3031.9154701494535,Hold,3031.9154701495104,2067.8294573643857
Hold,2023-10-04 15:00:00,63.97,3029.5475261708925,Hold,3029.5475261709494,2066.214470284282
Hold,2023-10-04 16:00:00,64.28,3044.228778837971,Hold,3044.228778838028,2076.2273901809235
Hold,2023-10-04 17:00:00,64.0,3030.968292558029,Hold,3030.9682925580864,2067.1834625323445
Hold,2023-10-04 18:00:00,64.04,3032.8626477408784,Hold,3032.8626477409352,2068.4754521964273
Hold,2023-10-04 19:00:00,64.04,3032.8626477408784,Hold,3032.8626477409352,2068.4754521964273
Hold,2023-10-04 20:00:00,64.11,3036.1777693108634,Hold,3036.1777693109207,2070.7364341085718
Hold,2023-10-04 21:00:00,64.19,3039.966479676561,Hold,3039.9664796766183,2073.320413436737
Hold,2023-10-04 22:00:00,64.43,3051.332610773654,Hold,3051.332610773711,2081.0723514212336
Hold,2023-10-04 23:00:00,64.4,3049.9118443865173,Hold,3049.9118443865746,2080.1033591731716
Hold,2023-10-05 00:00:00,64.73,3065.5402746450195,Hold,3065.5402746450773,2090.762273901854
Hold,2023-10-05 01:00:00,64.62,3060.3307978921857,Hold,3060.3307978922435,2087.2093023256266
Hold,2023-10-05 02:00:00,64.75,3066.4874522364435,Hold,3066.4874522365017,2091.408268733895
Hold,2023-10-05 03:00:00,64.64,3061.2779754836097,Hold,3061.2779754836674,2087.855297157668
Hold,2023-10-05 04:00:00,64.7,3064.119508257883,Hold,3064.119508257941,2089.793281653792
Hold,2023-10-05 05:00:00,64.56,3057.489265117912,Hold,3057.4892651179703,2085.271317829502
Hold,2023-10-05 06:00:00,64.56,3057.489265117912,Hold,3057.4892651179703,2085.271317829502
Hold,2023-10-05 07:00:00,64.52,3055.5949099350632,Hold,3055.594909935121,2083.9793281654192
Hold,2023-10-05 08:00:00,64.57,3057.9628539136243,Hold,3057.9628539136825,2085.5943152455225
Hold,2023-10-05 09:00:00,64.7,3064.119508257883,Hold,3064.119508257941,2089.793281653792
Hold,2023-10-05 10:00:00,64.82,3069.802573806429,Hold,3069.802573806488,2093.6692506460395
Hold,2023-10-05 11:00:00,64.73,3065.5402746450195,Hold,3065.540274645078,2090.7622739018534
Hold,2023-10-05 12:00:00,64.43,3051.332610773654,Hold,3051.3326107737125,2081.072351421233
Hold,2023-10-05 13:00:00,64.73,3065.5402746450195,Hold,3065.5402746450786,2090.762273901854
Hold,2023-10-05 14:00:00,64.64,3061.2779754836097,Hold,3061.277975483669,2087.855297157668
Hold,2023-10-05 15:00:00,64.2,3040.4400684722737,Hold,3040.4400684723323,2073.643410852758
Hold,2023-10-05 16:00:00,64.2,3040.4400684722737,Hold,3040.4400684723323,2073.643410852758
Hold,2023-10-05 17:00:00,64.48,3053.700554752215,Hold,3053.700554752274,2082.687338501337
Hold,2023-10-05 18:00:00,64.89,3073.1176953764143,Hold,3073.117695376474,2095.9302325581843
Hold,2023-10-05 19:00:00,64.91,3074.0648729678387,Hold,3074.0648729678983,2096.5762273902255
Hold,2023-10-05 20:00:00,65.06,3081.1687049035218,Hold,3081.168704903582,2101.4211886305357
Hold,2023-10-05 21:00:00,64.76,3066.961041032156,Hold,3066.9610410322157,2091.731266149916
Hold,2023-10-05 22:00:00,64.89,3073.1176953764143,Hold,3073.1176953764743,2095.9302325581843
Hold,2023-10-05 23:00:00,64.8,3068.8553962150045,Hold,3068.855396215065,2093.0232558139983
Hold,2023-10-06 00:00:00,64.91,3074.0648729678387,Hold,3074.064872967899,2096.5762273902255
Hold,2023-10-06 01:00:00,65.23,3089.219714430629,Hold,3089.21971443069,2106.912144702888
Hold,2023-10-06 02:00:00,65.22,3088.7461256349166,Hold,3088.7461256349775,2106.589147286867
Hold,2023-10-06 03:00:00,65.13,3084.483826473507,Hold,3084.483826473568,2103.682170542681
Hold,2023-10-06 04:00:00,65.16,3085.9045928606433,Hold,3085.9045928607043,2104.6511627907425
Hold,2023-10-06 05:00:00,65.27,3091.114069613477,Hold,3091.1140696135376,2108.2041343669703
Hold,2023-10-06 06:00:00,65.33,3093.955602387751,Hold,3093.9556023878113,2110.1421188630943
Hold,2023-10-06 07:00:00,65.43,3098.6914903448733,Hold,3098.691490344934,2113.3720930233017
Hold,2023-10-06 08:00:00,65.21,3088.2725368392043,Hold,3088.272536839265,2106.266149870846
Hold,2023-10-06 09:00:00,65.14,3084.9574152692194,Hold,3084.9574152692794,2104.0051679587013
Hold,2023-10-06 10:00:00,65.07,3081.6422936992335,Hold,3081.642293699294,2101.7441860465565
Hold,2023-10-06 11:00:00,65.14,3084.9574152692194,Hold,3084.9574152692794,2104.0051679587013
Hold,2023-10-06 12:00:00,64.52,3055.5949099350632,Hold,3055.594909935123,2083.9793281654197
Hold,2023-10-06 13:00:00,65.01,3078.800760924961,Hold,3078.8007609250217,2099.806201550433
Hold,2023-10-06 14:00:00,65.1,3083.06306008637,Hold,3083.063060086431,2102.713178294618
Hold,2023-10-06 15:00:00,65.7,3111.4783878291023,Hold,3111.4783878291637,2122.0930232558594
Hold,2023-10-06 16:00:00,65.59,3106.2689110762676,Hold,3106.268911076329,2118.540051679632
Hold,2023-10-06 17:00:00,65.74,3113.3727430119507,Hold,3113.372743012012,2123.385012919942
Hold,2023-10-06 18:00:00,65.58,3105.7953222805554,Hold,3105.7953222806163,2118.217054263611
Hold,2023-10-06 19:00:00,65.61,3107.216088667692,Hold,3107.2160886677534,2119.1860465116733
Hold,2023-10-06 20:00:00,65.55,3104.374555893419,Hold,3104.37455589348,2117.2480620155493
Hold,2023-10-06 21:00:00,65.9,3120.950163743346,Hold,3120.9501637434073,2128.552971576273
Hold,2023-10-06 22:00:00,65.58,3105.7953222805554,Hold,3105.7953222806163,2118.217054263611
Hold,2023-10-06 23:00:00,65.5,3102.0066119148582,Hold,3102.006611914919,2115.6330749354456
Hold,2023-10-07 00:00:00,65.67,3110.0576214419657,Hold,3110.0576214420266,2121.124031007798
Hold,2023-10-07 01:00:00,65.88,3120.002986151921,Hold,3120.0029861519824,2127.9069767442315
Hold,2023-10-07 02:00:00,65.73,3112.8991542162385,Hold,3112.8991542162994,2123.062015503922
Hold,2023-10-07 03:00:00,65.65,3109.1104438505413,Hold,3109.110443850602,2120.4780361757566
Hold,2023-10-07 04:00:00,65.9,3120.950163743346,Hold,3120.950163743407,2128.5529715762736
Hold,2023-10-07 05:00:00,66.14,3132.3162948404383,Hold,3132.3162948404993,2136.30490956077
Hold,2023-10-07 06:00:00,66.0,3125.6860517004675,Hold,3125.686051700529,2131.78294573648
Hold,2023-10-07 07:00:00,65.89,3120.4765749476337,Hold,3120.4765749476946,2128.229974160253
Hold,2023-10-07 08:00:00,66.04,3127.5804068833168,Hold,3127.5804068833777,2133.0749354005634
Hold,2023-10-07 09:00:00,65.81,3116.687864581936,Hold,3116.687864581997,2125.6459948320876
Hold,2023-10-07 10:00:00,65.87,3119.5293973562093,Hold,3119.5293973562702,2127.5839793282116
Hold,2023-10-07 11:00:00,65.72,3112.4255654205263,Hold,3112.4255654205867,2122.739018087901
Hold,2023-10-07 12:00:00,65.7,3111.4783878291023,Hold,3111.478387829163,2122.09302325586
Hold,2023-10-07 13:00:00,65.52,3102.9537895062826,Hold,3102.9537895063427,2116.2790697674873
Hold,2023-10-07 14:00:00,65.5,3102.0066119148582,Hold,3102.0066119149187,2115.633074935446
Hold,2023-10-07 15:00:00,65.43,3098.6914903448733,Hold,3098.6914903449338,2113.3720930233017
Hold,2023-10-07 16:00:00,65.36,3095.3763687748874,Hold,3095.376368774948,2111.1111111111563
Hold,2023-10-07 17:00:00,65.27,3091.114069613477,Hold,3091.114069613537,2108.2041343669703
Hold,2023-10-07 18:00:00,65.21,3088.2725368392043,Hold,3088.2725368392644,2106.266149870846
Hold,2023-10-07 19:00:00,65.03,3079.747938516385,Hold,3079.747938516445,2100.452196382474
Hold,2023-10-07 20:00:00,65.22,3088.7461256349166,Hold,3088.7461256349766,2106.589147286867
Hold,2023-10-07 21:00:00,65.36,3095.3763687748874,Hold,3095.376368774948,2111.1111111111563
Hold,2023-10-07 22:00:00,65.4,3097.2707239577367,Hold,3097.270723957797,2112.403100775239
Hold,2023-10-07 23:00:00,65.45,3099.638667936297,Hold,3099.638667936358,2114.018087855343
Hold,2023-10-08 00:00:00,65.74,3113.3727430119507,Hold,3113.372743012012,2123.3850129199423
Hold,2023-10-08 01:00:00,65.72,3112.4255654205263,Hold,3112.4255654205876,2122.739018087901
Hold,2023-10-08 02:00:00,65.68,3110.531210237678,Hold,3110.5312102377397,2121.4470284238187
Hold,2023-10-08 03:00:00,65.93,3122.3709301304825,Hold,3122.3709301305444,2129.5219638243357
Hold,2023-10-08 04:00:00,65.76,3114.319920603375,Hold,3114.3199206034365,2124.0310077519844
Hold,2023-10-08 05:00:00,65.58,3105.7953222805554,Hold,3105.795322280617,2118.2170542636118
Hold,2023-10-08 06:00:00,65.44,3099.1650791405846,Hold,3099.1650791406464,2113.695090439322
Hold,2023-10-08 07:00:00,65.51,3102.4802007105704,Hold,3102.480200710632,2115.9560723514674
Hold,2023-10-08 08:00:00,65.57,3105.321733484843,Hold,3105.3217334849046,2117.894056847591
Hold,2023-10-08 09:00:00,65.27,3091.114069613477,Hold,3091.114069613538,2108.2041343669707
Hold,2023-10-08 10:00:00,65.14,3084.9574152692194,Hold,3084.9574152692803,2104.005167958702
Hold,2023-10-08 11:00:00,65.08,3082.115882494946,Hold,3082.115882495007,2102.0671834625778
Hold,2023-10-08 12:00:00,65.23,3089.219714430629,Hold,3089.2197144306906,2106.9121447028883
Hold,2023-10-08 13:00:00,65.38,3096.323546366312,Hold,3096.323546366373,2111.757105943198
Hold,2023-10-08 14:00:00,65.41,3097.744312753448,Hold,3097.74431275351,2112.72609819126
Hold,2023-10-08 15:00:00,65.41,3097.744312753448,Hold,3097.74431275351,2112.72609819126
Hold,2023-10-08 16:00:00,65.41,3097.744312753448,Hold,3097.74431275351,2112.72609819126
Hold,2023-10-08 17:00:00,65.33,3093.955602387751,Hold,3093.9556023878126,2110.1421188630948
Hold,2023-10-08 18:00:00,65.31,3093.0084247963264,Hold,3093.008424796388,2109.4961240310536
Hold,2023-10-08 19:00:00,65.32,3093.482013592038,Hold,3093.482013592099,2109.8191214470735
Hold,2023-10-08 20:00:00,65.36,3095.3763687748874,Hold,3095.3763687749483,2111.1111111111563
Hold,2023-10-08 21:00:00,65.21,3088.2725368392043,Hold,3088.272536839265,2106.266149870846
Hold,2023-10-08 22:00:00,65.09,3082.5894712906584,Hold,3082.589471290719,2102.3901808785986
Hold,2023-10-08 23:00:00,65.34,3094.429191183463,Hold,3094.4291911835235,2110.465116279115
Hold,2023-10-09 00:00:00,65.04,3080.221527312098,Hold,3080.2215273121583,2100.775193798495
Hold,2023-10-09 01:00:00,65.2,3087.7989480434926,Hold,3087.798948043553,2105.943152454826
Hold,2023-10-09 02:00:00,65.05,3080.695116107809,Hold,3080.69511610787,2101.0981912145157
Hold,2023-10-09 03:00:00,65.0,3078.3271721292485,Hold,3078.3271721293095,2099.483204134412
Hold,2023-10-09 04:00:00,65.11,3083.5366488820828,Hold,3083.5366488821433,2103.03617571064
Hold,2023-10-09 05:00:00,64.83,3070.276162602141,Hold,3070.276162602201,2093.9922480620608
Hold,2023-10-09 06:00:00,64.79,3068.3818074192927,Hold,3068.3818074193528,2092.7002583979784
Hold,2023-10-09 07:00:00,64.4,3049.9118443865173,Hold,3049.911844386577,2080.103359173172
Hold,2023-10-09 08:00:00,64.25,3042.808012450834,Hold,3042.808012450894,2075.2583979328615
Hold,2023-10-09 09:00:00,63.61,3012.4983295252537,Hold,3012.4983295253123,2054.586563307538
Hold,2023-10-09 10:00:00,63.38,3001.6057872238734,Hold,3001.605787223932,2047.1576227390624
Hold,2023-10-09 11:00:00,63.11,2988.8188897396444,Hold,2988.8188897397026,2038.436692506504
Hold,2023-10-09 12:00:00,63.15,2990.7132449224932,Hold,2990.713244922551,2039.7286821705868
Hold,2023-10-09 13:00:00,63.33,2999.2378432453124,Hold,2999.2378432453706,2045.542635658959
Hold,2023-10-09 14:00:00,63.21,2993.554777696766,Hold,2993.554777696824,2041.6666666667109
Hold,2023-10-09 15:00:00,62.96,2981.7150578039614,Hold,2981.715057804019,2033.5917312661943
Hold,2023-10-09 16:00:00,62.32,2951.4053748783813,Hold,2951.405374878438,2012.919896640871
Hold,2023-10-09 17:00:00,62.69,2968.9281603197323,Hold,2968.92816031979,2024.8708010336359
Hold,2023-10-09 18:00:00,62.89,2978.399936233976,Hold,2978.3999362340337,2031.3307493540497
Hold,2023-10-09 19:00:00,63.05,2985.9773569653707,Hold,2985.9773569654285,2036.49870801038
Hold,2023-10-09 20:00:00,62.96,2981.7150578039614,Hold,2981.7150578040187,2033.5917312661938
Hold,2023-10-09 21:00:00,63.07,2986.924534556795,Hold,2986.9245345568524,2037.144702842421
Hold,2023-10-09 22:00:00,62.96,2981.7150578039614,Hold,2981.715057804018,2033.5917312661938
Hold,2023-10-09 23:00:00,63.07,2986.924534556795,Hold,2986.924534556852,2037.144702842421
Hold,2023-10-10 00:00:00,63.03,2985.030179373947,Hold,2985.030179374003,2035.8527131783385
Hold,2023-10-10 01:00:00,63.28,2996.8698992667514,Hold,2996.869899266808,2043.9276485788555
Hold,2023-10-10 02:00:00,63.59,3011.5511519338297,Hold,3011.551151933886,2053.9405684754965
Hold,2023-10-10 03:00:00,63.29,2997.3434880624636,Hold,2997.34348806252,2044.250645994876
Hold,2023-10-10 04:00:00,63.29,2997.3434880624636,Hold,2997.34348806252,2044.250645994876
Hold,2023-10-10 05:00:00,63.32,2998.7642544496007,Hold,2998.7642544496575,2045.219638242938
Hold,2023-10-10 06:00:00,63.34,2999.7114320410246,Hold,2999.711432041081,2045.8656330749795
Hold,2023-10-10 07:00:00,63.29,2997.3434880624636,Hold,2997.34348806252,2044.250645994876
Hold,2023-10-10 08:00:00,63.28,2996.8698992667514,Hold,2996.869899266808,2043.9276485788555
Hold,2023-10-10 09:00:00,63.23,2994.5019552881904,Hold,2994.501955288247,2042.312661498752
Hold,2023-10-10 10:00:00,63.0,2983.6094129868097,Hold,2983.609412986866,2034.8837209302767
Hold,2023-10-10 11:00:00,62.75,2971.769693094005,Hold,2971.769693094061,2026.80878552976
Hold,2023-10-10 12:00:00,62.68,2968.4545715240197,Hold,2968.4545715240756,2024.5478036176148
Hold,2023-10-10 13:00:00,62.95,2981.241469008249,Hold,2981.2414690083056,2033.2687338501732
Hold,2023-10-10 14:00:00,62.85,2976.505581051127,Hold,2976.505581051183,2030.0387596899664
Hold,2023-10-10 15:00:00,63.16,2991.186833718205,Hold,2991.186833718261,2040.051679586607
Hold,2023-10-10 16:00:00,63.25,2995.4491328796153,Hold,2995.4491328796717,2042.9586563307932
Hold,2023-10-10 17:00:00,63.21,2993.554777696766,Hold,2993.5547776968224,2041.6666666667104
Hold,2023-10-10 18:00:00,63.39,3002.0793760195857,Hold,3002.079376019642,2047.4806201550825
Hold,2023-10-10 19:00:00,63.44,3004.447319998146,Hold,3004.447319998203,2049.095607235186
Hold,2023-10-10 20:00:00,63.41,3003.0265536110096,Hold,3003.0265536110664,2048.1266149871244
Hold,2023-10-10 21:00:00,63.54,3009.1832079552687,Hold,3009.1832079553255,2052.3255813953933
Hold,2023-10-10 22:00:00,63.76,3019.6021614609367,Hold,3019.602161460994,2059.4315245478483
Hold,2023-10-10 23:00:00,63.61,3012.4983295252537,Hold,3012.4983295253105,2054.586563307538
Hold,2023-10-11 00:00:00,63.62,3012.971918320966,Hold,3012.971918321023,2054.909560723559
Hold,2023-10-11 01:00:00,63.45,3004.920908793859,Hold,3004.9209087939157,2049.4186046512077
Hold,2023-10-11 02:00:00,62.97,2982.1886465996736,Hold,2982.18864659973,2033.914728682215
Hold,2023-10-11 03:00:00,62.68,2968.4545715240197,Hold,2968.454571524076,2024.5478036176153
Hold,2023-10-11 04:00:00,62.77,2972.71687068543,Hold,2972.7168706854864,2027.454780361801
Hold,2023-10-11 05:00:00,62.73,2970.8225155025807,Hold,2970.822515502637,2026.1627906977183
Hold,2023-10-11 06:00:00,62.75,2971.769693094005,Hold,2971.769693094062,2026.80878552976
Hold,2023-10-11 07:00:00,62.74,2971.2961042982934,Hold,2971.29610429835,2026.4857881137393
Hold,2023-10-11 08:00:00,62.99,2983.135824191098,Hold,2983.1358241911553,2034.5607235142563
Hold,2023-10-11 09:00:00,62.68,2968.4545715240197,Hold,2968.454571524077,2024.5478036176153
Hold,2023-10-11 10:00:00,62.48,2958.982795609776,Hold,2958.9827956098334,2018.0878552972015
Hold,2023-10-11 11:00:00,62.22,2946.669486921259,Hold,2946.669486921316,2009.6899224806637
Hold,2023-10-11 12:00:00,62.04,2938.1448885984396,Hold,2938.144888598497,2003.8759689922915
Hold,2023-10-11 13:00:00,62.25,2948.090253308396,Hold,2948.090253308453,2010.658914728726
Hold,2023-10-11 14:00:00,62.08,2940.0392437812884,Hold,2940.0392437813452,2005.1679586563744
Trailing-Stop,2023-10-11 15:00:00,61.5,2912.571093629981,Trailing stop 10.0% hit,2912.5710936300375,1986.434108527175
Buy,2023-10-16 16:00:00,63.63,2912.571093629981,Sinal: Compra,2912.5710936300375,2055.2325581395794
Hold,2023-10-16 17:00:00,63.81,2914.971633077503,Hold,2914.971633077559,2061.046511627952
Hold,2023-10-16 18:00:00,64.14,2930.046709694265,Hold,2930.0467096943216,2071.7054263566347
Hold,2023-10-16 19:00:00,64.08,2927.305786673035,Hold,2927.3057866730915,2069.7674418605106
Hold,2023-10-16 20:00:00,63.84,2916.3420945881176,Hold,2916.342094588174,2062.0155038760145
Hold,2023-10-16 21:00:00,63.12,2883.451018333364,Hold,2883.4510183334196,2038.7596899225255
Hold,2023-10-16 22:00:00,63.49,2900.3533769642795,Hold,2900.3533769643354,2050.710594315291
Hold,2023-10-16 23:00:00,63.19,2886.648761858132,Hold,2886.6487618581873,2041.02067183467
Hold,2023-10-17 00:00:00,62.84,2870.6600442342938,Hold,2870.6600442343492,2029.7157622739467
Hold,2023-10-17 01:00:00,63.15,2884.821479843979,Hold,2884.821479844035,2039.7286821705877
Hold,2023-10-17 02:00:00,63.2,2887.1055823616703,Hold,2887.105582361726,2041.3436692506916
Hold,2023-10-17 03:00:00,63.0,2877.9691722909056,Hold,2877.9691722909606,2034.8837209302778
Hold,2023-10-17 04:00:00,63.1,2882.5373773262877,Hold,2882.537377326343,2038.1136950904847
Hold,2023-10-17 05:00:00,63.14,2884.364659340441,Hold,2884.3646593404965,2039.4056847545671
Hold,2023-10-17 06:00:00,63.16,2885.278300347517,Hold,2885.2783003475724,2040.0516795866083
Hold,2023-10-17 07:00:00,63.26,2889.8465053828995,Hold,2889.8465053829555,2043.2816537468152
Hold,2023-10-17 08:00:00,63.07,2881.166915815673,Hold,2881.1669158157283,2037.1447028424225
Hold,2023-10-17 09:00:00,63.1,2882.5373773262877,Hold,2882.5373773263436,2038.1136950904843
Hold,2023-10-17 10:00:00,62.88,2872.4873262484466,Hold,2872.487326248502,2031.0077519380295
Hold,2023-10-17 11:00:00,62.89,2872.944146751985,Hold,2872.9441467520405,2031.33074935405
Hold,2023-10-17 12:00:00,62.39,2850.1031215750727,Hold,2850.103121575128,2015.180878553016
Hold,2023-10-17 13:00:00,62.1,2836.855326972464,Hold,2836.855326972519,2005.8139534884165
Hold,2023-10-17 14:00:00,62.23,2842.793993518461,Hold,2842.7939935185163,2010.0129198966852
Hold,2023-10-17 15:00:00,62.31,2846.448557546767,Hold,2846.4485575468225,2012.5968992248509
Hold,2023-10-17 16:00:00,62.24,2843.2508140219993,Hold,2843.250814022055,2010.3359173127062
Hold,2023-10-17 17:00:00,61.94,2829.546198915852,Hold,2829.5461989159076,2000.6459948320855
Hold,2023-10-17 18:00:00,61.62,2814.9279428026284,Hold,2814.9279428026834,1990.3100775194239
Hold,2023-10-17 19:00:00,61.93,2829.0893784123136,Hold,2829.0893784123687,2000.322997416065
Hold,2023-10-17 20:00:00,61.94,2829.546198915852,Hold,2829.546198915907,2000.6459948320855
Hold,2023-10-17 21:00:00,62.04,2834.114403951234,Hold,2834.114403951289,2003.875968992292
Hold,2023-10-17 22:00:00,62.11,2837.3121474760023,Hold,2837.3121474760574,2006.1369509044366
Hold,2023-10-17 23:00:00,62.07,2835.484865461849,Hold,2835.484865461904,2004.8449612403538
Hold,2023-10-18 00:00:00,62.05,2834.5712244547726,Hold,2834.5712244548276,2004.1989664083121
Hold,2023-10-18 01:00:00,61.94,2829.546198915852,Hold,2829.546198915907,2000.6459948320846
Hold,2023-10-18 02:00:00,62.04,2834.114403951234,Hold,2834.114403951289,2003.875968992291
Hold,2023-10-18 03:00:00,62.16,2839.596249993693,Hold,2839.596249993748,2007.7519379845392
Hold,2023-10-18 04:00:00,62.48,2854.214506106917,Hold,2854.214506106972,2018.0878552972006
Hold,2023-10-18 05:00:00,62.5,2855.1281471139932,Hold,2855.1281471140487,2018.7338501292422
Hold,2023-10-18 06:00:00,62.24,2843.2508140219993,Hold,2843.2508140220543,2010.3359173127049
Hold,2023-10-18 07:00:00,62.0,2832.287121937082,Hold,2832.287121937137,2002.5839793282087
Hold,2023-10-18 08:00:00,62.09,2836.398506468926,Hold,2836.398506468981,2005.490956072395
Hold,2023-10-18 09:00:00,61.76,2821.3234298521634,Hold,2821.323429852218,1994.8320413437125
Hold,2023-10-18 10:00:00,62.03,2833.6575834476967,Hold,2833.6575834477517,2003.552971576271
Hold,2023-10-18 11:00:00,61.89,2827.2620963981612,Hold,2827.2620963982163,1999.0310077519814
Hold,2023-10-18 12:00:00,61.85,2825.434814384008,Hold,2825.434814384063,1997.7390180878986
Hold,2023-10-18 13:00:00,61.66,2816.7552248167813,Hold,2816.755224816836,1991.6020671835056
Hold,2023-10-18 14:00:00,61.49,2808.989276256631,Hold,2808.9892762566856,1986.1111111111543
Hold,2023-10-18 15:00:00,61.45,2807.1619942424786,Hold,2807.161994242533,1984.8191214470714
Hold,2023-10-18 16:00:00,61.49,2808.989276256631,Hold,2808.9892762566856,1986.1111111111543
Hold,2023-10-18 17:00:00,61.48,2808.532455753093,Hold,2808.532455753147,1985.7881136951335
Hold,2023-10-18 18:00:00,61.32,2801.223327696481,Hold,2801.223327696535,1980.6201550388027
Hold,2023-10-18 19:00:00,60.83,2778.8391230231077,Hold,2778.839123023161,1964.7932816537893
Hold,2023-10-18 20:00:00,60.86,2780.2095845337226,Hold,2780.2095845337763,1965.7622739018516
Hold,2023-10-18 21:00:00,60.91,2782.4936870514134,Hold,2782.4936870514675,1967.3772609819548
Hold,2023-10-18 22:00:00,60.71,2773.3572769806487,Hold,2773.3572769807024,1960.9173126615415
Hold,2023-10-18 23:00:00,60.23,2751.4298928108133,Hold,2751.4298928108665,1945.4134366925489
Hold,2023-10-19 00:00:00,60.46,2761.9367643921923,Hold,2761.936764392246,1952.8423772610247
Hold,2023-10-19 01:00:00,60.19,2749.60261079666,Hold,2749.602610796713,1944.1214470284663
Hold,2023-10-19 02:00:00,60.29,2754.1708158320425,Hold,2754.1708158320957,1947.3514211886734
Hold,2023-10-19 03:00:00,60.43,2760.5663028815784,Hold,2760.566302881632,1951.873385012963
Hold,2023-10-19 04:00:00,60.5,2763.7640464063456,Hold,2763.7640464063993,1954.1343669251078
Hold,2023-10-19 05:00:00,60.47,2762.393584895731,Hold,2762.393584895784,1953.1653746770455
Hold,2023-10-19 06:00:00,60.54,2765.5913284204985,Hold,2765.5913284205517,1955.4263565891902
Hold,2023-10-19 07:00:00,60.85,2779.752764030184,Hold,2779.752764030238,1965.4392764858312
Hold,2023-10-19 08:00:00,60.73,2774.2709179877247,Hold,2774.2709179877784,1961.563307493583
Hold,2023-10-19 09:00:00,60.73,2774.2709179877247,Hold,2774.2709179877784,1961.563307493583
Hold,2023-10-19 10:00:00,61.04,2788.4323535974104,Hold,2788.4323535974645,1971.5762273902242
Hold,2023-10-19 11:00:00,61.08,2790.2596356115637,Hold,2790.2596356116173,1972.868217054307
Hold,2023-10-19 12:00:00,61.18,2794.827840646946,Hold,2794.8278406469994,1976.098191214514
Hold,2023-10-19 13:00:00,61.08,2790.2596356115637,Hold,2790.259635611617,1972.868217054307
Hold,2023-10-19 14:00:00,61.37,2803.5074302141725,Hold,2803.507430214226,1982.2351421189067
Hold,2023-10-19 15:00:00,61.47,2808.0756352495546,Hold,2808.0756352496082,1985.4651162791135
Hold,2023-10-19 16:00:00,61.39,2804.421071221249,Hold,2804.421071221302,1982.881136950948
Hold,2023-10-19 17:00:00,61.23,2797.111943164637,Hold,2797.11194316469,1977.7131782946171
Hold,2023-10-19 18:00:00,61.17,2794.371020143408,Hold,2794.3710201434606,1975.775193798493
Hold,2023-10-19 19:00:00,61.43,2806.248353235402,Hold,2806.2483532354554,1984.1731266150307
Hold,2023-10-19 20:00:00,61.59,2813.557481292014,Hold,2813.5574812920668,1989.3410852713614
Hold,2023-10-19 21:00:00,61.38,2803.9642507177105,Hold,2803.964250717763,1982.558139534927
Hold,2023-10-19 22:00:00,61.57,2812.643840284937,Hold,2812.64384028499,1988.6950904393198
Hold,2023-10-19 23:00:00,61.78,2822.2370708592402,Hold,2822.2370708592935,1995.4780361757541
Hold,2023-10-20 00:00:00,61.71,2819.0393273344725,Hold,2819.0393273345253,1993.2170542636095
Hold,2023-10-20 01:00:00,61.7,2818.5825068309346,Hold,2818.5825068309873,1992.894056847589
Hold,2023-10-20 02:00:00,62.28,2845.078096036152,Hold,2845.0780960362054,2011.6279069767882
Hold,2023-10-20 03:00:00,62.63,2861.0668136599907,Hold,2861.066813660044,2022.9328165375118
Hold,2023-10-20 04:00:00,62.57,2858.3258906387614,Hold,2858.3258906388146,2020.9948320413878
Hold,2023-10-20 05:00:00,62.37,2849.1894805679963,Hold,2849.189480568049,2014.534883720974
Hold,2023-10-20 06:00:00,62.9,2873.4009672555226,Hold,2873.400967255576,2031.6537467700698
Hold,2023-10-20 07:00:00,62.94,2875.228249269676,Hold,2875.2282492697286,2032.9457364341526
Hold,2023-10-20 08:00:00,63.63,2906.7488640138145,Hold,2906.748864013868,2055.2325581395794
Hold,2023-10-20 09:00:00,64.09,2927.762607176574,Hold,2927.762607176628,2070.0904392765306
Hold,2023-10-20 10:00:00,63.67,2908.5761460279673,Hold,2908.5761460280214,2056.524547803662
Hold,2023-10-20 11:00:00,63.41,2896.6988129359734,Hold,2896.698812936027,2048.1266149871244
Hold,2023-10-20 12:00:00,63.46,2898.9829154536646,Hold,2898.9829154537188,2049.741602067228
Hold,2023-10-20 13:00:00,63.71,2910.4034280421206,Hold,2910.4034280421747,2057.8165374677446
Hold,2023-10-20 14:00:00,63.58,2904.464761496123,Hold,2904.4647614961773,2053.6175710594757
Hold,2023-10-20 15:00:00,63.49,2900.3533769642795,Hold,2900.3533769643336,2050.71059431529
Hold,2023-10-20 16:00:00,63.26,2889.8465053828995,Hold,2889.846505382953,2043.2816537468143
Hold,2023-10-20 17:00:00,63.17,2885.7351208510554,Hold,2885.735120851109,2040.3746770026285
Hold,2023-10-20 18:00:00,63.33,2893.044248907667,Hold,2893.0442489077213,2045.542635658959
Hold,2023-10-20 19:00:00,63.54,2902.6374794819703,Hold,2902.6374794820244,2052.325581395393
Hold,2023-10-20 20:00:00,63.44,2898.0692744465878,Hold,2898.069274446642,2049.095607235186
Hold,2023-10-20 21:00:00,63.46,2898.9829154536646,Hold,2898.9829154537183,2049.7416020672276
Hold,2023-10-20 22:00:00,63.51,2901.2670179713555,Hold,2901.267017971409,2051.3565891473313
Hold,2023-10-20 23:00:00,63.38,2895.328351425359,Hold,2895.3283514254126,2047.1576227390624
Hold,2023-10-21 00:00:00,63.43,2897.61245394305,Hold,2897.612453943103,2048.7726098191656
Hold,2023-10-21 01:00:00,63.48,2899.8965564607406,Hold,2899.896556460794,2050.3875968992684
Hold,2023-10-21 02:00:00,63.71,2910.4034280421206,Hold,2910.4034280421743,2057.8165374677437
Hold,2023-10-21 03:00:00,63.87,2917.7125560987324,Hold,2917.712556098786,2062.984496124074
Hold,2023-10-21 04:00:00,63.78,2913.6011715668883,Hold,2913.601171566942,2060.077519379888
Hold,2023-10-21 05:00:00,63.67,2908.5761460279673,Hold,2908.576146028021,2056.524547803661
Hold,2023-10-21 06:00:00,64.01,2924.1080431482674,Hold,2924.108043148321,2067.506459948364
Hold,2023-10-21 07:00:00,64.12,2929.1330686871884,Hold,2929.133068687242,2071.059431524591
Hold,2023-10-21 08:00:00,64.04,2925.4785046588822,Hold,2925.4785046589354,2068.475452196426
Hold,2023-10-21 09:00:00,64.12,2929.1330686871884,Hold,2929.1330686872416,2071.059431524591
Hold,2023-10-21 10:00:00,64.08,2927.305786673035,Hold,2927.305786673088,2069.7674418605084
Hold,2023-10-21 11:00:00,64.34,2939.1831197650295,Hold,2939.1831197650827,2078.165374677046
Hold,2023-10-21 12:00:00,64.31,2937.8126582544146,Hold,2937.812658254468,2077.1963824289837
Hold,2023-10-21 13:00:00,64.76,2958.3695809136357,Hold,2958.3695809136893,2091.731266149915
Hold,2023-10-21 14:00:00,65.11,2974.3582985374737,Hold,2974.358298537528,2103.0361757106384
Hold,2023-10-21 15:00:00,64.95,2967.0491704808624,Hold,2967.0491704809165,2097.868217054308
Hold,2023-10-21 16:00:00,64.4,2941.924042786259,Hold,2941.9240427863124,2080.1033591731707
Hold,2023-10-21 17:00:00,65.08,2972.987837026859,Hold,2972.987837026913,2102.0671834625764
Hold,2023-10-21 18:00:00,65.08,2972.987837026859,Hold,2972.987837026913,2102.0671834625764
Hold,2023-10-21 19:00:00,64.79,2959.7400424242505,Hold,2959.7400424243046,2092.700258397977
Hold,2023-10-21 20:00:00,64.69,2955.1718373888675,Hold,2955.171837388921,2089.47028423777
Hold,2023-10-21 21:00:00,64.9,2964.765067963171,Hold,2964.7650679632247,2096.2532299742047
Hold,2023-10-21 22:00:00,64.89,2964.3082474596326,Hold,2964.3082474596863,2095.930232558184
Hold,2023-10-21 23:00:00,64.75,2957.9127604100972,Hold,2957.912760410151,2091.408268733894
Hold,2023-10-22 00:00:00,64.94,2966.5923499773235,Hold,2966.5923499773767,2097.545219638287
Hold,2023-10-22 01:00:00,64.81,2960.653683431327,Hold,2960.65368343138,2093.3462532300186
Hold,2023-10-22 02:00:00,64.9,2964.765067963171,Hold,2964.7650679632247,2096.2532299742047
Hold,2023-10-22 03:00:00,64.9,2964.765067963171,Hold,2964.7650679632247,2096.2532299742047
Hold,2023-10-22 04:00:00,64.91,2965.2218884667086,Hold,2965.2218884667623,2096.576227390225
Hold,2023-10-22 05:00:00,65.13,2975.27193954455,Hold,2975.2719395446043,2103.68217054268
Hold,2023-10-22 06:00:00,64.97,2967.9628114879383,Hold,2967.9628114879924,2098.514211886349
Hold,2023-10-22 07:00:00,64.14,2930.046709694265,Hold,2930.0467096943185,2071.705426356633
Hold,2023-10-22 08:00:00,63.95,2921.3671201270386,Hold,2921.3671201270918,2065.56847545224
Hold,2023-10-22 09:00:00,63.89,2918.626197105809,Hold,2918.626197105862,2063.630490956116
Hold,2023-10-22 10:00:00,64.04,2925.4785046588822,Hold,2925.478504658936,2068.4754521964264
Hold,2023-10-22 11:00:00,63.97,2922.2807611341145,Hold,2922.2807611341677,2066.214470284281
Hold,2023-10-22 12:00:00,64.06,2926.392145665959,Hold,2926.3921456660123,2069.1214470284676
Hold,2023-10-22 13:00:00,64.24,2934.614914729647,Hold,2934.6149147297,2074.9354005168393
Hold,2023-10-22 14:00:00,63.87,2917.7125560987324,Hold,2917.7125560987856,2062.9844961240738
Hold,2023-10-22 15:00:00,64.77,2958.826401417173,Hold,2958.826401417227,2092.054263565935
Hold,2023-10-22 16:00:00,65.21,2978.926503572856,Hold,2978.9265035729095,2106.266149870845
Hold,2023-10-22 17:00:00,65.48,2991.2606571683887,Hold,2991.2606571684423,2114.987080103403
Hold,2023-10-22 18:00:00,64.65,2953.344555374715,Hold,2953.3445553747683,2088.178294573687
Hold,2023-10-22 19:00:00,64.54,2948.3195298357946,Hold,2948.319529835848,2084.6253229974595
Hold,2023-10-22 20:00:00,64.58,2950.146811849947,Hold,2950.1468118499997,2085.917312661542
Hold,2023-10-22 21:00:00,64.04,2925.4785046588822,Hold,2925.4785046589345,2068.4754521964255
Hold,2023-10-22 22:00:00,64.91,2965.2218884667086,Hold,2965.221888466762,2096.576227390224
Hold,2023-10-22 23:00:00,65.26,2981.2106060905476,Hold,2981.210606090601,2107.881136950948
Hold,2023-10-23 00:00:00,65.31,2983.494708608239,Hold,2983.494708608292,2109.4961240310517
Hold,2023-10-23 01:00:00,65.71,3001.767528749768,Hold,3001.767528749822,2122.4160206718784
Hold,2023-10-23 02:00:00,66.02,3015.9289643594534,Hold,3015.928964359507,2132.4289405685195
Hold,2023-10-23 03:00:00,66.37,3031.917681983292,Hold,3031.9176819833456,2143.7338501292434
Hold,2023-10-23 04:00:00,66.28,3027.806297451448,Hold,3027.8062974515015,2140.8268733850573
Hold,2023-10-23 05:00:00,66.51,3038.3131690328273,Hold,3038.3131690328814,2148.2558139535327
Hold,2023-10-23 06:00:00,66.33,3030.090399969139,Hold,3030.090399969193,2142.44186046516
Hold,2023-10-23 07:00:00,66.11,3020.0403488912975,Hold,3020.0403488913516,2135.3359173127055
Hold,2023-10-23 08:00:00,66.74,3048.820040614207,Hold,3048.8200406142614,2155.684754522008
Hold,2023-10-23 09:00:00,66.1,3019.583528387759,Hold,3019.583528387813,2135.0129198966847
Hold,2023-10-23 10:00:00,66.39,3032.831322990369,Hold,3032.8313229904234,2144.379844961284
Hold,2023-10-23 11:00:00,66.43,3034.6586050045216,Hold,3034.658605004576,2145.671834625367
Hold,2023-10-23 12:00:00,66.36,3031.460861479754,Hold,3031.4608614798085,2143.410852713222
Hold,2023-10-23 13:00:00,65.8,3005.878913281612,Hold,3005.878913281666,2125.322997416064
Hold,2023-10-23 14:00:00,66.05,3017.2994258700683,Hold,3017.2994258701224,2133.3979328165815
Hold,2023-10-23 15:00:00,65.97,3013.644861841762,Hold,3013.6448618418162,2130.8139534884162
Hold,2023-10-23 16:00:00,67.05,3062.981476223892,Hold,3062.981476223947,2165.697674418649
Hold,2023-10-23 17:00:00,66.87,3054.7587071602043,Hold,3054.7587071602593,2159.8837209302774
Hold,2023-10-23 18:00:00,67.05,3062.981476223892,Hold,3062.981476223947,2165.697674418649
Hold,2023-10-23 19:00:00,67.17,3068.463322266351,Hold,3068.4633222664065,2169.5736434108976
Hold,2023-10-23 20:00:00,67.24,3071.6610657911183,Hold,3071.661065791174,2171.8346253230425
Hold,2023-10-23 21:00:00,67.5,3083.538398883113,Hold,3083.538398883169,2180.2325581395803
Hold,2023-10-23 22:00:00,69.54,3176.7297816049136,Hold,3176.7297816049713,2246.1240310077997
Hold,2023-10-23 23:00:00,69.02,3152.9751154209252,Hold,3152.9751154209825,2229.328165374724
Hold,2023-10-24 00:00:00,69.29,3165.309269016458,Hold,3165.3092690165154,2238.049095607282
Hold,2023-10-24 01:00:00,69.96,3195.9162427535193,Hold,3195.916242753577,2259.6899224806675
Hold,2023-10-24 02:00:00,72.13,3295.0462920213176,Hold,3295.046292021377,2329.7803617571553
Hold,2023-10-24 03:00:00,69.97,3196.373063257058,Hold,3196.373063257116,2260.012919896689
Hold,2023-10-24 04:00:00,70.23,3208.250396349052,Hold,3208.2503963491095,2268.4108527132266
Hold,2023-10-24 05:00:00,69.46,3173.0752175766074,Hold,3173.0752175766643,2243.5400516796344
Hold,2023-10-24 06:00:00,69.16,3159.37060247046,Hold,3159.3706024705166,2233.850129199014
Hold,2023-10-24 07:00:00,69.17,3159.827422973999,Hold,3159.8274229740555,2234.173126615035
Hold,2023-10-24 08:00:00,69.56,3177.6434226119904,Hold,3177.643422612047,2246.7700258398413
Hold,2023-10-24 09:00:00,69.92,3194.0889607393665,Hold,3194.0889607394233,2258.3979328165856
Hold,2023-10-24 10:00:00,69.96,3195.9162427535193,Hold,3195.916242753576,2259.689922480668
Hold,2023-10-24 11:00:00,70.36,3214.189062895049,Hold,3214.1890628951064,2272.6098191214955
Hold,2023-10-24 12:00:00,70.83,3235.6596265613466,Hold,3235.659626561405,2287.7906976744675
Hold,2023-10-24 13:00:00,70.85,3236.5732675684226,Hold,3236.5732675684803,2288.4366925065087
Hold,2023-10-24 14:00:00,70.53,3221.9550114551994,Hold,3221.9550114552567,2278.1007751938478
Hold,2023-10-24 15:00:00,68.11,3111.4044495989456,Hold,3111.404449599001,2199.9354005168434
Hold,2023-10-24 16:00:00,68.46,3127.3931672227836,Hold,3127.393167222839,2211.240310077567
Hold,2023-10-24 17:00:00,68.22,3116.429475137866,Hold,3116.4294751379216,2203.4883720930707
Hold,2023-10-24 18:00:00,68.58,3132.8750132652426,Hold,3132.8750132652985,2215.1162790698154
Hold,2023-10-24 19:00:00,68.56,3131.9613722581666,Hold,3131.9613722582226,2214.470284237774
Hold,2023-10-24 20:00:00,68.27,3118.713577655557,Hold,3118.713577655613,2205.1033591731743
Hold,2023-10-24 21:00:00,68.75,3140.640961825393,Hold,3140.6409618254493,2220.6072351421667
Hold,2023-10-24 22:00:00,69.13,3158.000140959846,Hold,3158.000140959902,2232.881136950952
Hold,2023-10-24 23:00:00,69.15,3158.9137819669227,Hold,3158.913781966979,2233.527131782994
Hold,2023-10-25 00:00:00,69.81,3189.063935200446,Hold,3189.063935200503,2254.8449612403588
Hold,2023-10-25 01:00:00,70.28,3210.5344988667434,Hold,3210.5344988668003,2270.0258397933303
Hold,2023-10-25 02:00:00,69.72,3184.952550668602,Hold,3184.952550668658,2251.9379844961722
Hold,2023-10-25 03:00:00,69.54,3176.7297816049136,Hold,3176.7297816049695,2246.1240310078
Hold,2023-10-25 04:00:00,69.75,3186.3230121792167,Hold,3186.323012179273,2252.9069767442343
Hold,2023-10-25 05:00:00,69.15,3158.9137819669227,Hold,3158.913781966978,2233.5271317829934
Hold,2023-10-25 06:00:00,69.51,3175.3593200942996,Hold,3175.359320094355,2245.155038759738
Hold,2023-10-25 07:00:00,68.23,3116.8862956414046,Hold,3116.8862956414596,2203.8113695090915
Hold,2023-10-25 08:00:00,68.54,3131.0477312510898,Hold,3131.047731251145,2213.8242894057325
Hold,2023-10-25 09:00:00,68.68,3137.443218300625,Hold,3137.44321830068,2218.3462532300223
Hold,2023-10-25 10:00:00,68.85,3145.209166860775,Hold,3145.2091668608305,2223.837209302373
Hold,2023-10-25 11:00:00,68.7,3138.3568593077016,Hold,3138.356859307757,2218.9922480620635
Hold,2023-10-25 12:00:00,69.02,3152.9751154209252,Hold,3152.9751154209807,2229.3281653747254
Hold,2023-10-25 13:00:00,69.33,3167.1365510306105,Hold,3167.136551030666,2239.3410852713664
Hold,2023-10-25 14:00:00,69.83,3189.977576207523,Hold,3189.9775762075787,2255.4909560724004
Hold,2023-10-25 15:00:00,69.84,3190.434396711061,Hold,3190.4343967111167,2255.8139534884212
Hold,2023-10-25 16:00:00,68.58,3132.8750132652426,Hold,3132.875013265297,2215.116279069816
Hold,2023-10-25 17:00:00,68.73,3139.7273208183165,Hold,3139.7273208183715,2219.9612403101264
Hold,2023-10-25 18:00:00,68.7,3138.3568593077016,Hold,3138.356859307757,2218.9922480620644
Hold,2023-10-25 19:00:00,68.58,3132.8750132652426,Hold,3132.875013265298,2215.1162790698163
Hold,2023-10-25 20:00:00,68.34,3121.911321180325,Hold,3121.9113211803806,2207.36434108532
Hold,2023-10-25 21:00:00,68.34,3121.911321180325,Hold,3121.9113211803806,2207.36434108532
Hold,2023-10-25 22:00:00,68.75,3140.640961825393,Hold,3140.6409618254484,2220.607235142168
Hold,2023-10-25 23:00:00,68.71,3138.8136798112396,Hold,3138.813679811295,2219.315245478085
Hold,2023-10-26 00:00:00,68.88,3146.57962837139,Hold,3146.5796283714453,2224.806201550437
Hold,2023-10-26 01:00:00,69.18,3160.2842434775375,Hold,3160.284243477593,2234.4961240310577
Hold,2023-10-26 02:00:00,69.31,3166.2229100235345,Hold,3166.22291002359,2238.695090439326
Hold,2023-10-26 03:00:00,70.05,3200.027627285364,Hold,3200.02762728542,2262.5968992248563
Hold,2023-10-26 04:00:00,69.6,3179.470704626143,Hold,3179.4707046261983,2248.0620155039255
Hold,2023-10-26 05:00:00,68.91,3147.9500898820047,Hold,3147.9500898820597,2225.775193798499
Hold,2023-10-26 06:00:00,69.42,3171.247935562455,Hold,3171.2479355625105,2242.2480620155534
Hold,2023-10-26 07:00:00,70.03,3199.1139862782875,Hold,3199.1139862783434,2261.950904392815
Hold,2023-10-26 08:00:00,70.36,3214.189062895049,Hold,3214.1890628951055,2272.6098191214974
Hold,2023-10-26 09:00:00,69.99,3197.286704264134,Hold,3197.28670426419,2260.6589147287323
Hold,2023-10-26 10:00:00,69.82,3189.520755703984,Hold,3189.52075570404,2255.1679586563805
Hold,2023-10-26 11:00:00,69.35,3168.050192037687,Hold,3168.050192037743,2239.9870801034085
Hold,2023-10-26 12:00:00,69.8,3188.607114696908,Hold,3188.6071146969643,2254.521963824339
Hold,2023-10-26 13:00:00,69.25,3163.481987002305,Hold,3163.4819870023603,2236.7571059432016
Hold,2023-10-26 14:00:00,68.3,3120.084039166172,Hold,3120.0840391662264,2206.072351421237
Hold,2023-10-26 15:00:00,67.86,3099.983937010489,Hold,3099.9839370105433,2191.860465116327
Hold,2023-10-26 16:00:00,67.43,3080.3406553583454,Hold,3080.340655358399,2177.971576227438
Hold,2023-10-26 17:00:00,68.2,3115.5158341307897,Hold,3115.5158341308443,2202.8423772610304
Hold,2023-10-26 18:00:00,67.86,3099.983937010489,Hold,3099.9839370105433,2191.8604651163273
Hold,2023-10-26 19:00:00,68.15,3113.231731613099,Hold,3113.231731613153,2201.227390180927
Hold,2023-10-26 20:00:00,68.16,3113.6885521166364,Hold,3113.688552116691,2201.550387596947
Hold,2023-10-26 21:00:00,68.3,3120.084039166172,Hold,3120.0840391662264,2206.072351421237
Hold,2023-10-26 22:00:00,68.84,3144.752346357237,Hold,3144.7523463572916,2223.5142118863537
Hold,2023-10-26 23:00:00,68.76,3141.0977823289313,Hold,3141.0977823289863,2220.930232558188
Hold,2023-10-27 00:00:00,68.42,3125.5658852086312,Hold,3125.565885208686,2209.948320413485
Hold,2023-10-27 01:00:00,67.3,3074.401988812348,Hold,3074.4019888124017,2173.772609819169
Hold,2023-10-27 02:00:00,68.18,3114.6021931237137,Hold,3114.602193123768,2202.196382428989
Hold,2023-10-27 03:00:00,68.12,3111.861270102484,Hold,3111.8612701025377,2200.2583979328647
Hold,2023-10-27 04:00:00,68.14,3112.7749111095604,Hold,3112.774911109614,2200.904392764906
Hold,2023-10-27 05:00:00,67.99,3105.9226035564866,Hold,3105.92260355654,2196.0594315245958
Hold,2023-10-27 06:00:00,68.21,3115.9726546343277,Hold,3115.972654634381,2203.1653746770507
Hold,2023-10-27 07:00:00,67.35,3076.686091330039,Hold,3076.6860913300916,2175.387596899272
Hold,2023-10-27 08:00:00,67.86,3099.983937010489,Hold,3099.983937010542,2191.860465116327
Hold,2023-10-27 09:00:00,67.95,3104.0953215423337,Hold,3104.0953215423865,2194.7674418605134
Hold,2023-10-27 10:00:00,67.91,3102.268039528181,Hold,3102.2680395282337,2193.4754521964305
Hold,2023-10-27 11:00:00,67.79,3096.7861934857224,Hold,3096.786193485775,2189.5994832041824
Hold,2023-10-27 12:00:00,68.32,3120.997680173248,Hold,3120.9976801733014,2206.718346253278
Hold,2023-10-27 13:00:00,68.46,3127.3931672227836,Hold,3127.3931672228364,2211.2403100775673
Hold,2023-10-27 14:00:00,67.68,3091.7611679468014,Hold,3091.7611679468537,2186.0465116279547
Hold,2023-10-27 15:00:00,67.89,3101.354398521104,Hold,3101.354398521157,2192.8294573643893
Hold,2023-10-27 16:00:00,67.02,3061.611014713277,Hold,3061.6110147133295,2164.72868217059
Hold,2023-10-27 17:00:00,66.35,3031.004040976215,Hold,3031.0040409762664,2143.0878552972044
Hold,2023-10-27 18:00:00,66.21,3024.6085539266796,Hold,3024.608553926731,2138.5658914729147
Hold,2023-10-27 19:00:00,66.5,3037.8563485292893,Hold,3037.8563485293407,2147.9328165375146
Hold,2023-10-27 20:00:00,66.62,3043.338194571748,Hold,3043.3381945717992,2151.8087855297626
Hold,2023-10-27 21:00:00,66.69,3046.5359380965156,Hold,3046.535938096567,2154.069767441907
Hold,2023-10-27 22:00:00,66.6,3042.4245535646714,Hold,3042.424553564723,2151.162790697721
Hold,2023-10-27 23:00:00,66.99,3060.240553202663,Hold,3060.2405532027146,2163.7596899225273
Hold,2023-10-28 00:00:00,67.6,3088.1066039184952,Hold,3088.1066039185475,2183.4625322997886
Hold,2023-10-28 01:00:00,67.64,3089.9338859326485,Hold,3089.9338859327013,2184.754521963872
Hold,2023-10-28 02:00:00,67.81,3097.6998344927983,Hold,3097.699834492851,2190.2454780362236
Hold,2023-10-28 03:00:00,67.97,3105.00896254941,Hold,3105.0089625494634,2195.4134366925546
Hold,2023-10-28 04:00:00,68.2,3115.5158341307897,Hold,3115.515834130843,2202.84237726103
Hold,2023-10-28 05:00:00,67.91,3102.268039528181,Hold,3102.268039528234,2193.47545219643
Hold,2023-10-28 06:00:00,67.93,3103.181680535258,Hold,3103.1816805353114,2194.1214470284717
Hold,2023-10-28 07:00:00,67.98,3105.4657830529486,Hold,3105.4657830530027,2195.736434108575
Hold,2023-10-28 08:00:00,67.99,3105.9226035564866,Hold,3105.9226035565403,2196.0594315245953
Hold,2023-10-28 09:00:00,67.91,3102.268039528181,Hold,3102.2680395282346,2193.47545219643
Hold,2023-10-28 10:00:00,67.91,3102.268039528181,Hold,3102.2680395282346,2193.47545219643
Hold,2023-10-28 11:00:00,67.99,3105.9226035564866,Hold,3105.9226035565403,2196.0594315245953
Hold,2023-10-28 12:00:00,67.7,3092.674808953878,Hold,3092.6748089539315,2186.6925064599955
Hold,2023-10-28 13:00:00,68.05,3108.663526577716,Hold,3108.66352657777,2197.997416020719
Hold,2023-10-28 14:00:00,67.94,3103.6385010387953,Hold,3103.638501038849,2194.444444444491
Hold,2023-10-28 15:00:00,68.1,3110.947629095407,Hold,3110.9476290954613,2199.612403100822
Hold,2023-10-28 16:00:00,68.3,3120.084039166172,Hold,3120.0840391662264,2206.072351421236
Hold,2023-10-28 17:00:00,68.24,3117.343116144942,Hold,3117.3431161449967,2204.134366925112
Hold,2023-10-28 18:00:00,68.04,3108.2067060741783,Hold,3108.206706074233,2197.6744186046985
Hold,2023-10-28 19:00:00,67.68,3091.7611679468014,Hold,3091.761167946856,2186.0465116279543
Hold,2023-10-28 20:00:00,67.82,3098.1566549963363,Hold,3098.156654996391,2190.5684754522435
Hold,2023-10-28 21:00:00,67.99,3105.9226035564866,Hold,3105.9226035565407,2196.0594315245953
Hold,2023-10-28 22:00:00,67.84,3099.070296003413,Hold,3099.0702960034673,2191.214470284285
Hold,2023-10-28 23:00:00,67.73,3094.0452704644927,Hold,3094.045270464547,2187.661498708058
Hold,2023-10-29 00:00:00,67.75,3094.9589114715686,Hold,3094.9589114716227,2188.307493540099
Hold,2023-10-29 01:00:00,67.37,3077.599732337116,Hold,3077.5997323371703,2176.0335917313137
Hold,2023-10-29 02:00:00,67.48,3082.6247578760363,Hold,3082.6247578760904,2179.586563307541
Hold,2023-10-29 03:00:00,67.28,3073.488347805272,Hold,3073.488347805326,2173.126614987127
Hold,2023-10-29 04:00:00,67.39,3078.5133733441926,Hold,3078.5133733442467,2176.6795865633544
Hold,2023-10-29 05:00:00,67.4,3078.9701938477306,Hold,3078.9701938477847,2177.002583979375
Hold,2023-10-29 06:00:00,67.5,3083.538398883113,Hold,3083.5383988831672,2180.232558139581
Hold,2023-10-29 07:00:00,67.68,3091.7611679468014,Hold,3091.7611679468555,2186.046511627954
Hold,2023-10-29 08:00:00,68.0,3106.3794240600246,Hold,3106.3794240600787,2196.3824289406157
Hold,2023-10-29 09:00:00,67.94,3103.6385010387953,Hold,3103.638501038849,2194.444444444491
Hold,2023-10-29 10:00:00,67.82,3098.1566549963363,Hold,3098.15665499639,2190.568475452243
Hold,2023-10-29 11:00:00,67.92,3102.724860031719,Hold,3102.7248600317726,2193.79844961245
Hold,2023-10-29 12:00:00,68.53,3130.590910747552,Hold,3130.590910747606,2213.5012919897113
Hold,2023-10-29 13:00:00,68.23,3116.8862956414046,Hold,3116.8862956414587,2203.8113695090915
Hold,2023-10-29 14:00:00,68.71,3138.8136798112396,Hold,3138.813679811294,2219.3152454780834
Hold,2023-10-29 15:00:00,68.88,3146.57962837139,Hold,3146.5796283714444,2224.806201550435
Hold,2023-10-29 16:00:00,68.61,3134.2454747758575,Hold,3134.245474775912,2216.0852713178765
Hold,2023-10-29 17:00:00,68.85,3145.209166860775,Hold,3145.2091668608296,2223.8372093023727
Hold,2023-10-29 18:00:00,68.94,3149.3205513926196,Hold,3149.3205513926746,2226.744186046559
Hold,2023-10-29 19:00:00,68.78,3142.0114233360073,Hold,3142.0114233360623,2221.5762273902287
Hold,2023-10-29 20:00:00,68.97,3150.691012903234,Hold,3150.691012903289,2227.7131782946212
Hold,2023-10-29 21:00:00,68.65,3136.0727567900108,Hold,3136.0727567900653,2217.37726098196
Hold,2023-10-29 22:00:00,69.12,3157.543320456308,Hold,3157.543320456363,2232.558139534932
Hold,2023-10-29 23:00:00,68.79,3142.468243839546,Hold,3142.468243839601,2221.899224806249
Hold,2023-10-30 00:00:00,68.86,3145.6659873643134,Hold,3145.665987364368,2224.160206718394
Hold,2023-10-30 01:00:00,68.78,3142.0114233360073,Hold,3142.011423336062,2221.5762273902287
Hold,2023-10-30 02:00:00,68.42,3125.5658852086312,Hold,3125.5658852086854,2209.9483204134845
Hold,2023-10-30 03:00:00,68.2,3115.5158341307897,Hold,3115.515834130844,2202.8423772610295
Hold,2023-10-30 04:00:00,68.39,3124.1954236980164,Hold,3124.1954236980705,2208.979328165422
Hold,2023-10-30 05:00:00,67.99,3105.9226035564866,Hold,3105.9226035565403,2196.059431524595
Hold,2023-10-30 06:00:00,68.18,3114.6021931237137,Hold,3114.6021931237674,2202.196382428988
Hold,2023-10-30 07:00:00,68.18,3114.6021931237137,Hold,3114.6021931237674,2202.196382428988
Hold,2023-10-30 08:00:00,68.7,3138.3568593077016,Hold,3138.3568593077557,2218.992248062063
Hold,2023-10-30 09:00:00,68.9,3147.4932693784667,Hold,3147.493269378521,2225.452196382477
Hold,2023-10-30 10:00:00,69.13,3158.000140959846,Hold,3158.0001409599,2232.8811369509517
Hold,2023-10-30 11:00:00,69.3,3165.7660895199956,Hold,3165.76608952005,2238.3720930233035
Hold,2023-10-30 12:00:00,68.86,3145.6659873643134,Hold,3145.6659873643675,2224.1602067183935
Hold,2023-10-30 13:00:00,69.02,3152.9751154209252,Hold,3152.9751154209794,2229.3281653747244
Hold,2023-10-30 14:00:00,69.25,3163.481987002305,Hold,3163.4819870023593,2236.7571059432
Hold,2023-10-30 15:00:00,69.55,3177.1866021084516,Hold,3177.1866021085066,2246.4470284238205
Hold,2023-10-30 16:00:00,69.26,3163.938807505843,Hold,3163.9388075058982,2237.080103359221
Hold,2023-10-30 17:00:00,68.91,3147.9500898820047,Hold,3147.9500898820593,2225.7751937984967
Hold,2023-10-30 18:00:00,68.77,3141.5546028324693,Hold,3141.5546028325234,2221.253229974207
Hold,2023-10-30 19:00:00,69.05,3154.34557693154,Hold,3154.3455769315947,2230.297157622786
Hold,2023-10-30 20:00:00,69.0,3152.061474413849,Hold,3152.0614744139034,2228.682170542683
Hold,2023-10-30 21:00:00,69.27,3164.3956280093807,Hold,3164.3956280094353,2237.403100775241
Hold,2023-10-30 22:00:00,69.05,3154.34557693154,Hold,3154.3455769315947,2230.297157622786
Hold,2023-10-30 23:00:00,69.21,3161.6547049881515,Hold,3161.654704988206,2235.465116279117
Hold,2023-10-31 00:00:00,69.53,3176.2729611013756,Hold,3176.27296110143,2245.801033591779
Hold,2023-10-31 01:00:00,69.34,3167.5933715341494,Hold,3167.5933715342035,2239.6640826873863
Hold,2023-10-31 02:00:00,69.09,3156.172858945693,Hold,3156.1728589457466,2231.589147286869
Hold,2023-10-31 03:00:00,68.76,3141.0977823289313,Hold,3141.097782328985,2220.9302325581866
Hold,2023-10-31 04:00:00,68.87,3146.122807867852,Hold,3146.1228078679055,2224.483204134414
Hold,2023-10-31 05:00:00,69.08,3155.7160384421545,Hold,3155.716038442208,2231.266149870848
Hold,2023-10-31 06:00:00,68.88,3146.57962837139,Hold,3146.579628371443,2224.8062015504343
Hold,2023-10-31 07:00:00,68.55,3131.5045517546278,Hold,3131.50455175468,2214.1472868217515
Hold,2023-10-31 08:00:00,69.55,3177.1866021084516,Hold,3177.1866021085048,2246.4470284238196
Hold,2023-10-31 09:00:00,70.12,3203.2253708101316,Hold,3203.2253708101853,2264.857881136998
Hold,2023-10-31 10:00:00,69.58,3178.5570636190664,Hold,3178.5570636191196,2247.4160206718816
Hold,2023-10-31 11:00:00,69.99,3197.286704264134,Hold,3197.286704264188,2260.658914728729
Hold,2023-10-31 12:00:00,69.44,3172.161576569531,Hold,3172.161576569584,2242.894056847592
Hold,2023-10-31 13:00:00,69.48,3173.9888585836848,Hold,3173.988858583738,2244.1860465116747
Hold,2023-10-31 14:00:00,69.79,3188.15029419337,Hold,3188.1502941934236,2254.1989664083158
Hold,2023-10-31 15:00:00,68.48,3128.306808229861,Hold,3128.3068082299137,2211.8863049096067
Hold,2023-10-31 16:00:00,68.89,3147.036448874928,Hold,3147.036448874981,2225.129198966454
Hold,2023-10-31 17:00:00,68.66,3136.5295772935488,Hold,3136.529577293602,2217.700258397979
Hold,2023-10-31 18:00:00,68.65,3136.0727567900108,Hold,3136.0727567900644,2217.377260981958
Hold,2023-10-31 19:00:00,68.41,3125.1090647050924,Hold,3125.109064705146,2209.625322997462
Hold,2023-10-31 20:00:00,68.83,3144.295525853699,Hold,3144.295525853753,2223.19121447033
Hold,2023-10-31 21:00:00,68.46,3127.3931672227836,Hold,3127.3931672228373,2211.240310077565
Hold,2023-10-31 22:00:00,68.73,3139.7273208183165,Hold,3139.7273208183706,2219.9612403101237
Hold,2023-10-31 23:00:00,68.89,3147.036448874928,Hold,3147.0364488749824,2225.1291989664546
Hold,2023-11-01 00:00:00,68.79,3142.468243839546,Hold,3142.4682438396007,2221.899224806248
Hold,2023-11-01 01:00:00,68.7,3138.3568593077016,Hold,3138.356859307756,2218.992248062062
Hold,2023-11-01 02:00:00,68.45,3126.936346719246,Hold,3126.9363467193,2210.9173126615456
Hold,2023-11-01 03:00:00,68.28,3119.170398159096,Hold,3119.1703981591495,2205.426356589194
Hold,2023-11-01 04:00:00,68.19,3115.0590136272513,Hold,3115.0590136273045,2202.5193798450077
Hold,2023-11-01 05:00:00,67.5,3083.538398883113,Hold,3083.538398883166,2180.2325581395808
Hold,2023-11-01 06:00:00,67.85,3099.527116506951,Hold,3099.527116507005,2191.5374677003047
Hold,2023-11-01 07:00:00,68.06,3109.1203470812543,Hold,3109.120347081308,2198.320413436739
Hold,2023-11-01 08:00:00,68.03,3107.7498855706394,Hold,3107.749885570693,2197.351421188677
Hold,2023-11-01 09:00:00,68.27,3118.713577655557,Hold,3118.7135776556115,2205.103359173173
Hold,2023-11-01 10:00:00,67.71,3093.131629457416,Hold,3093.13162945747,2187.015503876015
Hold,2023-11-01 11:00:00,68.0,3106.3794240600246,Hold,3106.3794240600787,2196.382428940615
Hold,2023-11-01 12:00:00,68.39,3124.1954236980164,Hold,3124.1954236980705,2208.979328165422
Hold,2023-11-01 13:00:00,67.75,3094.9589114715686,Hold,3094.9589114716227,2188.307493540098
Hold,2023-11-01 14:00:00,66.84,3053.3882456495894,Hold,3053.388245649643,2158.9147286822167
Hold,2023-11-01 15:00:00,66.81,3052.0177841389745,Hold,3052.017784139028,2157.9457364341542
Hold,2023-11-01 16:00:00,67.09,3064.8087582380454,Hold,3064.808758238099,2166.9896640827333
Hold,2023-11-01 17:00:00,67.33,3075.772450322963,Hold,3075.772450323017,2174.7416020672295
Hold,2023-11-01 18:00:00,68.15,3113.231731613099,Hold,3113.231731613154,2201.2273901809253
Hold,2023-11-01 19:00:00,68.42,3125.5658852086312,Hold,3125.5658852086863,2209.9483204134835
Hold,2023-11-01 20:00:00,69.83,3189.977576207523,Hold,3189.9775762075787,2255.490956072399
Hold,2023-11-01 21:00:00,70.23,3208.250396349052,Hold,3208.2503963491085,2268.410852713226
Hold,2023-11-01 22:00:00,69.88,3192.2616787252136,Hold,3192.26167872527,2257.105943152502
Hold,2023-11-01 23:00:00,69.97,3196.373063257058,Hold,3196.373063257115,2260.0129198966883
Hold,2023-11-02 00:00:00,70.09,3201.8549092995167,Hold,3201.8549092995736,2263.8888888889364
Hold,2023-11-02 01:00:00,69.94,3195.0026017464434,Hold,3195.0026017464997,2259.043927648626
Hold,2023-11-02 02:00:00,70.24,3208.70721685259,Hold,3208.707216852647,2268.733850129246
Hold,2023-11-02 03:00:00,70.33,3212.8186013844343,Hold,3212.818601384491,2271.6408268734326
Hold,2023-11-02 04:00:00,69.99,3197.286704264134,Hold,3197.2867042641906,2260.6589147287295
Hold,2023-11-02 05:00:00,70.01,3198.200345271211,Hold,3198.200345271268,2261.304909560771
Hold,2023-11-02 06:00:00,69.82,3189.520755703984,Hold,3189.5207557040408,2255.1679586563773
Hold,2023-11-02 07:00:00,69.81,3189.063935200446,Hold,3189.0639352005023,2254.8449612403574
Hold,2023-11-02 08:00:00,69.8,3188.607114696908,Hold,3188.6071146969643,2254.5219638243366
Hold,2023-11-02 09:00:00,70.13,3203.6821913136696,Hold,3203.682191313727,2265.1808785530193
Hold,2023-11-02 10:00:00,70.05,3200.027627285364,Hold,3200.027627285421,2262.596899224854
Hold,2023-11-02 11:00:00,70.17,3205.509473327823,Hold,3205.50947332788,2266.472868217102
Hold,2023-11-02 12:00:00,70.3,3211.4481398738194,Hold,3211.448139873877,2270.6718346253706
Hold,2023-11-02 13:00:00,69.99,3197.286704264134,Hold,3197.286704264192,2260.6589147287295
Hold,2023-11-02 14:00:00,69.7,3184.038909661526,Hold,3184.038909661583,2251.29198966413
Hold,2023-11-02 15:00:00,68.59,3133.331833768781,Hold,3133.3318337688374,2215.439276485835
Hold,2023-11-02 16:00:00,68.34,3121.911321180325,Hold,3121.911321180382,2207.3643410853183
Hold,2023-11-02 17:00:00,68.97,3150.691012903234,Hold,3150.6910129032913,2227.713178294621
Hold,2023-11-02 18:00:00,69.12,3157.543320456308,Hold,3157.543320456365,2232.5581395349313
Hold,2023-11-02 19:00:00,69.52,3175.816140597837,Hold,3175.816140597895,2245.4780361757585
Hold,2023-11-02 20:00:00,69.25,3163.481987002305,Hold,3163.481987002362,2236.7571059432003
Hold,2023-11-02 21:00:00,69.3,3165.7660895199956,Hold,3165.766089520053,2238.372093023304
Hold,2023-11-02 22:00:00,69.18,3160.2842434775375,Hold,3160.284243477595,2234.4961240310563
Hold,2023-11-02 23:00:00,69.43,3171.7047560659935,Hold,3171.704756066051,2242.571059431573
Hold,2023-11-03 00:00:00,68.63,3135.159115782934,Hold,3135.1591157829907,2216.7312661499177
Hold,2023-11-03 01:00:00,68.23,3116.8862956414046,Hold,3116.8862956414605,2203.8113695090915
Hold,2023-11-03 02:00:00,68.73,3139.7273208183165,Hold,3139.727320818373,2219.961240310125
Hold,2023-11-03 03:00:00,68.74,3140.1841413218544,Hold,3140.184141321911,2220.2842377261454
Hold,2023-11-03 04:00:00,68.66,3136.5295772935488,Hold,3136.5295772936047,2217.7002583979797
Hold,2023-11-03 05:00:00,69.29,3165.309269016458,Hold,3165.3092690165145,2238.0490956072827
Hold,2023-11-03 06:00:00,69.01,3152.5182949173873,Hold,3152.5182949174437,2229.0051679587036
Hold,2023-11-03 07:00:00,69.01,3152.5182949173873,Hold,3152.5182949174437,2229.0051679587036
Hold,2023-11-03 08:00:00,68.99,3151.6046539103104,Hold,3151.604653910367,2228.359173126662
Hold,2023-11-03 09:00:00,68.32,3120.997680173248,Hold,3120.9976801733037,2206.7183462532766
Hold,2023-11-03 10:00:00,68.47,3127.849987726322,Hold,3127.8499877263775,2211.5633074935868
Hold,2023-11-03 11:00:00,68.61,3134.2454747758575,Hold,3134.2454747759134,2216.0852713178765
Hold,2023-11-03 12:00:00,68.76,3141.0977823289313,Hold,3141.097782328987,2220.930232558187
Hold,2023-11-03 13:00:00,69.14,3158.4569614633842,Hold,3158.4569614634397,2233.2041343669725
Hold,2023-11-03 14:00:00,69.09,3156.172858945693,Hold,3156.1728589457484,2231.589147286869
Hold,2023-11-03 15:00:00,69.3,3165.7660895199956,Hold,3165.7660895200515,2238.372093023303
Hold,2023-11-03 16:00:00,69.13,3158.000140959846,Hold,3158.0001409599013,2232.8811369509513
Hold,2023-11-03 17:00:00,68.77,3141.5546028324693,Hold,3141.5546028325243,2221.253229974207
Hold,2023-11-03 18:00:00,68.9,3147.4932693784667,Hold,3147.4932693785217,2225.452196382477
Hold,2023-11-03 19:00:00,69.01,3152.5182949173873,Hold,3152.5182949174423,2229.005167958704
Hold,2023-11-03 20:00:00,69.38,3169.4206535483013,Hold,3169.4206535483568,2240.956072351469
Hold,2023-11-03 21:00:00,69.25,3163.481987002305,Hold,3163.4819870023603,2236.7571059432003
Hold,2023-11-03 22:00:00,69.48,3173.9888585836848,Hold,3173.9888585837407,2244.1860465116765
Hold,2023-11-03 23:00:00,69.45,3172.61839707307,Hold,3172.6183970731254,2243.2170542636145
Hold,2023-11-04 00:00:00,69.26,3163.938807505843,Hold,3163.9388075058987,2237.080103359222
Hold,2023-11-04 01:00:00,69.61,3179.9275251296813,Hold,3179.9275251297368,2248.3850129199454
Hold,2023-11-04 02:00:00,69.45,3172.61839707307,Hold,3172.6183970731254,2243.2170542636145
Hold,2023-11-04 03:00:00,69.67,3182.668448150911,Hold,3182.6684481509665,2250.3229974160695
Hold,2023-11-04 04:00:00,69.31,3166.2229100235345,Hold,3166.2229100235895,2238.695090439325
Hold,2023-11-04 05:00:00,69.54,3176.7297816049136,Hold,3176.7297816049686,2246.1240310078006
Hold,2023-11-04 06:00:00,69.55,3177.1866021084516,Hold,3177.1866021085066,2246.4470284238214
Hold,2023-11-04 07:00:00,69.41,3170.791115058916,Hold,3170.791115058971,2241.925064599532
Hold,2023-11-04 08:00:00,69.65,3181.7548071438346,Hold,3181.75480714389,2249.6770025840287
Hold,2023-11-04 09:00:00,69.64,3181.297986640296,Hold,3181.297986640352,2249.354005168008
Hold,2023-11-04 10:00:00,69.58,3178.5570636190664,Hold,3178.557063619122,2247.416020671884
Hold,2023-11-04 11:00:00,69.58,3178.5570636190664,Hold,3178.557063619122,2247.416020671884
Hold,2023-11-04 12:00:00,69.7,3184.038909661526,Hold,3184.038909661582,2251.291989664132
Hold,2023-11-04 13:00:00,69.36,3168.5070125412253,Hold,3168.507012541281,2240.3100775194293
Hold,2023-11-04 14:00:00,69.22,3162.11152549169,Hold,3162.1115254917454,2235.7881136951396
Hold,2023-11-04 15:00:00,69.06,3154.802397435078,Hold,3154.8023974351336,2230.6201550388087
Hold,2023-11-04 16:00:00,69.19,3160.741063981075,Hold,3160.741063981131,2234.819121447077
Hold,2023-11-04 17:00:00,68.93,3148.8637308890816,Hold,3148.863730889137,2226.4211886305397
Hold,2023-11-04 18:00:00,69.11,3157.0864999527694,Hold,3157.086499952825,2232.2351421189114
Hold,2023-11-04 19:00:00,68.97,3150.691012903234,Hold,3150.69101290329,2227.713178294622
Hold,2023-11-04 20:00:00,69.01,3152.5182949173873,Hold,3152.518294917443,2229.0051679587054
Hold,2023-11-04 21:00:00,69.31,3166.2229100235345,Hold,3166.22291002359,2238.6950904393257
Hold,2023-11-04 22:00:00,69.84,3190.434396711061,Hold,3190.434396711117,2255.8139534884217
Hold,2023-11-04 23:00:00,70.41,3216.47316541274,Hold,3216.4731654127963,2274.2248062016006
Hold,2023-11-05 00:00:00,70.18,3205.9662938313613,Hold,3205.966293831418,2266.795865633125
Hold,2023-11-05 01:00:00,70.32,3212.3617808808963,Hold,3212.361780880953,2271.3178294574136
Hold,2023-11-05 02:00:00,70.41,3216.47316541274,Hold,3216.473165412797,2274.2248062016
Hold,2023-11-05 03:00:00,71.39,3261.241574759488,Hold,3261.2415747595455,2305.8785529716265
Hold,2023-11-05 04:00:00,71.28,3256.2165492205672,Hold,3256.216549220625,2302.3255813953992
Hold,2023-11-05 05:00:00,71.04,3245.2528571356497,Hold,3245.2528571357066,2294.573643410903
Hold,2023-11-05 06:00:00,70.88,3237.9437290790374,Hold,3237.9437290790943,2289.4056847545717
Hold,2023-11-05 07:00:00,71.4,3261.6983952630267,Hold,3261.698395263084,2306.2015503876473
Hold,2023-11-05 08:00:00,70.99,3242.968754617958,Hold,3242.968754618015,2292.958656330799
Hold,2023-11-05 09:00:00,71.19,3252.105164688723,Hold,3252.1051646887804,2299.4186046512127
Hold,2023-11-05 10:00:00,71.48,3265.3529592913324,Hold,3265.3529592913897,2308.7855297158126
Hold,2023-11-05 11:00:00,71.45,3263.9824977807175,Hold,3263.982497780775,2307.81653746775
Hold,2023-11-05 12:00:00,71.57,3269.464343823176,Hold,3269.464343823234,2311.692506459998
Hold,2023-11-05 13:00:00,70.54,3222.4118319587383,Hold,3222.4118319587947,2278.4237726098686
Hold,2023-11-05 14:00:00,70.57,3223.7822934693518,Hold,3223.782293469408,2279.39276485793
Hold,2023-11-05 15:00:00,70.44,3217.843626923355,Hold,3217.843626923411,2275.1937984496612
Hold,2023-11-05 16:00:00,70.94,3240.684652100267,Hold,3240.684652100324,2291.3436692506953
Hold,2023-11-05 17:00:00,71.58,3269.9211643267145,Hold,3269.9211643267713,2312.0155038760186
Hold,2023-11-05 18:00:00,71.85,3282.2553179222464,Hold,3282.255317922303,2320.7364341085768
Hold,2023-11-05 19:00:00,71.81,3280.428035908094,Hold,3280.428035908151,2319.4444444444944
Hold,2023-11-05 20:00:00,71.49,3265.8097797948703,Hold,3265.8097797949267,2309.1085271318325
Hold,2023-11-05 21:00:00,71.7,3275.4030103691734,Hold,3275.4030103692303,2315.8914728682676
Hold,2023-11-05 22:00:00,71.44,3263.525677277179,Hold,3263.5256772772354,2307.4935400517297
Hold,2023-11-05 23:00:00,71.6,3270.8348053337904,Hold,3270.834805333847,2312.66149870806
Hold,2023-11-06 00:00:00,72.27,3301.441779070853,Hold,3301.4417790709103,2334.3023255814455
Hold,2023-11-06 01:00:00,71.71,3275.859830872711,Hold,3275.859830872768,2316.214470284287
Hold,2023-11-06 02:00:00,71.86,3282.7121384257853,Hold,3282.7121384258426,2321.0594315245976
Hold,2023-11-06 03:00:00,71.71,3275.859830872711,Hold,3275.859830872768,2316.214470284287
Hold,2023-11-06 04:00:00,71.35,3259.414292745335,Hold,3259.4142927453913,2304.5865633075427
Hold,2023-11-06 05:00:00,71.17,3251.1915236816467,Hold,3251.1915236817026,2298.7726098191706
Hold,2023-11-06 06:00:00,71.24,3254.3892672064144,Hold,3254.3892672064703,2301.0335917313155
Hold,2023-11-06 07:00:00,71.89,3284.0825999364,Hold,3284.082599936456,2322.02842377266
Hold,2023-11-06 08:00:00,71.93,3285.909881950553,Hold,3285.9098819506094,2323.3204134367434
Hold,2023-11-06 09:00:00,72.47,3310.5781891416177,Hold,3310.5781891416746,2340.7622739018598
Hold,2023-11-06 10:00:00,72.73,3322.455522233612,Hold,3322.455522233669,2349.1602067183976
Hold,2023-11-06 11:00:00,72.71,3321.5418812265348,Hold,3321.5418812265916,2348.514211886356
Hold,2023-11-06 12:00:00,72.65,3318.8009582053064,Hold,3318.8009582053633,2346.5762273902324
Hold,2023-11-06 13:00:00,72.53,3313.319112162847,Hold,3313.319112162904,2342.700258397984
Hold,2023-11-06 14:00:00,73.45,3355.346598488365,Hold,3355.346598488423,2372.416020671886
Hold,2023-11-06 15:00:00,73.68,3365.853470069745,Hold,3365.853470069803,2379.844961240362
Hold,2023-11-06 16:00:00,73.9,3375.903521147586,Hold,3375.903521147644,2386.9509043928165
Hold,2023-11-06 17:00:00,73.6,3362.1989060414385,Hold,3362.198906041496,2377.260981912196
Hold,2023-11-06 18:00:00,73.7,3366.767111076821,Hold,3366.767111076879,2380.490956072403
Hold,2023-11-06 19:00:00,74.2,3389.6081362537334,Hold,3389.608136253791,2396.6408268734367
Hold,2023-11-06 20:00:00,74.32,3395.0899822961915,Hold,3395.0899822962497,2400.5167958656843
Hold,2023-11-06 21:00:00,74.62,3408.794597402339,Hold,3408.7945974023974,2410.206718346305
Hold,2023-11-06 22:00:00,74.9,3421.58557150141,Hold,3421.5855715014686,2419.2506459948845
Hold,2023-11-06 23:00:00,74.46,3401.485469345727,Hold,3401.485469345785,2405.038759689974
Hold,2023-11-07 00:00:00,73.72,3367.6807520838975,Hold,3367.680752083955,2381.1369509044443
Hold,2023-11-07 01:00:00,73.59,3361.7420855379005,Hold,3361.7420855379582,2376.9379844961754
Hold,2023-11-07 02:00:00,72.65,3318.8009582053064,Hold,3318.8009582053633,2346.576227390232
Hold,2023-11-07 03:00:00,73.18,3343.0124448928327,Hold,3343.0124448928905,2363.695090439328
Hold,2023-11-07 04:00:00,73.11,3339.814701368065,Hold,3339.8147013681223,2361.4341085271826
Hold,2023-11-07 05:00:00,73.46,3355.803418991903,Hold,3355.8034189919604,2372.7390180879065
Hold,2023-11-07 06:00:00,73.46,3355.803418991903,Hold,3355.8034189919604,2372.7390180879065
Hold,2023-11-07 07:00:00,73.41,3353.5193164742122,Hold,3353.5193164742695,2371.124031007803
Hold,2023-11-07 08:00:00,74.13,3386.4103927289652,Hold,3386.4103927290234,2394.379844961292
Hold,2023-11-07 09:00:00,72.9,3330.221470793762,Hold,3330.2214707938188,2354.6511627907485
Hold,2023-11-07 10:00:00,72.58,3315.6032146805383,Hold,3315.603214680595,2344.315245478086
Hold,2023-11-07 11:00:00,72.76,3323.825983744227,Hold,3323.8259837442843,2350.1291989664587
Hold,2023-11-07 12:00:00,72.91,3330.6782912973,Hold,3330.678291297357,2354.974160206769
Hold,2023-11-07 13:00:00,72.74,3322.9123427371496,Hold,3322.912342737207,2349.483204134417
Hold,2023-11-07 14:00:00,72.8,3325.6532657583793,Hold,3325.653265758436,2351.421188630541
Hold,2023-11-07 15:00:00,71.91,3284.996240943476,Hold,3284.9962409435325,2322.674418604701
Hold,2023-11-07 16:00:00,71.7,3275.4030103691734,Hold,3275.4030103692294,2315.891472868267
Hold,2023-11-07 17:00:00,72.66,3319.257778708844,Hold,3319.2577787089003,2346.899224806252
Hold,2023-11-07 18:00:00,73.29,3348.0374704317537,Hold,3348.0374704318106,2367.2480620155548
Hold,2023-11-07 19:00:00,73.64,3364.026188055592,Hold,3364.0261880556486,2378.552971576278
Hold,2023-11-07 20:00:00,74.03,3381.842187693583,Hold,3381.8421876936404,2391.1498708010845
Hold,2023-11-07 21:00:00,73.84,3373.162598126357,Hold,3373.1625981264137,2385.012919896692
Hold,2023-11-07 22:00:00,73.29,3348.0374704317537,Hold,3348.03747043181,2367.2480620155543
Hold,2023-11-07 23:00:00,73.41,3353.5193164742122,Hold,3353.519316474269,2371.124031007802
Hold,2023-11-08 00:00:00,73.34,3350.3215729494445,Hold,3350.3215729495014,2368.8630490956575
Hold,2023-11-08 01:00:00,73.19,3343.4692653963707,Hold,3343.469265396427,2364.018087855347
Hold,2023-11-08 02:00:00,73.15,3341.6419833822183,Hold,3341.6419833822747,2362.7260981912646
Hold,2023-11-08 03:00:00,72.87,3328.8510092831475,Hold,3328.851009283204,2353.682170542686
Hold,2023-11-08 04:00:00,73.07,3337.9874193539117,Hold,3337.987419353968,2360.1421188630993
Hold,2023-11-08 05:00:00,72.68,3320.1714197159213,Hold,3320.171419715977,2347.545219638293
Hold,2023-11-08 06:00:00,72.65,3318.8009582053064,Hold,3318.800958205363,2346.576227390231
Hold,2023-11-08 07:00:00,73.63,3363.5693675520533,Hold,3363.56936755211,2378.229974160257
Hold,2023-11-08 08:00:00,73.57,3360.8284445308236,Hold,3360.8284445308805,2376.291989664133
Hold,2023-11-08 09:00:00,73.88,3374.989880140509,Hold,3374.9898801405657,2386.3049095607744
Hold,2023-11-08 10:00:00,73.69,3366.3102905732826,Hold,3366.310290573339,2380.1679586563814
Hold,2023-11-08 11:00:00,73.44,3354.889777984827,Hold,3354.889777984883,2372.0930232558644
Hold,2023-11-08 12:00:00,73.44,3354.889777984827,Hold,3354.889777984883,2372.0930232558644
Hold,2023-11-08 13:00:00,73.63,3363.5693675520533,Hold,3363.5693675521097,2378.229974160257
Hold,2023-11-08 14:00:00,73.29,3348.0374704317537,Hold,3348.03747043181,2367.248062015554
Hold,2023-11-08 15:00:00,73.2,3343.926085899909,Hold,3343.9260858999655,2364.341085271368
Hold,2023-11-08 16:00:00,73.68,3365.853470069745,Hold,3365.853470069802,2379.8449612403606
Hold,2023-11-08 17:00:00,73.5,3357.6307010060564,Hold,3357.630701006113,2374.031007751988
Hold,2023-11-08 18:00:00,73.86,3374.076239133433,Hold,3374.07623913349,2385.6589147287327
Hold,2023-11-08 19:00:00,73.85,3373.6194186298944,Hold,3373.6194186299517,2385.335917312712
Hold,2023-11-08 20:00:00,73.62,3363.1125470485154,Hold,3363.112547048572,2377.9069767442365
Hold,2023-11-08 21:00:00,73.46,3355.803418991903,Hold,3355.80341899196,2372.739018087905
Hold,2023-11-08 22:00:00,73.4,3353.0624959706743,Hold,3353.0624959707316,2370.8010335917816
Hold,2023-11-08 23:00:00,73.07,3337.9874193539117,Hold,3337.987419353969,2360.142118863099
Hold,2023-11-09 00:00:00,73.47,3356.2602394954415,Hold,3356.260239495499,2373.062015503926
Hold,2023-11-09 01:00:00,73.89,3375.4467006440477,Hold,3375.446700644105,2386.6279069767947
Hold,2023-11-09 02:00:00,74.48,3402.3991103528037,Hold,3402.399110352862,2405.684754522015
Hold,2023-11-09 03:00:00,74.43,3400.115007835113,Hold,3400.115007835171,2404.0697674419116
Hold,2023-11-09 04:00:00,74.65,3410.165058912954,Hold,3410.1650589130127,2411.1757105943666
Hold,2023-11-09 05:00:00,74.09,3384.583110714813,Hold,3384.583110714871,2393.087855297208
Hold,2023-11-09 06:00:00,74.82,3417.931007473104,Hold,3417.931007473163,2416.666666666717
Hold,2023-11-09 07:00:00,74.35,3396.4604438068063,Hold,3396.460443806865,2401.4857881137455
Hold,2023-11-09 08:00:00,74.69,3411.9923409271064,Hold,3411.992340927165,2412.467700258449
Hold,2023-11-09 09:00:00,75.13,3432.092443082789,Hold,3432.0924430828477,2426.679586563359
Hold,2023-11-09 10:00:00,74.56,3406.0536743811094,Hold,3406.0536743811676,2408.26873385018
Hold,2023-11-09 11:00:00,74.42,3399.658187331574,Hold,3399.6581873316327,2403.746770025891
Hold,2023-11-09 12:00:00,74.39,3398.2877258209596,Hold,3398.2877258210183,2402.7777777778288
Hold,2023-11-09 13:00:00,74.83,3418.387827976642,Hold,3418.3878279767005,2416.9896640827383
Hold,2023-11-09 14:00:00,76.02,3472.7494678976923,Hold,3472.749467897752,2455.4263565891993
Hold,2023-11-09 15:00:00,74.71,3412.9059819341833,Hold,3412.905981934242,2413.11369509049
Hold,2023-11-09 16:00:00,71.0,3243.425575121497,Hold,3243.4255751215524,2293.2816537468184
Hold,2023-11-09 17:00:00,71.58,3269.9211643267145,Hold,3269.9211643267704,2312.0155038760176
Hold,2023-11-09 18:00:00,70.9,3238.8573700861143,Hold,3238.85737008617,2290.0516795866115
Hold,2023-11-09 19:00:00,71.17,3251.1915236816467,Hold,3251.191523681702,2298.7726098191692
Hold,2023-11-09 20:00:00,70.89,3238.4005495825763,Hold,3238.400549582632,2289.72868217059
Hold,2023-11-09 21:00:00,71.34,3258.957472241797,Hold,3258.9574722418524,2304.2635658915215
Hold,2023-11-09 22:00:00,72.28,3301.898599574391,Hold,3301.898599574447,2334.625322997465
Hold,2023-11-09 23:00:00,73.83,3372.705777622818,Hold,3372.705777622875,2384.6899224806702
Hold,2023-11-10 00:00:00,73.55,3359.9148035237477,Hold,3359.914803523804,2375.645994832091
Hold,2023-11-10 01:00:00,74.24,3391.435418267886,Hold,3391.4354182679426,2397.9328165375186
Hold,2023-11-10 02:00:00,74.59,3407.4241358917243,Hold,3407.424135891781,2409.2377260982425
Hold,2023-11-10 03:00:00,73.69,3366.3102905732826,Hold,3366.3102905733385,2380.167958656381
Hold,2023-11-10 04:00:00,73.95,3378.1876236652774,Hold,3378.187623665334,2388.565891472919
Hold,2023-11-10 05:00:00,74.02,3381.3853671900447,Hold,3381.385367190101,2390.8268733850637
Hold,2023-11-10 06:00:00,73.39,3352.6056754671354,Hold,3352.6056754671918,2370.4780361757607
Hold,2023-11-10 07:00:00,72.94,3332.0487528079148,Hold,3332.048752807971,2355.9431524548304
Hold,2023-11-10 08:00:00,72.68,3320.1714197159213,Hold,3320.171419715977,2347.545219638293
Hold,2023-11-10 09:00:00,72.93,3331.5919323043768,Hold,3331.591932304433,2355.6201550388105
Hold,2023-11-10 10:00:00,73.36,3351.235213956521,Hold,3351.2352139565774,2369.509043927699
Hold,2023-11-10 11:00:00,73.25,3346.2101884176004,Hold,3346.210188417657,2365.9560723514714
Hold,2023-11-10 12:00:00,72.83,3327.023727268994,Hold,3327.0237272690506,2352.390180878603
Hold,2023-11-10 13:00:00,71.61,3271.2916258373293,Hold,3271.2916258373843,2312.98449612408
Hold,2023-11-10 14:00:00,71.84,3281.798497418709,Hold,3281.798497418764,2320.4134366925564
Hold,2023-11-10 15:00:00,71.94,3286.366702454091,Hold,3286.366702454146,2323.643410852763
Hold,2023-11-10 16:00:00,72.08,3292.7621895036264,Hold,3292.7621895036814,2328.165374677052
Hold,2023-11-10 17:00:00,72.4,3307.3804456168505,Hold,3307.3804456169055,2338.501291989714
Hold,2023-11-10 18:00:00,72.98,3333.8760348220685,Hold,3333.8760348221235,2357.2351421189132
Hold,2023-11-10 19:00:00,72.63,3317.887317198229,Hold,3317.8873171982837,2345.9302325581893
Hold,2023-11-10 20:00:00,72.93,3331.5919323043768,Hold,3331.5919323044313,2355.6201550388105
Hold,2023-11-10 21:00:00,73.15,3341.6419833822183,Hold,3341.6419833822724,2362.726098191265
Hold,2023-11-10 22:00:00,73.38,3352.1488549635974,Hold,3352.1488549636515,2370.1550387597404
Hold,2023-11-10 23:00:00,73.28,3347.580649928215,Hold,3347.580649928269,2366.9250645995335
Hold,2023-11-11 00:00:00,73.23,3345.296547410524,Hold,3345.2965474105777,2365.31007751943
Hold,2023-11-11 01:00:00,72.44,3309.207727631003,Hold,3309.2077276310556,2339.793281653796
Hold,2023-11-11 02:00:00,72.66,3319.257778708844,Hold,3319.2577787088967,2346.8992248062505
Hold,2023-11-11 03:00:00,72.1,3293.675830510703,Hold,3293.675830510755,2328.8113695090924
Hold,2023-11-11 04:00:00,71.72,3276.31665137625,Hold,3276.3166513763017,2316.537467700307
Hold,2023-11-11 05:00:00,72.45,3309.6645481345413,Hold,3309.664548134594,2340.1162790698163
Hold,2023-11-11 06:00:00,72.39,3306.9236251133116,Hold,3306.923625113364,2338.1782945736923
Hold,2023-11-11 07:00:00,72.37,3306.0099841062356,Hold,3306.009984106288,2337.532299741651
Hold,2023-11-11 08:00:00,73.19,3343.4692653963707,Hold,3343.4692653964235,2364.018087855347
Hold,2023-11-11 09:00:00,73.63,3363.5693675520533,Hold,3363.569367552106,2378.2299741602565
Hold,2023-11-11 10:00:00,73.63,3363.5693675520533,Hold,3363.569367552106,2378.2299741602565
Hold,2023-11-11 11:00:00,74.06,3383.212649204198,Hold,3383.212649204251,2392.1188630491465
Hold,2023-11-11 12:00:00,74.23,3390.978597764348,Hold,3390.9785977644005,2397.609819121498
Hold,2023-11-11 13:00:00,75.42,3445.3402376853983,Hold,3445.340237685452,2436.0465116279584
Hold,2023-11-11 14:00:00,74.89,3421.1287509978715,Hold,3421.128750997925,2418.9276485788623
Hold,2023-11-11 15:00:00,74.49,3402.8559308563417,Hold,3402.855930856395,2406.0077519380347
Hold,2023-11-11 16:00:00,74.8,3417.017366466027,Hold,3417.0173664660806,2416.020671834676
Hold,2023-11-11 17:00:00,74.84,3418.8446484801807,Hold,3418.844648480234,2417.312661498759
Hold,2023-11-11 18:00:00,74.67,3411.0786999200304,Hold,3411.0786999200836,2411.821705426408
Hold,2023-11-11 19:00:00,75.11,3431.1788020757126,Hold,3431.1788020757663,2426.0335917313178
Hold,2023-11-11 20:00:00,75.83,3464.0698783304656,Hold,3464.0698783305197,2449.289405684806
Hold,2023-11-11 21:00:00,74.95,3423.8696740191012,Hold,3423.8696740191544,2420.8656330749864
Hold,2023-11-11 22:00:00,75.07,3429.3515200615593,Hold,3429.3515200616125,2424.7416020672345
Hold,2023-11-11 23:00:00,75.26,3438.0311096287865,Hold,3438.0311096288397,2430.8785529716274
Hold,2023-11-12 00:00:00,73.22,3344.8397269069856,Hold,3344.8397269070374,2364.987080103409
Hold,2023-11-12 01:00:00,73.87,3374.5330596369713,Hold,3374.533059637023,2385.981912144753
Hold,2023-11-12 02:00:00,73.51,3358.087521509595,Hold,3358.087521509646,2374.354005168009
Hold,2023-11-12 03:00:00,74.59,3407.4241358917243,Hold,3407.4241358917766,2409.237726098242
Hold,2023-11-12 04:00:00,74.43,3400.115007835113,Hold,3400.115007835165,2404.069767441911
Hold,2023-11-12 05:00:00,74.75,3414.733263948336,Hold,3414.733263948389,2414.4056847545726
Hold,2023-11-12 06:00:00,74.91,3422.0423920049475,Hold,3422.0423920050007,2419.573643410903
Hold,2023-11-12 07:00:00,75.62,3454.476647756163,Hold,3454.4766477562166,2442.5064599483712
Hold,2023-11-12 08:00:00,75.74,3459.958493798622,Hold,3459.958493798676,2446.3824289406193
Hold,2023-11-12 09:00:00,75.51,3449.4516222172424,Hold,3449.4516222172965,2438.9534883721444
Take-Profit,2023-11-12 10:00:00,76.6,3499.2450571029103,TP 20.0% hit,3499.245057102966,2474.1602067183976
Buy,2023-11-26 11:00:00,70.83,3499.2450571029103,Sinal: Compra,3499.245057102966,2287.790697674466
Hold,2023-11-26 12:00:00,70.88,3494.715299938571,Hold,3494.7152999386267,2289.4056847545694
Hold,2023-11-26 13:00:00,70.8,3490.7709260108754,Hold,3490.7709260109305,2286.821705426404
Hold,2023-11-26 14:00:00,70.23,3462.6672617760423,Hold,3462.667261776097,2268.4108527132257
Hold,2023-11-26 15:00:00,70.23,3462.6672617760423,Hold,3462.667261776097,2268.4108527132257
Hold,2023-11-26 16:00:00,69.54,3428.647036649665,Hold,3428.647036649719,2246.124031007799
Hold,2023-11-26 17:00:00,69.77,3439.9871116917902,Hold,3439.9871116918443,2253.552971576274
Hold,2023-11-26 18:00:00,69.64,3433.577504059285,Hold,3433.577504059339,2249.3540051680056
Hold,2023-11-26 19:00:00,69.68,3435.549691023133,Hold,3435.5496910231873,2250.6459948320885
Hold,2023-11-26 20:00:00,70.07,3454.77851392065,Hold,3454.778513920704,2263.2428940568943
Hold,2023-11-26 21:00:00,70.11,3456.750700884498,Hold,3456.7507008845523,2264.534883720977
Hold,2023-11-26 22:00:00,70.22,3462.17421503508,Hold,3462.174215035134,2268.0878552972044
Hold,2023-11-26 23:00:00,70.03,3452.8063269568024,Hold,3452.806326956856,2261.950904392812
Hold,2023-11-27 00:00:00,70.44,3473.021243336244,Hold,3473.0212433362985,2275.1937984496594
Hold,2023-11-27 01:00:00,69.98,3450.3410932519923,Hold,3450.3410932520464,2260.3359173127083
Hold,2023-11-27 02:00:00,69.5,3426.6748496858168,Hold,3426.674849685871,2244.832041343716
Hold,2023-11-27 03:00:00,69.43,3423.2235224990836,Hold,3423.2235224991377,2242.571059431571
Hold,2023-11-27 04:00:00,69.72,3437.5218779869806,Hold,3437.5218779870347,2251.937984496171
Hold,2023-11-27 05:00:00,69.75,3439.0010182098667,Hold,3439.0010182099213,2252.9069767442325
Hold,2023-11-27 06:00:00,69.71,3437.0288312460184,Hold,3437.028831246073,2251.6149870801496
Hold,2023-11-27 07:00:00,69.73,3438.014924727943,Hold,3438.0149247279974,2252.2609819121913
Hold,2023-11-27 08:00:00,69.59,3431.1122703544747,Hold,3431.1122703545293,2247.7390180879015
Hold,2023-11-27 09:00:00,69.53,3428.153989908703,Hold,3428.153989908757,2245.8010335917775
Hold,2023-11-27 10:00:00,68.77,3390.6824375955916,Hold,3390.682437595645,2221.2532299742056
Hold,2023-11-27 11:00:00,68.62,3383.2867364811623,Hold,3383.2867364812155,2216.408268733896
Hold,2023-11-27 12:00:00,68.74,3389.2032973727055,Hold,3389.203297372759,2220.2842377261436
Hold,2023-11-27 13:00:00,68.89,3396.5989984871358,Hold,3396.59899848719,2225.1291989664537
Hold,2023-11-27 14:00:00,68.39,3371.9466614390362,Hold,3371.94666143909,2208.97932816542
Hold,2023-11-27 15:00:00,68.36,3370.46752121615,Hold,3370.467521216204,2208.0103359173577
Hold,2023-11-27 16:00:00,68.93,3398.571185450984,Hold,3398.571185451039,2226.4211886305366
Hold,2023-11-27 17:00:00,68.62,3383.2867364811623,Hold,3383.286736481217,2216.4082687338955
Hold,2023-11-27 18:00:00,68.61,3382.7936897402,Hold,3382.7936897402546,2216.0852713178747
Hold,2023-11-27 19:00:00,68.4,3372.4397081799984,Hold,3372.439708180053,2209.3023255814405
Hold,2023-11-27 20:00:00,68.31,3368.0022875113405,Hold,3368.0022875113946,2206.3953488372545
Hold,2023-11-27 21:00:00,68.85,3394.6268115232874,Hold,3394.626811523342,2223.837209302371
Hold,2023-11-27 22:00:00,69.01,3402.51555937868,Hold,3402.5155593787345,2229.0051679587023
Hold,2023-11-27 23:00:00,69.22,3412.8695409388815,Hold,3412.8695409389366,2235.788113695137
Hold,2023-11-28 00:00:00,69.25,3414.3486811617677,Hold,3414.3486811618227,2236.7571059431984
Hold,2023-11-28 01:00:00,68.95,3399.557278932908,Hold,3399.557278932963,2227.067183462578
Hold,2023-11-28 02:00:00,68.9,3397.092045228098,Hold,3397.092045228153,2225.452196382475
Hold,2023-11-28 03:00:00,68.79,3391.668531077516,Hold,3391.668531077571,2221.8992248062473
Hold,2023-11-28 04:00:00,68.68,3386.2450169269346,Hold,3386.245016926989,2218.34625323002
Hold,2023-11-28 05:00:00,68.14,3359.6204929149867,Hold,3359.620492915041,2200.904392764903
Hold,2023-11-28 06:00:00,68.33,3368.9883809932644,Hold,3368.9883809933185,2207.041343669296
Hold,2023-11-28 07:00:00,68.22,3363.5648668426825,Hold,3363.5648668427366,2203.4883720930684
Hold,2023-11-28 08:00:00,68.11,3358.1413526921006,Hold,3358.141352692154,2199.935400516841
Hold,2023-11-28 09:00:00,68.94,3399.064232191946,Hold,3399.064232192,2226.7441860465574
Hold,2023-11-28 10:00:00,68.93,3398.571185450984,Hold,3398.5711854510387,2226.4211886305366
Hold,2023-11-28 11:00:00,69.15,3409.418213752148,Hold,3409.4182137522025,2233.527131782991
Hold,2023-11-28 12:00:00,68.68,3386.2450169269346,Hold,3386.2450169269887,2218.3462532300196
Hold,2023-11-28 13:00:00,69.14,3408.9251670111857,Hold,3408.9251670112403,2233.2041343669707
Hold,2023-11-28 14:00:00,68.96,3400.0503256738693,Hold,3400.0503256739235,2227.390180878598
Hold,2023-11-28 15:00:00,69.03,3403.501652860604,Hold,3403.501652860658,2229.651162790743
Hold,2023-11-28 16:00:00,69.73,3438.014924727943,Hold,3438.014924727998,2252.260981912191
Hold,2023-11-28 17:00:00,70.03,3452.8063269568024,Hold,3452.8063269568574,2261.950904392811
Hold,2023-11-28 18:00:00,69.75,3439.0010182098667,Hold,3439.0010182099218,2252.906976744232
Hold,2023-11-28 19:00:00,69.9,3446.3967193242966,Hold,3446.3967193243516,2257.751937984542
Hold,2023-11-28 20:00:00,69.99,3450.834139992954,Hold,3450.834139993009,2260.658914728728
Hold,2023-11-28 21:00:00,69.72,3437.5218779869806,Hold,3437.521877987035,2251.93798449617
Hold,2023-11-28 22:00:00,69.6,3431.6053170954365,Hold,3431.605317095491,2248.0620155039214
Hold,2023-11-28 23:00:00,69.77,3439.9871116917902,Hold,3439.987111691845,2253.5529715762727
Hold,2023-11-29 00:00:00,69.91,3446.8897660652583,Hold,3446.889766065313,2258.0749354005625
Hold,2023-11-29 01:00:00,69.9,3446.3967193242966,Hold,3446.396719324351,2257.7519379845417
Hold,2023-11-29 02:00:00,69.65,3434.070550800247,Hold,3434.070550800301,2249.677002584025
Hold,2023-11-29 03:00:00,69.72,3437.5218779869806,Hold,3437.5218779870343,2251.9379844961695
Hold,2023-11-29 04:00:00,69.74,3438.507971468904,Hold,3438.507971468958,2252.5839793282107
Hold,2023-11-29 05:00:00,69.73,3438.014924727943,Hold,3438.014924727997,2252.26098191219
Hold,2023-11-29 06:00:00,70.07,3454.77851392065,Hold,3454.778513920704,2263.2428940568925
Hold,2023-11-29 07:00:00,69.96,3449.354999770068,Hold,3449.354999770122,2259.6899224806652
Hold,2023-11-29 08:00:00,70.3,3466.118588962776,Hold,3466.11858896283,2270.671834625368
Hold,2023-11-29 09:00:00,70.24,3463.160308517004,Hold,3463.1603085170577,2268.733850129244
Hold,2023-11-29 10:00:00,69.66,3434.5635975412083,Hold,3434.5635975412615,2250.000000000045
Hold,2023-11-29 11:00:00,69.8,3441.4662519146764,Hold,3441.466251914729,2254.5219638243343
Hold,2023-11-29 12:00:00,69.75,3439.0010182098667,Hold,3439.0010182099195,2252.9069767442306
Hold,2023-11-29 13:00:00,69.78,3440.4801584327524,Hold,3440.480158432805,2253.875968992293
Hold,2023-11-29 14:00:00,69.72,3437.5218779869806,Hold,3437.5218779870333,2251.937984496169
Hold,2023-11-29 15:00:00,69.61,3432.0983638363987,Hold,3432.098363836451,2248.3850129199413
Hold,2023-11-29 16:00:00,69.51,3427.167896426779,Hold,3427.1678964268312,2245.155038759735
Hold,2023-11-29 17:00:00,69.81,3441.9592986556386,Hold,3441.959298655691,2254.844961240355
Hold,2023-11-29 18:00:00,69.85,3443.931485619486,Hold,3443.9314856195383,2256.1369509044375
Hold,2023-11-29 19:00:00,69.83,3442.9453921375625,Hold,3442.945392137615,2255.4909560723963
Hold,2023-11-29 20:00:00,69.63,3433.0844573183226,Hold,3433.084457318375,2249.0310077519825
Hold,2023-11-29 21:00:00,69.87,3444.917579101411,Hold,3444.9175791014636,2256.782945736479
Hold,2023-11-29 22:00:00,69.94,3448.3689062881444,Hold,3448.368906288197,2259.043927648624
Hold,2023-11-29 23:00:00,70.0,3451.3271867339163,Hold,3451.327186733969,2260.9819121447476
Hold,2023-11-30 00:00:00,69.96,3449.354999770068,Hold,3449.354999770121,2259.6899224806652
Hold,2023-11-30 01:00:00,69.67,3435.0566442821705,Hold,3435.0566442822233,2250.3229974160654
Hold,2023-11-30 02:00:00,69.95,3448.8619530291066,Hold,3448.8619530291594,2259.3669250646444
Hold,2023-11-30 03:00:00,70.0,3451.3271867339163,Hold,3451.3271867339686,2260.9819121447476
Hold,2023-11-30 04:00:00,69.81,3441.9592986556386,Hold,3441.959298655691,2254.844961240355
Hold,2023-11-30 05:00:00,69.7,3436.5357845050567,Hold,3436.535784505109,2251.291989664128
Hold,2023-11-30 06:00:00,69.91,3446.8897660652583,Hold,3446.889766065311,2258.0749354005616
Hold,2023-11-30 07:00:00,69.6,3431.6053170954365,Hold,3431.6053170954888,2248.0620155039205
Hold,2023-11-30 08:00:00,69.35,3419.279148571387,Hold,3419.279148571439,2239.987080103403
Hold,2023-11-30 09:00:00,69.51,3427.167896426779,Hold,3427.1678964268303,2245.1550387597345
Hold,2023-11-30 10:00:00,69.47,3425.195709462931,Hold,3425.1957094629824,2243.8630490956516
Hold,2023-11-30 11:00:00,69.61,3432.0983638363987,Hold,3432.09836383645,2248.3850129199413
Hold,2023-11-30 12:00:00,69.67,3435.0566442821705,Hold,3435.0566442822224,2250.3229974160654
Hold,2023-11-30 13:00:00,69.43,3423.2235224990836,Hold,3423.223522499135,2242.571059431569
Hold,2023-11-30 14:00:00,69.35,3419.279148571387,Hold,3419.2791485714383,2239.9870801034035
Hold,2023-11-30 15:00:00,69.3,3416.8139148665773,Hold,3416.8139148666287,2238.3720930233003
Hold,2023-11-30 16:00:00,69.39,3421.2513355352353,Hold,3421.2513355352867,2241.2790697674864
Hold,2023-11-30 17:00:00,69.51,3427.167896426779,Hold,3427.1678964268303,2245.1550387597345
Hold,2023-11-30 18:00:00,69.42,3422.7304757581214,Hold,3422.730475758173,2242.2480620155484
Hold,2023-11-30 19:00:00,69.37,3420.265242053312,Hold,3420.265242053363,2240.633074935445
Hold,2023-11-30 20:00:00,69.3,3416.8139148665773,Hold,3416.8139148666287,2238.3720930233003
Hold,2023-11-30 21:00:00,69.4,3421.7443822761975,Hold,3421.744382276249,2241.602067183507
Hold,2023-11-30 22:00:00,69.39,3421.2513355352353,Hold,3421.2513355352867,2241.2790697674864
Hold,2023-11-30 23:00:00,69.42,3422.7304757581214,Hold,3422.7304757581724,2242.248062015549
Hold,2023-12-01 00:00:00,69.27,3415.334774643691,Hold,3415.334774643742,2237.4031007752383
Hold,2023-12-01 01:00:00,69.95,3448.8619530291066,Hold,3448.8619530291576,2259.3669250646444
Hold,2023-12-01 02:00:00,70.05,3453.792420438726,Hold,3453.7924204387773,2262.596899224851
Hold,2023-12-01 03:00:00,70.06,3454.2854671796886,Hold,3454.2854671797404,2262.9198966408717
Hold,2023-12-01 04:00:00,70.28,3465.132495480852,Hold,3465.1324954809033,2270.0258397933267
Hold,2023-12-01 05:00:00,70.12,3457.2437476254604,Hold,3457.243747625512,2264.8578811369957
Hold,2023-12-01 06:00:00,70.3,3466.118588962776,Hold,3466.1185889628273,2270.6718346253674
Hold,2023-12-01 07:00:00,70.39,3470.556009631434,Hold,3470.5560096314853,2273.578811369554
Hold,2023-12-01 08:00:00,70.29,3465.625542221814,Hold,3465.6255422218655,2270.348837209347
Hold,2023-12-01 09:00:00,71.3,3515.4232630589745,Hold,3515.4232630590263,2302.971576227435
Hold,2023-12-01 10:00:00,71.01,3501.1249075710775,Hold,3501.124907571129,2293.604651162836
Hold,2023-12-01 11:00:00,71.09,3505.0692814987733,Hold,3505.0692814988247,2296.1886304910013
Hold,2023-12-01 12:00:00,70.97,3499.152720607229,Hold,3499.1527206072806,2292.3126614987527
Hold,2023-12-01 13:00:00,71.47,3523.8050576553283,Hold,3523.8050576553806,2308.4625322997863
Hold,2023-12-01 14:00:00,71.33,3516.9024032818606,Hold,3516.902403281913,2303.9405684754965
Hold,2023-12-01 15:00:00,71.38,3519.3676369866703,Hold,3519.3676369867226,2305.5555555555998
Hold,2023-12-01 16:00:00,72.17,3558.3183295226677,Hold,3558.31832952272,2331.0723514212336
Hold,2023-12-01 17:00:00,72.08,3553.8809088540097,Hold,3553.880908854062,2328.1653746770476
Hold,2023-12-01 18:00:00,71.72,3536.1312261793782,Hold,3536.1312261794305,2316.5374677003033
Hold,2023-12-01 19:00:00,71.67,3533.665992474568,Hold,3533.6659924746205,2314.9224806201996
Hold,2023-12-01 20:00:00,71.58,3529.22857180591,Hold,3529.2285718059625,2312.0155038760136
Hold,2023-12-01 21:00:00,71.53,3526.7633381011005,Hold,3526.763338101153,2310.40051679591
Hold,2023-12-01 22:00:00,71.41,3520.8467772095564,Hold,3520.8467772096083,2306.524547803662
Hold,2023-12-01 23:00:00,71.57,3528.735525064948,Hold,3528.7355250650003,2311.6925064599927
Hold,2023-12-02 00:00:00,71.47,3523.8050576553283,Hold,3523.8050576553806,2308.4625322997863
Hold,2023-12-02 01:00:00,71.73,3536.6242729203404,Hold,3536.6242729203927,2316.860465116324
Hold,2023-12-02 02:00:00,71.9,3545.006067516694,Hold,3545.006067516747,2322.351421188676
Hold,2023-12-02 03:00:00,71.88,3544.01997403477,Hold,3544.0199740348226,2321.7054263566342
Hold,2023-12-02 04:00:00,71.88,3544.01997403477,Hold,3544.0199740348226,2321.7054263566342
Hold,2023-12-02 05:00:00,71.97,3548.457394703428,Hold,3548.457394703481,2324.6124031008203
Hold,2023-12-02 06:00:00,72.09,3554.373955594972,Hold,3554.373955595025,2328.4883720930684
Hold,2023-12-02 07:00:00,71.84,3542.0477870709224,Hold,3542.047787070975,2320.413436692552
Hold,2023-12-02 08:00:00,71.8,3540.075600107074,Hold,3540.075600107127,2319.121447028469
Hold,2023-12-02 09:00:00,71.92,3545.992160998618,Hold,3545.9921609986714,2322.9974160207175
Hold,2023-12-02 10:00:00,71.82,3541.061693588998,Hold,3541.061693589051,2319.76744186051
Hold,2023-12-02 11:00:00,71.62,3531.2007587697585,Hold,3531.2007587698117,2313.307493540097
Hold,2023-12-02 12:00:00,71.61,3530.7077120287963,Hold,3530.707712028849,2312.9844961240756
Hold,2023-12-02 13:00:00,71.67,3533.665992474568,Hold,3533.6659924746214,2314.9224806201996
Hold,2023-12-02 14:00:00,71.51,3525.7772446191766,Hold,3525.7772446192294,2309.7545219638687
Hold,2023-12-02 15:00:00,71.81,3540.568646848036,Hold,3540.568646848089,2319.444444444489
Hold,2023-12-02 16:00:00,71.64,3532.1868522516825,Hold,3532.186852251735,2313.9534883721376
Hold,2023-12-02 17:00:00,71.7,3535.1451326974543,Hold,3535.1451326975066,2315.891472868262
Hold,2023-12-02 18:00:00,71.88,3544.01997403477,Hold,3544.0199740348226,2321.7054263566342
Hold,2023-12-02 19:00:00,72.4,3569.6584045647937,Hold,3569.6584045648465,2338.50129198971
Hold,2023-12-02 20:00:00,72.45,3572.123638269604,Hold,3572.123638269657,2340.116279069813
Hold,2023-12-02 21:00:00,72.51,3575.0819187153757,Hold,3575.081918715429,2342.054263565937
Hold,2023-12-02 22:00:00,72.22,3560.7835632274778,Hold,3560.7835632275305,2332.6873385013373
Hold,2023-12-02 23:00:00,72.2,3559.797469745554,Hold,3559.7974697456066,2332.041343669296
Hold,2023-12-03 00:00:00,72.65,3581.9845730888437,Hold,3581.9845730888965,2346.576227390227
Hold,2023-12-03 01:00:00,72.56,3577.5471524201857,Hold,3577.5471524202385,2343.6692506460404
Hold,2023-12-03 02:00:00,72.19,3559.3044230045916,Hold,3559.3044230046444,2331.7183462532753
Hold,2023-12-03 03:00:00,71.91,3545.499114257656,Hold,3545.4991142577087,2322.6744186046963
Hold,2023-12-03 04:00:00,71.73,3536.6242729203404,Hold,3536.624272920393,2316.860465116324
Hold,2023-12-03 05:00:00,71.78,3539.08950662515,Hold,3539.0895066252024,2318.475452196428
Hold,2023-12-03 06:00:00,71.85,3542.5408338118837,Hold,3542.5408338119364,2320.736434108572
Hold,2023-12-03 07:00:00,71.98,3548.95044144439,Hold,3548.9504414444423,2324.9354005168416
Hold,2023-12-03 08:00:00,71.85,3542.5408338118837,Hold,3542.540833811936,2320.736434108572
Hold,2023-12-03 09:00:00,71.93,3546.4852077395803,Hold,3546.4852077396326,2323.320413436738
Hold,2023-12-03 10:00:00,72.52,3575.5749654563374,Hold,3575.5749654563906,2342.3772609819575
Hold,2023-12-03 11:00:00,72.35,3567.193170859983,Hold,3567.193170860036,2336.8863049096058
Hold,2023-12-03 12:00:00,71.74,3537.117319661302,Hold,3537.1173196613545,2317.1834625323445
Hold,2023-12-03 13:00:00,71.76,3538.1034131432266,Hold,3538.1034131432793,2317.829457364386
Hold,2023-12-03 14:00:00,71.44,3522.3259174324426,Hold,3522.3259174324953,2307.4935400517243
Hold,2023-12-03 15:00:00,71.73,3536.6242729203404,Hold,3536.6242729203937,2316.860465116324
Hold,2023-12-03 16:00:00,71.8,3540.075600107074,Hold,3540.0756001071272,2319.121447028469
Hold,2023-12-03 17:00:00,71.52,3526.2702913601383,Hold,3526.2702913601915,2310.07751937989
Hold,2023-12-03 18:00:00,71.56,3528.2424783239867,Hold,3528.2424783240394,2311.369509043973
Hold,2023-12-03 19:00:00,71.71,3535.638179438416,Hold,3535.6381794384693,2316.2144702842825
Hold,2023-12-03 20:00:00,71.71,3535.638179438416,Hold,3535.6381794384693,2316.2144702842825
Hold,2023-12-03 21:00:00,71.9,3545.006067516694,Hold,3545.0060675167474,2322.351421188676
Hold,2023-12-03 22:00:00,72.49,3574.0958252334513,Hold,3574.095825233505,2341.4082687338955
Hold,2023-12-03 23:00:00,72.31,3565.2209838961357,Hold,3565.220983896189,2335.594315245524
Hold,2023-12-04 00:00:00,72.75,3586.9150404984634,Hold,3586.9150404985166,2349.806201550434
Hold,2023-12-04 01:00:00,73.77,3637.2058080765855,Hold,3637.20580807664,2382.7519379845426
Hold,2023-12-04 02:00:00,73.72,3634.740574371776,Hold,3634.7405743718305,2381.1369509044393
Hold,2023-12-04 03:00:00,73.88,3642.6293222271674,Hold,3642.6293222272225,2386.3049095607703
Hold,2023-12-04 04:00:00,74.05,3651.0111168235217,Hold,3651.0111168235767,2391.7958656331216
Hold,2023-12-04 05:00:00,73.97,3647.0667428958254,Hold,3647.06674289588,2389.2118863049564
Hold,2023-12-04 06:00:00,73.84,3640.65713526332,Hold,3640.6571352633746,2385.012919896688
Hold,2023-12-04 07:00:00,73.56,3626.8518265163843,Hold,3626.851826516439,2375.968992248109
Hold,2023-12-04 08:00:00,74.08,3652.4902570464074,Hold,3652.490257046462,2392.7648578811845
Hold,2023-12-04 09:00:00,74.17,3656.927677715066,Hold,3656.9276777151204,2395.6718346253706
Hold,2023-12-04 10:00:00,74.66,3681.0869680222027,Hold,3681.086968022258,2411.498708010384
Hold,2023-12-04 11:00:00,73.57,3627.3448732573456,Hold,3627.3448732574,2376.2919896641297
Hold,2023-12-04 12:00:00,73.71,3634.2475276308137,Hold,3634.2475276308683,2380.8139534884185
Hold,2023-12-04 13:00:00,72.79,3588.8872274623113,Hold,3588.887227462365,2351.0981912145166
Hold,2023-12-04 14:00:00,72.75,3586.9150404984634,Hold,3586.9150404985166,2349.806201550434
Hold,2023-12-04 15:00:00,72.54,3576.561058938262,Hold,3576.561058938315,2343.0232558139996
Hold,2023-12-04 16:00:00,73.15,3606.636910136943,Hold,3606.6369101369964,2362.7260981912614
Hold,2023-12-04 17:00:00,72.82,3590.366367685197,Hold,3590.36636768525,2352.067183462578
Hold,2023-12-04 18:00:00,72.75,3586.9150404984634,Hold,3586.915040498516,2349.806201550434
Hold,2023-12-04 19:00:00,72.35,3567.193170859983,Hold,3567.193170860036,2336.886304909606
Hold,2023-12-04 20:00:00,72.02,3550.922628408238,Hold,3550.9226284082906,2326.227390180924
Hold,2023-12-04 21:00:00,72.21,3560.2905164865156,Hold,3560.2905164865683,2332.3643410853165
Hold,2023-12-04 22:00:00,72.29,3564.234890414212,Hold,3564.234890414265,2334.948320413482
Hold,2023-12-04 23:00:00,72.93,3595.7898818357794,Hold,3595.789881835833,2355.6201550388055
Hold,2023-12-05 00:00:00,73.52,3624.879639552536,Hold,3624.8796395525906,2374.677002584025
Hold,2023-12-05 01:00:00,72.7,3584.4498067936534,Hold,3584.449806793707,2348.1912144703297
Hold,2023-12-05 02:00:00,72.28,3563.7418436732496,Hold,3563.7418436733033,2334.6253229974614
Hold,2023-12-05 03:00:00,72.55,3577.0541056792235,Hold,3577.054105679277,2343.346253230019
Hold,2023-12-05 04:00:00,72.47,3573.1097317515273,Hold,3573.1097317515814,2340.762273901854
Hold,2023-12-05 05:00:00,72.64,3581.4915263478815,Hold,3581.4915263479356,2346.253229974205
Hold,2023-12-05 06:00:00,72.43,3571.13754478768,Hold,3571.137544787734,2339.4702842377715
Hold,2023-12-05 07:00:00,71.84,3542.0477870709224,Hold,3542.047787070976,2320.4134366925514
Hold,2023-12-05 08:00:00,71.94,3546.978254480542,Hold,3546.9782544805958,2323.6434108527583
Hold,2023-12-05 09:00:00,72.03,3551.4156751492,Hold,3551.4156751492537,2326.550387596944
Hold,2023-12-05 10:00:00,71.75,3537.6103664022644,Hold,3537.6103664023176,2317.506459948365
Hold,2023-12-05 11:00:00,71.92,3545.992160998618,Hold,3545.992160998672,2322.9974160207166
Hold,2023-12-05 12:00:00,71.98,3548.95044144439,Hold,3548.9504414444436,2324.9354005168407
Hold,2023-12-05 13:00:00,71.61,3530.7077120287963,Hold,3530.7077120288495,2312.984496124075
Hold,2023-12-05 14:00:00,72.05,3552.401768631124,Hold,3552.401768631178,2327.1963824289846
Hold,2023-12-05 15:00:00,72.36,3567.686217600946,Hold,3567.686217601,2337.209302325626
Hold,2023-12-05 16:00:00,72.54,3576.561058938262,Hold,3576.561058938316,2343.0232558139983
Hold,2023-12-05 17:00:00,73.4,3618.9630786609923,Hold,3618.9630786610464,2370.801033591776
Hold,2023-12-05 18:00:00,73.23,3610.5812840646386,Hold,3610.581284064693,2365.310077519425
Hold,2023-12-05 19:00:00,72.98,3598.255115540589,Hold,3598.255115540643,2357.2351421189073
Hold,2023-12-05 20:00:00,72.83,3590.859414426159,Hold,3590.8594144262133,2352.390180878597
Hold,2023-12-05 21:00:00,73.15,3606.636910136943,Hold,3606.636910136997,2362.726098191259
Hold,2023-12-05 22:00:00,73.21,3609.595190582714,Hold,3609.5951905827687,2364.6640826873827
Hold,2023-12-05 23:00:00,74.34,3665.3094723114195,Hold,3665.309472311475,2401.1627906977196
Hold,2023-12-06 00:00:00,74.3,3663.337285347571,Hold,3663.3372853476267,2399.870801033637
Hold,2023-12-06 01:00:00,73.69,3633.2614341488897,Hold,3633.2614341489448,2380.1679586563755
Hold,2023-12-06 02:00:00,73.26,3612.0604242875247,Hold,3612.0604242875793,2366.2790697674864
Hold,2023-12-06 03:00:00,73.42,3619.9491721429163,Hold,3619.949172142971,2371.447028423817
Hold,2023-12-06 04:00:00,73.48,3622.907452588688,Hold,3622.907452588743,2373.385012919941
Hold,2023-12-06 05:00:00,72.95,3596.7759753177033,Hold,3596.7759753177584,2356.266149870845
Hold,2023-12-06 06:00:00,73.4,3618.9630786609923,Hold,3618.9630786610473,2370.801033591775
Hold,2023-12-06 07:00:00,73.96,3646.5736961548632,Hold,3646.5736961549187,2388.888888888933
Hold,2023-12-06 08:00:00,74.39,3667.774706016229,Hold,3667.7747060162856,2402.777777777822
Hold,2023-12-06 09:00:00,73.96,3646.5736961548632,Hold,3646.573696154919,2388.888888888933
Hold,2023-12-06 10:00:00,74.32,3664.323378829495,Hold,3664.3233788295515,2400.516795865677
Hold,2023-12-06 11:00:00,73.48,3622.907452588688,Hold,3622.907452588744,2373.3850129199404
Hold,2023-12-06 12:00:00,73.75,3636.219714594662,Hold,3636.2197145947175,2382.105943152499
Hold,2023-12-06 13:00:00,73.43,3620.4422188838785,Hold,3620.442218883934,2371.7700258398377
Hold,2023-12-06 14:00:00,72.93,3595.7898818357794,Hold,3595.7898818358344,2355.6201550388037
Hold,2023-12-06 15:00:00,73.37,3617.4839384381066,Hold,3617.483938438162,2369.8320413437136
Hold,2023-12-06 16:00:00,73.61,3629.317060221194,Hold,3629.3170602212494,2377.5839793282094
Hold,2023-12-06 17:00:00,73.73,3635.233621112738,Hold,3635.2336211127936,2381.4599483204574
Hold,2023-12-06 18:00:00,73.82,3639.6710417813956,Hold,3639.671041781451,2384.366925064643
Hold,2023-12-06 19:00:00,73.87,3642.136275486206,Hold,3642.1362754862616,2385.981912144747
Hold,2023-12-06 20:00:00,73.17,3607.6230036188667,Hold,3607.6230036189213,2363.3720930233
Hold,2023-12-06 21:00:00,73.16,3607.129956877904,Hold,3607.1299568779586,2363.0490956072786
Hold,2023-12-06 22:00:00,72.79,3588.8872274623113,Hold,3588.887227462366,2351.098191214514
Hold,2023-12-06 23:00:00,72.41,3570.1514513057555,Hold,3570.1514513058096,2338.824289405728
Hold,2023-12-07 00:00:00,72.72,3585.4359002755773,Hold,3585.4359002756314,2348.837209302369
Hold,2023-12-07 01:00:00,72.56,3577.5471524201857,Hold,3577.5471524202394,2343.669250646038
Hold,2023-12-07 02:00:00,72.64,3581.4915263478815,Hold,3581.4915263479356,2346.253229974204
Hold,2023-12-07 03:00:00,72.88,3593.324648130969,Hold,3593.324648131023,2354.0051679586995
Hold,2023-12-07 04:00:00,74.07,3651.997210305445,Hold,3651.9972103055,2392.44186046516
Hold,2023-12-07 05:00:00,74.23,3659.8859581608376,Hold,3659.885958160893,2397.6098191214915
Hold,2023-12-07 06:00:00,73.66,3631.7822939260036,Hold,3631.7822939260586,2379.1989664083126
Hold,2023-12-07 07:00:00,73.9,3643.615415709092,Hold,3643.615415709147,2386.950904392809
Hold,2023-12-07 08:00:00,73.15,3606.636910136943,Hold,3606.636910136997,2362.7260981912586
Hold,2023-12-07 09:00:00,72.83,3590.859414426159,Hold,3590.8594144262133,2352.3901808785968
Hold,2023-12-07 10:00:00,72.69,3583.956760052691,Hold,3583.956760052745,2347.8682170543075
Hold,2023-12-07 11:00:00,72.82,3590.366367685197,Hold,3590.3663676852507,2352.067183462576
Hold,2023-12-07 12:00:00,73.3,3614.032611251372,Hold,3614.0326112514263,2367.5710594315683
Hold,2023-12-07 13:00:00,72.83,3590.859414426159,Hold,3590.859414426213,2352.3901808785968
Hold,2023-12-07 14:00:00,72.98,3598.255115540589,Hold,3598.2551155406427,2357.235142118907
Hold,2023-12-07 15:00:00,73.5,3623.893546070612,Hold,3623.893546070666,2374.031007751982
Hold,2023-12-07 16:00:00,74.27,3661.858145124685,Hold,3661.85814512474,2398.9018087855743
Hold,2023-12-07 17:00:00,74.42,3669.2538462391153,Hold,3669.2538462391703,2403.746770025885
Hold,2023-12-07 18:00:00,74.01,3649.0389298596738,Hold,3649.0389298597283,2390.503875969037
Hold,2023-12-07 19:00:00,73.56,3626.8518265163843,Hold,3626.8518265164385,2375.9689922481066
Hold,2023-12-07 20:00:00,73.6,3628.8240134802318,Hold,3628.8240134802854,2377.2609819121894
Hold,2023-12-07 21:00:00,74.19,3657.9137711969893,Hold,3657.9137711970434,2396.3178294574095
Hold,2023-12-07 22:00:00,73.95,3646.080649413902,Hold,3646.080649413956,2388.5658914729133
Hold,2023-12-07 23:00:00,74.02,3649.5319766006355,Hold,3649.5319766006896,2390.826873385058
Hold,2023-12-08 00:00:00,73.67,3632.2753406669663,Hold,3632.2753406670204,2379.5219638243348
Hold,2023-12-08 01:00:00,73.78,3637.6988548175477,Hold,3637.6988548176014,2383.074935400562
Hold,2023-12-08 02:00:00,74.15,3655.941584233142,Hold,3655.941584233196,2395.0258397933267
Hold,2023-12-08 03:00:00,74.49,3672.705173425849,Hold,3672.705173425903,2406.0077519380293
Hold,2023-12-08 04:00:00,74.59,3677.635640835469,Hold,3677.6356408355236,2409.2377260982366
Hold,2023-12-08 05:00:00,74.68,3682.0730615041275,Hold,3682.0730615041825,2412.144702842423
Hold,2023-12-08 06:00:00,74.71,3683.5522017270127,Hold,3683.552201727068,2413.1136950904847
Hold,2023-12-08 07:00:00,74.14,3655.4485374921796,Hold,3655.4485374922347,2394.7028423773063
Hold,2023-12-08 08:00:00,74.29,3662.8442386066095,Hold,3662.844238606664,2399.5478036176164
Hold,2023-12-08 09:00:00,74.3,3663.337285347571,Hold,3663.3372853476258,2399.8708010336372
Hold,2023-12-08 10:00:00,75.31,3713.135006184732,Hold,3713.135006184787,2432.4935400517256
Hold,2023-12-08 11:00:00,75.51,3722.995941003972,Hold,3722.995941004027,2438.953488372139
Hold,2023-12-08 12:00:00,75.6,3727.4333616726294,Hold,3727.4333616726844,2441.8604651163246
Hold,2023-12-08 13:00:00,75.79,3736.801249750908,Hold,3736.8012497509635,2447.997416020718
Hold,2023-12-08 14:00:00,76.15,3754.5509324255395,Hold,3754.5509324255954,2459.6253229974627
Hold,2023-12-08 15:00:00,76.0,3747.155231311109,Hold,3747.155231311165,2454.780361757152
Hold,2023-12-08 16:00:00,77.38,3815.195681563863,Hold,3815.1956815639196,2499.354005168006
Hold,2023-12-08 17:00:00,76.99,3795.9668586663456,Hold,3795.9668586664015,2486.7571059431993
Hold,2023-12-08 18:00:00,77.82,3836.889738166191,Hold,3836.8897381662473,2513.5658914729156
Hold,2023-12-08 19:00:00,77.86,3838.8619251300393,Hold,3838.861925130096,2514.857881136999
Hold,2023-12-08 20:00:00,78.2,3855.6255143227468,Hold,3855.6255143228036,2525.8397932817024
Hold,2023-12-08 21:00:00,77.75,3833.4384109794573,Hold,3833.438410979514,2511.304909560772
Hold,2023-12-08 22:00:00,77.39,3815.6887283048254,Hold,3815.688728304882,2499.677002584028
Hold,2023-12-08 23:00:00,78.5,3870.4169165516064,Hold,3870.4169165516637,2535.529715762323
Hold,2023-12-09 00:00:00,78.35,3863.0212154371766,Hold,3863.0212154372334,2530.684754522013
Hold,2023-12-09 01:00:00,77.97,3844.2854392806207,Hold,3844.2854392806776,2518.410852713227
Hold,2023-12-09 02:00:00,78.12,3851.681140395051,Hold,3851.6811403951074,2523.255813953537
Hold,2023-12-09 03:00:00,78.53,3871.896056774492,Hold,3871.896056774549,2536.4987080103847
Hold,2023-12-09 04:00:00,78.92,3891.1248796720097,Hold,3891.1248796720674,2549.0956072351914
Hold,2023-12-09 05:00:00,78.62,3876.33347744315,Hold,3876.3334774432074,2539.405684754571
Hold,2023-12-09 06:00:00,78.83,3886.6874590033517,Hold,3886.6874590034095,2546.1886304910054
Hold,2023-12-09 07:00:00,79.35,3912.325889533375,Hold,3912.325889533434,2562.9844961240806
Sell,2023-12-09 08:00:00,77.61,3826.5357566059893,Sinal: Venda,3826.5357566060466,2506.782945736483
Buy,2023-12-09 17:00:00,76.47,3826.5357566059893,Sinal: Compra,3826.5357566060466,2469.961240310125
Hold,2023-12-09 18:00:00,77.04,3847.3521231314535,Hold,3847.352123131511,2488.3720930233044
Hold,2023-12-09 19:00:00,76.94,3842.3581562011163,Hold,3842.3581562011736,2485.1421188630975
Hold,2023-12-09 20:00:00,76.89,3839.861172735948,Hold,3839.8611727360053,2483.527131782994
Hold,2023-12-09 21:00:00,77.12,3851.3472966757226,Hold,3851.34729667578,2490.95607235147
Hold,2023-12-09 22:00:00,77.22,3856.34126360606,Hold,3856.341263606117,2494.1860465116765
Hold,2023-12-09 23:00:00,76.32,3811.395561233028,Hold,3811.395561233084,2465.116279069816
Hold,2023-12-10 00:00:00,77.31,3860.8358338433627,Hold,3860.83583384342,2497.0930232558635
Hold,2023-12-10 01:00:00,77.43,3866.8285941597674,Hold,3866.8285941598247,2500.968992248112
Hold,2023-12-10 02:00:00,77.08,3849.349709903588,Hold,3849.3497099036454,2489.664082687388
Hold,2023-12-10 03:00:00,77.28,3859.3376437642614,Hold,3859.3376437643187,2496.124031007801
Hold,2023-12-10 04:00:00,77.84,3887.303858574148,Hold,3887.303858574205,2514.211886304959
Hold,2023-12-10 05:00:00,77.65,3877.8153214065082,Hold,3877.8153214065655,2508.0749354005666
Hold,2023-12-10 06:00:00,78.41,3915.7694700770667,Hold,3915.769470077125,2532.6227390181375
Hold,2023-12-10 07:00:00,78.27,3908.7779163745954,Hold,3908.7779163746536,2528.100775193848
Hold,2023-12-10 08:00:00,78.35,3912.7730899188646,Hold,3912.7730899189232,2530.6847545220135
Hold,2023-12-10 09:00:00,77.03,3846.8527264384197,Hold,3846.852726438477,2488.049095607284
Hold,2023-12-10 10:00:00,77.88,3889.301445346282,Hold,3889.30144534634,2515.5038759690415
Hold,2023-12-10 11:00:00,77.33,3861.8346272294298,Hold,3861.8346272294875,2497.7390180879042
Hold,2023-12-10 12:00:00,77.98,3894.295412276619,Hold,3894.2954122766773,2518.7338501292484
Hold,2023-12-10 13:00:00,78.37,3913.7718833049325,Hold,3913.7718833049917,2531.330749354055
Hold,2023-12-10 14:00:00,78.26,3908.2785196815626,Hold,3908.278519681621,2527.777777777828
Hold,2023-12-10 15:00:00,78.18,3904.283346137293,Hold,3904.283346137352,2525.1937984496626
Hold,2023-12-10 16:00:00,77.78,3884.3074784159453,Hold,3884.307478416004,2512.273901808835
Hold,2023-12-10 17:00:00,77.44,3867.3279908528,Hold,3867.3279908528584,2501.291989664132
Hold,2023-12-10 18:00:00,77.67,3878.8141147925753,Hold,3878.8141147926335,2508.720930232608
Hold,2023-12-10 19:00:00,77.84,3887.303858574148,Hold,3887.3038585742056,2514.21188630496
Hold,2023-12-10 20:00:00,78.17,3903.7839494442587,Hold,3903.7839494443174,2524.8708010336427
Hold,2023-12-10 21:00:00,77.16,3853.3448834478572,Hold,3853.3448834479145,2492.248062015554
Hold,2023-12-10 22:00:00,77.23,3856.8406602990935,Hold,3856.840660299151,2494.509043927699
Hold,2023-12-10 23:00:00,77.18,3854.3436768339247,Hold,3854.343676833982,2492.8940568475955
Hold,2023-12-11 00:00:00,77.07,3848.850313210554,Hold,3848.850313210611,2489.341085271368
Hold,2023-12-11 01:00:00,76.84,3837.36418927078,Hold,3837.364189270838,2481.912144702893
Hold,2023-12-11 02:00:00,73.36,3663.5741400950596,Hold,3663.574140095114,2369.5090439276964
Hold,2023-12-11 03:00:00,73.81,3686.0469912815756,Hold,3686.0469912816307,2384.043927648627
Hold,2023-12-11 04:00:00,73.54,3672.5632805696664,Hold,3672.563280569721,2375.322997416069
Hold,2023-12-11 05:00:00,73.67,3679.055437579104,Hold,3679.0554375791585,2379.5219638243375
Hold,2023-12-11 06:00:00,73.3,3660.5777599368575,Hold,3660.577759936912,2367.5710594315724
Hold,2023-12-11 07:00:00,73.12,3651.5886194622517,Hold,3651.5886194623063,2361.7571059432003
Hold,2023-12-11 08:00:00,73.15,3653.0868095413525,Hold,3653.0868095414066,2362.7260981912623
Hold,2023-12-11 09:00:00,73.49,3670.0662971044976,Hold,3670.066297104552,2373.708010335965
Hold,2023-12-11 10:00:00,73.32,3661.5765533229246,Hold,3661.576553322979,2368.2170542636136
Hold,2023-12-11 11:00:00,73.48,3669.5669004114643,Hold,3669.5669004115193,2373.3850129199445
Hold,2023-12-11 12:00:00,73.15,3653.0868095413525,Hold,3653.086809541407,2362.7260981912623
Hold,2023-12-11 13:00:00,72.84,3637.6055120573087,Hold,3637.6055120573633,2352.713178294621
Hold,2023-12-11 14:00:00,72.33,3612.136280712591,Hold,3612.136280712645,2336.2403100775664
Hold,2023-12-11 15:00:00,72.67,3629.115768275736,Hold,3629.1157682757907,2347.2222222222695
Hold,2023-12-11 16:00:00,73.62,3676.558454113936,Hold,3676.558454113991,2377.9069767442343
Hold,2023-12-11 17:00:00,73.64,3677.557247500003,Hold,3677.557247500058,2378.5529715762755
Hold,2023-12-11 18:00:00,72.46,3618.6284377220286,Hold,3618.6284377220827,2340.439276485835
Hold,2023-12-11 19:00:00,72.46,3618.6284377220286,Hold,3618.6284377220827,2340.439276485835
Hold,2023-12-11 20:00:00,72.52,3621.6248178802307,Hold,3621.624817880285,2342.377260981959
Hold,2023-12-11 21:00:00,72.03,3597.1543799215806,Hold,3597.1543799216347,2326.550387596946
Hold,2023-12-11 22:00:00,72.46,3618.6284377220286,Hold,3618.628437722083,2340.4392764858353
Hold,2023-12-11 23:00:00,72.67,3629.115768275736,Hold,3629.1157682757907,2347.2222222222704
Hold,2023-12-12 00:00:00,73.1,3650.5898260761837,Hold,3650.5898260762388,2361.111111111159
Hold,2023-12-12 01:00:00,73.25,3658.0807764716897,Hold,3658.0807764717447,2365.95607235147
Hold,2023-12-12 02:00:00,73.59,3675.0602640348347,Hold,3675.0602640348898,2376.937984496173
Hold,2023-12-12 03:00:00,73.12,3651.5886194622517,Hold,3651.5886194623063,2361.7571059432016
Hold,2023-12-12 04:00:00,72.73,3632.1121484339383,Hold,3632.1121484339924,2349.1602067183953
Hold,2023-12-12 05:00:00,72.72,3631.612751740904,Hold,3631.612751740958,2348.837209302374
Hold,2023-12-12 06:00:00,72.63,3627.118181503601,Hold,3627.118181503655,2345.930232558188
Hold,2023-12-12 07:00:00,73.27,3659.0795698577567,Hold,3659.0795698578104,2366.6020671835117
Hold,2023-12-12 08:00:00,73.33,3662.075950015959,Hold,3662.0759500160125,2368.5400516796353
Hold,2023-12-12 09:00:00,72.9,3640.601892215511,Hold,3640.601892215564,2354.6511627907466
Hold,2023-12-12 10:00:00,73.01,3646.0952558388817,Hold,3646.0952558389345,2358.2041343669744
Hold,2023-12-12 11:00:00,72.44,3617.6296443359615,Hold,3617.6296443360134,2339.793281653795
Hold,2023-12-12 12:00:00,72.79,3635.108528592141,Hold,3635.1085285921927,2351.0981912145194
Hold,2023-12-12 13:00:00,72.89,3640.102495522477,Hold,3640.102495522529,2354.328165374726
Hold,2023-12-12 14:00:00,72.37,3614.133867484726,Hold,3614.1338674847775,2337.5322997416506
Hold,2023-12-12 15:00:00,71.92,3591.6610162982106,Hold,3591.661016298262,2322.9974160207203
Hold,2023-12-12 16:00:00,72.43,3617.130247642928,Hold,3617.13024764298,2339.470284237775
Hold,2023-12-12 17:00:00,71.06,3548.712900697314,Hold,3548.7129006973646,2295.219638242942
Hold,2023-12-12 18:00:00,72.13,3602.1483468519173,Hold,3602.1483468519687,2329.7803617571544
Hold,2023-12-12 19:00:00,71.76,3583.670669209672,Hold,3583.6706692097227,2317.82945736439
Hold,2023-12-12 20:00:00,71.95,3593.1592063773114,Hold,3593.159206377363,2323.9664082687823
Hold,2023-12-12 21:00:00,71.43,3567.1905783395605,Hold,3567.1905783396114,2307.170542635707
Hold,2023-12-12 22:00:00,72.08,3599.651363386749,Hold,3599.6513633868,2328.165374677051
Hold,2023-12-12 23:00:00,72.37,3614.133867484726,Hold,3614.133867484777,2337.5322997416515
Hold,2023-12-13 00:00:00,72.35,3613.135074098658,Hold,3613.135074098709,2336.88630490961
Hold,2023-12-13 01:00:00,71.51,3571.18575188383,Hold,3571.18575188388,2309.7545219638732
Hold,2023-12-13 02:00:00,71.72,3581.673082437537,Hold,3581.6730824375873,2316.5374677003074
Hold,2023-12-13 03:00:00,71.12,3551.709280855516,Hold,3551.7092808555667,2297.1576227390665
Hold,2023-12-13 04:00:00,71.22,3556.7032477858525,Hold,3556.703247785903,2300.387596899273
Hold,2023-12-13 05:00:00,71.39,3565.1929915674255,Hold,3565.1929915674764,2305.8785529716247
Hold,2023-12-13 06:00:00,70.63,3527.2388428968657,Hold,3527.238842896916,2281.3307493540533
Hold,2023-12-13 07:00:00,71.44,3567.6899750325933,Hold,3567.6899750326443,2307.4935400517284
Hold,2023-12-13 08:00:00,71.74,3582.671875823604,Hold,3582.6718758236543,2317.1834625323486
Hold,2023-12-13 09:00:00,71.71,3581.173685744503,Hold,3581.1736857445535,2316.2144702842866
Hold,2023-12-13 10:00:00,71.53,3572.184545269897,Hold,3572.1845452699476,2310.4005167959144
Hold,2023-12-13 11:00:00,71.21,3556.2038510928187,Hold,3556.2038510928687,2300.064599483252
Hold,2023-12-13 12:00:00,71.63,3577.1785122002334,Hold,3577.1785122002834,2313.630490956121
Hold,2023-12-13 13:00:00,71.96,3593.6586030703447,Hold,3593.6586030703947,2324.289405684803
Hold,2023-12-13 14:00:00,71.87,3589.164032833042,Hold,3589.164032833092,2321.382428940617
Hold,2023-12-13 15:00:00,72.5,3620.6260244941636,Hold,3620.6260244942137,2341.7312661499195
Hold,2023-12-13 16:00:00,72.27,3609.1399005543885,Hold,3609.139900554438,2334.302325581444
Hold,2023-12-13 17:00:00,72.28,3609.6392972474227,Hold,3609.6392972474723,2334.6253229974645
Hold,2023-12-13 18:00:00,72.26,3608.6405038613557,Hold,3608.6405038614053,2333.9793281654233
Hold,2023-12-13 19:00:00,72.99,3645.0964624528137,Hold,3645.0964624528638,2357.5581395349327
Hold,2023-12-13 20:00:00,73.28,3659.5789665507905,Hold,3659.5789665508405,2366.925064599532
Hold,2023-12-13 21:00:00,73.41,3666.0711235602284,Hold,3666.0711235602785,2371.1240310078006
Hold,2023-12-13 22:00:00,73.25,3658.0807764716897,Hold,3658.0807764717397,2365.95607235147
Hold,2023-12-13 23:00:00,73.12,3651.5886194622517,Hold,3651.5886194623017,2361.757105943201
Hold,2023-12-14 00:00:00,73.04,3647.5934459179825,Hold,3647.5934459180326,2359.173126615036
Hold,2023-12-14 01:00:00,73.04,3647.5934459179825,Hold,3647.5934459180326,2359.173126615036
Hold,2023-12-14 02:00:00,72.97,3644.0976690667467,Hold,3644.0976690667967,2356.912144702891
Hold,2023-12-14 03:00:00,72.89,3640.102495522477,Hold,3640.1024955225266,2354.328165374726
Hold,2023-12-14 04:00:00,72.78,3634.6091318991066,Hold,3634.609131899156,2350.775193798498
Hold,2023-12-14 05:00:00,73.11,3651.089222769218,Hold,3651.0892227692675,2361.4341085271803
Hold,2023-12-14 06:00:00,73.3,3660.5777599368575,Hold,3660.5777599369076,2367.571059431573
Hold,2023-12-14 07:00:00,73.16,3653.5862062343863,Hold,3653.5862062344363,2363.049095607283
Hold,2023-12-14 08:00:00,73.43,3667.069916946296,Hold,3667.069916946346,2371.7700258398413
Hold,2023-12-14 09:00:00,73.48,3669.5669004114643,Hold,3669.5669004115143,2373.3850129199445
Hold,2023-12-14 10:00:00,73.69,3680.054230965171,Hold,3680.054230965221,2380.1679586563787
Hold,2023-12-14 11:00:00,74.01,3696.0349251422494,Hold,3696.0349251422995,2390.5038759690406
Hold,2023-12-14 12:00:00,73.87,3689.0433714397777,Hold,3689.043371439828,2385.981912144751
Hold,2023-12-14 13:00:00,72.72,3631.612751740904,Hold,3631.6127517409536,2348.8372093023727
Hold,2023-12-14 14:00:00,72.37,3614.133867484726,Hold,3614.1338674847752,2337.5322997416492
Hold,2023-12-14 15:00:00,71.85,3588.1652394469743,Hold,3588.165239447023,2320.7364341085736
Hold,2023-12-14 16:00:00,72.34,3612.6356774056253,Hold,3612.635677405675,2336.5633074935868
Hold,2023-12-14 17:00:00,72.69,3630.1145616618032,Hold,3630.1145616618523,2347.8682170543107
Hold,2023-12-14 18:00:00,72.41,3616.1314542568603,Hold,3616.1314542569094,2338.8242894057316
Hold,2023-12-14 19:00:00,72.66,3628.6163715827024,Hold,3628.6163715827515,2346.8992248062486
Hold,2023-12-14 20:00:00,72.64,3627.617578196635,Hold,3627.6175781966836,2346.2532299742074
Hold,2023-12-14 21:00:00,72.78,3634.6091318991066,Hold,3634.6091318991557,2350.7751937984967
Hold,2023-12-14 22:00:00,73.04,3647.5934459179825,Hold,3647.593445918032,2359.1731266150346
Hold,2023-12-14 23:00:00,72.93,3642.100082294612,Hold,3642.100082294661,2355.6201550388073
Hold,2023-12-15 00:00:00,72.37,3614.133867484726,Hold,3614.133867484775,2337.5322997416492
Hold,2023-12-15 01:00:00,72.48,3619.627231108096,Hold,3619.6272311081448,2341.0852713178765
Hold,2023-12-15 02:00:00,72.3,3610.63809063349,Hold,3610.6380906335385,2335.2713178295044
Hold,2023-12-15 03:00:00,72.57,3624.121801345399,Hold,3624.121801345448,2343.992248062063
Hold,2023-12-15 04:00:00,72.36,3613.6344707916924,Hold,3613.6344707917415,2337.209302325629
Hold,2023-12-15 05:00:00,71.87,3589.164032833042,Hold,3589.1640328330905,2321.382428940616
Hold,2023-12-15 06:00:00,71.95,3593.1592063773114,Hold,3593.15920637736,2323.9664082687814
Hold,2023-12-15 07:00:00,72.0,3595.6561898424798,Hold,3595.6561898425284,2325.581395348885
Hold,2023-12-15 08:00:00,72.14,3602.6477435449515,Hold,3602.6477435450006,2330.103359173175
Hold,2023-12-15 09:00:00,71.97,3594.1579997633785,Hold,3594.157999763427,2324.612403100823
Hold,2023-12-15 10:00:00,72.22,3606.6429170892206,Hold,3606.6429170892698,2332.68733850134
Hold,2023-12-15 11:00:00,72.03,3597.1543799215806,Hold,3597.1543799216292,2326.5503875969475
Hold,2023-12-15 12:00:00,71.64,3577.677908893267,Hold,3577.677908893316,2313.9534883721412
Hold,2023-12-15 13:00:00,71.74,3582.671875823604,Hold,3582.671875823652,2317.1834625323477
Hold,2023-12-15 14:00:00,71.51,3571.18575188383,Hold,3571.1857518838788,2309.7545219638723
Hold,2023-12-15 15:00:00,71.25,3558.2014378649537,Hold,3558.201437865002,2301.3565891473345
Hold,2023-12-15 16:00:00,71.29,3560.199024637089,Hold,3560.1990246371374,2302.6485788114173
Hold,2023-12-15 17:00:00,71.45,3568.1893717256276,Hold,3568.1893717256753,2307.8165374677483
Hold,2023-12-15 18:00:00,71.9,3590.6622229121435,Hold,3590.6622229121913,2322.3514211886795
Hold,2023-12-15 19:00:00,71.8,3585.668255981806,Hold,3585.6682559818537,2319.1214470284726
Hold,2023-12-15 20:00:00,71.95,3593.1592063773114,Hold,3593.1592063773596,2323.9664082687827
Hold,2023-12-15 21:00:00,71.81,3586.1676526748397,Hold,3586.1676526748874,2319.4444444444935
Hold,2023-12-15 22:00:00,71.25,3558.2014378649537,Hold,3558.201437865001,2301.3565891473354
Hold,2023-12-15 23:00:00,70.93,3542.2207436878766,Hold,3542.2207436879235,2291.020671834674
Hold,2023-12-16 00:00:00,71.47,3569.188165111695,Hold,3569.1881651117424,2308.462532299791
Hold,2023-12-16 01:00:00,71.53,3572.184545269897,Hold,3572.1845452699445,2310.400516795915
Hold,2023-12-16 02:00:00,71.81,3586.1676526748397,Hold,3586.1676526748865,2319.444444444494
Hold,2023-12-16 03:00:00,71.84,3587.665842753941,Hold,3587.6658427539883,2320.4134366925564
Hold,2023-12-16 04:00:00,71.96,3593.6586030703447,Hold,3593.6586030703925,2324.289405684804
Hold,2023-12-16 05:00:00,71.98,3594.6573964564127,Hold,3594.6573964564604,2324.935400516846
Hold,2023-12-16 06:00:00,71.94,3592.6598096842777,Hold,3592.6598096843254,2323.6434108527633
Hold,2023-12-16 07:00:00,72.17,3604.1459336240523,Hold,3604.1459336241,2331.0723514212395
Hold,2023-12-16 08:00:00,72.27,3609.1399005543885,Hold,3609.1399005544367,2334.302325581446
Hold,2023-12-16 09:00:00,72.42,3616.6308509498945,Hold,3616.630850949942,2339.1472868217566
Hold,2023-12-16 10:00:00,72.41,3616.1314542568603,Hold,3616.131454256908,2338.824289405736
Hold,2023-12-16 11:00:00,72.2,3605.6441237031536,Hold,3605.644123703201,2332.0413436693016
Hold,2023-12-16 12:00:00,72.48,3619.627231108096,Hold,3619.627231108144,2341.0852713178806
Hold,2023-12-16 13:00:00,72.21,3606.1435203961864,Hold,3606.143520396234,2332.364341085322
Hold,2023-12-16 14:00:00,72.24,3607.6417104752877,Hold,3607.6417104753355,2333.3333333333835
Hold,2023-12-16 15:00:00,72.25,3608.1411071683215,Hold,3608.141107168369,2333.6563307494043
Hold,2023-12-16 16:00:00,72.15,3603.1471402379852,Hold,3603.147140238033,2330.426356589198
Hold,2023-12-16 17:00:00,72.27,3609.1399005543885,Hold,3609.1399005544367,2334.3023255814455
Hold,2023-12-16 18:00:00,71.99,3595.156793149446,Hold,3595.1567931494938,2325.2583979328665
Hold,2023-12-16 19:00:00,71.92,3591.6610162982106,Hold,3591.6610162982583,2322.9974160207216
Hold,2023-12-16 20:00:00,71.99,3595.156793149446,Hold,3595.1567931494938,2325.258397932866
Hold,2023-12-16 21:00:00,71.92,3591.6610162982106,Hold,3591.6610162982583,2322.9974160207216
Hold,2023-12-16 22:00:00,72.16,3603.6465369310185,Hold,3603.6465369310663,2330.749354005218
Hold,2023-12-16 23:00:00,72.19,3605.1447270101194,Hold,3605.1447270101667,2331.7183462532803
Hold,2023-12-17 00:00:00,72.05,3598.1531733076476,Hold,3598.153173307695,2327.196382428991
Hold,2023-12-17 01:00:00,72.46,3618.6284377220286,Hold,3618.6284377220763,2340.4392764858385
Hold,2023-12-17 02:00:00,72.2,3605.6441237031536,Hold,3605.6441237032013,2332.041343669301
Hold,2023-12-17 03:00:00,72.33,3612.136280712591,Hold,3612.136280712639,2336.24031007757
Hold,2023-12-17 04:00:00,72.57,3624.121801345399,Hold,3624.1218013454472,2343.992248062066
Hold,2023-12-17 05:00:00,72.51,3621.1254211871974,Hold,3621.125421187245,2342.0542635659426
Hold,2023-12-17 06:00:00,72.7,3630.613958354837,Hold,3630.6139583548847,2348.191214470335
Hold,2023-12-17 07:00:00,72.78,3634.6091318991066,Hold,3634.6091318991544,2350.775193798501
Hold,2023-12-17 08:00:00,73.48,3669.5669004114643,Hold,3669.566900411513,2373.3850129199486
Hold,2023-12-17 09:00:00,72.9,3640.601892215511,Hold,3640.6018922155595,2354.651162790749
Hold,2023-12-17 10:00:00,72.82,3636.606718671241,Hold,3636.60671867129,2352.067183462583
Hold,2023-12-17 11:00:00,72.6,3625.6199914245003,Hold,3625.619991424549,2344.9612403101282
Hold,2023-12-17 12:00:00,72.74,3632.611545126972,Hold,3632.611545127021,2349.4832041344175
Hold,2023-12-17 13:00:00,72.21,3606.1435203961864,Hold,3606.143520396235,2332.3643410853215
Hold,2023-12-17 14:00:00,72.13,3602.1483468519173,Hold,3602.1483468519664,2329.7803617571562
Hold,2023-12-17 15:00:00,72.77,3634.109735206073,Hold,3634.109735206123,2350.45219638248
Hold,2023-12-17 16:00:00,73.08,3649.5910326901167,Hold,3649.5910326901667,2360.4651162791206
Hold,2023-12-17 17:00:00,73.02,3646.5946525319146,Hold,3646.594652531964,2358.5271317829965
Hold,2023-12-17 18:00:00,72.95,3643.0988756806796,Hold,3643.098875680729,2356.266149870852
Hold,2023-12-17 19:00:00,72.71,3631.1133550478703,Hold,3631.1133550479194,2348.5142118863555
Hold,2023-12-17 20:00:00,72.82,3636.606718671241,Hold,3636.60671867129,2352.0671834625828
Hold,2023-12-17 21:00:00,72.35,3613.135074098658,Hold,3613.1350740987064,2336.886304909611
Hold,2023-12-17 22:00:00,71.7,3580.6742890514697,Hold,3580.674289051518,2315.8914728682676
Hold,2023-12-17 23:00:00,71.18,3554.7056610137183,Hold,3554.705661013766,2299.0956072351923
Hold,2023-12-18 00:00:00,71.3,3560.698421330122,Hold,3560.69842133017,2302.9715762274404
Trailing-Stop,2023-12-18 01:00:00,70.39,3515.2533222640573,Trailing stop 10.0% hit,3515.253322264104,2273.578811369559
Buy,2023-12-23 02:00:00,71.71,3515.2533222640573,Sinal: Compra,3515.253322264104,2316.214470284288
Hold,2023-12-23 03:00:00,71.68,3506.758658443258,Hold,3506.7586584433047,2315.245478036227
Hold,2023-12-23 04:00:00,72.22,3533.1767621759495,Hold,3533.176762175997,2332.6873385013428
Hold,2023-12-23 05:00:00,72.22,3533.1767621759495,Hold,3533.176762175997,2332.6873385013428
Hold,2023-12-23 06:00:00,71.71,3508.2263308728516,Hold,3508.2263308728984,2316.214470284288
Hold,2023-12-23 07:00:00,71.94,3519.4784861664057,Hold,3519.478486166453,2323.6434108527633
Hold,2023-12-23 08:00:00,72.4,3541.9827967535143,Hold,3541.9827967535616,2338.5012919897144
Hold,2023-12-23 09:00:00,72.23,3533.665986319148,Hold,3533.6659863191953,2333.010335917363
Hold,2023-12-23 10:00:00,72.24,3534.1552104623456,Hold,3534.155210462393,2333.3333333333835
Hold,2023-12-23 11:00:00,72.0,3522.413831025594,Hold,3522.413831025641,2325.5813953488873
Hold,2023-12-23 12:00:00,71.92,3518.50003788001,Hold,3518.5000378800573,2322.997416020722
Hold,2023-12-23 13:00:00,72.11,3527.795296600772,Hold,3527.7952966008193,2329.134366925115
Hold,2023-12-23 14:00:00,72.19,3531.709089746356,Hold,3531.7090897464036,2331.7183462532807
Hold,2023-12-23 15:00:00,72.06,3525.349175884782,Hold,3525.3491758848295,2327.519379845012
Hold,2023-12-23 16:00:00,72.32,3538.0690036079295,Hold,3538.069003607977,2335.917312661549
Hold,2023-12-23 17:00:00,72.1,3527.3060724575735,Hold,3527.3060724576208,2328.811369509094
Hold,2023-12-23 18:00:00,72.33,3538.5582277511276,Hold,3538.5582277511744,2336.24031007757
Hold,2023-12-23 19:00:00,72.15,3529.752193173564,Hold,3529.752193173611,2330.4263565891983
Hold,2023-12-23 20:00:00,72.31,3537.579779464732,Hold,3537.5797794647788,2335.5943152455293
Hold,2023-12-23 21:00:00,72.2,3532.198313889554,Hold,3532.1983138896007,2332.0413436693016
Hold,2023-12-23 22:00:00,72.2,3532.198313889554,Hold,3532.1983138896007,2332.0413436693016
Hold,2023-12-23 23:00:00,72.45,3544.428917469504,Hold,3544.4289174695514,2340.1162790698186
Hold,2023-12-24 00:00:00,72.21,3532.6875380327515,Hold,3532.6875380327983,2332.364341085322
Hold,2023-12-24 01:00:00,72.44,3543.9396933263056,Hold,3543.9396933263524,2339.7932816537973
Hold,2023-12-24 02:00:00,72.48,3545.8965898990978,Hold,3545.8965898991446,2341.08527131788
Hold,2023-12-24 03:00:00,72.68,3555.6810727630577,Hold,3555.6810727631046,2347.545219638294
Hold,2023-12-24 04:00:00,72.72,3557.6379693358494,Hold,3557.6379693358967,2348.8372093023763
Hold,2023-12-24 05:00:00,72.14,3529.262969030366,Hold,3529.2629690304125,2330.103359173177
Hold,2023-12-24 06:00:00,72.33,3538.5582277511276,Hold,3538.558227751174,2336.24031007757
Hold,2023-12-24 07:00:00,72.57,3550.2996071878792,Hold,3550.299607187926,2343.992248062066
Hold,2023-12-24 08:00:00,72.68,3555.6810727630577,Hold,3555.6810727631046,2347.545219638294
Hold,2023-12-24 09:00:00,72.54,3548.831934758286,Hold,3548.831934758333,2343.0232558140046
Hold,2023-12-24 10:00:00,72.18,3531.2198656031583,Hold,3531.2198656032047,2331.39534883726
Hold,2023-12-24 11:00:00,72.19,3531.709089746356,Hold,3531.7090897464022,2331.7183462532803
Hold,2023-12-24 12:00:00,72.31,3537.579779464732,Hold,3537.579779464778,2335.5943152455284
Hold,2023-12-24 13:00:00,72.28,3536.112107035138,Hold,3536.112107035184,2334.625322997466
Hold,2023-12-24 14:00:00,72.25,3534.6444346055437,Hold,3534.64443460559,2333.656330749404
Hold,2023-12-24 15:00:00,72.07,3525.8384000279793,Hold,3525.8384000280253,2327.8423772610313
Hold,2023-12-24 16:00:00,72.33,3538.5582277511276,Hold,3538.5582277511735,2336.240310077569
Hold,2023-12-24 17:00:00,72.23,3533.665986319148,Hold,3533.665986319194,2333.010335917362
Hold,2023-12-24 18:00:00,72.54,3548.831934758286,Hold,3548.8319347583324,2343.0232558140033
Hold,2023-12-24 19:00:00,72.27,3535.6228828919398,Hold,3535.6228828919857,2334.302325581445
Hold,2023-12-24 20:00:00,72.08,3526.3276241711774,Hold,3526.3276241712233,2328.165374677052
Hold,2023-12-24 21:00:00,71.79,3512.1401240184364,Hold,3512.1401240184823,2318.7984496124527
Hold,2023-12-24 22:00:00,70.84,3465.6638304146263,Hold,3465.6638304146713,2288.113695090488
Hold,2023-12-24 23:00:00,71.12,3479.3621064241697,Hold,3479.3621064242147,2297.157622739067
Hold,2023-12-25 00:00:00,71.04,3475.4483132785863,Hold,3475.4483132786313,2294.5736434109017
Hold,2023-12-25 01:00:00,71.17,3481.80822714016,Hold,3481.8082271402045,2298.77260981917
Hold,2023-12-25 02:00:00,71.1,3478.3836581377736,Hold,3478.383658137818,2296.5116279070253
Hold,2023-12-25 03:00:00,71.35,3490.6142617177234,Hold,3490.614261717768,2304.586563307542
Hold,2023-12-25 04:00:00,71.42,3494.0388307201097,Hold,3494.0388307201542,2306.847545219687
Hold,2023-12-25 05:00:00,71.6,3502.8448652976736,Hold,3502.844865297718,2312.6614987080593
Hold,2023-12-25 06:00:00,71.87,3516.05391716402,Hold,3516.053917164064,2321.382428940618
Hold,2023-12-25 07:00:00,71.99,3521.9246068823954,Hold,3521.9246068824395,2325.2583979328656
Sell,2023-12-25 08:00:00,71.67,3506.26943430006,Sinal: Venda,3506.269434300104,2314.922480620204
Buy,2023-12-26 15:00:00,72.99,3506.26943430006,Sinal: Compra,3506.269434300104,2357.5581395349336
Hold,2023-12-26 16:00:00,73.77,3536.6548819492396,Hold,3536.6548819492837,2382.751937984546
Hold,2023-12-26 17:00:00,72.42,3471.933666134796,Hold,3471.9336661348398,2339.1472868217547
Hold,2023-12-26 18:00:00,72.33,3467.618918413833,Hold,3467.6189184138766,2336.2403100775687
Hold,2023-12-26 19:00:00,72.44,3472.8924989616767,Hold,3472.8924989617203,2339.793281653796
Hold,2023-12-26 20:00:00,72.3,3466.180669173512,Hold,3466.180669173555,2335.271317829506
Hold,2023-12-26 21:00:00,72.41,3471.4542497213556,Hold,3471.454249721399,2338.824289405734
Hold,2023-12-26 22:00:00,72.89,3494.466237566491,Hold,3494.4662375665343,2354.3281653747267
Hold,2023-12-26 23:00:00,73.24,3511.245812036902,Hold,3511.245812036946,2365.63307493545
Hold,2023-12-27 00:00:00,73.52,3524.669471613231,Hold,3524.6694716132747,2374.677002584029
Hold,2023-12-27 01:00:00,73.08,3503.575149421857,Hold,3503.5751494219007,2360.4651162791192
Hold,2023-12-27 02:00:00,72.81,3490.6309062589685,Hold,3490.630906259012,2351.744186046561
Hold,2023-12-27 03:00:00,72.37,3469.536584067595,Hold,3469.5365840676386,2337.532299741651
Hold,2023-12-27 04:00:00,72.64,3482.480827230483,Hold,3482.4808272305268,2346.2532299742093
Hold,2023-12-27 05:00:00,73.66,3531.381301401396,Hold,3531.38130140144,2379.1989664083185
Hold,2023-12-27 06:00:00,73.68,3532.340134228277,Hold,3532.340134228321,2379.84496124036
Hold,2023-12-27 07:00:00,73.71,3533.778383468597,Hold,3533.778383468641,2380.8139534884217
Hold,2023-12-27 08:00:00,74.33,3563.502201101897,Hold,3563.5022011019414,2400.8397932817043
Hold,2023-12-27 09:00:00,75.43,3616.2380065803327,Hold,3616.2380065803786,2436.369509043979
Hold,2023-12-27 10:00:00,75.25,3607.6085111384064,Hold,3607.6085111384523,2430.5555555556066
Hold,2023-12-27 11:00:00,75.3,3610.005593205608,Hold,3610.005593205654,2432.17054263571
Hold,2023-12-27 12:00:00,76.89,3686.2328029426194,Hold,3686.2328029426662,2483.527131782998
Hold,2023-12-27 13:00:00,75.91,3639.2499944254673,Hold,3639.2499944255133,2451.873385012971
Hold,2023-12-27 14:00:00,75.7,3629.182249743221,Hold,3629.182249743267,2445.0904392765374
Hold,2023-12-27 15:00:00,75.55,3621.991003541616,Hold,3621.991003541662,2440.2454780362273
Hold,2023-12-27 16:00:00,75.45,3617.196839407213,Hold,3617.196839407259,2437.0155038760204
Hold,2023-12-27 17:00:00,75.44,3616.7174229937727,Hold,3616.717422993819,2436.6925064599995
Hold,2023-12-27 18:00:00,75.44,3616.7174229937727,Hold,3616.717422993819,2436.6925064599995
Hold,2023-12-27 19:00:00,75.35,3612.4026752728096,Hold,3612.402675272856,2433.7855297158135
Hold,2023-12-27 20:00:00,75.73,3630.620498983542,Hold,3630.6204989835883,2446.059431524599
Hold,2023-12-27 21:00:00,75.1,3600.4172649368015,Hold,3600.417264936848,2425.710594315296
Hold,2023-12-27 22:00:00,74.97,3594.1848515620777,Hold,3594.1848515621236,2421.5116279070276
Hold,2023-12-27 23:00:00,75.98,3642.60590931955,Hold,3642.6059093195963,2454.1343669251164
Hold,2023-12-28 00:00:00,76.23,3654.5913196555584,Hold,3654.5913196556044,2462.209302325633
Hold,2023-12-28 01:00:00,75.61,3624.867502022258,Hold,3624.8675020223036,2442.183462532351
Hold,2023-12-28 02:00:00,75.58,3623.429252781937,Hold,3623.4292527819825,2441.2144702842884
Hold,2023-12-28 03:00:00,75.66,3627.2645840894597,Hold,3627.2645840895057,2443.798449612454
Hold,2023-12-28 04:00:00,75.86,3636.852912358266,Hold,3636.8529123583116,2450.258397932868
Hold,2023-12-28 05:00:00,76.28,3656.9884017227596,Hold,3656.9884017228055,2463.8242894057366
Hold,2023-12-28 06:00:00,76.33,3659.385483789961,Hold,3659.3854837900067,2465.4392764858394
Hold,2023-12-28 07:00:00,76.51,3668.0149792318875,Hold,3668.014979231933,2471.253229974212
Hold,2023-12-28 08:00:00,76.16,3651.2354047614754,Hold,3651.2354047615204,2459.948320413488
Hold,2023-12-28 09:00:00,76.52,3668.494395645327,Hold,3668.4943956453726,2471.5762273902324
Hold,2023-12-28 10:00:00,77.28,3704.9300430667913,Hold,3704.930043066837,2496.1240310078038
Hold,2023-12-28 11:00:00,77.09,3695.821131211426,Hold,3695.8211312114713,2489.9870801034112
Hold,2023-12-28 12:00:00,76.1,3648.3589062808337,Hold,3648.3589062808787,2458.010335917364
Hold,2023-12-28 13:00:00,76.22,3654.1119032421175,Hold,3654.111903242163,2461.886304909612
Hold,2023-12-28 14:00:00,75.33,3611.443842445929,Hold,3611.443842445974,2433.139534883772
Hold,2023-12-28 15:00:00,75.11,3600.896681350242,Hold,3600.896681350287,2426.033591731317
Hold,2023-12-28 16:00:00,75.11,3600.896681350242,Hold,3600.896681350287,2426.033591731317
Hold,2023-12-28 17:00:00,75.63,3625.8263348491387,Hold,3625.826334849184,2442.829457364392
Hold,2023-12-28 18:00:00,75.99,3643.08532573299,Hold,3643.085325733036,2454.4573643411363
Hold,2023-12-28 19:00:00,76.35,3660.3443166168418,Hold,3660.3443166168877,2466.085271317881
Hold,2023-12-28 20:00:00,76.22,3654.1119032421175,Hold,3654.111903242163,2461.8863049096126
Hold,2023-12-28 21:00:00,75.97,3642.12649290611,Hold,3642.1264929061554,2453.811369509095
Hold,2023-12-28 22:00:00,76.63,3673.7679761931704,Hold,3673.767976193216,2475.12919896646
Hold,2023-12-28 23:00:00,76.51,3668.0149792318875,Hold,3668.014979231933,2471.253229974212
Hold,2023-12-29 00:00:00,76.03,3645.0029913867515,Hold,3645.002991386797,2455.749354005219
Hold,2023-12-29 01:00:00,75.73,3630.620498983542,Hold,3630.6204989835874,2446.059431524599
Hold,2023-12-29 02:00:00,77.53,3716.9154534027994,Hold,3716.9154534028457,2504.198966408321
Hold,2023-12-29 03:00:00,77.19,3700.6152953458286,Hold,3700.6152953458745,2493.217054263618
Hold,2023-12-29 04:00:00,77.37,3709.244790787755,Hold,3709.2447907878004,2499.0310077519907
Hold,2023-12-29 05:00:00,76.83,3683.3563044619773,Hold,3683.3563044620228,2481.589147286874
Hold,2023-12-29 06:00:00,76.4,3662.741398684044,Hold,3662.741398684089,2467.700258397985
Hold,2023-12-29 07:00:00,75.41,3615.2791737534517,Hold,3615.2791737534963,2435.7235142119375
Hold,2023-12-29 08:00:00,75.69,3628.702833329781,Hold,3628.7028333298254,2444.767441860516
Hold,2023-12-29 09:00:00,76.28,3656.9884017227596,Hold,3656.9884017228046,2463.8242894057366
Hold,2023-12-29 10:00:00,76.02,3644.523574973311,Hold,3644.523574973356,2455.426356589199
Hold,2023-12-29 11:00:00,76.23,3654.5913196555584,Hold,3654.5913196556035,2462.2093023256334
Hold,2023-12-29 12:00:00,76.03,3645.0029913867515,Hold,3645.0029913867966,2455.7493540052196
Hold,2023-12-29 13:00:00,76.38,3661.782565857163,Hold,3661.7825658572083,2467.0542635659435
Hold,2023-12-29 14:00:00,76.89,3686.2328029426194,Hold,3686.2328029426653,2483.5271317829984
Hold,2023-12-29 15:00:00,75.51,3620.0733378878554,Hold,3620.0733378879004,2438.953488372145
Hold,2023-12-29 16:00:00,74.62,3577.405277091667,Hold,3577.4052770917115,2410.2067183463046
Hold,2023-12-29 17:00:00,74.15,3554.872705659972,Hold,3554.8727056600164,2395.025839793333
Hold,2023-12-29 18:00:00,74.68,3580.281775572309,Hold,3580.2817755723536,2412.144702842429
Hold,2023-12-29 19:00:00,74.79,3585.5553561201523,Hold,3585.5553561201973,2415.697674418657
Hold,2023-12-29 20:00:00,74.45,3569.2551980631815,Hold,3569.2551980632265,2404.7157622739537
Hold,2023-12-29 21:00:00,74.24,3559.187453380934,Hold,3559.187453380979,2397.932816537519
Hold,2023-12-29 22:00:00,73.12,3505.4928150756186,Hold,3505.492815075663,2361.757105943203
Hold,2023-12-29 23:00:00,73.25,3511.7252284503425,Hold,3511.725228450387,2365.956072351472
Hold,2023-12-30 00:00:00,73.37,3517.4782254116267,Hold,3517.4782254116712,2369.8320413437204
Hold,2023-12-30 01:00:00,73.13,3505.9722314890587,Hold,3505.9722314891033,2362.080103359224
Hold,2023-12-30 02:00:00,72.54,3477.6866630960803,Hold,3477.6866630961244,2343.023255814004
Hold,2023-12-30 03:00:00,72.95,3497.3427360471333,Hold,3497.342736047178,2356.266149870852
Hold,2023-12-30 04:00:00,73.16,3507.4104807293797,Hold,3507.410480729424,2363.049095607286
Hold,2023-12-30 05:00:00,73.95,3545.284377391165,Hold,3545.2843773912095,2388.5658914729197
Hold,2023-12-30 06:00:00,73.6,3528.5048029207537,Hold,3528.5048029207983,2377.260981912196
Hold,2023-12-30 07:00:00,73.92,3543.8461281508444,Hold,3543.8461281508894,2387.596899224858
Hold,2023-12-30 08:00:00,73.12,3505.4928150756186,Hold,3505.492815075663,2361.757105943204
Hold,2023-12-30 09:00:00,72.99,3499.260401700894,Hold,3499.2604017009385,2357.558139534935
Hold,2023-12-30 10:00:00,73.16,3507.4104807293797,Hold,3507.4104807294243,2363.0490956072863
Hold,2023-12-30 11:00:00,73.06,3502.616316594977,Hold,3502.6163165950215,2359.81912144708
Hold,2023-12-30 12:00:00,73.29,3513.642894104104,Hold,3513.6428941041486,2367.2480620155557
Hold,2023-12-30 13:00:00,73.19,3508.8487299697003,Hold,3508.8487299697445,2364.0180878553483
Hold,2023-12-30 14:00:00,73.58,3527.545970093873,Hold,3527.5459700939177,2376.6149870801555
Hold,2023-12-30 15:00:00,73.55,3526.107720853552,Hold,3526.1077208535967,2375.6459948320935
Hold,2023-12-30 16:00:00,73.38,3517.9576418250667,Hold,3517.957641825111,2370.155038759742
Hold,2023-12-30 17:00:00,73.14,3506.451647902499,Hold,3506.451647902543,2362.403100775246
Hold,2023-12-30 18:00:00,73.04,3501.657483768096,Hold,3501.6574837681396,2359.1731266150396
Hold,2023-12-30 19:00:00,73.32,3515.0811433444246,Hold,3515.0811433444687,2368.217054263618
Hold,2023-12-30 20:00:00,73.29,3513.642894104104,Hold,3513.642894104148,2367.2480620155566
Hold,2023-12-30 21:00:00,73.37,3517.4782254116267,Hold,3517.478225411671,2369.8320413437223
Hold,2023-12-30 22:00:00,72.95,3497.3427360471333,Hold,3497.3427360471774,2356.2661498708535
Hold,2023-12-30 23:00:00,73.22,3510.2869792100214,Hold,3510.2869792100655,2364.987080103412
Hold,2023-12-31 00:00:00,73.18,3508.3693135562607,Hold,3508.369313556305,2363.6950904393298
Hold,2023-12-31 01:00:00,72.85,3492.5485719127296,Hold,3492.5485719127732,2353.0361757106466
Hold,2023-12-31 02:00:00,72.63,3482.0014108170426,Hold,3482.0014108170863,2345.930232558192
Hold,2023-12-31 03:00:00,72.78,3489.192657018648,Hold,3489.1926570186915,2350.775193798502
Hold,2023-12-31 04:00:00,72.82,3491.1103226724085,Hold,3491.110322672452,2352.0671834625846
Hold,2023-12-31 05:00:00,72.83,3491.5897390858495,Hold,3491.589739085893,2352.3901808786054
Hold,2023-12-31 06:00:00,73.03,3501.178067354656,Hold,3501.1780673547,2358.8501291990187
Hold,2023-12-31 07:00:00,73.37,3517.4782254116267,Hold,3517.4782254116712,2369.832041343722
Hold,2023-12-31 08:00:00,73.23,3510.7663956234624,Hold,3510.766395623507,2365.310077519432
Hold,2023-12-31 09:00:00,73.8,3538.09313118956,Hold,3538.093131189605,2383.720930232611
Hold,2023-12-31 10:00:00,73.95,3545.284377391165,Hold,3545.28437739121,2388.5658914729215
Hold,2023-12-31 11:00:00,73.9,3542.8872953239634,Hold,3542.8872953240084,2386.9509043928183
Hold,2023-12-31 12:00:00,73.93,3544.3255445642844,Hold,3544.32554456433,2387.9198966408803
Hold,2023-12-31 13:00:00,73.91,3543.3667117374034,Hold,3543.366711737449,2387.2739018088387
Hold,2023-12-31 14:00:00,73.99,3547.202043044926,Hold,3547.202043044971,2389.857881137004
Hold,2023-12-31 15:00:00,73.94,3544.804960977725,Hold,3544.80496097777,2388.2428940569007
Hold,2023-12-31 16:00:00,73.93,3544.3255445642844,Hold,3544.3255445643294,2387.91989664088
Hold,2023-12-31 17:00:00,74.24,3559.187453380934,Hold,3559.1874533809796,2397.93281653752
Hold,2023-12-31 18:00:00,73.99,3547.202043044926,Hold,3547.2020430449716,2389.8578811370035
Hold,2023-12-31 19:00:00,73.92,3543.8461281508444,Hold,3543.84612815089,2387.596899224859
Hold,2023-12-31 20:00:00,73.62,3529.4636357476347,Hold,3529.4636357476797,2377.906976744239
Hold,2023-12-31 21:00:00,73.8,3538.09313118956,Hold,3538.0931311896047,2383.7209302326105
Hold,2023-12-31 22:00:00,72.44,3472.8924989616767,Hold,3472.892498961721,2339.793281653798
Hold,2023-12-31 23:00:00,72.83,3491.5897390858495,Hold,3491.5897390858936,2352.3901808786054
Liquidate_Final_Fold,2023-12-31 23:00:00,72.83,3491.5897390858495,Fim do período de teste,3491.5897390858936,2352.3901808786054
Buy,2024-01-09 10:00:00,65.98,3491.5897390858495,Sinal: Compra,3491.5897390858936,2131.1369509044403
Hold,2024-01-09 11:00:00,65.96,3483.553788678108,Hold,3483.553788678152,2130.4909560723986
Hold,2024-01-09 12:00:00,64.79,3421.7624312985854,Hold,3421.7624312986286,2092.7002583979797
Hold,2024-01-09 13:00:00,65.4,3453.978438137482,Hold,3453.9784381375252,2112.403100775241
Hold,2024-01-09 14:00:00,65.1,3438.13450034786,Hold,3438.1345003479028,2102.7131782946203
Hold,2024-01-09 15:00:00,65.03,3434.4375815302824,Hold,3434.437581530325,2100.452196382476
Hold,2024-01-09 16:00:00,65.4,3453.978438137482,Hold,3453.9784381375252,2112.403100775241
Hold,2024-01-09 17:00:00,65.64,3466.653588369179,Hold,3466.6535883692222,2120.155038759737
Hold,2024-01-09 18:00:00,65.95,3483.0256574184546,Hold,3483.0256574184978,2130.167958656378
Hold,2024-01-09 19:00:00,65.81,3475.631819783298,Hold,3475.631819783341,2125.6459948320885
Hold,2024-01-09 20:00:00,65.02,3433.9094502706275,Hold,3433.9094502706703,2100.1291989664546
Hold,2024-01-09 21:00:00,65.35,3451.3377818392114,Hold,3451.337781839254,2110.7881136951373
Hold,2024-01-09 22:00:00,66.47,3510.4884829204652,Hold,3510.4884829205084,2146.963824289453
Hold,2024-01-09 23:00:00,66.99,3537.9513084224754,Hold,3537.9513084225196,2163.759689922528
Hold,2024-01-10 00:00:00,67.07,3542.176358499708,Hold,3542.176358499752,2166.343669250694
Hold,2024-01-10 01:00:00,67.2,3549.0420648752106,Hold,3549.042064875255,2170.542635658963
Hold,2024-01-10 02:00:00,67.1,3543.7607522786698,Hold,3543.7607522787143,2167.312661498756
Hold,2024-01-10 03:00:00,67.55,3567.5266589631024,Hold,3567.5266589631465,2181.8475452196867
Hold,2024-01-10 04:00:00,67.47,3563.30160888587,Hold,3563.301608885914,2179.2635658915215
Hold,2024-01-10 05:00:00,67.18,3547.9858023559027,Hold,3547.985802355947,2169.8966408269216
Hold,2024-01-10 06:00:00,66.69,3522.1073706328543,Hold,3522.1073706328984,2154.0697674419084
Hold,2024-01-10 07:00:00,66.66,3520.522976853892,Hold,3520.522976853936,2153.1007751938464
Hold,2024-01-10 08:00:00,66.49,3511.5447454397727,Hold,3511.544745439817,2147.6098191214946
Hold,2024-01-10 09:00:00,67.56,3568.0547902227563,Hold,3568.054790222801,2182.1705426357075
Hold,2024-01-10 10:00:00,67.05,3541.1200959804,Hold,3541.120095980444,2165.6976744186527
Hold,2024-01-10 11:00:00,67.18,3547.9858023559027,Hold,3547.9858023559473,2169.8966408269216
Hold,2024-01-10 12:00:00,65.69,3469.294244667449,Hold,3469.2942446674924,2121.7700258398404
Hold,2024-01-10 13:00:00,66.09,3490.4194950536116,Hold,3490.4194950536553,2134.6899224806675
Hold,2024-01-10 14:00:00,66.25,3498.8695952080757,Hold,3498.869595208119,2139.8578811369985
Hold,2024-01-10 15:00:00,67.19,3548.5139336155567,Hold,3548.5139336156008,2170.2196382429424
Hold,2024-01-10 16:00:00,66.85,3530.557470787319,Hold,3530.557470787363,2159.2377260982394
Hold,2024-01-10 17:00:00,67.73,3577.0330216368757,Hold,3577.03302163692,2187.6614987080593
Hold,2024-01-10 18:00:00,67.69,3574.920496598259,Hold,3574.920496598303,2186.3695090439764
Hold,2024-01-10 19:00:00,67.99,3590.76443438788,Hold,3590.764434387924,2196.0594315245967
Hold,2024-01-10 20:00:00,67.73,3577.0330216368757,Hold,3577.03302163692,2187.6614987080593
Hold,2024-01-10 21:00:00,69.57,3674.20917341322,Hold,3674.2091734132655,2247.093023255864
Hold,2024-01-10 22:00:00,70.01,3697.4469488379987,Hold,3697.4469488380446,2261.3049095607744
Hold,2024-01-10 23:00:00,70.1,3702.2001301748846,Hold,3702.20013017493,2264.21188630496
Hold,2024-01-11 00:00:00,70.15,3704.8407864731553,Hold,3704.840786473201,2265.826873385064
Hold,2024-01-11 01:00:00,70.06,3700.087605136269,Hold,3700.087605136315,2262.9198966408776
Hold,2024-01-11 02:00:00,70.95,3747.0912872454796,Hold,3747.091287245526,2291.6666666667184
Hold,2024-01-11 03:00:00,71.4,3770.857193929912,Hold,3770.857193929959,2306.2015503876496
Hold,2024-01-11 04:00:00,71.19,3759.766437477176,Hold,3759.766437477224,2299.418604651215
Hold,2024-01-11 05:00:00,70.7,3733.8880057541282,Hold,3733.8880057541755,2283.591731266202
Hold,2024-01-11 06:00:00,70.45,3720.684724262777,Hold,3720.6847242628237,2275.516795865685
Hold,2024-01-11 07:00:00,71.12,3756.069518659598,Hold,3756.0695186596454,2297.1576227390706
Hold,2024-01-11 08:00:00,71.21,3760.822699996484,Hold,3760.822699996532,2300.064599483256
Hold,2024-01-11 09:00:00,70.78,3738.1130558313607,Hold,3738.1130558314085,2286.1757105943675
Hold,2024-01-11 10:00:00,71.55,3778.779162824722,Hold,3778.77916282477,2311.0465116279593
Hold,2024-01-11 11:00:00,73.16,3863.808295629024,Hold,3863.8082956290737,2363.0490956072886
Hold,2024-01-11 12:00:00,73.69,3891.7992523906883,Hold,3891.799252390738,2380.1679586563846
Hold,2024-01-11 13:00:00,72.88,3849.0206203587104,Hold,3849.0206203587595,2354.0051679587095
Hold,2024-01-11 14:00:00,74.36,3927.18404678751,Hold,3927.18404678756,2401.8087855297704
Hold,2024-01-11 15:00:00,72.06,3805.7138570670786,Hold,3805.7138570671273,2327.519379845014
Hold,2024-01-11 16:00:00,71.48,3775.082244007144,Hold,3775.082244007192,2308.785529715815
Hold,2024-01-11 17:00:00,71.64,3783.5323441616083,Hold,3783.5323441616565,2313.9534883721453
Hold,2024-01-11 18:00:00,72.08,3806.7701195863865,Hold,3806.7701195864347,2328.1653746770553
Hold,2024-01-11 19:00:00,72.08,3806.7701195863865,Hold,3806.7701195864347,2328.1653746770553
Hold,2024-01-11 20:00:00,71.48,3775.082244007144,Hold,3775.0822440071915,2308.7855297158153
Hold,2024-01-11 21:00:00,71.27,3763.9914875544086,Hold,3763.9914875544564,2302.0025839793802
Hold,2024-01-11 22:00:00,71.7,3786.701131719533,Hold,3786.701131719581,2315.8914728682694
Hold,2024-01-11 23:00:00,71.88,3796.2074943933053,Hold,3796.2074943933535,2321.7054263566415
Hold,2024-01-12 00:00:00,71.6,3781.419819122992,Hold,3781.4198191230403,2312.6614987080625
Hold,2024-01-12 01:00:00,71.37,3769.2728001509495,Hold,3769.272800150997,2305.2325581395876
Hold,2024-01-12 02:00:00,72.13,3809.4107758846567,Hold,3809.4107758847053,2329.7803617571594
Hold,2024-01-12 03:00:00,72.67,3837.9298639059757,Hold,3837.929863906025,2347.2222222222763
Hold,2024-01-12 04:00:00,73.09,3860.1113768114456,Hold,3860.111376811495,2360.788113695145
Hold,2024-01-12 05:00:00,73.61,3887.574202313456,Hold,3887.5742023135067,2377.5839793282203
Hold,2024-01-12 06:00:00,73.52,3882.8210209765693,Hold,3882.82102097662,2374.677002584034
Hold,2024-01-12 07:00:00,72.96,3853.245670435943,Hold,3853.245670435993,2356.589147286876
Hold,2024-01-12 08:00:00,73.31,3871.7302645238346,Hold,3871.7302645238847,2367.8940568476
Hold,2024-01-12 09:00:00,75.06,3964.1532349632935,Hold,3964.153234963345,2424.4186046512186
Hold,2024-01-12 10:00:00,75.14,3968.3782850405255,Hold,3968.378285040577,2427.002583979384
Hold,2024-01-12 11:00:00,75.12,3967.322022521218,Hold,3967.3220225212694,2426.3565891473427
Hold,2024-01-12 12:00:00,74.47,3932.9934906437043,Hold,3932.993490643755,2405.3617571059985
Hold,2024-01-12 13:00:00,76.4,4034.922823756936,Hold,4034.922823756988,2467.7002583979893
Hold,2024-01-12 14:00:00,76.3,4029.641511160395,Hold,4029.641511160447,2464.470284237782
Hold,2024-01-12 15:00:00,74.43,3930.8809656050885,Hold,3930.880965605139,2404.0697674419157
Hold,2024-01-12 16:00:00,73.99,3907.64319018031,Hold,3907.6431901803603,2389.8578811370053
Hold,2024-01-12 17:00:00,73.78,3896.5524337275747,Hold,3896.5524337276247,2383.0749354005716
Hold,2024-01-12 18:00:00,73.17,3864.336426888678,Hold,3864.3364268887276,2363.37209302331
Hold,2024-01-12 19:00:00,73.13,3862.223901850062,Hold,3862.223901850112,2362.080103359227
Hold,2024-01-12 20:00:00,73.68,3891.271121131035,Hold,3891.2711211310857,2379.844961240365
Hold,2024-01-12 21:00:00,72.54,3831.0641575304735,Hold,3831.0641575305235,2343.0232558140074
Hold,2024-01-12 22:00:00,72.06,3805.7138570670786,Hold,3805.7138570671277,2327.5193798450146
Hold,2024-01-12 23:00:00,72.97,3853.7738016955973,Hold,3853.7738016956473,2356.9121447028965
Hold,2024-01-13 00:00:00,72.62,3835.2892076077055,Hold,3835.289207607755,2345.607235142173
Hold,2024-01-13 01:00:00,71.33,3767.1602751123332,Hold,3767.160275112382,2303.940568475505
Hold,2024-01-13 02:00:00,72.03,3804.1294632881163,Hold,3804.1294632881654,2326.550387596953
Hold,2024-01-13 03:00:00,72.39,3823.1421886356625,Hold,3823.1421886357116,2338.1782945736973
Hold,2024-01-13 04:00:00,72.28,3817.3327447794677,Hold,3817.332744779517,2334.6253229974695
Hold,2024-01-13 05:00:00,72.2,3813.1076947022357,Hold,3813.107694702285,2332.0413436693043
Hold,2024-01-13 06:00:00,72.06,3805.7138570670786,Hold,3805.7138570671273,2327.519379845015
Hold,2024-01-13 07:00:00,72.44,3825.782844933932,Hold,3825.782844933982,2339.793281653801
Hold,2024-01-13 08:00:00,71.94,3799.37628195123,Hold,3799.3762819512795,2323.643410852767
Hold,2024-01-13 09:00:00,71.47,3774.55411274749,Hold,3774.554112747539,2308.462532299795
Hold,2024-01-13 10:00:00,71.37,3769.2728001509495,Hold,3769.2728001509986,2305.2325581395885
Hold,2024-01-13 11:00:00,71.37,3769.2728001509495,Hold,3769.2728001509986,2305.2325581395885
Hold,2024-01-13 12:00:00,71.49,3775.6103752667977,Hold,3775.610375266847,2309.1085271318366
Hold,2024-01-13 13:00:00,71.75,3789.341788017803,Hold,3789.3417880178527,2317.5064599483744
Hold,2024-01-13 14:00:00,71.59,3780.8916878633386,Hold,3780.891687863388,2312.3385012920435
Hold,2024-01-13 15:00:00,71.99,3802.0169382495,Hold,3802.016938249549,2325.2583979328706
Hold,2024-01-13 16:00:00,71.41,3771.3853251895653,Hold,3771.385325189614,2306.524547803671
Hold,2024-01-13 17:00:00,71.5,3776.1385065264517,Hold,3776.1385065265004,2309.431524547857
Hold,2024-01-13 18:00:00,71.78,3790.9261817967654,Hold,3790.926181796814,2318.475452196436
Hold,2024-01-13 19:00:00,71.94,3799.37628195123,Hold,3799.3762819512785,2323.643410852767
Hold,2024-01-13 20:00:00,72.13,3809.4107758846567,Hold,3809.410775884705,2329.78036175716
Hold,2024-01-13 21:00:00,72.02,3803.601332028462,Hold,3803.60133202851,2326.227390180932
Hold,2024-01-13 22:00:00,72.22,3814.163957221543,Hold,3814.163957221591,2332.6873385013455
Hold,2024-01-13 23:00:00,71.98,3801.488806989846,Hold,3801.488806989894,2324.9354005168493
Hold,2024-01-14 00:00:00,72.06,3805.7138570670786,Hold,3805.713857067127,2327.5193798450146
Hold,2024-01-14 01:00:00,71.58,3780.363556603684,Hold,3780.363556603732,2312.0155038760217
Hold,2024-01-14 02:00:00,71.33,3767.1602751123332,Hold,3767.160275112381,2303.9405684755047
Hold,2024-01-14 03:00:00,71.41,3771.3853251895653,Hold,3771.3853251896135,2306.52454780367
Hold,2024-01-14 04:00:00,71.29,3765.047750073717,Hold,3765.047750073765,2302.648578811422
Hold,2024-01-14 05:00:00,71.58,3780.363556603684,Hold,3780.3635566037333,2312.0155038760213
Hold,2024-01-14 06:00:00,71.97,3800.960675730192,Hold,3800.9606757302413,2324.6124031008276
Hold,2024-01-14 07:00:00,71.96,3800.432544470538,Hold,3800.4325444705864,2324.2894056848068
Hold,2024-01-14 08:00:00,72.14,3809.9389071443106,Hold,3809.9389071443593,2330.103359173179
Hold,2024-01-14 09:00:00,72.18,3812.051432182928,Hold,3812.0514321829774,2331.3953488372617
Hold,2024-01-14 10:00:00,71.98,3801.488806989846,Hold,3801.4888069898952,2324.935400516848
Hold,2024-01-14 11:00:00,71.64,3783.5323441616083,Hold,3783.5323441616574,2313.953488372145
Hold,2024-01-14 12:00:00,71.46,3774.0259814878355,Hold,3774.0259814878846,2308.1395348837727
Hold,2024-01-14 13:00:00,71.4,3770.857193929912,Hold,3770.857193929961,2306.201550387649
Hold,2024-01-14 14:00:00,71.39,3770.3290626702574,Hold,3770.3290626703065,2305.878552971628
Hold,2024-01-14 15:00:00,71.67,3785.1167379405706,Hold,3785.1167379406197,2314.9224806202074
Hold,2024-01-14 16:00:00,71.4,3770.857193929912,Hold,3770.857193929961,2306.201550387649
Hold,2024-01-14 17:00:00,71.66,3784.5886066809167,Hold,3784.588606680966,2314.599483204186
Hold,2024-01-14 18:00:00,71.41,3771.3853251895653,Hold,3771.385325189615,2306.524547803669
Hold,2024-01-14 19:00:00,70.42,3719.1003304838146,Hold,3719.1003304838637,2274.547803617622
Hold,2024-01-14 20:00:00,70.48,3722.2691180417387,Hold,3722.2691180417874,2276.4857881137464
Hold,2024-01-14 21:00:00,70.87,3742.866237168247,Hold,3742.866237168296,2289.0826873385527
Hold,2024-01-14 22:00:00,70.49,3722.7972493013926,Hold,3722.797249301441,2276.8087855297667
Hold,2024-01-14 23:00:00,69.78,3685.2999298659556,Hold,3685.2999298660034,2253.8759689922986
Hold,2024-01-15 00:00:00,70.5,3723.3253805610466,Hold,3723.3253805610952,2277.1317829457876
Hold,2024-01-15 01:00:00,70.88,3743.3943684279,Hold,3743.3943684279493,2289.4056847545735
Hold,2024-01-15 02:00:00,71.27,3763.9914875544086,Hold,3763.991487554458,2302.00258397938
Hold,2024-01-15 03:00:00,71.29,3765.047750073717,Hold,3765.047750073766,2302.648578811422
Hold,2024-01-15 04:00:00,71.45,3773.4978502281815,Hold,3773.4978502282306,2307.816537467753
Hold,2024-01-15 05:00:00,71.35,3768.216537631641,Hold,3768.2165376316907,2304.586563307546
Hold,2024-01-15 06:00:00,70.93,3746.0350247261713,Hold,3746.0350247262204,2291.0206718346776
Hold,2024-01-15 07:00:00,70.85,3741.8099746489384,Hold,3741.809974648987,2288.4366925065115
Hold,2024-01-15 08:00:00,71.01,3750.2600748034038,Hold,3750.2600748034533,2293.604651162843
Hold,2024-01-15 09:00:00,71.23,3761.878962515793,Hold,3761.878962515843,2300.710594315298
Hold,2024-01-15 10:00:00,70.72,3734.9442682734357,Hold,3734.9442682734852,2284.2377260982435
Hold,2024-01-15 11:00:00,70.53,3724.909774340009,Hold,3724.909774340058,2278.1007751938505
Hold,2024-01-15 12:00:00,70.53,3724.909774340009,Hold,3724.909774340058,2278.1007751938505
Hold,2024-01-15 13:00:00,70.73,3735.4723995330905,Hold,3735.47239953314,2284.5607235142643
Hold,2024-01-15 14:00:00,69.63,3677.377960971144,Hold,3677.377960971193,2249.0310077519894
Hold,2024-01-15 15:00:00,69.51,3671.0403858552963,Hold,3671.040385855345,2245.1550387597413
Hold,2024-01-15 16:00:00,69.91,3692.165636241458,Hold,3692.1656362415074,2258.0749354005684
Hold,2024-01-15 17:00:00,70.23,3709.0658365503878,Hold,3709.0658365504373,2268.4108527132303
Hold,2024-01-15 18:00:00,70.34,3714.875280406582,Hold,3714.875280406631,2271.9638242894575
Hold,2024-01-15 19:00:00,70.14,3704.3126552135013,Hold,3704.312655213551,2265.5038759690437
Hold,2024-01-15 20:00:00,70.06,3700.087605136269,Hold,3700.087605136318,2262.9198966408785
Hold,2024-01-15 21:00:00,69.46,3668.3997295570252,Hold,3668.399729557074,2243.540051679637
Hold,2024-01-15 22:00:00,69.39,3664.7028107394476,Hold,3664.7028107394963,2241.2790697674927
Hold,2024-01-15 23:00:00,69.13,3650.971397988442,Hold,3650.97139798849,2232.881136950955
Hold,2024-01-16 00:00:00,69.38,3664.174679479793,Hold,3664.174679479842,2240.9560723514714
Hold,2024-01-16 01:00:00,69.56,3673.6810421535665,Hold,3673.681042153615,2246.770025839844
Hold,2024-01-16 02:00:00,69.56,3673.6810421535665,Hold,3673.681042153615,2246.770025839844
Hold,2024-01-16 03:00:00,70.0,3696.9188175783443,Hold,3696.918817578393,2260.981912144754
Hold,2024-01-16 04:00:00,69.96,3694.806292539728,Hold,3694.806292539777,2259.689922480671
Hold,2024-01-16 05:00:00,69.72,3682.131142308031,Hold,3682.13114230808,2251.937984496175
Hold,2024-01-16 06:00:00,69.62,3676.8498297114907,Hold,3676.8498297115398,2248.7080103359685
Hold,2024-01-16 07:00:00,69.8,3686.3561923852635,Hold,3686.356192385313,2254.52196382434
Hold,2024-01-16 08:00:00,69.81,3686.8843236449175,Hold,3686.884323644967,2254.844961240361
Hold,2024-01-16 09:00:00,69.8,3686.3561923852635,Hold,3686.3561923853126,2254.52196382434
Hold,2024-01-16 10:00:00,69.66,3678.962354750107,Hold,3678.9623547501556,2250.000000000051
Hold,2024-01-16 11:00:00,69.62,3676.8498297114907,Hold,3676.8498297115398,2248.7080103359685
Hold,2024-01-16 12:00:00,70.01,3697.4469488379987,Hold,3697.446948838048,2261.3049095607753
Hold,2024-01-16 13:00:00,69.38,3664.174679479793,Hold,3664.1746794798423,2240.956072351472
Hold,2024-01-16 14:00:00,69.4,3665.230941999102,Hold,3665.2309419991507,2241.6020671835136
Hold,2024-01-16 15:00:00,70.23,3709.0658365503878,Hold,3709.065836550437,2268.4108527132303
Hold,2024-01-16 16:00:00,69.89,3691.10937372215,Hold,3691.109373722199,2257.428940568527
Hold,2024-01-16 17:00:00,69.53,3672.0966483746042,Hold,3672.096648374653,2245.801033591783
Hold,2024-01-16 18:00:00,69.07,3647.8026104305177,Hold,3647.802610430566,2230.9431524548313
Hold,2024-01-16 19:00:00,69.39,3664.7028107394476,Hold,3664.7028107394963,2241.279069767493
Hold,2024-01-16 20:00:00,69.69,3680.546748529069,Hold,3680.546748529118,2250.9689922481134
Hold,2024-01-16 21:00:00,69.88,3690.581242462496,Hold,3690.5812424625447,2257.105943152506
Hold,2024-01-16 22:00:00,69.73,3682.6592735676854,Hold,3682.659273567734,2252.2609819121963
Hold,2024-01-16 23:00:00,69.44,3667.3434670377173,Hold,3667.3434670377655,2242.8940568475964
Hold,2024-01-17 00:00:00,69.51,3671.0403858552963,Hold,3671.0403858553445,2245.1550387597417
Hold,2024-01-17 01:00:00,69.42,3666.28720451841,Hold,3666.287204518458,2242.248062015555
Hold,2024-01-17 02:00:00,69.4,3665.230941999102,Hold,3665.2309419991507,2241.602067183514
Hold,2024-01-17 03:00:00,69.42,3666.28720451841,Hold,3666.287204518458,2242.248062015555
Hold,2024-01-17 04:00:00,69.6,3675.793567192182,Hold,3675.79356719223,2248.0620155039273
Hold,2024-01-17 05:00:00,69.82,3687.4124549045714,Hold,3687.41245490462,2255.1679586563823
Hold,2024-01-17 06:00:00,69.34,3662.0621544411774,Hold,3662.0621544412256,2239.66408268739
Hold,2024-01-17 07:00:00,69.22,3655.7245793253282,Hold,3655.7245793253765,2235.7881136951414
Hold,2024-01-17 08:00:00,69.37,3663.6465482201397,Hold,3663.646548220188,2240.633074935452
Hold,2024-01-17 09:00:00,69.4,3665.230941999102,Hold,3665.23094199915,2241.602067183514
Hold,2024-01-17 10:00:00,69.44,3667.3434670377173,Hold,3667.3434670377655,2242.8940568475964
Hold,2024-01-17 11:00:00,69.15,3652.0276605077506,Hold,3652.0276605077984,2233.527131782997
Hold,2024-01-17 12:00:00,69.46,3668.3997295570252,Hold,3668.3997295570734,2243.5400516796376
Hold,2024-01-17 13:00:00,69.08,3648.3307416901716,Hold,3648.3307416902194,2231.2661498708526
Hold,2024-01-17 14:00:00,68.87,3637.239985237437,Hold,3637.2399852374847,2224.4832041344184
Trailing-Stop,2024-01-17 15:00:00,68.7,3628.261753823318,Trailing stop 10.0% hit,3628.261753823366,2218.992248062067
Buy,2024-01-20 13:00:00,70.95,3628.261753823318,Sinal: Compra,3628.261753823366,2291.6666666667197
Hold,2024-01-20 14:00:00,70.92,3619.477776607625,Hold,3619.4777766076722,2290.6976744186577
Hold,2024-01-20 15:00:00,70.93,3619.9881372642253,Hold,3619.9881372642726,2291.0206718346785
Hold,2024-01-20 16:00:00,70.89,3617.9466946378247,Hold,3617.946694637872,2289.7286821705957
Hold,2024-01-20 17:00:00,70.88,3617.436333981225,Hold,3617.436333981272,2289.405684754575
Hold,2024-01-20 18:00:00,70.67,3606.718760192624,Hold,3606.7187601926707,2282.6227390181407
Hold,2024-01-20 19:00:00,70.67,3606.718760192624,Hold,3606.7187601926707,2282.6227390181407
Hold,2024-01-20 20:00:00,70.88,3617.436333981225,Hold,3617.4363339812726,2289.4056847545753
Hold,2024-01-20 21:00:00,71.03,3625.091743830226,Hold,3625.0917438302736,2294.2506459948854
Hold,2024-01-20 22:00:00,71.22,3634.788596305627,Hold,3634.788596305675,2300.387596899279
Hold,2024-01-20 23:00:00,71.36,3641.9336454980275,Hold,3641.9336454980757,2304.909560723568
Hold,2024-01-21 00:00:00,71.43,3645.5061700942288,Hold,3645.506170094277,2307.170542635713
Hold,2024-01-21 01:00:00,71.36,3641.9336454980275,Hold,3641.9336454980757,2304.909560723568
Hold,2024-01-21 02:00:00,71.47,3647.5476127206284,Hold,3647.5476127206766,2308.462532299795
Hold,2024-01-21 03:00:00,71.35,3641.423284841427,Hold,3641.4232848414754,2304.5865633075464
Hold,2024-01-21 04:00:00,71.46,3647.037252064028,Hold,3647.0372520640767,2308.139534883774
Hold,2024-01-21 05:00:00,71.25,3636.319678275427,Hold,3636.319678275476,2301.3565891473395
Hold,2024-01-21 06:00:00,71.07,3627.133186456626,Hold,3627.133186456674,2295.542635658967
Hold,2024-01-21 07:00:00,71.42,3644.9958094376284,Hold,3644.995809437677,2306.8475452196913
Hold,2024-01-21 08:00:00,71.23,3635.2989569622273,Hold,3635.298956962276,2300.7105943152983
Hold,2024-01-21 09:00:00,71.24,3635.8093176188268,Hold,3635.8093176188754,2301.0335917313187
Hold,2024-01-21 10:00:00,71.42,3644.9958094376284,Hold,3644.995809437677,2306.847545219691
Hold,2024-01-21 11:00:00,71.09,3628.153907769826,Hold,3628.1539077698744,2296.188630491008
Hold,2024-01-21 12:00:00,71.01,3624.071022517026,Hold,3624.071022517074,2293.6046511628424
Hold,2024-01-21 13:00:00,71.27,3637.340399588627,Hold,3637.3403995886756,2302.00258397938
Hold,2024-01-21 14:00:00,71.23,3635.2989569622273,Hold,3635.298956962276,2300.7105943152974
Hold,2024-01-21 15:00:00,70.87,3616.925973324625,Hold,3616.9259733246736,2289.0826873385527
Hold,2024-01-21 16:00:00,70.68,3607.229120849224,Hold,3607.229120849272,2282.94573643416
Hold,2024-01-21 17:00:00,70.76,3611.3120061020245,Hold,3611.3120061020727,2285.529715762326
Hold,2024-01-21 18:00:00,70.84,3615.3948913548247,Hold,3615.3948913548734,2288.113695090491
Hold,2024-01-21 19:00:00,70.67,3606.718760192624,Hold,3606.7187601926726,2282.6227390181393
Hold,2024-01-21 20:00:00,71.47,3647.5476127206284,Hold,3647.5476127206775,2308.4625322997936
Hold,2024-01-21 21:00:00,71.68,3658.2651865092303,Hold,3658.2651865092803,2315.2454780362277
Hold,2024-01-21 22:00:00,72.16,3682.7624980260325,Hold,3682.7624980260825,2330.74935400522
Hold,2024-01-21 23:00:00,71.75,3661.83771110543,Hold,3661.83771110548,2317.5064599483726
Hold,2024-01-22 00:00:00,72.62,3706.2390882296354,Hold,3706.239088229686,2345.6072351421717
Hold,2024-01-22 01:00:00,71.85,3666.9413176714306,Hold,3666.9413176714806,2320.736434108579
Hold,2024-01-22 02:00:00,71.91,3670.003481611031,Hold,3670.003481611081,2322.674418604703
Hold,2024-01-22 03:00:00,72.24,3686.845383278833,Hold,3686.845383278883,2333.3333333333853
Hold,2024-01-22 04:00:00,71.26,3636.8300389320275,Hold,3636.830038932077,2301.6795865633594
Hold,2024-01-22 05:00:00,71.67,3657.75482585263,Hold,3657.75482585268,2314.922480620207
Hold,2024-01-22 06:00:00,72.26,3687.8661045920335,Hold,3687.8661045920835,2333.9793281654265
Hold,2024-01-22 07:00:00,72.37,3693.480071814634,Hold,3693.480071814684,2337.5322997416542
Hold,2024-01-22 08:00:00,71.48,3648.057973377229,Hold,3648.0579733772784,2308.785529715814
Hold,2024-01-22 09:00:00,69.92,3568.4417109476194,Hold,3568.4417109476676,2258.397932816588
Hold,2024-01-22 10:00:00,69.22,3532.716464985615,Hold,3532.7164649856627,2235.7881136951405
Hold,2024-01-22 11:00:00,69.45,3544.4547600874166,Hold,3544.454760087465,2243.217054263616
Hold,2024-01-22 12:00:00,69.6,3552.1101699364167,Hold,3552.110169936465,2248.0620155039255
Hold,2024-01-22 13:00:00,69.15,3529.1439403894146,Hold,3529.143940389463,2233.5271317829956
Hold,2024-01-22 14:00:00,68.84,3513.322760034813,Hold,3513.322760034861,2223.5142118863546
Hold,2024-01-22 15:00:00,68.72,3507.198432155612,Hold,3507.1984321556597,2219.6382428941065
Hold,2024-01-22 16:00:00,68.49,3495.4601370538103,Hold,3495.460137053858,2212.2093023256307
Hold,2024-01-22 17:00:00,68.41,3491.37725180101,Hold,3491.377251801058,2209.6253229974654
Hold,2024-01-22 18:00:00,68.27,3484.232202608609,Hold,3484.2322026086567,2205.103359173176
Hold,2024-01-22 19:00:00,67.4,3439.8308254844046,Hold,3439.8308254844515,2177.0025839793775
Hold,2024-01-22 20:00:00,67.83,3461.776333718207,Hold,3461.7763337182537,2190.8914728682666
Hold,2024-01-22 21:00:00,67.55,3447.486235333405,Hold,3447.486235333452,2181.8475452196876
Hold,2024-01-22 22:00:00,67.43,3441.361907454205,Hold,3441.361907454251,2177.9715762274395
Hold,2024-01-22 23:00:00,67.36,3437.789382858004,Hold,3437.7893828580504,2175.710594315294
Hold,2024-01-23 00:00:00,67.83,3461.776333718207,Hold,3461.7763337182537,2190.8914728682666
Hold,2024-01-23 01:00:00,67.76,3458.2038091220065,Hold,3458.2038091220534,2188.630490956122
Hold,2024-01-23 02:00:00,68.06,3473.514628820008,Hold,3473.5146288200553,2198.320413436742
Hold,2024-01-23 03:00:00,68.14,3477.5975140728083,Hold,3477.5975140728556,2200.9043927649072
Hold,2024-01-23 04:00:00,67.98,3469.431743567208,Hold,3469.431743567255,2195.7364341085763
Hold,2024-01-23 05:00:00,68.28,3484.7425632652094,Hold,3484.7425632652566,2205.426356589197
Hold,2024-01-23 06:00:00,68.09,3475.0457107898083,Hold,3475.045710789855,2199.289405684804
Hold,2024-01-23 07:00:00,67.72,3456.162366495606,Hold,3456.1623664956523,2187.338501292039
Hold,2024-01-23 08:00:00,66.86,3412.2713500280006,Hold,3412.2713500280465,2159.5607235142606
Trailing-Stop,2024-01-23 09:00:00,65.07,3320.9167924965896,Trailing stop 10.0% hit,3320.9167924966346,2101.7441860465588
Buy,2024-01-27 07:00:00,66.54,3320.9167924965896,Sinal: Compra,3320.9167924966346,2149.2248062015988
Hold,2024-01-27 08:00:00,66.45,3309.79548684395,Hold,3309.7954868439947,2146.3178294574122
Hold,2024-01-27 09:00:00,66.82,3328.2247468910864,Hold,3328.224746891132,2158.2687338501773
Hold,2024-01-27 10:00:00,66.76,3325.2362182347943,Hold,3325.2362182348393,2156.3307493540538
Hold,2024-01-27 11:00:00,67.02,3338.1865090787282,Hold,3338.1865090787733,2164.7286821705907
Hold,2024-01-27 12:00:00,67.08,3341.175037735021,Hold,3341.1750377350654,2166.6666666667147
Hold,2024-01-27 13:00:00,67.0,3337.190332859964,Hold,3337.1903328600088,2164.0826873385495
Hold,2024-01-27 14:00:00,67.09,3341.6731258444033,Hold,3341.673125844448,2166.989664082736
Hold,2024-01-27 15:00:00,67.19,3346.6540069382236,Hold,3346.654006938268,2170.2196382429424
Hold,2024-01-27 16:00:00,67.37,3355.619592907102,Hold,3355.6195929071464,2176.033591731315
Hold,2024-01-27 17:00:00,67.63,3368.569883751036,Hold,3368.5698837510804,2184.4315245478524
Hold,2024-01-27 18:00:00,68.07,3390.485760563847,Hold,3390.4857605638917,2198.6434108527624
Hold,2024-01-27 19:00:00,68.09,3391.4819367826117,Hold,3391.4819367826562,2199.289405684804
Hold,2024-01-27 20:00:00,68.16,3394.9685535482863,Hold,3394.968553548331,2201.5503875969484
Hold,2024-01-27 21:00:00,68.24,3398.9532584233425,Hold,3398.953258423387,2204.1343669251137
Hold,2024-01-27 22:00:00,68.15,3394.4704654389043,Hold,3394.4704654389493,2201.2273901809276
Hold,2024-01-27 23:00:00,68.06,3389.987672454465,Hold,3389.98767245451,2198.3204134367415
Hold,2024-01-28 00:00:00,67.94,3384.01061514188,Hold,3384.010615141925,2194.444444444493
Hold,2024-01-28 01:00:00,68.08,3390.983848673229,Hold,3390.9838486732747,2198.9664082687827
Hold,2024-01-28 02:00:00,68.01,3387.497231907555,Hold,3387.4972319076005,2196.7054263566383
Hold,2024-01-28 03:00:00,68.28,3400.9456108608715,Hold,3400.9456108609174,2205.4263565891965
Hold,2024-01-28 04:00:00,68.34,3403.9341395171637,Hold,3403.934139517209,2207.3643410853206
Hold,2024-01-28 05:00:00,68.32,3402.937963298399,Hold,3402.9379632984446,2206.718346253279
Hold,2024-01-28 06:00:00,68.02,3387.9953200169366,Hold,3387.995320016982,2197.0284237726587
Hold,2024-01-28 07:00:00,67.81,3377.535469719913,Hold,3377.535469719958,2190.245478036225
Hold,2024-01-28 08:00:00,67.91,3382.516350813734,Hold,3382.516350813779,2193.475452196432
Hold,2024-01-28 09:00:00,67.98,3386.002967579409,Hold,3386.0029675794544,2195.7364341085768
Hold,2024-01-28 10:00:00,68.09,3391.4819367826117,Hold,3391.481936782657,2199.289405684804
Hold,2024-01-28 11:00:00,67.77,3375.5431172823846,Hold,3375.5431172824296,2188.9534883721426
Hold,2024-01-28 12:00:00,67.68,3371.0603242979464,Hold,3371.060324297991,2186.0465116279565
Hold,2024-01-28 13:00:00,67.69,3371.558412407328,Hold,3371.558412407373,2186.3695090439774
Hold,2024-01-28 14:00:00,67.4,3357.113857235248,Hold,3357.113857235293,2177.0025839793775
Hold,2024-01-28 15:00:00,67.65,3369.5660599698,Hold,3369.5660599698454,2185.077519379895
Hold,2024-01-28 16:00:00,67.96,3385.006791360644,Hold,3385.0067913606895,2195.0904392765356
Hold,2024-01-28 17:00:00,68.23,3398.4551703139605,Hold,3398.4551703140064,2203.8113695090938
Sell,2024-01-28 18:00:00,67.6,3367.075619422889,Sinal: Venda,3367.0756194229343,2183.462532299791
Buy,2024-01-29 08:00:00,67.49,3367.075619422889,Sinal: Compra,3367.0756194229343,2179.9095607235636
Hold,2024-01-29 09:00:00,67.77,3374.2861088390473,Hold,3374.2861088390923,2188.9534883721426
Hold,2024-01-29 10:00:00,67.66,3368.809179932861,Hold,3368.809179932906,2185.400516795915
Hold,2024-01-29 11:00:00,67.59,3365.323861538015,Hold,3365.3238615380606,2183.1395348837705
Hold,2024-01-29 12:00:00,67.33,3352.3783932142996,Hold,3352.378393214345,2174.7416020672326
Hold,2024-01-29 13:00:00,66.95,3333.458093356563,Hold,3333.458093356608,2162.467700258447
Hold,2024-01-29 14:00:00,67.09,3340.4287301462555,Hold,3340.4287301463005,2166.9896640827365
Hold,2024-01-29 15:00:00,67.56,3363.830153654509,Hold,3363.8301536545546,2182.1705426357084
Hold,2024-01-29 16:00:00,67.97,3384.2441613957512,Hold,3384.244161395797,2195.4134366925564
Hold,2024-01-29 17:00:00,68.17,3394.2022139524556,Hold,3394.2022139525016,2201.8733850129697
Hold,2024-01-29 18:00:00,68.14,3392.7085060689496,Hold,3392.7085060689956,2200.9043927649077
Hold,2024-01-29 19:00:00,68.37,3404.1602665091596,Hold,3404.1602665092055,2208.3333333333835
Hold,2024-01-29 20:00:00,68.53,3412.1267085545223,Hold,3412.1267085545683,2213.501291989714
Hold,2024-01-29 21:00:00,68.35,3403.1644612534883,Hold,3403.164461253534,2207.6873385013414
Hold,2024-01-29 22:00:00,68.46,3408.641390159675,Hold,3408.641390159721,2211.240310077569
Hold,2024-01-29 23:00:00,68.43,3407.14768227617,Hold,3407.147682276216,2210.271317829507
Hold,2024-01-30 00:00:00,68.06,3388.7252850462687,Hold,3388.7252850463146,2198.320413436742
Hold,2024-01-30 01:00:00,68.43,3407.14768227617,Hold,3407.1476822762165,2210.271317829507
Hold,2024-01-30 02:00:00,68.34,3402.6665586256536,Hold,3402.6665586257,2207.364341085321
Hold,2024-01-30 03:00:00,68.16,3393.70431132462,Hold,3393.7043113246664,2201.5503875969484
Hold,2024-01-30 04:00:00,68.1,3390.7168955576085,Hold,3390.716895557655,2199.6124031008244
Hold,2024-01-30 05:00:00,68.08,3389.721090301938,Hold,3389.721090301985,2198.966408268783
Hold,2024-01-30 06:00:00,68.19,3395.1980192081255,Hold,3395.198019208172,2202.5193798450105
Hold,2024-01-30 07:00:00,68.07,3389.2231876741034,Hold,3389.22318767415,2198.643410852763
Hold,2024-01-30 08:00:00,68.09,3390.218992929774,Hold,3390.2189929298206,2199.289405684804
Hold,2024-01-30 09:00:00,68.08,3389.721090301938,Hold,3389.721090301985,2198.966408268783
Hold,2024-01-30 10:00:00,68.24,3397.687532347301,Hold,3397.6875323473478,2204.1343669251137
Hold,2024-01-30 11:00:00,68.37,3404.1602665091596,Hold,3404.160266509207,2208.333333333383
Hold,2024-01-30 12:00:00,67.8,3375.7798167225533,Hold,3375.7798167225997,2189.922480620204
Hold,2024-01-30 13:00:00,67.81,3376.2777193503885,Hold,3376.2777193504353,2190.2454780362254
Hold,2024-01-30 14:00:00,68.07,3389.2231876741034,Hold,3389.2231876741503,2198.643410852763
Hold,2024-01-30 15:00:00,68.2,3395.695921835961,Hold,3395.6959218360084,2202.8423772610317
Hold,2024-01-30 16:00:00,68.35,3403.1644612534883,Hold,3403.164461253535,2207.6873385013414
Hold,2024-01-30 17:00:00,68.46,3408.641390159675,Hold,3408.6413901597225,2211.240310077569
Hold,2024-01-30 18:00:00,68.33,3402.1686559978184,Hold,3402.1686559978652,2207.0413436693
Hold,2024-01-30 19:00:00,68.45,3408.1434875318405,Hold,3408.1434875318873,2210.9173126615487
Hold,2024-01-30 20:00:00,68.41,3406.1518770204993,Hold,3406.1518770205457,2209.625322997466
Hold,2024-01-30 21:00:00,68.36,3403.662363881324,Hold,3403.6623638813708,2208.0103359173627
Hold,2024-01-30 22:00:00,67.93,3382.252550884411,Hold,3382.252550884457,2194.1214470284735
Hold,2024-01-30 23:00:00,67.47,3359.349030003992,Hold,3359.349030004038,2179.263565891522
Hold,2024-01-31 00:00:00,67.52,3361.838543143168,Hold,3361.8385431432134,2180.878552971625
Hold,2024-01-31 01:00:00,67.7,3370.800790444202,Hold,3370.800790444248,2186.6925064599977
Hold,2024-01-31 02:00:00,67.95,3383.2483561400813,Hold,3383.2483561401273,2194.7674418605147
Hold,2024-01-31 03:00:00,67.97,3384.2441613957512,Hold,3384.244161395797,2195.413436692556
Hold,2024-01-31 04:00:00,67.94,3382.7504535122457,Hold,3382.7504535122916,2194.444444444494
Hold,2024-01-31 05:00:00,67.87,3379.2651351174,Hold,3379.265135117446,2192.1834625323495
Hold,2024-01-31 06:00:00,67.84,3377.7714272338944,Hold,3377.7714272339404,2191.214470284287
Hold,2024-01-31 07:00:00,68.24,3397.687532347301,Hold,3397.6875323473473,2204.1343669251137
Hold,2024-01-31 08:00:00,69.45,3457.9337503153592,Hold,3457.9337503154065,2243.2170542636163
Hold,2024-01-31 09:00:00,69.24,3447.4777951308197,Hold,3447.4777951308665,2236.434108527182
Hold,2024-01-31 10:00:00,67.97,3384.2441613957512,Hold,3384.244161395797,2195.413436692556
Hold,2024-01-31 11:00:00,68.09,3390.218992929774,Hold,3390.2189929298197,2199.289405684804
Hold,2024-01-31 12:00:00,67.87,3379.2651351174,Hold,3379.265135117446,2192.1834625323495
Hold,2024-01-31 13:00:00,68.01,3386.235771907093,Hold,3386.2357719071388,2196.7054263566392
Hold,2024-01-31 14:00:00,67.82,3376.7756219782236,Hold,3376.7756219782696,2190.568475452246
Hold,2024-01-31 15:00:00,68.36,3403.662363881324,Hold,3403.6623638813703,2208.0103359173627
Hold,2024-01-31 16:00:00,68.37,3404.1602665091596,Hold,3404.160266509206,2208.3333333333835
Hold,2024-01-31 17:00:00,68.37,3404.1602665091596,Hold,3404.160266509206,2208.3333333333835
Hold,2024-01-31 18:00:00,67.86,3378.767232489565,Hold,3378.767232489611,2191.8604651163287
Hold,2024-01-31 19:00:00,67.81,3376.2777193503885,Hold,3376.277719350435,2190.2454780362254
Hold,2024-01-31 20:00:00,67.02,3336.943411751409,Hold,3336.9434117514547,2164.728682170591
Hold,2024-01-31 21:00:00,66.64,3318.023111893672,Hold,3318.023111893718,2152.454780361806
Hold,2024-01-31 22:00:00,66.68,3320.014722405013,Hold,3320.0147224050584,2153.746770025889
Hold,2024-01-31 23:00:00,66.76,3323.9979434276947,Hold,3323.99794342774,2156.330749354054
Hold,2024-02-01 00:00:00,66.8,3325.989553939035,Hold,3325.9895539390805,2157.622739018137
Hold,2024-02-01 01:00:00,65.83,3277.692999039022,Hold,3277.692999039067,2126.2919896641306
Hold,2024-02-01 02:00:00,66.47,3309.558767220474,Hold,3309.5587672205193,2146.963824289454
Hold,2024-02-01 03:00:00,66.57,3314.5377934988255,Hold,3314.537793498871,2150.1937984496603
Hold,2024-02-01 04:00:00,66.73,3322.5042355441888,Hold,3322.5042355442347,2155.3617571059913
Hold,2024-02-01 05:00:00,66.71,3321.508430288518,Hold,3321.5084302885634,2154.7157622739496
Hold,2024-02-01 06:00:00,66.64,3318.023111893672,Hold,3318.023111893718,2152.454780361805
Hold,2024-02-01 07:00:00,66.56,3314.039890870991,Hold,3314.0398908710363,2149.8708010336395
Hold,2024-02-01 08:00:00,66.64,3318.023111893672,Hold,3318.023111893718,2152.454780361805
Hold,2024-02-01 09:00:00,66.49,3310.554572476144,Hold,3310.5545724761896,2147.6098191214946
Hold,2024-02-01 10:00:00,66.34,3303.0860330586165,Hold,3303.086033058662,2142.764857881185
Hold,2024-02-01 11:00:00,66.09,3290.638467362737,Hold,3290.6384673627826,2134.689922480668
Hold,2024-02-01 12:00:00,66.3,3301.094422547276,Hold,3301.0944225473213,2141.472868217102
Hold,2024-02-01 13:00:00,66.4,3306.073448825628,Hold,3306.073448825673,2144.7028423773095
Hold,2024-02-01 14:00:00,66.79,3325.4916513112003,Hold,3325.4916513112453,2157.299741602116
Hold,2024-02-01 15:00:00,66.69,3320.5126250328476,Hold,3320.5126250328926,2154.0697674419084
Hold,2024-02-01 16:00:00,66.96,3333.9559959843978,Hold,3333.955995984443,2162.790697674467
Hold,2024-02-01 17:00:00,67.28,3349.8888800751242,Hold,3349.8888800751697,2173.126614987129
Hold,2024-02-01 18:00:00,67.28,3349.8888800751242,Hold,3349.8888800751697,2173.126614987129
Hold,2024-02-01 19:00:00,67.58,3364.8259589101795,Hold,3364.825958910225,2182.8165374677496
Hold,2024-02-01 20:00:00,67.95,3383.2483561400813,Hold,3383.248356140127,2194.767441860515
Hold,2024-02-01 21:00:00,67.69,3370.3028878163664,Hold,3370.302887816412,2186.3695090439774
Hold,2024-02-01 22:00:00,67.35,3353.37419846997,Hold,3353.374198470015,2175.3875968992743
Hold,2024-02-01 23:00:00,67.54,3362.834348398839,Hold,3362.8343483988842,2181.5245478036672
Hold,2024-02-02 00:00:00,67.6,3365.82176416585,Hold,3365.821764165895,2183.4625322997913
Hold,2024-02-02 01:00:00,67.83,3377.273524606059,Hold,3377.273524606104,2190.891472868267
Hold,2024-02-02 02:00:00,67.92,3381.754648256576,Hold,3381.7546482566213,2193.798449612453
Hold,2024-02-02 03:00:00,67.84,3377.7714272338944,Hold,3377.7714272339394,2191.214470284288
Hold,2024-02-02 04:00:00,67.72,3371.796595699872,Hold,3371.796595699917,2187.33850129204
Hold,2024-02-02 05:00:00,67.77,3374.2861088390473,Hold,3374.286108839092,2188.9534883721435
Hold,2024-02-02 06:00:00,67.87,3379.2651351174,Hold,3379.265135117445,2192.1834625323504
Hold,2024-02-02 07:00:00,67.92,3381.754648256576,Hold,3381.754648256621,2193.7984496124536
Hold,2024-02-02 08:00:00,67.78,3374.784011466883,Hold,3374.784011466928,2189.276485788164
Hold,2024-02-02 09:00:00,67.92,3381.754648256576,Hold,3381.754648256621,2193.7984496124536
Hold,2024-02-02 10:00:00,67.98,3384.742064023587,Hold,3384.742064023632,2195.7364341085777
Hold,2024-02-02 11:00:00,67.92,3381.754648256576,Hold,3381.754648256621,2193.7984496124536
Hold,2024-02-02 12:00:00,67.82,3376.7756219782236,Hold,3376.775621978268,2190.5684754522467
Hold,2024-02-02 13:00:00,67.72,3371.796595699872,Hold,3371.796595699917,2187.3385012920403
Hold,2024-02-02 14:00:00,67.82,3376.7756219782236,Hold,3376.775621978268,2190.5684754522467
Hold,2024-02-02 15:00:00,68.38,3404.6581691369943,Hold,3404.6581691370393,2208.6563307494052
Hold,2024-02-02 16:00:00,68.19,3395.1980192081255,Hold,3395.198019208171,2202.5193798450123
Hold,2024-02-02 17:00:00,67.77,3374.2861088390473,Hold,3374.2861088390923,2188.953488372144
Hold,2024-02-02 18:00:00,67.73,3372.2944983277075,Hold,3372.2944983277525,2187.6614987080616
Hold,2024-02-02 19:00:00,67.85,3378.269329861729,Hold,3378.269329861774,2191.537467700309
Hold,2024-02-02 20:00:00,67.8,3375.7798167225533,Hold,3375.7798167225983,2189.9224806202055
Hold,2024-02-02 21:00:00,67.85,3378.269329861729,Hold,3378.2693298617746,2191.5374677003088
Hold,2024-02-02 22:00:00,68.09,3390.218992929774,Hold,3390.2189929298193,2199.289405684805
Hold,2024-02-02 23:00:00,68.05,3388.227382418433,Hold,3388.227382418478,2197.997416020722
Hold,2024-02-03 00:00:00,68.14,3392.7085060689496,Hold,3392.7085060689947,2200.9043927649086
Hold,2024-02-03 01:00:00,68.21,3396.193824463796,Hold,3396.193824463841,2203.165374677053
Hold,2024-02-03 02:00:00,68.27,3399.181240230807,Hold,3399.181240230852,2205.103359173177
Hold,2024-02-03 03:00:00,68.11,3391.214798185444,Hold,3391.214798185489,2199.935400516846
Hold,2024-02-03 04:00:00,68.16,3393.70431132462,Hold,3393.704311324665,2201.55038759695
Hold,2024-02-03 05:00:00,68.3,3400.6749481143124,Hold,3400.6749481143574,2206.0723514212395
Hold,2024-02-03 06:00:00,68.26,3398.683337602972,Hold,3398.683337603017,2204.780361757157
Hold,2024-02-03 07:00:00,68.17,3394.2022139524556,Hold,3394.2022139525006,2201.8733850129706
Hold,2024-02-03 08:00:00,67.91,3381.2567456287406,Hold,3381.256745628785,2193.4754521964333
Hold,2024-02-03 09:00:00,68.15,3393.2064086967853,Hold,3393.20640869683,2201.2273901809294
Hold,2024-02-03 10:00:00,68.39,3405.1560717648294,Hold,3405.1560717648745,2208.9793281654256
Hold,2024-02-03 11:00:00,68.13,3392.2106034411145,Hold,3392.210603441159,2200.581395348888
Hold,2024-02-03 12:00:00,68.34,3402.6665586256536,Hold,3402.6665586256986,2207.364341085323
Hold,2024-02-03 13:00:00,68.3,3400.6749481143124,Hold,3400.6749481143574,2206.07235142124
Hold,2024-02-03 14:00:00,68.32,3401.670753369983,Hold,3401.670753370028,2206.718346253281
Hold,2024-02-03 15:00:00,68.53,3412.1267085545223,Hold,3412.1267085545683,2213.5012919897154
Hold,2024-02-03 16:00:00,68.3,3400.6749481143124,Hold,3400.674948114358,2206.0723514212395
Hold,2024-02-03 17:00:00,68.42,3406.649779648335,Hold,3406.649779648381,2209.948320413488
Hold,2024-02-03 18:00:00,68.16,3393.70431132462,Hold,3393.7043113246655,2201.5503875969503
Hold,2024-02-03 19:00:00,68.32,3401.670753369983,Hold,3401.6707533700283,2206.718346253281
Hold,2024-02-03 20:00:00,68.66,3418.599442716379,Hold,3418.5994427164246,2217.7002583979843
Hold,2024-02-03 21:00:00,68.86,3428.557495273083,Hold,3428.557495273129,2224.160206718398
Hold,2024-02-03 22:00:00,69.05,3438.0176452019514,Hold,3438.017645201997,2230.2971576227906
Hold,2024-02-03 23:00:00,68.81,3426.067982133907,Hold,3426.0679821339527,2222.5452196382944
Hold,2024-02-04 00:00:00,68.85,3428.059592645248,Hold,3428.0595926452934,2223.837209302377
Hold,2024-02-04 01:00:00,68.52,3411.6288059266867,Hold,3411.6288059267317,2213.1782945736945
Hold,2024-02-04 02:00:00,68.25,3398.1854349751366,Hold,3398.1854349751816,2204.457364341136
Hold,2024-02-04 03:00:00,68.25,3398.1854349751366,Hold,3398.1854349751816,2204.457364341136
Hold,2024-02-04 04:00:00,68.01,3386.235771907093,Hold,3386.235771907138,2196.7054263566397
Hold,2024-02-04 05:00:00,67.97,3384.2441613957512,Hold,3384.2441613957967,2195.413436692557
Hold,2024-02-04 06:00:00,67.78,3374.784011466883,Hold,3374.784011466928,2189.2764857881643
Hold,2024-02-04 07:00:00,67.79,3375.2819140947186,Hold,3375.281914094764,2189.599483204185
Hold,2024-02-04 08:00:00,67.67,3369.307082560696,Hold,3369.3070825607415,2185.7235142119366
Hold,2024-02-04 09:00:00,67.91,3381.2567456287406,Hold,3381.256745628786,2193.475452196433
Hold,2024-02-04 10:00:00,67.87,3379.2651351174,Hold,3379.2651351174454,2192.1834625323504
Hold,2024-02-04 11:00:00,68.18,3394.700116580291,Hold,3394.7001165803363,2202.1963824289915
Hold,2024-02-04 12:00:00,67.88,3379.7630377452347,Hold,3379.7630377452797,2192.506459948371
Hold,2024-02-04 13:00:00,68.06,3388.7252850462687,Hold,3388.725285046314,2198.320413436743
Hold,2024-02-04 14:00:00,67.85,3378.269329861729,Hold,3378.269329861774,2191.5374677003088
Hold,2024-02-04 15:00:00,67.81,3376.2777193503885,Hold,3376.2777193504335,2190.2454780362264
Hold,2024-02-04 16:00:00,67.57,3364.328056282344,Hold,3364.328056282389,2182.4935400517297
Hold,2024-02-04 17:00:00,67.57,3364.328056282344,Hold,3364.328056282389,2182.4935400517297
Hold,2024-02-04 18:00:00,67.2,3345.9056590524424,Hold,3345.9056590524874,2170.5426356589646
Hold,2024-02-04 19:00:00,67.09,3340.4287301462555,Hold,3340.4287301463005,2166.9896640827374
Hold,2024-02-04 20:00:00,67.35,3353.37419846997,Hold,3353.3741984700155,2175.3875968992747
Hold,2024-02-04 21:00:00,67.36,3353.872101097805,Hold,3353.8721010978506,2175.7105943152956
Hold,2024-02-04 22:00:00,66.86,3328.976969706046,Hold,3328.976969706091,2159.5607235142616
Hold,2024-02-04 23:00:00,66.94,3332.9601907287274,Hold,3332.9601907287724,2162.144702842427
Hold,2024-02-05 00:00:00,66.97,3334.453898612233,Hold,3334.453898612278,2163.113695090489
Hold,2024-02-05 01:00:00,67.1,3340.92663277409,Hold,3340.926632774135,2167.3126614987573
Hold,2024-02-05 02:00:00,67.04,3337.9392170070796,Hold,3337.9392170071246,2165.3746770026337
Hold,2024-02-05 03:00:00,67.16,3343.9140485411012,Hold,3343.9140485411463,2169.250645994882
Hold,2024-02-05 04:00:00,67.1,3340.92663277409,Hold,3340.9266327741348,2167.3126614987577
Hold,2024-02-05 05:00:00,67.02,3336.943411751409,Hold,3336.9434117514534,2164.7286821705925
Hold,2024-02-05 06:00:00,67.26,3348.893074819454,Hold,3348.893074819499,2172.480620155089
Hold,2024-02-05 07:00:00,67.55,3363.332251026674,Hold,3363.332251026719,2181.847545219689
Hold,2024-02-05 08:00:00,67.76,3373.788206211213,Hold,3373.7882062112585,2188.6304909561236
Hold,2024-02-05 09:00:00,67.91,3381.2567456287406,Hold,3381.2567456287866,2193.4754521964333
Hold,2024-02-05 10:00:00,68.01,3386.235771907093,Hold,3386.235771907139,2196.7054263566406
Hold,2024-02-05 11:00:00,67.98,3384.742064023587,Hold,3384.7420640236332,2195.7364341085786
Hold,2024-02-05 12:00:00,67.88,3379.7630377452347,Hold,3379.7630377452806,2192.5064599483717
Hold,2024-02-05 13:00:00,68.09,3390.218992929774,Hold,3390.2189929298206,2199.2894056848063
Hold,2024-02-05 14:00:00,67.88,3379.7630377452347,Hold,3379.763037745281,2192.5064599483717
Hold,2024-02-05 15:00:00,67.54,3362.834348398839,Hold,3362.8343483988856,2181.524547803669
Hold,2024-02-05 16:00:00,67.69,3370.3028878163664,Hold,3370.3028878164127,2186.369509043979
Hold,2024-02-05 17:00:00,67.86,3378.767232489565,Hold,3378.767232489612,2191.860465116331
Hold,2024-02-05 18:00:00,67.78,3374.784011466883,Hold,3374.78401146693,2189.2764857881657
Hold,2024-02-05 19:00:00,67.79,3375.2819140947186,Hold,3375.2819140947663,2189.599483204186
Hold,2024-02-05 20:00:00,67.89,3380.2609403730703,Hold,3380.260940373118,2192.829457364393
Hold,2024-02-05 21:00:00,67.41,3356.361614236981,Hold,3356.361614237028,2177.3255813954006
Hold,2024-02-05 22:00:00,67.56,3363.830153654509,Hold,3363.830153654557,2182.170542635711
Hold,2024-02-05 23:00:00,67.7,3370.800790444202,Hold,3370.8007904442497,2186.692506460001
Hold,2024-02-06 00:00:00,67.77,3374.2861088390473,Hold,3374.2861088390946,2188.953488372145
Hold,2024-02-06 01:00:00,68.05,3388.227382418433,Hold,3388.227382418481,2197.997416020724
Hold,2024-02-06 02:00:00,68.08,3389.721090301938,Hold,3389.721090301986,2198.9664082687864
Sell,2024-02-06 03:00:00,67.8,3375.7798167225533,Sinal: Venda,3375.779816722601,2189.9224806202074
Buy,2024-02-09 04:00:00,71.22,3375.7798167225533,Sinal: Compra,3375.779816722601,2300.3875968992797
Hold,2024-02-09 05:00:00,71.23,3369.5046785910354,Hold,3369.504678591083,2300.7105943153
Hold,2024-02-09 06:00:00,70.9,3353.894169761398,Hold,3353.894169761446,2290.051679586618
Hold,2024-02-09 07:00:00,70.94,3355.786352649839,Hold,3355.7863526498863,2291.3436692507003
Hold,2024-02-09 08:00:00,70.75,3346.798483929745,Hold,3346.7984839297924,2285.2067183463073
Hold,2024-02-09 09:00:00,70.54,3336.864523765431,Hold,3336.8645237654778,2278.4237726098736
Hold,2024-02-09 10:00:00,70.56,3337.810615209651,Hold,3337.810615209698,2279.069767441915
Hold,2024-02-09 11:00:00,70.89,3353.421124039288,Hold,3353.4211240393347,2289.728682170597
Hold,2024-02-09 12:00:00,70.9,3353.894169761398,Hold,3353.8941697614455,2290.0516795866183
Hold,2024-02-09 13:00:00,71.11,3363.828129925713,Hold,3363.8281299257596,2296.8346253230525
Hold,2024-02-09 14:00:00,70.62,3340.6488895423126,Hold,3340.648889542359,2281.0077519380393
Hold,2024-02-09 15:00:00,70.87,3352.475032595068,Hold,3352.4750325951145,2289.0826873385563
Hold,2024-02-09 16:00:00,70.47,3333.553203710659,Hold,3333.5532037107055,2276.1627906977287
Hold,2024-02-09 17:00:00,70.75,3346.798483929745,Hold,3346.7984839297915,2285.2067183463078
Hold,2024-02-09 18:00:00,70.77,3347.7445753739653,Hold,3347.7445753740117,2285.852713178349
Hold,2024-02-09 19:00:00,70.71,3344.906301041304,Hold,3344.90630104135,2283.914728682225
Hold,2024-02-09 20:00:00,70.57,3338.283660931761,Hold,3338.2836609318074,2279.392764857935
Hold,2024-02-09 21:00:00,70.9,3353.894169761398,Hold,3353.8941697614446,2290.0516795866183
Hold,2024-02-09 22:00:00,70.7,3344.433255319194,Hold,3344.43325531924,2283.5917312662045
Hold,2024-02-09 23:00:00,70.64,3341.594980986533,Hold,3341.594980986579,2281.6537467700805
Hold,2024-02-10 00:00:00,70.81,3349.6367582624066,Hold,3349.636758262453,2287.1447028424323
Hold,2024-02-10 01:00:00,71.08,3362.408992759382,Hold,3362.408992759428,2295.865633074991
Hold,2024-02-10 02:00:00,71.17,3366.666404258374,Hold,3366.6664042584202,2298.772609819177
Hold,2024-02-10 03:00:00,70.86,3352.0019868729573,Hold,3352.0019868730037,2288.759689922536
Hold,2024-02-10 04:00:00,70.64,3341.594980986533,Hold,3341.5949809865792,2281.653746770081
Hold,2024-02-10 05:00:00,70.6,3339.7027980980915,Hold,3339.702798098138,2280.361757105998
Hold,2024-02-10 06:00:00,70.44,3332.1340665443286,Hold,3332.134066544375,2275.193798449667
Hold,2024-02-10 07:00:00,70.67,3343.0141181528634,Hold,3343.0141181529098,2282.6227390181425
Hold,2024-02-10 08:00:00,70.56,3337.810615209651,Hold,3337.8106152096975,2279.0697674419152
Hold,2024-02-10 09:00:00,70.46,3333.0801579885488,Hold,3333.0801579885947,2275.8397932817084
Hold,2024-02-10 10:00:00,70.01,3311.7931004935895,Hold,3311.793100493635,2261.3049095607776
Hold,2024-02-10 11:00:00,70.26,3323.619243546345,Hold,3323.6192435463904,2269.379844961295
Hold,2024-02-10 12:00:00,70.25,3323.1461978242346,Hold,3323.1461978242805,2269.0568475452737
Hold,2024-02-10 13:00:00,70.29,3325.0383807126755,Hold,3325.0383807127214,2270.3488372093566
Hold,2024-02-10 14:00:00,70.27,3324.092289268455,Hold,3324.0922892685007,2269.702842377315
Hold,2024-02-10 15:00:00,70.36,3328.349700767447,Hold,3328.349700767493,2272.6098191215015
Hold,2024-02-10 16:00:00,70.52,3335.91843232121,Hold,3335.9184323212558,2277.777777777832
Hold,2024-02-10 17:00:00,70.39,3329.7688379337774,Hold,3329.7688379338233,2273.578811369563
Hold,2024-02-10 18:00:00,70.59,3339.229752375982,Hold,3339.229752376028,2280.038759689977
Hold,2024-02-10 19:00:00,70.63,3341.1219352644225,Hold,3341.121935264469,2281.330749354059
Hold,2024-02-10 20:00:00,70.72,3345.3793467634146,Hold,3345.379346763461,2284.2377260982457
Hold,2024-02-10 21:00:00,70.89,3353.421124039288,Hold,3353.4211240393342,2289.7286821705975
Hold,2024-02-10 22:00:00,70.79,3348.6906668181864,Hold,3348.6906668182332,2286.498708010391
Hold,2024-02-10 23:00:00,70.8,3349.163712540296,Hold,3349.163712540342,2286.821705426412
Hold,2024-02-11 00:00:00,70.77,3347.7445753739653,Hold,3347.7445753740117,2285.8527131783494
Hold,2024-02-11 01:00:00,70.95,3356.2593983719494,Hold,3356.2593983719958,2291.666666666722
Hold,2024-02-11 02:00:00,70.92,3354.840261205619,Hold,3354.8402612056652,2290.69767441866
Hold,2024-02-11 03:00:00,72.68,3438.096308297016,Hold,3438.0963082970643,2347.5452196383
Hold,2024-02-11 04:00:00,72.71,3439.515445463346,Hold,3439.5154454633944,2348.514211886361
Hold,2024-02-11 05:00:00,72.42,3425.7971195221508,Hold,3425.7971195221985,2339.1472868217616
Hold,2024-02-11 06:00:00,72.51,3430.0545310211423,Hold,3430.05453102119,2342.0542635659476
Hold,2024-02-11 07:00:00,72.37,3423.4318909115996,Hold,3423.4318909116473,2337.5322997416583
Hold,2024-02-11 08:00:00,72.22,3416.336205079946,Hold,3416.3362050799938,2332.687338501348
Hold,2024-02-11 09:00:00,72.14,3412.5518393030648,Hold,3412.5518393031125,2330.1033591731825
Hold,2024-02-11 10:00:00,71.98,3404.9831077493013,Hold,3404.983107749349,2324.9354005168516
Hold,2024-02-11 11:00:00,72.08,3409.7135649704032,Hold,3409.7135649704514,2328.1653746770585
Hold,2024-02-11 12:00:00,72.17,3413.9709764693953,Hold,3413.9709764694435,2331.072351421245
Hold,2024-02-11 13:00:00,71.78,3395.5221933070966,Hold,3395.5221933071443,2318.4754521964383
Hold,2024-02-11 14:00:00,72.14,3412.5518393030648,Hold,3412.5518393031125,2330.1033591731825
Hold,2024-02-11 15:00:00,72.28,3419.1744794126075,Hold,3419.1744794126557,2334.6253229974723
Hold,2024-02-11 16:00:00,72.1,3410.659656414623,Hold,3410.6596564146707,2328.8113695090997
Hold,2024-02-11 17:00:00,72.17,3413.9709764693953,Hold,3413.9709764694435,2331.072351421245
Hold,2024-02-11 18:00:00,72.18,3414.4440221915056,Hold,3414.444022191554,2331.3953488372654
Hold,2024-02-11 19:00:00,72.3,3420.1205708568277,Hold,3420.120570856876,2335.271317829513
Hold,2024-02-11 20:00:00,71.62,3387.9534617533336,Hold,3387.9534617533814,2313.307493540107
Hold,2024-02-11 21:00:00,71.53,3383.6960502543416,Hold,3383.6960502543893,2310.400516795921
Hold,2024-02-11 22:00:00,71.42,3378.4925473111293,Hold,3378.492547311177,2306.847545219693
Hold,2024-02-11 23:00:00,71.55,3384.6421416985618,Hold,3384.642141698609,2311.046511627962
Hold,2024-02-12 00:00:00,71.76,3394.576101862877,Hold,3394.5761018629246,2317.829457364396
Hold,2024-02-12 01:00:00,71.64,3388.899553197554,Hold,3388.8995531976016,2313.9534883721476
Hold,2024-02-12 02:00:00,71.06,3361.462901315162,Hold,3361.462901315209,2295.2196382429483
Hold,2024-02-12 03:00:00,71.13,3364.774221369933,Hold,3364.7742213699803,2297.4806201550928
Hold,2024-02-12 04:00:00,70.96,3356.7324440940592,Hold,3356.7324440941065,2291.9896640827415
Hold,2024-02-12 05:00:00,70.92,3354.840261205619,Hold,3354.840261205666,2290.697674418659
Hold,2024-02-12 06:00:00,70.99,3358.15158126039,Hold,3358.151581260437,2292.9586563308035
Hold,2024-02-12 07:00:00,71.17,3366.666404258374,Hold,3366.666404258421,2298.772609819176
Hold,2024-02-12 08:00:00,70.96,3356.7324440940592,Hold,3356.732444094107,2291.9896640827415
Hold,2024-02-12 09:00:00,70.55,3337.3375694875403,Hold,3337.3375694875876,2278.7467700258935
Hold,2024-02-12 10:00:00,70.8,3349.163712540296,Hold,3349.1637125403427,2286.8217054264105
Hold,2024-02-12 11:00:00,70.67,3343.0141181528634,Hold,3343.01411815291,2282.6227390181416
Hold,2024-02-12 12:00:00,70.66,3342.541072430753,Hold,3342.5410724308003,2282.299741602121
Hold,2024-02-12 13:00:00,70.65,3342.0680267086436,Hold,3342.0680267086905,2281.9767441861
Hold,2024-02-12 14:00:00,71.19,3367.6124957025945,Hold,3367.612495702642,2299.4186046512164
Hold,2024-02-12 15:00:00,72.18,3414.4440221915056,Hold,3414.4440221915534,2331.395348837264
Hold,2024-02-12 16:00:00,72.1,3410.659656414623,Hold,3410.6596564146707,2328.8113695090983
Hold,2024-02-12 17:00:00,72.63,3435.7310796864645,Hold,3435.731079686513,2345.930232558194
Hold,2024-02-12 18:00:00,72.69,3438.569354019126,Hold,3438.569354019175,2347.868217054318
Hold,2024-02-12 19:00:00,72.27,3418.701433690497,Hold,3418.701433690546,2334.3023255814496
Hold,2024-02-12 20:00:00,72.98,3452.2876799603223,Hold,3452.2876799603714,2357.235142118918
Hold,2024-02-12 21:00:00,72.96,3451.3415885161016,Hold,3451.3415885161503,2356.589147286876
Hold,2024-02-12 22:00:00,73.3,3467.4251430678487,Hold,3467.4251430678974,2367.5710594315797
Hold,2024-02-12 23:00:00,72.82,3444.7189484065584,Hold,3444.718948406607,2352.067183462587
Hold,2024-02-13 00:00:00,73.02,3454.179862848763,Hold,3454.1798628488114,2358.5271317830006
Hold,2024-02-13 01:00:00,72.86,3446.6111312949997,Hold,3446.611131295048,2353.3591731266697
Hold,2024-02-13 02:00:00,72.2,3415.390113635726,Hold,3415.3901136357736,2332.0413436693048
Hold,2024-02-13 03:00:00,71.93,3402.61787913875,Hold,3402.617879138798,2323.3204134367465
Hold,2024-02-13 04:00:00,72.03,3407.348336359852,Hold,3407.3483363599,2326.550387596953
Hold,2024-02-13 05:00:00,72.08,3409.7135649704032,Hold,3409.713564970451,2328.165374677056
Hold,2024-02-13 06:00:00,72.09,3410.1866106925136,Hold,3410.1866106925613,2328.4883720930775
Hold,2024-02-13 07:00:00,72.46,3427.689302410591,Hold,3427.6893024106394,2340.439276485842
Hold,2024-02-13 08:00:00,72.64,3436.2041254085752,Hold,3436.204125408623,2346.2532299742143
Hold,2024-02-13 09:00:00,72.95,3450.8685427939913,Hold,3450.8685427940395,2356.2661498708553
Sell,2024-02-13 10:00:00,72.05,3408.2944278040723,Sinal: Venda,3408.2944278041196,2327.196382428994
Buy,2024-02-20 04:00:00,70.85,3408.2944278040723,Sinal: Compra,3408.2944278041196,2288.4366925065124
Hold,2024-02-20 05:00:00,70.97,3407.2424010843765,Hold,3407.242401084424,2292.3126614987605
Hold,2024-02-20 06:00:00,71.09,3413.003554925861,Hold,3413.0035549259082,2296.1886304910086
Hold,2024-02-20 07:00:00,70.91,3404.361824163634,Hold,3404.361824163681,2290.374677002636
Hold,2024-02-20 08:00:00,70.58,3388.5186510995536,Hold,3388.5186510996004,2279.7157622739537
Hold,2024-02-20 09:00:00,70.15,3367.8745165009022,Hold,3367.8745165009486,2265.826873385065
Hold,2024-02-20 10:00:00,70.62,3390.439035713382,Hold,3390.439035713429,2281.0077519380366
Hold,2024-02-20 11:00:00,70.65,3391.8793241737526,Hold,3391.8793241738,2281.9767441860986
Hold,2024-02-20 12:00:00,70.28,3374.115766495843,Hold,3374.11576649589,2270.0258397933335
Hold,2024-02-20 13:00:00,70.95,3406.2822087774625,Hold,3406.2822087775094,2291.666666666719
Hold,2024-02-20 14:00:00,70.0,3360.6730741990473,Hold,3360.6730741990937,2260.9819121447545
Hold,2024-02-20 15:00:00,68.92,3308.82268962569,Hold,3308.8226896257356,2226.098191214521
Hold,2024-02-20 16:00:00,68.43,3285.2979781062973,Hold,3285.2979781063423,2210.271317829508
Hold,2024-02-20 17:00:00,68.67,3296.820285789265,Hold,3296.82028578931,2218.023255814004
Hold,2024-02-20 18:00:00,68.98,3311.7032665464326,Hold,3311.703266546478,2228.0361757106457
Hold,2024-02-20 19:00:00,69.65,3343.869708828052,Hold,3343.8697088280974,2249.6770025840315
Hold,2024-02-20 20:00:00,69.61,3341.949324214224,Hold,3341.9493242142694,2248.3850129199486
Hold,2024-02-20 21:00:00,69.44,3333.7876896054545,Hold,3333.7876896054995,2242.894056847597
Hold,2024-02-20 22:00:00,69.64,3343.389612674595,Hold,3343.38961267464,2249.3540051680106
Hold,2024-02-20 23:00:00,69.65,3343.869708828052,Hold,3343.869708828097,2249.6770025840315
Hold,2024-02-21 00:00:00,69.22,3323.2255742294005,Hold,3323.225574229445,2235.788113695142
Hold,2024-02-21 01:00:00,69.16,3320.344997308658,Hold,3320.3449973087027,2233.850129199018
Hold,2024-02-21 02:00:00,68.97,3311.2231703929756,Hold,3311.22317039302,2227.7131782946253
Hold,2024-02-21 03:00:00,69.04,3314.5838434671746,Hold,3314.583843467219,2229.97416020677
Hold,2024-02-21 04:00:00,68.93,3309.3027857791476,Hold,3309.302785779192,2226.421188630543
Hold,2024-02-21 05:00:00,68.86,3305.942112704948,Hold,3305.9421127049927,2224.160206718398
Hold,2024-02-21 06:00:00,68.85,3305.462016551491,Hold,3305.462016551536,2223.837209302377
Hold,2024-02-21 07:00:00,68.94,3309.782881932604,Hold,3309.782881932649,2226.7441860465633
Hold,2024-02-21 08:00:00,69.05,3315.0639396206316,Hold,3315.0639396206766,2230.2971576227906
Hold,2024-02-21 09:00:00,67.93,3261.2931704334474,Hold,3261.2931704334915,2194.1214470284744
Hold,2024-02-21 10:00:00,68.21,3274.7358627302424,Hold,3274.735862730287,2203.165374677053
Hold,2024-02-21 11:00:00,67.93,3261.2931704334474,Hold,3261.293170433492,2194.1214470284744
Hold,2024-02-21 12:00:00,68.47,3287.2183627201252,Hold,3287.2183627201703,2211.5633074935913
Hold,2024-02-21 13:00:00,68.41,3284.337785799383,Hold,3284.3377857994274,2209.6253229974673
Hold,2024-02-21 14:00:00,67.78,3254.0917281315915,Hold,3254.0917281316356,2189.276485788165
Hold,2024-02-21 15:00:00,68.18,3273.2955742698723,Hold,3273.2955742699164,2202.1963824289924
Hold,2024-02-21 16:00:00,68.43,3285.2979781062973,Hold,3285.297978106342,2210.271317829509
Hold,2024-02-21 17:00:00,67.91,3260.3329781265325,Hold,3260.332978126576,2193.4754521964333
Hold,2024-02-21 18:00:00,67.84,3256.9723050523335,Hold,3256.972305052377,2191.214470284289
Hold,2024-02-21 19:00:00,68.02,3265.6140358145594,Hold,3265.6140358146035,2197.0284237726605
Hold,2024-02-21 20:00:00,68.16,3272.3353819629574,Hold,3272.3353819630015,2201.5503875969503
Hold,2024-02-21 21:00:00,68.61,3293.939708868523,Hold,3293.939708868568,2216.085271317881
Hold,2024-02-21 22:00:00,68.82,3304.0217280911197,Hold,3304.0217280911643,2222.868217054315
Hold,2024-02-21 23:00:00,68.9,3307.8624973187766,Hold,3307.862497318821,2225.452196382481
Hold,2024-02-22 00:00:00,68.6,3293.4596127150658,Hold,3293.4596127151103,2215.76227390186
Hold,2024-02-22 01:00:00,67.93,3261.2931704334474,Hold,3261.2931704334915,2194.1214470284744
Hold,2024-02-22 02:00:00,68.26,3277.1363434975283,Hold,3277.136343497573,2204.780361757157
Hold,2024-02-22 03:00:00,68.38,3282.8974973390114,Hold,3282.897497339056,2208.6563307494052
Hold,2024-02-22 04:00:00,68.25,3276.656247344071,Hold,3276.6562473441154,2204.4573643411363
Hold,2024-02-22 05:00:00,68.42,3284.81788195284,Hold,3284.817881952885,2209.948320413488
Hold,2024-02-22 06:00:00,68.68,3297.3003819427227,Hold,3297.3003819427677,2218.346253230026
Hold,2024-02-22 07:00:00,68.93,3309.3027857791476,Hold,3309.3027857791926,2226.421188630543
Hold,2024-02-22 08:00:00,69.09,3316.98432423446,Hold,3316.9843242345055,2231.589147286874
Hold,2024-02-22 09:00:00,69.23,3323.7056703828575,Hold,3323.7056703829035,2236.111111111163
Hold,2024-02-22 10:00:00,69.65,3343.869708828052,Hold,3343.869708828098,2249.677002584032
Hold,2024-02-22 11:00:00,69.15,3319.8649011552016,Hold,3319.864901155247,2233.527131782998
Hold,2024-02-22 12:00:00,69.18,3321.305189615573,Hold,3321.305189615619,2234.4961240310595
Hold,2024-02-22 13:00:00,68.87,3306.4222088584056,Hold,3306.4222088584515,2224.4832041344184
Hold,2024-02-22 14:00:00,69.54,3338.588651140025,Hold,3338.5886511400713,2246.1240310078038
Hold,2024-02-22 15:00:00,69.52,3337.6284588331105,Hold,3337.628458833157,2245.478036175762
Hold,2024-02-22 16:00:00,69.28,3326.1061511501425,Hold,3326.1061511501885,2237.726098191266
Hold,2024-02-22 17:00:00,69.4,3331.867304991627,Hold,3331.8673049916733,2241.6020671835145
Hold,2024-02-22 18:00:00,69.55,3339.068747293482,Hold,3339.0687472935283,2246.4470284238246
Hold,2024-02-22 19:00:00,69.0,3312.663458853346,Hold,3312.6634588533925,2228.6821705426873
Hold,2024-02-22 20:00:00,69.4,3331.867304991627,Hold,3331.8673049916733,2241.6020671835145
Hold,2024-02-22 21:00:00,69.29,3326.5862473035995,Hold,3326.586247303646,2238.049095607287
Hold,2024-02-22 22:00:00,69.12,3318.4246126948306,Hold,3318.424612694877,2232.5581395349354
Hold,2024-02-22 23:00:00,68.8,3303.061535784206,Hold,3303.0615357842526,2222.222222222274
Hold,2024-02-23 00:00:00,68.91,3308.342593472233,Hold,3308.34259347228,2225.7751937985013
Hold,2024-02-23 01:00:00,68.73,3299.7008627100076,Hold,3299.700862710054,2219.961240310129
Hold,2024-02-23 02:00:00,68.4,3283.8576896459263,Hold,3283.8576896459726,2209.302325581447
Hold,2024-02-23 03:00:00,68.42,3284.81788195284,Hold,3284.8178819528866,2209.948320413488
Hold,2024-02-23 04:00:00,68.44,3285.778074259754,Hold,3285.7780742598006,2210.5943152455293
Hold,2024-02-23 05:00:00,68.56,3291.539228101238,Hold,3291.5392281012846,2214.4702842377774
Hold,2024-02-23 06:00:00,68.62,3294.41980502198,Hold,3294.419805022027,2216.408268733902
Hold,2024-02-23 07:00:00,68.32,3280.0169204182694,Hold,3280.016920418316,2206.718346253281
Hold,2024-02-23 08:00:00,67.96,3262.7334588938174,Hold,3262.733458893864,2195.090439276537
Hold,2024-02-23 09:00:00,68.1,3269.4548050422154,Hold,3269.4548050422623,2199.6124031008267
Hold,2024-02-23 10:00:00,68.23,3275.6960550371573,Hold,3275.696055037204,2203.8113695090956
Hold,2024-02-23 11:00:00,68.29,3278.5766319578993,Hold,3278.576631957946,2205.7493540052196
Hold,2024-02-23 12:00:00,68.19,3273.775670423329,Hold,3273.7756704233757,2202.5193798450127
Hold,2024-02-23 13:00:00,68.33,3280.497016571727,Hold,3280.497016571774,2207.0413436693025
Hold,2024-02-23 14:00:00,68.66,3296.3401896358077,Hold,3296.340189635855,2217.700258397985
Sell,2024-02-23 15:00:00,68.15,3271.8552858095013,Sinal: Venda,3271.855285809548,2201.227390180931
Buy,2024-02-26 03:00:00,70.07,3271.8552858095013,Sinal: Compra,3271.855285809548,2263.242894056901
Hold,2024-02-26 04:00:00,69.89,3256.9267113364,Hold,3256.9267113364463,2257.428940568529
Hold,2024-02-26 05:00:00,70.03,3263.4508169249975,Hold,3263.450816925044,2261.9509043928183
Hold,2024-02-26 06:00:00,70.26,3274.1689903919796,Hold,3274.1689903920255,2269.379844961294
Hold,2024-02-26 07:00:00,69.97,3260.6547716727414,Hold,3260.6547716727873,2260.0129198966943
Hold,2024-02-26 08:00:00,70.03,3263.4508169249975,Hold,3263.4508169250435,2261.9509043928183
Hold,2024-02-26 09:00:00,69.33,3230.830288982009,Hold,3230.830288982054,2239.3410852713705
Hold,2024-02-26 10:00:00,69.62,3244.3445077012475,Hold,3244.3445077012925,2248.7080103359704
Hold,2024-02-26 11:00:00,69.5,3238.7524171967348,Hold,3238.75241719678,2244.8320413437223
Hold,2024-02-26 12:00:00,69.74,3249.936598205759,Hold,3249.936598205804,2252.583979328219
Hold,2024-02-26 13:00:00,69.85,3255.0626811682287,Hold,3255.0626811682737,2256.1369509044466
Hold,2024-02-26 14:00:00,70.67,3293.27529961573,Hold,3293.2752996157756,2282.622739018142
Hold,2024-02-26 15:00:00,71.16,3316.1096691758216,Hold,3316.1096691758676,2298.4496124031552
Hold,2024-02-26 16:00:00,71.24,3319.8377295121636,Hold,3319.83772951221,2301.0335917313205
Hold,2024-02-26 17:00:00,70.81,3299.7994052043277,Hold,3299.7994052043737,2287.1447028424313
Hold,2024-02-26 18:00:00,70.83,3300.7314202884127,Hold,3300.7314202884586,2287.790697674473
Hold,2024-02-26 19:00:00,71.45,3329.6238878950603,Hold,3329.623887895107,2307.8165374677556
Hold,2024-02-26 20:00:00,72.07,3358.516355501707,Hold,3358.5163555017543,2327.8423772610377
Hold,2024-02-26 21:00:00,72.73,3389.2728532765254,Hold,3389.272853276573,2349.160206718402
Hold,2024-02-26 22:00:00,72.36,3372.0305742209453,Hold,3372.0305742209925,2337.209302325637
Hold,2024-02-26 23:00:00,71.93,3351.9922499131103,Hold,3351.992249913157,2323.320413436748
Hold,2024-02-27 00:00:00,72.03,3356.6523253335363,Hold,3356.652325333583,2326.5503875969544
Hold,2024-02-27 01:00:00,73.63,3431.213532060368,Hold,3431.2135320604157,2378.2299741602624
Hold,2024-02-27 02:00:00,74.87,3488.9984672736623,Hold,3488.998467273711,2418.2816537468266
Hold,2024-02-27 03:00:00,74.59,3475.950256096467,Hold,3475.950256096515,2409.237726098248
Hold,2024-02-27 04:00:00,75.52,3519.288957506437,Hold,3519.2889575064855,2439.276485788171
Hold,2024-02-27 05:00:00,75.3,3509.036791581498,Hold,3509.036791581547,2432.170542635716
Hold,2024-02-27 06:00:00,75.6,3523.0170178427784,Hold,3523.0170178428275,2441.8604651163364
Hold,2024-02-27 07:00:00,75.32,3509.968806665583,Hold,3509.9688066656317,2432.8165374677574
Hold,2024-02-27 08:00:00,75.87,3535.599221477932,Hold,3535.599221477981,2450.581395348895
Hold,2024-02-27 09:00:00,75.66,3525.8130630950345,Hold,3525.813063095083,2443.7984496124604
Hold,2024-02-27 10:00:00,75.22,3505.308731245156,Hold,3505.308731245205,2429.5865633075505
Hold,2024-02-27 11:00:00,74.96,3493.192535152046,Hold,3493.1925351520945,2421.1886304910126
Hold,2024-02-27 12:00:00,74.88,3489.4644748157048,Hold,3489.4644748157534,2418.6046511628474
Hold,2024-02-27 13:00:00,75.45,3516.0269047121383,Hold,3516.0269047121874,2437.0155038760263
Hold,2024-02-27 14:00:00,74.45,3469.426150507869,Hold,3469.4261505079176,2404.7157622739587
Hold,2024-02-27 15:00:00,73.26,3413.971253004788,Hold,3413.9712530048364,2366.2790697674977
Hold,2024-02-27 16:00:00,73.89,3443.3297281534783,Hold,3443.329728153527,2386.6279069768
Hold,2024-02-27 17:00:00,73.85,3441.4656979853066,Hold,3441.4656979853553,2385.3359173127174
Hold,2024-02-27 18:00:00,74.13,3454.5139091625024,Hold,3454.513909162551,2394.3798449612964
Hold,2024-02-27 19:00:00,74.4,3467.0961127976557,Hold,3467.0961127977043,2403.1007751938546
Hold,2024-02-27 20:00:00,74.29,3461.9700298351863,Hold,3461.970029835235,2399.5478036176273
Hold,2024-02-27 21:00:00,74.32,3463.3680524613133,Hold,3463.3680524613624,2400.5167958656884
Hold,2024-02-27 22:00:00,74.45,3469.426150507869,Hold,3469.426150507918,2404.715762273958
Hold,2024-02-27 23:00:00,73.97,3447.0577884898194,Hold,3447.057788489868,2389.211886304965
Hold,2024-02-28 00:00:00,74.23,3459.1739845829297,Hold,3459.173984582978,2397.609819121503
Hold,2024-02-28 01:00:00,74.6,3476.416263638509,Hold,3476.416263638557,2409.5607235142675
Hold,2024-02-28 02:00:00,74.65,3478.746301348723,Hold,3478.746301348772,2411.175710594371
Hold,2024-02-28 03:00:00,73.97,3447.0577884898194,Hold,3447.0577884898676,2389.2118863049645
Hold,2024-02-28 04:00:00,74.29,3461.9700298351863,Hold,3461.970029835235,2399.5478036176264
Hold,2024-02-28 05:00:00,73.92,3444.727750779606,Hold,3444.727750779655,2387.596899224861
Hold,2024-02-28 06:00:00,73.87,3442.3977130693925,Hold,3442.397713069441,2385.9819121447576
Hold,2024-02-28 07:00:00,74.85,3488.0664521895765,Hold,3488.0664521896256,2417.635658914784
Hold,2024-02-28 08:00:00,75.32,3509.968806665583,Hold,3509.968806665632,2432.8165374677556
Hold,2024-02-28 09:00:00,75.34,3510.900821749669,Hold,3510.900821749718,2433.4625322997977
Hold,2024-02-28 10:00:00,75.93,3538.3952667301883,Hold,3538.395266730238,2452.519379845018
Hold,2024-02-28 11:00:00,74.61,3476.882271180552,Hold,3476.8822711806006,2409.8837209302887
Hold,2024-02-28 12:00:00,75.35,3511.3668292917114,Hold,3511.36682929176,2433.7855297158185
Hold,2024-02-28 13:00:00,75.67,3526.279070637078,Hold,3526.279070637126,2444.121447028481
Hold,2024-02-28 14:00:00,75.05,3497.3866030304303,Hold,3497.386603030478,2424.0956072351987
Hold,2024-02-28 15:00:00,74.99,3494.590557778174,Hold,3494.590557778222,2422.1576227390747
Hold,2024-02-28 16:00:00,77.26,3600.3742698218666,Hold,3600.3742698219153,2495.4780361757694
Hold,2024-02-28 17:00:00,74.12,3454.0479016204604,Hold,3454.047901620507,2394.056847545276
Hold,2024-02-28 18:00:00,73.31,3416.3012907150014,Hold,3416.301290715048,2367.894056847601
Hold,2024-02-28 19:00:00,73.02,3402.787071995763,Hold,3402.787071995809,2358.527131783001
Hold,2024-02-28 20:00:00,73.67,3433.0775622285387,Hold,3433.077562228585,2379.521963824345
Hold,2024-02-28 21:00:00,73.87,3442.3977130693925,Hold,3442.397713069439,2385.981912144759
Hold,2024-02-28 22:00:00,74.49,3471.290180676039,Hold,3471.290180676086,2406.007751938041
Hold,2024-02-28 23:00:00,74.48,3470.824173133997,Hold,3470.824173134044,2405.6847545220203
Hold,2024-02-29 00:00:00,75.59,3522.551010300736,Hold,3522.551010300783,2441.5374677003156
Hold,2024-02-29 01:00:00,75.92,3537.929259188145,Hold,3537.9292591881926,2452.1963824289983
Hold,2024-02-29 02:00:00,76.49,3564.4916890845784,Hold,3564.4916890846266,2470.6072351421767
Hold,2024-02-29 03:00:00,76.95,3585.928036018543,Hold,3585.9280360185917,2485.4651162791283
Hold,2024-02-29 04:00:00,83.3,3881.8428252156546,Hold,3881.8428252157078,2690.568475452259
Hold,2024-02-29 05:00:00,82.96,3865.9985687862027,Hold,3865.998568786256,2679.5865633075564
Hold,2024-02-29 06:00:00,82.45,3842.2321841420257,Hold,3842.2321841420785,2663.1136950905016
Hold,2024-02-29 07:00:00,82.31,3835.708078553428,Hold,3835.708078553481,2658.591731266212
Hold,2024-02-29 08:00:00,82.61,3849.6883048147088,Hold,3849.688304814762,2668.2816537468325
Hold,2024-02-29 09:00:00,81.81,3812.407701451293,Hold,3812.407701451346,2642.4418604651787
Hold,2024-02-29 10:00:00,82.44,3841.7661765999824,Hold,3841.766176600035,2662.790697674481
Hold,2024-02-29 11:00:00,82.01,3821.727852292147,Hold,3821.7278522921997,2648.901808785592
Hold,2024-02-29 12:00:00,82.5,3844.562221852239,Hold,3844.5622218522917,2664.7286821706057
Hold,2024-02-29 13:00:00,83.22,3878.114764879313,Hold,3878.1147648793662,2687.984496124094
Hold,2024-02-29 14:00:00,82.84,3860.4064782816904,Hold,3860.406478281743,2675.7105943153088
Hold,2024-02-29 15:00:00,82.69,3853.41636515105,Hold,3853.4163651511026,2670.865633074998
Hold,2024-02-29 16:00:00,83.99,3913.9973456166,Hold,3913.9973456166526,2712.855297157687
Hold,2024-02-29 17:00:00,82.21,3831.0480031330003,Hold,3831.048003133052,2655.3617571060054
Hold,2024-02-29 18:00:00,82.64,3851.0863274408366,Hold,3851.0863274408885,2669.2506459948954
Hold,2024-02-29 19:00:00,82.76,3856.678417945349,Hold,3856.678417945401,2673.1266149871435
Hold,2024-02-29 20:00:00,82.63,3850.6203198987937,Hold,3850.620319898846,2668.927648578874
Hold,2024-02-29 21:00:00,80.56,3754.1567586959563,Hold,3754.156758696007,2602.067183462594
Hold,2024-02-29 22:00:00,78.9,3676.7995067168686,Hold,3676.799506716918,2548.449612403161
Hold,2024-02-29 23:00:00,79.92,3724.3322760052233,Hold,3724.3322760052733,2581.3953488372704
Hold,2024-03-01 00:00:00,82.26,3833.3780408432144,Hold,3833.378040843266,2656.9767441861095
Hold,2024-03-01 01:00:00,83.52,3892.0949911405937,Hold,3892.094991140646,2697.674418604715
Take-Profit,2024-03-01 02:00:00,84.35,3930.773617130137,TP 20.0% hit,3930.7736171301904,2724.483204134431
Buy,2024-03-01 11:00:00,84.62,3930.773617130137,Sinal: Compra,3930.7736171301904,2733.2041343669903
Hold,2024-03-01 12:00:00,84.1,3898.8092136174005,Hold,3898.8092136174537,2716.408268733914
Hold,2024-03-01 13:00:00,84.03,3895.5640692065417,Hold,3895.5640692065945,2714.1472868217697
Hold,2024-03-01 14:00:00,83.76,3883.0470836218014,Hold,3883.047083621854,2705.426356589211
Hold,2024-03-01 15:00:00,82.95,3845.4961268675793,Hold,3845.4961268676316,2679.263565891536
Hold,2024-03-01 16:00:00,82.97,3846.423310984967,Hold,3846.4233109850193,2679.909560723577
Hold,2024-03-01 17:00:00,83.77,3883.510675680495,Hold,3883.510675680548,2705.749354005232
Hold,2024-03-01 18:00:00,84.15,3901.1271739108715,Hold,3901.127173910925,2718.023255814018
Hold,2024-03-01 19:00:00,83.97,3892.7825168543773,Hold,3892.7825168544305,2712.2093023256457
Hold,2024-03-01 20:00:00,84.48,3916.4257118477767,Hold,3916.4257118478304,2728.6821705427005
Hold,2024-03-01 21:00:00,84.49,3916.88930390647,Hold,3916.8893039065238,2729.005167958721
Hold,2024-03-01 22:00:00,84.85,3933.578618019458,Hold,3933.5786180195123,2740.633074935465
Hold,2024-03-01 23:00:00,84.87,3934.505802136847,Hold,3934.505802136901,2741.279069767507
Hold,2024-03-02 00:00:00,86.24,3998.0179141779386,Hold,3998.0179141779936,2785.5297157623395
Hold,2024-03-02 01:00:00,86.83,4025.3698456408906,Hold,4025.369845640946,2804.58656330756
Hold,2024-03-02 02:00:00,88.32,4094.4450623863117,Hold,4094.4450623863686,2852.7131782946412
Hold,2024-03-02 03:00:00,91.1,4223.323654703272,Hold,4223.32365470333,2942.5064599483903
Hold,2024-03-02 04:00:00,90.27,4184.845513831662,Hold,4184.84551383172,2915.697674418674
Hold,2024-03-02 05:00:00,90.2,4181.600369420803,Hold,4181.600369420861,2913.436692506529
Hold,2024-03-02 06:00:00,89.85,4165.37464736651,Hold,4165.374647366568,2902.1317829458053
Hold,2024-03-02 07:00:00,90.1,4176.964448833862,Hold,4176.964448833921,2910.206718346322
Hold,2024-03-02 08:00:00,89.97,4170.9377520708385,Hold,4170.937752070899,2906.0077519380534
Hold,2024-03-02 09:00:00,89.14,4132.459611199228,Hold,4132.459611199288,2879.198966408337
Hold,2024-03-02 10:00:00,88.77,4115.306705027547,Hold,4115.306705027607,2867.248062015572
Hold,2024-03-02 11:00:00,90.68,4203.85278823812,Hold,4203.852788238181,2928.9405684755216
Hold,2024-03-02 12:00:00,91.32,4233.522679994542,Hold,4233.522679994603,2949.6124031008444
Hold,2024-03-02 13:00:00,91.64,4248.3576258727535,Hold,4248.357625872815,2959.9483204135063
Hold,2024-03-02 14:00:00,91.76,4253.920730577083,Hold,4253.920730577145,2963.8242894057544
Hold,2024-03-02 15:00:00,90.94,4215.906181764166,Hold,4215.906181764227,2937.3385012920585
Hold,2024-03-02 16:00:00,91.79,4255.311506753165,Hold,4255.311506753228,2964.7932816538164
Hold,2024-03-02 17:00:00,91.07,4221.93287852719,Hold,4221.932878527252,2941.5374677003274
Hold,2024-03-02 18:00:00,91.7,4251.139178224918,Hold,4251.139178224981,2961.8863049096303
Hold,2024-03-02 19:00:00,91.88,4259.483835281412,Hold,4259.483835281475,2967.7002583980025
Hold,2024-03-02 20:00:00,91.73,4252.529954401001,Hold,4252.529954401064,2962.8552971576923
Hold,2024-03-02 21:00:00,92.21,4274.782373218317,Hold,4274.78237321838,2978.3591731266847
Hold,2024-03-02 22:00:00,91.8,4255.775098811859,Hold,4255.775098811921,2965.116279069837
Hold,2024-03-02 23:00:00,94.49,4380.4813626005725,Hold,4380.481362600637,3052.0025839794
Hold,2024-03-03 00:00:00,93.25,4322.995947322504,Hold,4322.995947322568,3011.950904392836
Hold,2024-03-03 01:00:00,93.41,4330.41342026161,Hold,4330.413420261673,3017.1188630491665
Hold,2024-03-03 02:00:00,91.76,4253.920730577083,Hold,4253.920730577146,2963.824289405755
Hold,2024-03-03 03:00:00,92.84,4303.988672916046,Hold,4303.98867291611,2998.708010335988
Hold,2024-03-03 04:00:00,93.33,4326.704683792057,Hold,4326.704683792121,3014.5348837210013
Hold,2024-03-03 05:00:00,92.56,4291.008095272611,Hold,4291.008095272675,2989.6640826874086
Hold,2024-03-03 06:00:00,91.43,4238.622192640179,Hold,4238.622192640241,2953.1653746770717
Hold,2024-03-03 07:00:00,88.52,4103.716903560194,Hold,4103.716903560254,2859.1731266150537
Hold,2024-03-03 08:00:00,89.57,4152.394069723075,Hold,4152.3940697231355,2893.0878552972245
Hold,2024-03-03 09:00:00,90.01,4172.792120305615,Hold,4172.792120305676,2907.2997416021344
Hold,2024-03-03 10:00:00,90.49,4195.044539122931,Hold,4195.044539122992,2922.803617571127
Hold,2024-03-03 11:00:00,91.29,4232.13190381846,Hold,4232.131903818521,2948.6434108527815
Sell,2024-03-03 12:00:00,91.51,4242.33092910973,Sinal: Venda,4242.330929109792,2955.749354005236
Buy,2024-03-04 14:00:00,90.01,4242.33092910973,Sinal: Compra,4242.330929109792,2907.2997416021344
Hold,2024-03-04 15:00:00,90.32,4248.432152266258,Hold,4248.4321522663195,2917.3126614987746
Hold,2024-03-04 16:00:00,89.58,4213.624360053272,Hold,4213.6243600533335,2893.410852713245
Hold,2024-03-04 17:00:00,88.37,4156.708916029332,Hold,4156.708916029393,2854.3281653747426
Hold,2024-03-04 18:00:00,89.27,4199.042717369452,Hold,4199.042717369513,2883.397932816603
Hold,2024-03-04 19:00:00,89.73,4220.679993609958,Hold,4220.67999361002,2898.2558139535545
Hold,2024-03-04 20:00:00,88.61,4167.997929720031,Hold,4167.997929720092,2862.0801033592384
Hold,2024-03-04 21:00:00,88.49,4162.353422874681,Hold,4162.353422874742,2858.20413436699
Hold,2024-03-04 22:00:00,88.93,4183.049947974296,Hold,4183.049947974357,2872.4160206719002
Hold,2024-03-04 23:00:00,88.95,4183.990699115187,Hold,4183.990699115248,2873.0620155039414
Hold,2024-03-05 00:00:00,89.07,4189.635205960536,Hold,4189.635205960597,2876.9379844961895
Hold,2024-03-05 01:00:00,90.9,4275.713935352113,Hold,4275.713935352175,2936.046511627974
Hold,2024-03-05 02:00:00,89.08,4190.105581530983,Hold,4190.105581531044,2877.26098191221
Hold,2024-03-05 03:00:00,89.14,4192.927834953657,Hold,4192.927834953719,2879.198966408334
Hold,2024-03-05 04:00:00,89.08,4190.105581530983,Hold,4190.105581531045,2877.26098191221
Hold,2024-03-05 05:00:00,90.62,4262.543419379632,Hold,4262.543419379695,2927.0025839793943
Hold,2024-03-05 06:00:00,89.86,4226.794876025752,Hold,4226.794876025814,2902.454780361823
Hold,2024-03-05 07:00:00,88.87,4180.227694551621,Hold,4180.227694551683,2870.478036175776
Hold,2024-03-05 08:00:00,90.09,4237.613514146006,Hold,4237.613514146068,2909.8837209302988
Hold,2024-03-05 09:00:00,89.87,4227.265251596199,Hold,4227.265251596261,2902.7777777778438
Hold,2024-03-05 10:00:00,89.86,4226.794876025752,Hold,4226.794876025814,2902.454780361823
Hold,2024-03-05 11:00:00,89.61,4215.035486764608,Hold,4215.03548676467,2894.3798449613055
Hold,2024-03-05 12:00:00,89.4,4205.157599785247,Hold,4205.157599785309,2887.596899224872
Hold,2024-03-05 13:00:00,90.4,4252.195156829825,Hold,4252.195156829886,2919.8966408269393
Hold,2024-03-05 14:00:00,90.05,4235.732011864223,Hold,4235.732011864285,2908.5917312662154
Hold,2024-03-05 15:00:00,88.39,4157.649667170223,Hold,4157.6496671702835,2854.974160206783
Hold,2024-03-05 16:00:00,86.65,4075.8043179126585,Hold,4075.804317912717,2798.7726098191847
Hold,2024-03-05 17:00:00,86.66,4076.274693483104,Hold,4076.274693483163,2799.095607235205
Hold,2024-03-05 18:00:00,85.03,3999.6034755004425,Hold,3999.6034755005003,2746.4470284238346
Stop-Loss,2024-03-05 19:00:00,77.46,3643.529168672989,SL 10.0% hit,3643.5291686730416,2501.9379844961804
Buy,2024-03-10 06:00:00,89.04,3643.529168672989,Sinal: Compra,3643.5291686730416,2875.968992248127
Hold,2024-03-10 07:00:00,89.07,3637.4709040514235,Hold,3637.4709040514763,2876.9379844961886
Hold,2024-03-10 08:00:00,89.04,3636.2457538648114,Hold,3636.245753864864,2875.9689922481266
Hold,2024-03-10 09:00:00,88.15,3599.899631661985,Hold,3599.8996316620373,2847.2222222222863
Hold,2024-03-10 10:00:00,88.5,3614.193050505793,Hold,3614.1930505058453,2858.5271317830097
Hold,2024-03-10 11:00:00,88.47,3612.9679003191804,Hold,3612.9679003192327,2857.5581395349477
Hold,2024-03-10 12:00:00,88.11,3598.266098079835,Hold,3598.266098079887,2845.9302325582034
Hold,2024-03-10 13:00:00,87.39,3568.8624936011443,Hold,3568.8624936011956,2822.6744186047144
Hold,2024-03-10 14:00:00,87.5,3573.3547109520555,Hold,3573.3547109521073,2826.2273901809417
Hold,2024-03-10 15:00:00,87.89,3589.281663378013,Hold,3589.2816633780644,2838.8242894057485
Hold,2024-03-10 16:00:00,88.29,3605.616999199508,Hold,3605.61699919956,2851.7441860465756
Hold,2024-03-10 17:00:00,88.46,3612.5595169236435,Hold,3612.559516923696,2857.2351421189264
Hold,2024-03-10 18:00:00,88.02,3594.590647519999,Hold,3594.590647520051,2843.023255814017
Hold,2024-03-10 19:00:00,88.23,3603.1666988262837,Hold,3603.1666988263364,2849.8062015504515
Hold,2024-03-10 20:00:00,87.96,3592.1403471467747,Hold,3592.1403471468275,2841.085271317893
Hold,2024-03-10 21:00:00,87.43,3570.496027183294,Hold,3570.496027183346,2823.9664082687973
Hold,2024-03-10 22:00:00,85.93,3509.238517852687,Hold,3509.2385178527384,2775.5167958656957
Hold,2024-03-10 23:00:00,87.43,3570.496027183294,Hold,3570.4960271833456,2823.9664082687973
Hold,2024-03-11 00:00:00,85.53,3492.903182031192,Hold,3492.9031820312425,2762.596899224868
Hold,2024-03-11 01:00:00,85.76,3502.296000128552,Hold,3502.2960001286024,2770.0258397933435
Hold,2024-03-11 02:00:00,86.21,3520.6732529277333,Hold,3520.673252927784,2784.560723514274
Hold,2024-03-11 03:00:00,86.87,3547.6265570332007,Hold,3547.6265570332516,2805.8785529716392
Hold,2024-03-11 04:00:00,86.81,3545.1762566599764,Hold,3545.176256660028,2803.940568475515
Hold,2024-03-11 05:00:00,86.47,3531.2912212117053,Hold,3531.291221211756,2792.958656330812
Hold,2024-03-11 06:00:00,87.44,3570.904410578831,Hold,3570.904410578882,2824.2894056848177
Hold,2024-03-11 07:00:00,90.07,3678.309243605161,Hold,3678.3092436052134,2909.2377260982557
Hold,2024-03-11 08:00:00,93.1,3802.0494124529864,Hold,3802.049412453041,3007.1059431525214
Hold,2024-03-11 09:00:00,94.61,3863.7153051791306,Hold,3863.715305179186,3055.8785529716442
Hold,2024-03-11 10:00:00,95.0,3879.6422576050886,Hold,3879.6422576051446,3068.4754521964514
Hold,2024-03-11 11:00:00,94.69,3866.9823723434297,Hold,3866.9823723434856,3058.46253229981
Hold,2024-03-11 12:00:00,95.81,3912.7213126436163,Hold,3912.721312643673,3094.6382428941265
Hold,2024-03-11 13:00:00,94.92,3876.3751904407895,Hold,3876.3751904408455,3065.8914728682857
Hold,2024-03-11 14:00:00,97.38,3976.8375057429844,Hold,3976.8375057430417,3145.3488372093725
Hold,2024-03-11 15:00:00,101.14,4130.389662465038,Hold,4130.389662465097,3266.795865633148
Hold,2024-03-11 16:00:00,103.93,4244.328629819967,Hold,4244.328629820027,3356.9121447029174
Hold,2024-03-11 17:00:00,104.89,4283.533435791555,Hold,4283.533435791615,3387.9198966409026
Hold,2024-03-11 18:00:00,104.14,4252.9046811262515,Hold,4252.904681126311,3363.6950904393516
Hold,2024-03-11 19:00:00,105.0,4288.025653142467,Hold,4288.025653142527,3391.47286821713
Hold,2024-03-11 20:00:00,105.31,4300.6855384041255,Hold,4300.6855384041855,3401.4857881137714
Hold,2024-03-11 21:00:00,105.48,4307.628056128261,Hold,4307.628056128322,3406.9767441861222
Hold,2024-03-11 22:00:00,104.49,4267.19809997006,Hold,4267.19809997012,3375.0000000000746
Hold,2024-03-11 23:00:00,103.86,4241.469946051206,Hold,4241.469946051266,3354.651162790772
Hold,2024-03-12 00:00:00,101.83,4158.568116757117,Hold,4158.5681167571765,3289.082687338574
Hold,2024-03-12 01:00:00,102.2,4173.678302392001,Hold,4173.67830239206,3301.0335917313396
Hold,2024-03-12 02:00:00,100.45,4102.211208172959,Hold,4102.211208173017,3244.5090439277215
Hold,2024-03-12 03:00:00,98.94,4040.5453154468155,Hold,4040.545315446873,3195.7364341085986
Hold,2024-03-12 04:00:00,99.31,4055.6555010816983,Hold,4055.6555010817565,3207.6873385013637
Hold,2024-03-12 05:00:00,100.1,4087.9177893291508,Hold,4087.917789329209,3233.204134366997
Hold,2024-03-12 06:00:00,98.99,4042.587232424502,Hold,4042.5872324245597,3197.351421188702
Hold,2024-03-12 07:00:00,98.72,4031.560880744993,Hold,4031.560880745051,3188.6304909561436
Hold,2024-03-12 08:00:00,97.54,3983.3716400715825,Hold,3983.37164007164,3150.5167958657034
Hold,2024-03-12 09:00:00,97.72,3990.722541191255,Hold,3990.7225411913123,3156.3307493540756
Hold,2024-03-12 10:00:00,97.58,3985.005173653732,Hold,3985.0051736537894,3151.808785529786
Hold,2024-03-12 11:00:00,97.51,3982.146489884971,Hold,3982.1464898850277,3149.5478036176414
Hold,2024-03-12 12:00:00,98.65,4028.702196976232,Hold,4028.7021969762895,3186.3695090439987
Hold,2024-03-12 13:00:00,97.62,3986.6387072358816,Hold,3986.638707235939,3153.1007751938687
Hold,2024-03-12 14:00:00,96.33,3933.95724921156,Hold,3933.9572492116163,3111.4341085272013
Hold,2024-03-12 15:00:00,96.71,3949.47581824198,Hold,3949.475818242037,3123.7080103359867
Hold,2024-03-12 16:00:00,96.03,3921.705747345439,Hold,3921.7057473454956,3101.744186046581
Hold,2024-03-12 17:00:00,96.76,3951.5177352196674,Hold,3951.5177352197243,3125.3229974160904
Hold,2024-03-12 18:00:00,97.28,3972.753671787611,Hold,3972.7536717876683,3142.118863049166
Hold,2024-03-12 19:00:00,98.12,4007.0578770127504,Hold,4007.0578770128086,3169.2506459949027
Hold,2024-03-12 20:00:00,96.88,3956.4183359661156,Hold,3956.418335966173,3129.1989664083385
Hold,2024-03-12 21:00:00,97.32,3974.38720536976,Hold,3974.387205369818,3143.4108527132485
Hold,2024-03-12 22:00:00,97.53,3982.9632566760456,Hold,3982.9632566761034,3150.193798449683
Hold,2024-03-12 23:00:00,97.52,3982.5548732805078,Hold,3982.5548732805655,3149.870801033662
Hold,2024-03-13 00:00:00,97.35,3975.6123555563718,Hold,3975.6123555564295,3144.3798449613105
Hold,2024-03-13 01:00:00,98.68,4029.927347162844,Hold,4029.9273471629026,3187.338501292061
Hold,2024-03-13 02:00:00,98.22,4011.141710968124,Hold,4011.1417109681825,3172.4806201551096
Hold,2024-03-13 03:00:00,98.13,4007.466260408288,Hold,4007.4662604083464,3169.5736434109235
Hold,2024-03-13 04:00:00,97.46,3980.1045729072835,Hold,3980.104572907341,3147.932816537538
Hold,2024-03-13 05:00:00,97.97,4000.9321260796896,Hold,4000.9321260797483,3164.405684754593
Hold,2024-03-13 06:00:00,98.35,4016.45069511011,Hold,4016.4506951101685,3176.679586563379
Hold,2024-03-13 07:00:00,98.18,4009.5081773859747,Hold,4009.5081773860334,3171.1886304910277
Hold,2024-03-13 08:00:00,98.51,4022.9848294387084,Hold,4022.9848294387675,3181.84754521971
Hold,2024-03-13 09:00:00,98.25,4012.3668611547364,Hold,4012.3668611547955,3173.449612403172
Hold,2024-03-13 10:00:00,97.73,3991.130924586793,Hold,3991.1309245868515,3156.653746770097
Hold,2024-03-13 11:00:00,97.36,3976.0207389519096,Hold,3976.0207389519683,3144.7028423773318
Hold,2024-03-13 12:00:00,97.13,3966.6279208545498,Hold,3966.6279208546084,3137.273901808856
Hold,2024-03-13 13:00:00,95.27,3890.668609284598,Hold,3890.6686092846558,3077.19638242901
Hold,2024-03-13 14:00:00,94.95,3877.6003406274017,Hold,3877.6003406274594,3066.8604651163487
Hold,2024-03-13 15:00:00,95.94,3918.030296785602,Hold,3918.0302967856605,3098.837209302396
Hold,2024-03-13 16:00:00,96.26,3931.0985654427986,Hold,3931.098565442857,3109.1731266150578
Hold,2024-03-13 17:00:00,96.02,3921.297363949901,Hold,3921.297363949959,3101.421188630561
Hold,2024-03-13 18:00:00,96.55,3942.941683913382,Hold,3942.941683913441,3118.540051679657
Hold,2024-03-13 19:00:00,96.51,3941.308150331233,Hold,3941.3081503312915,3117.2480620155748
Hold,2024-03-13 20:00:00,95.79,3911.9045458525416,Hold,3911.9045458525998,3093.992248062086
Hold,2024-03-13 21:00:00,96.89,3956.826719361653,Hold,3956.826719361712,3129.5219638243607
Hold,2024-03-13 22:00:00,96.53,3942.1249171223076,Hold,3942.1249171223662,3117.8940568476164
Hold,2024-03-13 23:00:00,97.24,3971.120138205461,Hold,3971.1201382055206,3140.826873385085
Sell,2024-03-14 00:00:00,96.18,3927.831498278499,Sinal: Venda,3927.831498278558,3106.5891472868934
Buy,2024-03-22 02:00:00,84.72,3927.831498278499,Sinal: Compra,3927.831498278558,2736.4341085271944
Hold,2024-03-22 03:00:00,85.74,3967.174986890302,Hold,3967.1749868903607,2769.3798449613037
Hold,2024-03-22 04:00:00,85.9,3974.5781592474573,Hold,3974.5781592475164,2774.547803617635
Hold,2024-03-22 05:00:00,85.92,3975.5035557921015,Hold,3975.503555792161,2775.1937984496767
Hold,2024-03-22 06:00:00,85.75,3967.637685162624,Hold,3967.6376851626837,2769.7028423773254
Hold,2024-03-22 07:00:00,85.24,3944.0400732741937,Hold,3944.0400732742532,2753.2299741602706
Hold,2024-03-22 08:00:00,84.55,3912.113892483964,Hold,3912.113892484023,2730.9431524548436
Hold,2024-03-22 09:00:00,84.6,3914.4273838455742,Hold,3914.4273838456334,2732.558139534947
Hold,2024-03-22 10:00:00,83.4,3858.9035911669143,Hold,3858.903591166973,2693.7984496124654
Hold,2024-03-22 11:00:00,82.7,3826.514712104362,Hold,3826.51471210442,2671.188630491018
Hold,2024-03-22 12:00:00,82.93,3837.156772367772,Hold,3837.1567723678304,2678.6175710594935
Hold,2024-03-22 13:00:00,81.57,3774.229807331956,Hold,3774.2298073320135,2634.6899224806807
Hold,2024-03-22 14:00:00,81.58,3774.6925056042783,Hold,3774.6925056043356,2635.012919896701
Hold,2024-03-22 15:00:00,82.8,3831.1416948275837,Hold,3831.141694827642,2674.418604651224
Hold,2024-03-22 16:00:00,82.41,3813.0964622070187,Hold,3813.0964622070765,2661.8217054264173
Hold,2024-03-22 17:00:00,83.09,3844.559944724927,Hold,3844.5599447249847,2683.785529715824
Hold,2024-03-22 18:00:00,83.0,3840.3956602740273,Hold,3840.395660274085,2680.878552971638
Hold,2024-03-22 19:00:00,83.17,3848.261530903504,Hold,3848.261530903562,2686.369509043989
Hold,2024-03-22 20:00:00,82.71,3826.9774103766836,Hold,3826.9774103767413,2671.5116279070376
Hold,2024-03-22 21:00:00,82.55,3819.5742380195293,Hold,3819.574238019587,2666.3436692507066
Hold,2024-03-22 22:00:00,82.4,3812.633763934697,Hold,3812.6337639347544,2661.498708010397
Hold,2024-03-22 23:00:00,83.4,3858.9035911669143,Hold,3858.903591166973,2693.798449612465
Hold,2024-03-23 00:00:00,83.7,3872.7845393365797,Hold,3872.7845393366383,2703.488372093085
Hold,2024-03-23 01:00:00,84.66,3917.2035734795077,Hold,3917.2035734795672,2734.4961240310704
Hold,2024-03-23 02:00:00,84.09,3890.8297719571437,Hold,3890.8297719572033,2716.085271317892
Hold,2024-03-23 03:00:00,83.76,3875.560728970512,Hold,3875.5607289705713,2705.4263565892093
Hold,2024-03-23 04:00:00,84.11,3891.7551685017884,Hold,3891.7551685018475,2716.7312661499327
Hold,2024-03-23 05:00:00,83.97,3885.277392689278,Hold,3885.2773926893365,2712.2093023256434
Hold,2024-03-23 06:00:00,83.84,3879.2623151490898,Hold,3879.262315149149,2708.0103359173745
Hold,2024-03-23 07:00:00,84.33,3901.934530492876,Hold,3901.9345304929357,2723.837209302388
Hold,2024-03-23 08:00:00,84.39,3904.710720126809,Hold,3904.7107201268686,2725.775193798512
Hold,2024-03-23 09:00:00,85.87,3973.190064430491,Hold,3973.1900644305515,2773.5788113695726
Hold,2024-03-23 10:00:00,85.63,3962.085305894758,Hold,3962.085305894818,2765.826873385076
Hold,2024-03-23 11:00:00,86.54,4004.1908486760763,Hold,4004.1908486761367,2795.2196382429584
Hold,2024-03-23 12:00:00,86.08,3982.906728149256,Hold,3982.906728149316,2780.3617571060067
Hold,2024-03-23 13:00:00,86.33,3994.47418495731,Hold,3994.47418495737,2788.436692506524
Hold,2024-03-23 14:00:00,86.95,4023.1614778412854,Hold,4023.161477841346,2808.462532299806
Hold,2024-03-23 15:00:00,86.32,3994.011486684988,Hold,3994.011486685048,2788.113695090503
Hold,2024-03-23 16:00:00,86.44,3999.563865952854,Hold,3999.563865952914,2791.9896640827515
Hold,2024-03-23 17:00:00,86.66,4009.7432279439417,Hold,4009.743227944002,2799.0956072352064
Hold,2024-03-23 18:00:00,87.27,4037.9678225555945,Hold,4037.967822555655,2818.7984496124677
Hold,2024-03-23 19:00:00,86.99,4025.0122709305733,Hold,4025.012270930634,2809.7545219638887
Hold,2024-03-23 20:00:00,86.82,4017.1464003010965,Hold,4017.146400301157,2804.2635658915374
Hold,2024-03-23 21:00:00,86.82,4017.1464003010965,Hold,4017.146400301157,2804.2635658915374
Hold,2024-03-23 22:00:00,86.4,3997.713072863566,Hold,3997.713072863626,2790.6976744186695
Hold,2024-03-23 23:00:00,85.26,3944.9654698188383,Hold,3944.965469818898,2753.8759689923127
Hold,2024-03-24 00:00:00,86.54,4004.1908486760763,Hold,4004.190848676136,2795.2196382429597
Hold,2024-03-24 01:00:00,86.67,4010.2059262162643,Hold,4010.2059262163243,2799.4186046512286
Hold,2024-03-24 02:00:00,87.07,4028.713857109151,Hold,4028.713857109211,2812.3385012920553
Hold,2024-03-24 03:00:00,86.99,4025.0122709305733,Hold,4025.012270930634,2809.75452196389
Hold,2024-03-24 04:00:00,86.8,4016.2210037564523,Hold,4016.2210037565123,2803.6175710594975
Hold,2024-03-24 05:00:00,88.01,4072.2074947074357,Hold,4072.207494707497,2842.700258398
Hold,2024-03-24 06:00:00,86.83,4017.609098573419,Hold,4017.6090985734795,2804.5865633075596
Hold,2024-03-24 07:00:00,86.93,4022.2360812966413,Hold,4022.2360812967013,2807.8165374677665
Hold,2024-03-24 08:00:00,87.09,4029.6392536537955,Hold,4029.6392536538556,2812.9844961240974
Hold,2024-03-24 09:00:00,87.59,4052.7741672699044,Hold,4052.7741672699644,2829.1343669251314
Hold,2024-03-24 10:00:00,87.33,4040.744012189528,Hold,4040.744012189587,2820.7364341085936
Hold,2024-03-24 11:00:00,87.67,4056.4757534484816,Hold,4056.4757534485416,2831.7183462532967
Hold,2024-03-24 12:00:00,87.54,4050.4606759082935,Hold,4050.4606759083536,2827.519379845028
Hold,2024-03-24 13:00:00,88.67,4102.745580680698,Hold,4102.745580680758,2864.0180878553647
Hold,2024-03-24 14:00:00,89.91,4160.120166448648,Hold,4160.120166448708,2904.0697674419284
Hold,2024-03-24 15:00:00,89.34,4133.746364926284,Hold,4133.746364926343,2885.65891472875
Hold,2024-03-24 16:00:00,90.18,4172.613019801346,Hold,4172.613019801406,2912.790697674487
Hold,2024-03-24 17:00:00,89.7,4150.403502729882,Hold,4150.403502729942,2897.2868217054947
Hold,2024-03-24 18:00:00,89.83,4156.41858027007,Hold,4156.41858027013,2901.485788113763
Hold,2024-03-24 19:00:00,89.62,4146.701916551306,Hold,4146.701916551366,2894.7028423773295
Hold,2024-03-24 20:00:00,89.69,4149.94080445756,Hold,4149.94080445762,2896.963824289474
Hold,2024-03-24 21:00:00,89.65,4148.090011368272,Hold,4148.090011368332,2895.6718346253915
Hold,2024-03-24 22:00:00,89.72,4151.3288992745265,Hold,4151.328899274586,2897.9328165375364
Hold,2024-03-24 23:00:00,89.65,4148.090011368272,Hold,4148.090011368331,2895.6718346253915
Hold,2024-03-25 00:00:00,88.85,4111.074149582498,Hold,4111.074149582557,2869.832041343737
Hold,2024-03-25 01:00:00,88.87,4111.999546127142,Hold,4111.9995461272,2870.478036175778
Hold,2024-03-25 02:00:00,89.76,4153.179692363815,Hold,4153.179692363873,2899.224806201619
Hold,2024-03-25 03:00:00,89.92,4160.58286472097,Hold,4160.582864721029,2904.3927648579493
Hold,2024-03-25 04:00:00,90.41,4183.255080064757,Hold,4183.255080064816,2920.219638242962
Hold,2024-03-25 05:00:00,90.16,4171.687623256702,Hold,4171.687623256761,2912.1447028424445
Hold,2024-03-25 06:00:00,89.68,4149.478106185238,Hold,4149.478106185297,2896.6408268734526
Hold,2024-03-25 07:00:00,89.31,4132.358270109317,Hold,4132.358270109376,2884.689922480687
Hold,2024-03-25 08:00:00,89.48,4140.224140738795,Hold,4140.224140738853,2890.180878553039
Hold,2024-03-25 09:00:00,89.58,4144.851123462016,Hold,4144.851123462075,2893.4108527132457
Hold,2024-03-25 10:00:00,89.6,4145.776520006661,Hold,4145.776520006719,2894.056847545287
Hold,2024-03-25 11:00:00,88.75,4106.447166859276,Hold,4106.447166859334,2866.6020671835295
Hold,2024-03-25 12:00:00,89.29,4131.432873564673,Hold,4131.432873564732,2884.043927648646
Hold,2024-03-25 13:00:00,90.17,4172.150321529024,Hold,4172.150321529083,2912.467700258466
Hold,2024-03-25 14:00:00,91.31,4224.897924573752,Hold,4224.897924573812,2949.289405684823
Hold,2024-03-25 15:00:00,91.13,4216.5693556719525,Hold,4216.569355672012,2943.475452196451
Hold,2024-03-25 16:00:00,91.43,4230.450303841618,Hold,4230.450303841678,2953.165374677071
Hold,2024-03-25 17:00:00,90.91,4206.389993680865,Hold,4206.389993680924,2936.369509043996
Hold,2024-03-25 18:00:00,90.87,4204.539200591577,Hold,4204.5392005916365,2935.0775193799136
Hold,2024-03-25 19:00:00,91.2,4219.808243578208,Hold,4219.808243578267,2945.736434108596
Hold,2024-03-25 20:00:00,91.19,4219.345545305886,Hold,4219.345545305945,2945.413436692575
Hold,2024-03-25 21:00:00,90.44,4184.643174881723,Hold,4184.643174881781,2921.1886304910236
Hold,2024-03-25 22:00:00,90.64,4193.897140328167,Hold,4193.897140328225,2927.6485788114373
Hold,2024-03-25 23:00:00,90.58,4191.120950694233,Hold,4191.120950694292,2925.7105943153133
Hold,2024-03-26 00:00:00,90.52,4188.3447610603,Hold,4188.344761060359,2923.772609819189
Hold,2024-03-26 01:00:00,90.86,4204.076502319254,Hold,4204.076502319313,2934.7545219638923
Hold,2024-03-26 02:00:00,91.24,4221.659036667497,Hold,4221.6590366675555,2947.0284237726783
Hold,2024-03-26 03:00:00,91.05,4212.867769493376,Hold,4212.867769493434,2940.8914728682853
Hold,2024-03-26 04:00:00,91.15,4217.494752216598,Hold,4217.494752216656,2944.1214470284926
Hold,2024-03-26 05:00:00,91.3,4224.43522630143,Hold,4224.435226301488,2948.9664082688028
Hold,2024-03-26 06:00:00,91.84,4249.420933006827,Hold,4249.420933006886,2966.4082687339196
Hold,2024-03-26 07:00:00,90.93,4207.31539022551,Hold,4207.315390225568,2937.015503876038
Hold,2024-03-26 08:00:00,91.32,4225.360622846074,Hold,4225.360622846132,2949.612403100844
Hold,2024-03-26 09:00:00,91.17,4218.420148761242,Hold,4218.4201487613,2944.7674418605343
Hold,2024-03-26 10:00:00,91.7,4242.943157194317,Hold,4242.943157194376,2961.8863049096303
Hold,2024-03-26 11:00:00,91.2,4219.808243578208,Hold,4219.808243578267,2945.7364341085963
Hold,2024-03-26 12:00:00,91.1,4215.181260854986,Hold,4215.181260855045,2942.506459948389
Hold,2024-03-26 13:00:00,90.15,4171.22492498438,Hold,4171.224924984439,2911.8217054264246
Hold,2024-03-26 14:00:00,89.33,4133.2836666539615,Hold,4133.28366665402,2885.3359173127287
Hold,2024-03-26 15:00:00,88.96,4116.163830578042,Hold,4116.163830578099,2873.3850129199636
Hold,2024-03-26 16:00:00,88.12,4077.2971757029795,Hold,4077.297175703037,2846.2532299742265
Hold,2024-03-26 17:00:00,88.69,4103.6709772253425,Hold,4103.670977225401,2864.664082687406
Hold,2024-03-26 18:00:00,93.8,4340.109794381973,Hold,4340.109794382035,3029.7157622739733
Hold,2024-03-26 19:00:00,95.13,4401.648664600822,Hold,4401.648664600884,3072.6744186047235
Hold,2024-03-26 20:00:00,95.98,4440.978017748206,Hold,4440.97801774827,3100.1291989664815
Hold,2024-03-26 21:00:00,95.4,4414.141517953521,Hold,4414.141517953584,3081.395348837282
Hold,2024-03-26 22:00:00,95.45,4416.455009315132,Hold,4416.455009315196,3083.010335917386
Hold,2024-03-26 23:00:00,95.77,4431.261354029441,Hold,4431.261354029504,3093.3462532300478
Hold,2024-03-27 00:00:00,96.4,4460.411345185737,Hold,4460.411345185802,3113.6950904393507
Hold,2024-03-27 01:00:00,97.5,4511.308155141177,Hold,4511.308155141242,3149.224806201625
Hold,2024-03-27 02:00:00,97.45,4508.994663779566,Hold,4508.994663779631,3147.609819121522
Hold,2024-03-27 03:00:00,96.81,4479.381974350947,Hold,4479.381974351011,3126.937984496198
Hold,2024-03-27 04:00:00,96.94,4485.397051891135,Hold,4485.397051891199,3131.136950904467
Hold,2024-03-27 05:00:00,96.35,4458.097853824126,Hold,4458.097853824191,3112.080103359247
Hold,2024-03-27 06:00:00,96.07,4445.142302199106,Hold,4445.1423021991695,3103.036175710668
Hold,2024-03-27 07:00:00,95.61,4423.858181672285,Hold,4423.858181672348,3088.1782945737173
Hold,2024-03-27 08:00:00,95.15,4402.574061145466,Hold,4402.5740611455285,3073.320413436766
Hold,2024-03-27 09:00:00,95.19,4404.424854234754,Hold,4404.424854234817,3074.612403100849
Hold,2024-03-27 10:00:00,96.37,4459.023250368771,Hold,4459.023250368835,3112.726098191289
Hold,2024-03-27 11:00:00,97.72,4521.487517132265,Hold,4521.487517132329,3156.330749354081
Hold,2024-03-27 12:00:00,96.7,4474.292293355403,Hold,4474.292293355467,3123.385012919972
Hold,2024-03-27 13:00:00,94.31,4363.707406270403,Hold,4363.707406270466,3046.188630491029
Hold,2024-03-27 14:00:00,94.85,4388.6931129758,Hold,4388.693112975863,3063.630490956146
Hold,2024-03-27 15:00:00,93.6,4330.85582893553,Hold,4330.8558289355915,3023.255813953561
Hold,2024-03-27 16:00:00,94.69,4381.289940618646,Hold,4381.289940618709,3058.462532299815
Hold,2024-03-27 17:00:00,94.4,4367.871690721304,Hold,4367.871690721367,3049.0956072352155
Hold,2024-03-27 18:00:00,93.52,4327.154242756951,Hold,4327.154242757013,3020.671834625395
Hold,2024-03-27 19:00:00,93.83,4341.497889198939,Hold,4341.497889199002,3030.684754522036
Hold,2024-03-27 20:00:00,94.03,4350.751854645383,Hold,4350.751854645446,3037.14470284245
Hold,2024-03-27 21:00:00,93.81,4340.572492654295,Hold,4340.572492654358,3030.038759689995
Hold,2024-03-27 22:00:00,94.56,4375.274863078457,Hold,4375.27486307852,3054.263565891546
Hold,2024-03-27 23:00:00,93.55,4328.542337573919,Hold,4328.542337573981,3021.6408268734567
Hold,2024-03-28 00:00:00,94.65,4379.439147529358,Hold,4379.439147529421,3057.170542635732
Sell,2024-03-28 01:00:00,94.12,4354.916139096283,Sinal: Venda,4354.9161390963445,3040.051679586636
Buy,2024-03-28 20:00:00,93.91,4354.916139096283,Sinal: Compra,4354.9161390963445,3033.268733850201
Hold,2024-03-28 21:00:00,94.32,4365.1857056199815,Hold,4365.185705620043,3046.511627907049
Hold,2024-03-28 22:00:00,94.41,4369.350959155879,Hold,4369.350959155941,3049.4186046512345
Hold,2024-03-28 23:00:00,94.11,4355.466780702889,Hold,4355.466780702951,3039.7286821706143
Hold,2024-03-29 00:00:00,94.25,4361.946063980951,Hold,4361.946063981013,3044.250645994904
Hold,2024-03-29 01:00:00,94.17,4358.243616393487,Hold,4358.243616393548,3041.666666666739
Hold,2024-03-29 02:00:00,94.05,4352.689945012291,Hold,4352.689945012353,3037.7906976744903
Hold,2024-03-29 03:00:00,94.51,4373.979018640209,Hold,4373.97901864027,3052.6485788114423
Hold,2024-03-29 04:00:00,94.24,4361.483258032517,Hold,4361.483258032578,3043.9276485788837
Hold,2024-03-29 05:00:00,94.05,4352.689945012291,Hold,4352.689945012352,3037.7906976744907
Hold,2024-03-29 06:00:00,94.72,4383.697943557301,Hold,4383.697943557362,3059.4315245478765
Hold,2024-03-29 07:00:00,93.14,4310.574603704888,Hold,4310.5746037049485,3008.397932816609
Hold,2024-03-29 08:00:00,95.81,4434.143791936498,Hold,4434.143791936559,3094.6382428941306
Hold,2024-03-29 09:00:00,98.27,4547.994055251013,Hold,4547.994055251075,3174.095607235218
Hold,2024-03-29 10:00:00,101.56,4700.257212285468,Hold,4700.257212285532,3280.3617571060217
Hold,2024-03-29 11:00:00,102.27,4733.11643462421,Hold,4733.116434624275,3303.2945736434904
Hold,2024-03-29 12:00:00,103.33,4782.173865158107,Hold,4782.173865158173,3337.5322997416824
Hold,2024-03-29 13:00:00,104.76,4848.355115784026,Hold,4848.355115784092,3383.72093023264
Hold,2024-03-29 14:00:00,105.6,4887.230815452397,Hold,4887.230815452464,3410.852713178377
Hold,2024-03-29 15:00:00,104.21,4822.900788620211,Hold,4822.900788620277,3365.9560723515024
Hold,2024-03-29 16:00:00,105.01,4859.925264494851,Hold,4859.925264494918,3391.795865633157
Hold,2024-03-29 17:00:00,105.89,4900.652187956954,Hold,4900.652187957021,3420.219638242977
Hold,2024-03-29 18:00:00,105.55,4884.916785710232,Hold,4884.916785710298,3409.237726098274
Hold,2024-03-29 19:00:00,105.48,4881.677144071201,Hold,4881.677144071267,3406.9767441861295
Hold,2024-03-29 20:00:00,105.7,4891.858874936727,Hold,4891.858874936795,3414.0826873385845
Hold,2024-03-29 21:00:00,105.02,4860.388070443283,Hold,4860.3880704433495,3392.118863049178
Hold,2024-03-29 22:00:00,107.49,4974.701139706232,Hold,4974.701139706301,3471.899224806285
Hold,2024-03-29 23:00:00,109.06,5047.361673610212,Hold,5047.361673610281,3522.609819121532
Hold,2024-03-30 00:00:00,107.04,4953.874872026749,Hold,4953.874872026816,3457.3643410853547
Hold,2024-03-30 01:00:00,105.8,4896.4869344210565,Hold,4896.486934421123,3417.3126614987905
Hold,2024-03-30 02:00:00,105.5,4882.602755968067,Hold,4882.602755968133,3407.62273901817
Hold,2024-03-30 03:00:00,105.29,4872.883831050975,Hold,4872.883831051041,3400.8397932817356
Hold,2024-03-30 04:00:00,104.5,4836.322161124767,Hold,4836.322161124834,3375.3229974161018
Hold,2024-03-30 05:00:00,103.75,4801.611714992293,Hold,4801.611714992359,3351.0981912145508
Hold,2024-03-30 06:00:00,103.92,4809.479416115654,Hold,4809.479416115721,3356.5891472869025
Hold,2024-03-30 07:00:00,104.73,4846.9666979387275,Hold,4846.966697938794,3382.751937984578
Hold,2024-03-30 08:00:00,104.51,4836.784967073201,Hold,4836.784967073268,3375.645994832123
Hold,2024-03-30 09:00:00,103.88,4807.628192321921,Hold,4807.628192321987,3355.2971576228197
Hold,2024-03-30 10:00:00,103.77,4802.537326889159,Hold,4802.537326889225,3351.7441860465924
Hold,2024-03-30 11:00:00,103.37,4784.02508895184,Hold,4784.025088951906,3338.8242894057653
Hold,2024-03-30 12:00:00,102.9,4762.273209375489,Hold,4762.273209375555,3323.6434108527937
Hold,2024-03-30 13:00:00,102.31,4734.967658417942,Hold,4734.967658418007,3304.5865633075737
Hold,2024-03-30 14:00:00,102.81,4758.107955839592,Hold,4758.107955839657,3320.736434108607
Hold,2024-03-30 15:00:00,102.31,4734.967658417942,Hold,4734.967658418006,3304.5865633075737
Hold,2024-03-30 16:00:00,101.94,4717.843838325922,Hold,4717.843838325985,3292.635658914808
Hold,2024-03-30 17:00:00,102.39,4738.670106005406,Hold,4738.670106005469,3307.170542635739
Hold,2024-03-30 18:00:00,101.96,4718.769450222788,Hold,4718.769450222851,3293.2816537468493
Hold,2024-03-30 19:00:00,102.2,4729.87679298518,Hold,4729.876792985243,3301.033591731346
Hold,2024-03-30 20:00:00,101.37,4691.463899265241,Hold,4691.463899265303,3274.2248062016297
Hold,2024-03-30 21:00:00,101.8,4711.36455504786,Hold,4711.364555047922,3288.1136950905184
Hold,2024-03-30 22:00:00,101.71,4707.199301511962,Hold,4707.199301512024,3285.2067183463328
Hold,2024-03-30 23:00:00,102.84,4759.496373684891,Hold,4759.496373684954,3321.7054263566697
Hold,2024-03-31 00:00:00,103.85,4806.239774476623,Hold,4806.239774476687,3354.3281653747576
Hold,2024-03-31 01:00:00,104.01,4813.644669651551,Hold,4813.644669651616,3359.496124031089
Hold,2024-03-31 02:00:00,103.04,4768.752492653552,Hold,4768.752492653616,3328.165374677083
Hold,2024-03-31 03:00:00,102.95,4764.5872391176545,Hold,4764.587239117719,3325.2583979328965
Hold,2024-03-31 04:00:00,102.95,4764.5872391176545,Hold,4764.587239117719,3325.2583979328965
Hold,2024-03-31 05:00:00,103.05,4769.215298601984,Hold,4769.215298602048,3328.488372093103
Hold,2024-03-31 06:00:00,102.99,4766.4384629113865,Hold,4766.43846291145,3326.550387596979
Hold,2024-03-31 07:00:00,102.71,4753.479896355261,Hold,4753.479896355325,3317.5064599484
Hold,2024-03-31 08:00:00,102.04,4722.471897810252,Hold,4722.471897810315,3295.865633075015
Hold,2024-03-31 09:00:00,101.56,4700.257212285468,Hold,4700.25721228553,3280.361757106022
Hold,2024-03-31 10:00:00,102.09,4724.785927552416,Hold,4724.785927552478,3297.4806201551187
Hold,2024-03-31 11:00:00,102.31,4734.967658417942,Hold,4734.967658418005,3304.586563307573
Hold,2024-03-31 12:00:00,101.84,4713.215778841592,Hold,4713.215778841653,3289.405684754601
Hold,2024-03-31 13:00:00,101.87,4714.604196686892,Hold,4714.604196686953,3290.3746770026632
Hold,2024-03-31 14:00:00,102.57,4747.0006130772,Hold,4747.000613077263,3312.9844961241106
Hold,2024-03-31 15:00:00,103.21,4776.620193776911,Hold,4776.620193776975,3333.656330749434
Hold,2024-03-31 16:00:00,103.09,4771.066522395717,Hold,4771.06652239578,3329.7803617571863
Hold,2024-03-31 17:00:00,103.16,4774.306164034746,Hold,4774.306164034809,3332.0413436693316
Hold,2024-03-31 18:00:00,103.54,4791.892790075201,Hold,4791.892790075264,3344.315245478118
Hold,2024-03-31 19:00:00,104.58,4840.024608712232,Hold,4840.024608712296,3377.9069767442684
Hold,2024-03-31 20:00:00,105.76,4894.635710627325,Hold,4894.63571062739,3416.020671834709
Hold,2024-03-31 21:00:00,105.36,4876.123472690005,Hold,4876.123472690069,3403.1007751938814
Hold,2024-03-31 22:00:00,104.92,4855.760010958953,Hold,4855.760010959017,3388.8888888889715
Hold,2024-03-31 23:00:00,105.01,4859.925264494851,Hold,4859.925264494916,3391.7958656331575
Hold,2024-04-01 00:00:00,106.88,4946.469976851819,Hold,4946.469976851884,3452.1963824290247
Hold,2024-04-01 01:00:00,111.23,5147.790564420172,Hold,5147.790564420239,3592.700258398021
Hold,2024-04-01 02:00:00,111.02,5138.071639503079,Hold,5138.071639503146,3585.9173126615865
Hold,2024-04-01 03:00:00,109.92,5087.162985175449,Hold,5087.162985175515,3550.387596899312
Hold,2024-04-01 04:00:00,110.65,5120.947819411058,Hold,5120.947819411126,3573.966408268822
Hold,2024-04-01 05:00:00,105.28,4872.4210251025415,Hold,4872.421025102605,3400.5167958657166
Hold,2024-04-01 06:00:00,107.96,4996.453019282583,Hold,4996.453019282648,3487.080103359259
Hold,2024-04-01 07:00:00,108.35,5014.502451271469,Hold,5014.5024512715345,3499.677002584065
Hold,2024-04-01 08:00:00,105.7,4891.858874936727,Hold,4891.858874936791,3414.0826873385854
Hold,2024-04-01 09:00:00,104.9,4854.834399062087,Hold,4854.83439906215,3388.2428940569307
Hold,2024-04-01 10:00:00,105.07,4862.702100185447,Hold,4862.70210018551,3393.7338501292816
Hold,2024-04-01 11:00:00,104.21,4822.900788620211,Hold,4822.900788620273,3365.9560723515033
Hold,2024-04-01 12:00:00,105.18,4867.792965618211,Hold,4867.792965618274,3397.2868217055093
Hold,2024-04-01 13:00:00,103.94,4810.40502801252,Hold,4810.405028012582,3357.2351421189446
Hold,2024-04-01 14:00:00,100.47,4649.811363906271,Hold,4649.81136390633,3245.1550387597686
Trailing-Stop,2024-04-01 15:00:00,98.39,4553.54772663221,Trailing stop 10.0% hit,4553.547726632268,3177.9715762274673
Buy,2024-04-02 16:00:00,105.86,4553.54772663221,Sinal: Compra,4553.547726632268,3419.2506459949154
Hold,2024-04-02 17:00:00,106.64,4577.929666533651,Hold,4577.92966653371,3444.444444444528
Hold,2024-04-02 18:00:00,106.63,4577.500378305355,Hold,4577.5003783054135,3444.121447028507
Hold,2024-04-02 19:00:00,107.36,4608.838418970862,Hold,4608.83841897092,3467.7002583980166
Hold,2024-04-02 20:00:00,107.16,4600.25265440497,Hold,4600.252654405028,3461.2403100776028
Hold,2024-04-02 21:00:00,106.86,4587.374007556132,Hold,4587.37400755619,3451.5503875969825
Hold,2024-04-02 22:00:00,108.01,4636.742153810011,Hold,4636.74215381007,3488.6950904393607
Hold,2024-04-02 23:00:00,106.75,4582.651837044892,Hold,4582.65183704495,3447.9974160207553
Hold,2024-04-03 00:00:00,105.75,4539.723014215431,Hold,4539.723014215489,3415.6976744186873
Hold,2024-04-03 01:00:00,104.93,4504.521379495274,Hold,4504.5213794953315,3389.211886304992
Hold,2024-04-03 02:00:00,102.51,4400.63362824798,Hold,4400.633628248036,3311.046511627988
Hold,2024-04-03 03:00:00,103.12,4426.82021017395,Hold,4426.820210174006,3330.749354005249
Hold,2024-04-03 04:00:00,103.01,4422.098039662709,Hold,4422.098039662766,3327.1963824290215
Hold,2024-04-03 05:00:00,102.42,4396.770034193328,Hold,4396.770034193383,3308.1395348838014
Hold,2024-04-03 06:00:00,102.4,4395.911457736739,Hold,4395.911457736795,3307.49354005176
Hold,2024-04-03 07:00:00,101.39,4352.553346678984,Hold,4352.553346679038,3274.8708010336713
Hold,2024-04-03 08:00:00,101.6,4361.568399473171,Hold,4361.568399473226,3281.653746770105
Hold,2024-04-03 09:00:00,101.25,4346.543311482859,Hold,4346.543311482915,3270.3488372093816
Hold,2024-04-03 10:00:00,100.47,4313.058829675881,Hold,4313.058829675935,3245.155038759768
Hold,2024-04-03 11:00:00,100.48,4313.488117904175,Hold,4313.4881179042295,3245.4780361757894
Hold,2024-04-03 12:00:00,100.73,4324.22032361154,Hold,4324.220323611595,3253.552971576306
Hold,2024-04-03 13:00:00,99.69,4279.574347868901,Hold,4279.574347868956,3219.961240310155
Hold,2024-04-03 14:00:00,100.9,4331.518223492549,Hold,4331.518223492603,3259.0439276486577
Hold,2024-04-03 15:00:00,98.6,4232.78193098479,Hold,4232.781930984843,3184.754521963901
Hold,2024-04-03 16:00:00,99.37,4265.837124563474,Hold,4265.837124563528,3209.6253229974936
Hold,2024-04-03 17:00:00,98.73,4238.362677952619,Hold,4238.362677952672,3188.95348837217
Hold,2024-04-03 18:00:00,97.79,4198.009584492927,Hold,4198.009584492979,3158.5917312662264
Hold,2024-04-03 19:00:00,98.26,4218.186131222773,Hold,4218.186131222825,3173.7726098191984
Hold,2024-04-03 20:00:00,97.81,4198.868160949515,Hold,4198.868160949567,3159.2377260982676
Hold,2024-04-03 21:00:00,97.92,4203.590331460757,Hold,4203.590331460809,3162.790697674495
Hold,2024-04-03 22:00:00,98.41,4224.625454647192,Hold,4224.625454647243,3178.617571059508
Hold,2024-04-03 23:00:00,98.33,4221.191148820835,Hold,4221.191148820886,3176.0335917313428
Hold,2024-04-04 00:00:00,99.57,4274.422889129366,Hold,4274.422889129418,3216.0852713179074
Hold,2024-04-04 01:00:00,99.97,4291.59441826115,Hold,4291.594418261202,3229.005167958735
Hold,2024-04-04 02:00:00,100.83,4328.513205894486,Hold,4328.513205894538,3256.7829457365133
Hold,2024-04-04 03:00:00,98.19,4215.181113624711,Hold,4215.181113624761,3171.511627907054
Hold,2024-04-04 04:00:00,99.62,4276.56933027084,Hold,4276.56933027089,3217.700258398011
Hold,2024-04-04 05:00:00,100.64,4320.356729556888,Hold,4320.356729556939,3250.6459948321203
Hold,2024-04-04 06:00:00,100.32,4306.619506251461,Hold,4306.619506251512,3240.310077519458
Hold,2024-04-04 07:00:00,101.53,4358.5633818751085,Hold,4358.563381875159,3279.3927648579606
Hold,2024-04-04 08:00:00,103.45,4440.986721707673,Hold,4440.986721707724,3341.4082687339314
Hold,2024-04-04 09:00:00,102.89,4416.946580923174,Hold,4416.946580923225,3323.3204134367734
Hold,2024-04-04 10:00:00,101.03,4337.098970460378,Hold,4337.098970460428,3263.242894056927
Hold,2024-04-04 11:00:00,100.14,4298.892318142159,Hold,4298.892318142208,3234.4961240310868
Hold,2024-04-04 12:00:00,100.45,4312.200253219292,Hold,4312.200253219341,3244.5090439277274
Hold,2024-04-04 13:00:00,100.56,4316.9224237305325,Hold,4316.9224237305825,3248.0620155039555
Hold,2024-04-04 14:00:00,99.55,4273.564312672777,Hold,4273.5643126728255,3215.4392764858667
Hold,2024-04-04 15:00:00,99.47,4270.13000684642,Hold,4270.130006846468,3212.855297157701
Hold,2024-04-04 16:00:00,99.83,4285.584383065026,Hold,4285.584383065074,3224.4832041344453
Hold,2024-04-04 17:00:00,100.77,4325.9374765247185,Hold,4325.937476524767,3254.844961240389
Hold,2024-04-04 18:00:00,99.67,4278.715771412312,Hold,4278.7157714123605,3219.3152454781143
Hold,2024-04-04 19:00:00,98.81,4241.796983778976,Hold,4241.796983779024,3191.5374677003356
Hold,2024-04-04 20:00:00,98.05,4209.171078428586,Hold,4209.171078428634,3166.9896640827633
Trailing-Stop,2024-04-04 21:00:00,97.02,4164.954390914242,Trailing stop 10.0% hit,4164.954390914289,3133.7209302326332
Buy,2024-04-07 04:00:00,103.75,4164.954390914242,Sinal: Compra,4164.954390914289,3351.098191214551
Hold,2024-04-07 05:00:00,103.64,4152.2216191236275,Hold,4152.221619123674,3347.545219638324
Hold,2024-04-07 06:00:00,103.06,4128.984562590516,Hold,4128.984562590563,3328.8113695091242
Hold,2024-04-07 07:00:00,103.56,4149.016507877682,Hold,4149.016507877729,3344.9612403101587
Hold,2024-04-07 08:00:00,103.87,4161.4363139557245,Hold,4161.436313955772,3354.9741602067998
Hold,2024-04-07 09:00:00,103.39,4142.205646480046,Hold,4142.2056464800935,3339.470284237807
Hold,2024-04-07 10:00:00,102.99,4126.180090250313,Hold,4126.18009025036,3326.55038759698
Hold,2024-04-07 11:00:00,103.08,4129.7858404020035,Hold,4129.78584040205,3329.4573643411663
Hold,2024-04-07 12:00:00,103.04,4128.18328477903,Hold,4128.1832847790765,3328.165374677084
Hold,2024-04-07 13:00:00,103.62,4151.420341312141,Hold,4151.420341312188,3346.899224806283
Hold,2024-04-07 14:00:00,103.48,4145.811396631735,Hold,4145.811396631781,3342.377260981994
Hold,2024-04-07 15:00:00,102.3,4098.536005754025,Hold,4098.536005754069,3304.2635658915533
Hold,2024-04-07 16:00:00,102.8,4118.56795104119,Hold,4118.567951041235,3320.4134366925873
Hold,2024-04-07 17:00:00,101.88,4081.7091717128055,Hold,4081.70917171285,3290.6976744186845
Hold,2024-04-07 18:00:00,101.52,4067.2861711060473,Hold,4067.2861711060923,3279.06976744194
Hold,2024-04-07 19:00:00,100.92,4043.2478367614485,Hold,4043.247836761493,3259.6899224806994
Hold,2024-04-07 20:00:00,101.05,4048.456142536111,Hold,4048.456142536156,3263.888888888968
Hold,2024-04-07 21:00:00,100.53,4027.6229194374596,Hold,4027.622919437504,3247.0930232558926
Hold,2024-04-07 22:00:00,100.69,4034.033141929353,Hold,4034.033141929398,3252.2609819122235
Hold,2024-04-07 23:00:00,101.21,4054.8663650280046,Hold,4054.86636502805,3269.0568475452988
Hold,2024-04-08 00:00:00,101.17,4053.2638094050317,Hold,4053.2638094050776,3267.7648578812164
Hold,2024-04-08 01:00:00,101.28,4057.6708373682077,Hold,4057.6708373682536,3271.3178294574445
Hold,2024-04-08 02:00:00,100.58,4029.626113966176,Hold,4029.6261139662215,3248.7080103359967
Hold,2024-04-08 03:00:00,100.76,4036.837614269556,Hold,4036.8376142696015,3254.521963824369
Hold,2024-04-08 04:00:00,101.44,4064.0810598601,Hold,4064.081059860146,3276.4857881137746
Sell,2024-04-08 05:00:00,101.01,4046.8535869131383,Sinal: Venda,4046.8535869131842,3262.596899224886
Buy,2024-04-08 12:00:00,103.44,4046.8535869131383,Sinal: Compra,4046.8535869131842,3341.085271317911
Hold,2024-04-08 13:00:00,103.88,4055.943510194029,Hold,4055.9435101940753,3355.29715762282
Hold,2024-04-08 14:00:00,103.21,4029.78368971049,Hold,4029.783689710536,3333.656330749435
Hold,2024-04-08 15:00:00,102.85,4015.7276667641113,Hold,4015.7276667641568,3322.02842377269
Hold,2024-04-08 16:00:00,103.43,4038.3734815110556,Hold,4038.373481511101,3340.76227390189
Hold,2024-04-08 17:00:00,103.61,4045.4014929842447,Hold,4045.4014929842897,3346.5762273902615
Hold,2024-04-08 18:00:00,103.97,4059.4575159306237,Hold,4059.457515930669,3358.204134367006
Hold,2024-04-08 19:00:00,103.69,4048.525053638996,Hold,4048.5250536390413,3349.160206718427
Hold,2024-04-08 20:00:00,104.16,4066.875972485657,Hold,4066.8759724857023,3364.341085271399
Hold,2024-04-08 21:00:00,104.33,4073.5135388770027,Hold,4073.513538877048,3369.8320413437514
Hold,2024-04-08 22:00:00,104.18,4067.6568626493454,Hold,4067.6568626493904,3364.9870801034413
Hold,2024-04-08 23:00:00,103.27,4032.1263602015533,Hold,4032.1263602015983,3335.5943152455593
Hold,2024-04-09 00:00:00,102.27,3993.0818520171674,Hold,3993.081852017212,3303.2945736434917
Hold,2024-04-09 01:00:00,102.23,3991.520071689792,Hold,3991.5200716898366,3302.0025839794093
Hold,2024-04-09 02:00:00,102.66,4008.309210209078,Hold,4008.3092102091227,3315.891472868298
Hold,2024-04-09 03:00:00,102.28,3993.4722970990115,Hold,3993.4722970990556,3303.6175710595126
Hold,2024-04-09 04:00:00,102.22,3991.129626607948,Hold,3991.1296266079926,3301.6795865633885
Hold,2024-04-09 05:00:00,101.94,3980.19716431632,Hold,3980.1971643163647,3292.635658914809
Hold,2024-04-09 06:00:00,100.91,3939.9813208864025,Hold,3939.9813208864466,3259.366925064679
Hold,2024-04-09 07:00:00,100.1,3908.3552692570493,Hold,3908.3552692570934,3233.204134367004
Hold,2024-04-09 08:00:00,99.7,3892.7374659832954,Hold,3892.7374659833395,3220.2842377261773
Hold,2024-04-09 09:00:00,99.67,3891.5661307377636,Hold,3891.5661307378073,3219.3152454781152
Hold,2024-04-09 10:00:00,99.9,3900.5463676201725,Hold,3900.546367620216,3226.744186046591
Hold,2024-04-09 11:00:00,100.13,3909.526604502581,Hold,3909.5266045026247,3234.1731266150664
Hold,2024-04-09 12:00:00,99.82,3897.4228069654214,Hold,3897.422806965465,3224.160206718425
Hold,2024-04-09 13:00:00,98.72,3854.4738479625967,Hold,3854.47384796264,3188.6304909561504
Hold,2024-04-09 14:00:00,97.78,3817.772010269274,Hold,3817.7720102693165,3158.2687338502064
Hold,2024-04-09 15:00:00,98.0,3826.3618020698386,Hold,3826.3618020698814,3165.3746770026614
Hold,2024-04-09 16:00:00,97.66,3813.0866692871473,Hold,3813.08666928719,3154.392764857958
Hold,2024-04-09 17:00:00,98.13,3831.4375881338087,Hold,3831.4375881338515,3169.57364341093
Hold,2024-04-09 18:00:00,98.18,3833.3898135430286,Hold,3833.3898135430713,3171.188630491034
Hold,2024-04-09 19:00:00,98.45,3843.931830752813,Hold,3843.9318307528556,3179.909560723592
Hold,2024-04-09 20:00:00,98.37,3840.808270098062,Hold,3840.8082700981054,3177.3255813954265
Hold,2024-04-09 21:00:00,97.9,3822.4573512514003,Hold,3822.457351251443,3162.1447028424545
Hold,2024-04-09 22:00:00,98.13,3831.4375881338087,Hold,3831.4375881338515,3169.5736434109294
Hold,2024-04-09 23:00:00,97.53,3808.0108832231776,Hold,3808.0108832232204,3150.193798449689
Hold,2024-04-10 00:00:00,97.82,3819.333790596649,Hold,3819.333790596692,3159.5607235142884
Hold,2024-04-10 01:00:00,97.71,3815.0388946963667,Hold,3815.0388946964094,3156.007751938061
Hold,2024-04-10 02:00:00,96.21,3756.472132419787,Hold,3756.472132419829,3107.5581395349586
Hold,2024-04-10 03:00:00,97.24,3796.687975849705,Hold,3796.6879758497466,3140.8268733850887
Hold,2024-04-10 04:00:00,97.42,3803.715987322895,Hold,3803.715987322937,3146.640826873461
Hold,2024-04-10 05:00:00,97.65,3812.696224205304,Hold,3812.696224205346,3154.069767441937
Hold,2024-04-10 06:00:00,97.79,3818.162455351118,Hold,3818.16245535116,3158.591731266227
Hold,2024-04-10 07:00:00,97.45,3804.8873225684265,Hold,3804.8873225684683,3147.6098191215237
Hold,2024-04-10 08:00:00,97.05,3789.2695192946717,Hold,3789.2695192947135,3134.689922480696
Hold,2024-04-10 09:00:00,96.55,3769.7472652024785,Hold,3769.7472652025203,3118.540051679662
Hold,2024-04-10 10:00:00,96.51,3768.185484875104,Hold,3768.185484875146,3117.2480620155798
Hold,2024-04-10 11:00:00,96.61,3772.089935693542,Hold,3772.089935693584,3120.4780361757867
Hold,2024-04-10 12:00:00,95.14,3714.6945086624946,Hold,3714.6945086625356,3072.9974160207466
Hold,2024-04-10 13:00:00,95.31,3721.33207505384,Hold,3721.3320750538805,3078.488372093099
Hold,2024-04-10 14:00:00,95.92,3745.1492250463157,Hold,3745.1492250463566,3098.19121447036
Hold,2024-04-10 15:00:00,95.73,3737.7307684912826,Hold,3737.7307684913235,3092.054263565967
Hold,2024-04-10 16:00:00,96.7,3775.603941430137,Hold,3775.6039414301786,3123.385012919973
Hold,2024-04-10 17:00:00,96.39,3763.500143892977,Hold,3763.5001438930185,3113.372093023332
Hold,2024-04-10 18:00:00,95.32,3721.7225201356837,Hold,3721.7225201357246,3078.8113695091192
Hold,2024-04-10 19:00:00,96.31,3760.3765832382264,Hold,3760.3765832382674,3110.788113695167
Hold,2024-04-10 20:00:00,95.84,3742.025664391565,Hold,3742.0256643916055,3095.607235142195
Hold,2024-04-10 21:00:00,96.39,3763.500143892977,Hold,3763.5001438930185,3113.372093023332
Hold,2024-04-10 22:00:00,97.0,3787.3172938854527,Hold,3787.3172938854946,3133.074935400594
Hold,2024-04-10 23:00:00,96.71,3775.9943865119803,Hold,3775.994386512022,3123.708010335994
Hold,2024-04-11 00:00:00,96.59,3771.3090455298543,Hold,3771.309045529896,3119.8320413437464
Hold,2024-04-11 01:00:00,96.55,3769.7472652024785,Hold,3769.747265202521,3118.5400516796635
Hold,2024-04-11 02:00:00,97.08,3790.440854540204,Hold,3790.440854540246,3135.6589147287596
Hold,2024-04-11 03:00:00,97.26,3797.4688660133934,Hold,3797.468866013436,3141.4728682171317
Hold,2024-04-11 04:00:00,97.04,3788.8790742128285,Hold,3788.8790742128713,3134.3669250646767
Hold,2024-04-11 05:00:00,97.24,3796.687975849705,Hold,3796.6879758497475,3140.8268733850905
Hold,2024-04-11 06:00:00,97.68,3813.8675594508354,Hold,3813.8675594508786,3155.0387596900014
Hold,2024-04-11 07:00:00,97.95,3824.4095766606197,Hold,3824.409576660663,3163.7596899225596
Hold,2024-04-11 08:00:00,98.02,3827.1426922335263,Hold,3827.14269223357,3166.0206718347044
Hold,2024-04-11 09:00:00,96.93,3784.584178312546,Hold,3784.5841783125893,3130.813953488451
Hold,2024-04-11 10:00:00,96.6,3771.699490611698,Hold,3771.699490611741,3120.1550387597676
Hold,2024-04-11 11:00:00,95.94,3745.9301152100034,Hold,3745.930115210046,3098.837209302403
Hold,2024-04-11 12:00:00,96.74,3777.165721757512,Hold,3777.1657217575557,3124.6770025840574
Hold,2024-04-11 13:00:00,95.89,3743.9778898007844,Hold,3743.9778898008276,3097.2222222223
Hold,2024-04-11 14:00:00,95.42,3725.6269709541225,Hold,3725.6269709541657,3082.041343669328
Hold,2024-04-11 15:00:00,96.09,3751.7867914376616,Hold,3751.7867914377052,3103.6821705427133
Hold,2024-04-11 16:00:00,95.83,3741.6352193097205,Hold,3741.635219309764,3095.2842377261754
Hold,2024-04-11 17:00:00,97.5,3806.839547977646,Hold,3806.8395479776905,3149.2248062016292
Hold,2024-04-11 18:00:00,97.91,3822.847796333244,Hold,3822.8477963332884,3162.4677002584767
Hold,2024-04-11 19:00:00,98.53,3847.055391407563,Hold,3847.0553914076077,3182.4935400517593
Hold,2024-04-11 20:00:00,99.37,3879.8527782824476,Hold,3879.8527782824926,3209.625322997497
Hold,2024-04-11 21:00:00,98.71,3854.0834028807526,Hold,3854.083402880797,3188.3074935401314
Hold,2024-04-11 22:00:00,98.31,3838.4655996069987,Hold,3838.4655996070433,3175.3875968993043
Hold,2024-04-11 23:00:00,98.78,3856.81651845366,Hold,3856.8165184537047,3190.5684754522763
Hold,2024-04-12 00:00:00,99.13,3870.482096318195,Hold,3870.48209631824,3201.8733850129993
Hold,2024-04-12 01:00:00,98.52,3846.6649463257195,Hold,3846.664946325764,3182.170542635738
Hold,2024-04-12 02:00:00,98.1,3830.2662528882774,Hold,3830.266252888322,3168.6046511628692
Hold,2024-04-12 03:00:00,98.34,3839.63693485253,Hold,3839.636934852574,3176.356589147366
Hold,2024-04-12 04:00:00,98.41,3842.370050425437,Hold,3842.370050425481,3178.6175710595103
Hold,2024-04-12 05:00:00,98.33,3839.2464897706864,Hold,3839.2464897707305,3176.033591731345
Hold,2024-04-12 06:00:00,98.69,3853.302512717065,Hold,3853.302512717109,3187.6614987080898
Hold,2024-04-12 07:00:00,98.44,3843.541385670969,Hold,3843.5413856710124,3179.5865633075728
Hold,2024-04-12 08:00:00,97.65,3812.696224205304,Hold,3812.6962242053473,3154.069767441939
Hold,2024-04-12 09:00:00,97.34,3800.592426668144,Hold,3800.5924266681873,3144.056847545298
Hold,2024-04-12 10:00:00,97.5,3806.839547977646,Hold,3806.839547977689,3149.2248062016283
Hold,2024-04-12 11:00:00,97.84,3820.1146807603373,Hold,3820.114680760381,3160.206718346332
Hold,2024-04-12 12:00:00,96.7,3775.603941430137,Hold,3775.6039414301804,3123.385012919974
Hold,2024-04-12 13:00:00,95.39,3724.455635708591,Hold,3724.455635708634,3081.072351421265
Hold,2024-04-12 14:00:00,96.04,3749.834566028442,Hold,3749.834566028485,3102.06718346261
Hold,2024-04-12 15:00:00,95.76,3738.902103736814,Hold,3738.9021037368566,3093.023255814031
Hold,2024-04-12 16:00:00,94.76,3699.8575955524284,Hold,3699.8575955524707,3060.7235142119625
Stop-Loss,2024-04-12 17:00:00,89.68,3501.511493975747,SL 10.0% hit,3501.511493975787,2896.640826873457
Buy,2024-04-20 23:00:00,85.04,3501.511493975747,Sinal: Compra,3501.511493975787,2746.770025839862
Hold,2024-04-21 00:00:00,84.27,3462.870695231833,Hold,3462.8706952318726,2721.899224806269
Hold,2024-04-21 01:00:00,84.71,3480.951425098951,Hold,3480.9514250989905,2736.111111111179
Hold,2024-04-21 02:00:00,85.09,3496.56660089328,Hold,3496.5666008933194,2748.385012919965
Hold,2024-04-21 03:00:00,84.9,3488.759012996116,Hold,3488.7590129961554,2742.248062015572
Hold,2024-04-21 04:00:00,84.94,3490.402715711308,Hold,3490.402715711347,2743.5400516796544
Hold,2024-04-21 05:00:00,85.44,3510.9489996512143,Hold,3510.948999651254,2759.6899224806884
Hold,2024-04-21 06:00:00,85.47,3512.181776687609,Hold,3512.181776687648,2760.6589147287505
Hold,2024-04-21 07:00:00,85.52,3514.2364050815995,Hold,3514.236405081638,2762.2739018088537
Hold,2024-04-21 08:00:00,85.33,3506.428817184435,Hold,3506.428817184474,2756.136950904461
Hold,2024-04-21 09:00:00,85.21,3501.4977090388575,Hold,3501.4977090388966,2752.2609819122126
Hold,2024-04-21 10:00:00,85.11,3497.388452250876,Hold,3497.3884522509147,2749.031007752006
Hold,2024-04-21 11:00:00,85.15,3499.032154966069,Hold,3499.0321549661076,2750.322997416089
Hold,2024-04-21 12:00:00,84.53,3473.554762880585,Hold,3473.554762880623,2730.2971576228065
Hold,2024-04-21 13:00:00,83.92,3448.488296473899,Hold,3448.488296473937,2710.594315245545
Hold,2024-04-21 14:00:00,84.03,3453.0084789406787,Hold,3453.008478940717,2714.147286821772
Hold,2024-04-21 15:00:00,84.41,3468.623654735007,Hold,3468.623654735046,2726.4211886305575
Hold,2024-04-21 16:00:00,83.47,3429.996640927983,Hold,3429.9966409280214,2696.059431524614
Hold,2024-04-21 17:00:00,83.82,3444.379039685917,Hold,3444.379039685956,2707.3643410853374
Hold,2024-04-21 18:00:00,83.63,3436.5714517887527,Hold,3436.5714517887914,2701.227390180945
Hold,2024-04-21 19:00:00,83.71,3439.858857219138,Hold,3439.8588572191766,2703.8113695091106
Hold,2024-04-21 20:00:00,84.43,3469.445506092604,Hold,3469.4455060926434,2727.0671834625996
Hold,2024-04-21 21:00:00,84.45,3470.2673574502,Hold,3470.2673574502396,2727.713178294641
Hold,2024-04-21 22:00:00,84.41,3468.623654735007,Hold,3468.623654735047,2726.421188630558
Hold,2024-04-21 23:00:00,84.16,3458.3505127650537,Hold,3458.3505127650933,2718.346253230041
Hold,2024-04-22 00:00:00,84.33,3465.336249304622,Hold,3465.3362493046616,2723.8372093023922
Hold,2024-04-22 01:00:00,84.75,3482.5951278141433,Hold,3482.5951278141833,2737.403100775261
Hold,2024-04-22 02:00:00,84.34,3465.747174983421,Hold,3465.7471749834604,2724.1602067184135
Hold,2024-04-22 03:00:00,85.35,3507.2506685420312,Hold,3507.2506685420713,2756.782945736502
Hold,2024-04-22 04:00:00,85.26,3503.552337432848,Hold,3503.552337432888,2753.875968992316
Hold,2024-04-22 05:00:00,85.63,3518.756587548379,Hold,3518.7565875484192,2765.8268733850814
Hold,2024-04-22 06:00:00,85.58,3516.7019591543885,Hold,3516.7019591544286,2764.2118863049777
Hold,2024-04-22 07:00:00,84.89,3488.3480873173175,Hold,3488.3480873173576,2741.9250645995508
Hold,2024-04-22 08:00:00,85.01,3493.279195462895,Hold,3493.2791954629356,2745.801033591799
Hold,2024-04-22 09:00:00,85.15,3499.032154966069,Hold,3499.032154966109,2750.322997416088
Hold,2024-04-22 10:00:00,84.98,3492.0464184265006,Hold,3492.0464184265406,2744.832041343737
Hold,2024-04-22 11:00:00,84.76,3483.006053492942,Hold,3483.006053492982,2737.726098191282
Hold,2024-04-22 12:00:00,84.99,3492.4573441052985,Hold,3492.457344105339,2745.1550387597567
Hold,2024-04-22 13:00:00,84.79,3484.2388305293366,Hold,3484.2388305293766,2738.6950904393434
Hold,2024-04-22 14:00:00,84.64,3478.074945347364,Hold,3478.0749453474036,2733.8501291990333
Hold,2024-04-22 15:00:00,85.01,3493.279195462895,Hold,3493.2791954629356,2745.801033591798
Hold,2024-04-22 16:00:00,84.94,3490.402715711308,Hold,3490.4027157113483,2743.540051679653
Hold,2024-04-22 17:00:00,85.61,3517.9347361907826,Hold,3517.9347361908235,2765.1808785530384
Hold,2024-04-22 18:00:00,85.73,3522.86584433636,Hold,3522.8658443364006,2769.0568475452865
Hold,2024-04-22 19:00:00,85.71,3522.0439929787635,Hold,3522.043992978804,2768.410852713245
Hold,2024-04-22 20:00:00,86.22,3543.001202597469,Hold,3543.0012025975097,2784.883720930299
Hold,2024-04-22 21:00:00,85.89,3529.4406551971306,Hold,3529.4406551971715,2774.224806201617
Hold,2024-04-22 22:00:00,86.02,3534.7826890215056,Hold,3534.7826890215465,2778.423772609885
Hold,2024-04-22 23:00:00,85.39,3508.894371257224,Hold,3508.8943712572645,2758.0749354005825
Hold,2024-04-23 00:00:00,85.59,3517.1128848331864,Hold,3517.1128848332273,2764.5348837209963
Hold,2024-04-23 01:00:00,85.38,3508.4834455784257,Hold,3508.483445578466,2757.751937984561
Hold,2024-04-23 02:00:00,85.04,3494.5119724992896,Hold,3494.5119724993297,2746.7700258398586
Hold,2024-04-23 03:00:00,84.63,3477.6640196685657,Hold,3477.6640196686053,2733.52713178301
Hold,2024-04-23 04:00:00,84.35,3466.158100662218,Hold,3466.1581006622573,2724.483204134431
Hold,2024-04-23 05:00:00,84.87,3487.526235959721,Hold,3487.52623595976,2741.2790697675073
Hold,2024-04-23 06:00:00,84.59,3476.020316953374,Hold,3476.020316953413,2732.2351421189283
Hold,2024-04-23 07:00:00,84.3,3464.1034722682275,Hold,3464.1034722682666,2722.868217054329
Hold,2024-04-23 08:00:00,84.73,3481.7732764565476,Hold,3481.773276456587,2736.7571059432184
Hold,2024-04-23 09:00:00,84.46,3470.6782831289975,Hold,3470.6782831290366,2728.0361757106602
Hold,2024-04-23 10:00:00,84.51,3472.732911522989,Hold,3472.7329115230286,2729.651162790764
Hold,2024-04-23 11:00:00,84.2,3459.9942154802466,Hold,3459.994215480286,2719.638242894123
Hold,2024-04-23 12:00:00,84.43,3469.445506092604,Hold,3469.4455060926434,2727.0671834625987
Hold,2024-04-23 13:00:00,84.58,3475.609391274575,Hold,3475.609391274614,2731.912144702909
Hold,2024-04-23 14:00:00,84.97,3491.6354927477023,Hold,3491.635492747742,2744.5090439277155
Sell,2024-04-23 15:00:00,84.68,3479.718648062557,Sinal: Venda,3479.718648062596,2735.142118863116
Buy,2024-04-26 16:00:00,86.55,3479.718648062557,Sinal: Compra,3479.718648062596,2795.5426356589824
Hold,2024-04-26 17:00:00,87.25,3500.849737086346,Hold,3500.849737086385,2818.15245478043
Hold,2024-04-26 18:00:00,88.05,3532.949218916364,Hold,3532.949218916403,2843.992248062085
Hold,2024-04-26 19:00:00,88.06,3533.350462439239,Hold,3533.3504624392785,2844.315245478105
Hold,2024-04-26 20:00:00,88.37,3545.7890116483713,Hold,3545.789011648411,2854.3281653747467
Hold,2024-04-26 21:00:00,88.22,3539.7703588052427,Hold,3539.7703588052823,2849.483204134436
Hold,2024-04-26 22:00:00,87.47,3509.677094589601,Hold,3509.67709458964,2825.258397932885
Hold,2024-04-26 23:00:00,88.1,3534.95543653074,Hold,3534.955436530779,2845.6072351421876
Hold,2024-04-27 00:00:00,87.4,3506.8683899294747,Hold,3506.8683899295133,2822.9974160207403
Hold,2024-04-27 01:00:00,86.62,3475.5713951452067,Hold,3475.5713951452453,2797.8036175711277
Hold,2024-04-27 02:00:00,87.34,3504.460928792223,Hold,3504.460928792262,2821.0594315246167
Hold,2024-04-27 03:00:00,87.89,3526.52932255036,Hold,3526.5293225503992,2838.8242894057535
Hold,2024-04-27 04:00:00,87.58,3514.090773341228,Hold,3514.0907733412673,2828.811369509112
Hold,2024-04-27 05:00:00,87.27,3501.6522241320963,Hold,3501.6522241321354,2818.798449612471
Hold,2024-04-27 06:00:00,86.75,3480.7875609425846,Hold,3480.7875609426237,2802.0025839793957
Hold,2024-04-27 07:00:00,86.42,3467.546524687702,Hold,3467.5465246877407,2791.3436692507134
Hold,2024-04-27 08:00:00,86.31,3463.132845936075,Hold,3463.1328459361134,2787.7906976744857
Hold,2024-04-27 09:00:00,86.04,3452.299270818444,Hold,3452.2992708184825,2779.0697674419275
Hold,2024-04-27 10:00:00,85.31,3423.008493648552,Hold,3423.0084936485905,2755.4909560724177
Hold,2024-04-27 11:00:00,85.22,3419.397301942675,Hold,3419.397301942713,2752.583979328231
Hold,2024-04-27 12:00:00,84.62,3395.3226905701617,Hold,3395.3226905701995,2733.204134366991
Hold,2024-04-27 13:00:00,84.79,3402.1438304590406,Hold,3402.143830459078,2738.695090439343
Hold,2024-04-27 14:00:00,84.82,3403.347561027666,Hold,3403.3475610277033,2739.6640826874045
Hold,2024-04-27 15:00:00,84.71,3398.9338822760383,Hold,3398.933882276075,2736.111111111177
Hold,2024-04-27 16:00:00,83.54,3351.9883900996374,Hold,3351.988390099674,2698.320413436758
Hold,2024-04-27 17:00:00,84.59,3394.118960001536,Hold,3394.118960001573,2732.235142118929
Hold,2024-04-27 18:00:00,83.97,3369.2418615832717,Hold,3369.2418615833085,2712.2093023256466
Hold,2024-04-27 19:00:00,84.09,3374.0567838577745,Hold,3374.056783857811,2716.085271317895
Hold,2024-04-27 20:00:00,83.43,3347.57471134801,Hold,3347.5747113480465,2694.7674418605307
Hold,2024-04-27 21:00:00,84.02,3371.2480791976477,Hold,3371.248079197684,2713.8242894057503
Hold,2024-04-27 22:00:00,83.45,3348.3771983937604,Hold,3348.3771983937963,2695.413436692572
Hold,2024-04-27 23:00:00,83.88,3365.630669877394,Hold,3365.63066987743,2709.3023255814605
Hold,2024-04-28 00:00:00,84.08,3373.655540334899,Hold,3373.6555403349353,2715.762273901874
Hold,2024-04-28 01:00:00,84.36,3384.8903589754054,Hold,3384.8903589754423,2724.806201550453
Hold,2024-04-28 02:00:00,84.95,3408.563726825044,Hold,3408.5637268250816,2743.8630490956734
Hold,2024-04-28 03:00:00,84.65,3396.5264211387876,Hold,3396.526421138825,2734.173126615053
Hold,2024-04-28 04:00:00,84.37,3385.291602498281,Hold,3385.2916024983183,2725.129198966474
Hold,2024-04-28 05:00:00,84.42,3387.297820112657,Hold,3387.2978201126944,2726.744186046578
Hold,2024-04-28 06:00:00,84.91,3406.958752733543,Hold,3406.9587527335807,2742.571059431591
Hold,2024-04-28 07:00:00,84.89,3406.1562656877927,Hold,3406.1562656878305,2741.92506459955
Hold,2024-04-28 08:00:00,84.76,3400.940099890415,Hold,3400.9400998904525,2737.7260981912814
Hold,2024-04-28 09:00:00,84.96,3408.9649703479186,Hold,3408.9649703479563,2744.1860465116947
Hold,2024-04-28 10:00:00,84.48,3389.7052812499087,Hold,3389.705281249946,2728.6821705427024
Hold,2024-04-28 11:00:00,84.0,3370.4455921518975,Hold,3370.4455921519348,2713.1782945737095
Hold,2024-04-28 12:00:00,84.27,3381.2791672695284,Hold,3381.2791672695653,2721.8992248062673
Hold,2024-04-28 13:00:00,84.6,3394.520203524411,Hold,3394.5202035244483,2732.5581395349495
Hold,2024-04-28 14:00:00,84.95,3408.563726825044,Hold,3408.563726825082,2743.8630490956734
Hold,2024-04-28 15:00:00,84.99,3410.1687009165444,Hold,3410.1687009165826,2745.155038759756
Hold,2024-04-28 16:00:00,84.68,3397.7301517074134,Hold,3397.7301517074516,2735.1421188631152
Hold,2024-04-28 17:00:00,84.88,3405.755022164917,Hold,3405.7550221649553,2741.602067183528
Hold,2024-04-28 18:00:00,85.13,3415.7861102367974,Hold,3415.7861102368356,2749.677002584045
Hold,2024-04-28 19:00:00,85.11,3414.983623191047,Hold,3414.9836231910854,2749.031007752004
Hold,2024-04-28 20:00:00,85.43,3427.823415923055,Hold,3427.823415923093,2759.3669250646662
Hold,2024-04-28 21:00:00,85.15,3416.5885972825486,Hold,3416.5885972825863,2750.322997416087
Hold,2024-04-28 22:00:00,84.56,3392.91522943291,Hold,3392.915229432948,2731.266149870867
Hold,2024-04-28 23:00:00,83.99,3370.044348629022,Hold,3370.044348629059,2712.8552971576883
Hold,2024-04-29 00:00:00,84.81,3402.946317504791,Hold,3402.946317504828,2739.341085271384
Hold,2024-04-29 01:00:00,85.16,3416.9898408054232,Hold,3416.9898408054605,2750.645994832108
Hold,2024-04-29 02:00:00,84.79,3402.1438304590406,Hold,3402.1438304590774,2738.6950904393434
Hold,2024-04-29 03:00:00,83.17,3337.142379753254,Hold,3337.1423797532902,2686.3695090439933
Hold,2024-04-29 04:00:00,83.75,3360.4145040800167,Hold,3360.4145040800527,2705.103359173193
Hold,2024-04-29 05:00:00,84.05,3372.4518097662735,Hold,3372.4518097663095,2714.7932816538128
Hold,2024-04-29 06:00:00,82.26,3300.629219171608,Hold,3300.6292191716434,2656.976744186112
Hold,2024-04-29 07:00:00,82.44,3307.851602583362,Hold,3307.8516025833974,2662.790697674484
Hold,2024-04-29 08:00:00,82.58,3313.469011903615,Hold,3313.46901190365,2667.3126614987737
Hold,2024-04-29 09:00:00,83.43,3347.57471134801,Hold,3347.5747113480456,2694.7674418605316
Hold,2024-04-29 10:00:00,83.87,3365.2294263545195,Hold,3365.2294263545555,2708.979328165441
Hold,2024-04-29 11:00:00,83.54,3351.9883900996374,Hold,3351.9883900996733,2698.3204134367584
Hold,2024-04-29 12:00:00,83.7,3358.4082864656407,Hold,3358.408286465676,2703.4883720930893
Hold,2024-04-29 13:00:00,82.9,3326.308804635623,Hold,3326.3088046356584,2677.648578811435
Hold,2024-04-29 14:00:00,83.47,3349.1796854395106,Hold,3349.179685439546,2696.059431524614
Hold,2024-04-29 15:00:00,83.5,3350.3834160081365,Hold,3350.383416008172,2697.028423772676
Hold,2024-04-29 16:00:00,83.28,3341.5560585048815,Hold,3341.5560585049166,2689.922480620221
Hold,2024-04-29 17:00:00,83.18,3337.5436232761294,Hold,3337.5436232761645,2686.6925064600146
Hold,2024-04-29 18:00:00,83.07,3333.1299445245013,Hold,3333.1299445245363,2683.139534883787
Hold,2024-04-29 19:00:00,82.8,3322.2963694068703,Hold,3322.296369406906,2674.4186046512286
Hold,2024-04-29 20:00:00,82.38,3305.4441414461103,Hold,3305.4441414461453,2660.8527131783603
Hold,2024-04-29 21:00:00,82.33,3303.437923831734,Hold,3303.4379238317697,2659.2377260982566
Hold,2024-04-29 22:00:00,83.25,3340.3523279362557,Hold,3340.3523279362917,2688.9534883721594
Hold,2024-04-29 23:00:00,83.51,3350.7846595310116,Hold,3350.784659531047,2697.3514211886973
Hold,2024-04-30 00:00:00,84.55,3392.513985910035,Hold,3392.5139859100705,2730.9431524548477
Sell,2024-04-30 01:00:00,83.04,3331.926213955876,Sinal: Venda,3331.926213955911,2682.1705426357253
Buy,2024-05-05 03:00:00,81.11,3331.926213955876,Sinal: Compra,3331.926213955911,2619.832041343734
Hold,2024-05-05 04:00:00,81.16,3327.31554285219,Hold,3327.315542852225,2621.4470284238373
Hold,2024-05-05 05:00:00,80.96,3319.1161452601436,Hold,3319.1161452601787,2614.9870801034235
Hold,2024-05-05 06:00:00,81.03,3321.98593441736,Hold,3321.985934417395,2617.248062015569
Hold,2024-05-05 07:00:00,81.23,3330.185332009406,Hold,3330.1853320094415,2623.7080103359826
Hold,2024-05-05 08:00:00,81.37,3335.924910323838,Hold,3335.9249103238735,2628.2299741602724
Hold,2024-05-05 09:00:00,81.3,3333.055121166622,Hold,3333.0551211666575,2625.968992248127
Hold,2024-05-05 10:00:00,81.07,3323.6258139357687,Hold,3323.6258139358038,2618.5400516796512
Hold,2024-05-05 11:00:00,81.18,3328.1354826113948,Hold,3328.1354826114302,2622.093023255879
Hold,2024-05-05 12:00:00,80.71,3308.8668982700865,Hold,3308.866898270122,2606.912144702907
Hold,2024-05-05 13:00:00,80.86,3315.016446464121,Hold,3315.0164464641566,2611.7571059432175
Hold,2024-05-05 14:00:00,81.09,3324.445753694974,Hold,3324.44575369501,2619.186046511694
Hold,2024-05-05 15:00:00,81.53,3342.484428397475,Hold,3342.484428397511,2633.3979328166033
Hold,2024-05-05 16:00:00,81.36,3335.514940444236,Hold,3335.5149404442714,2627.906976744252
Hold,2024-05-05 17:00:00,81.4,3337.154819962645,Hold,3337.1548199626804,2629.198966408335
Hold,2024-05-05 18:00:00,81.35,3335.1049705646333,Hold,3335.1049705646683,2627.583979328231
Hold,2024-05-05 19:00:00,81.28,3332.2351814074173,Hold,3332.2351814074523,2625.3229974160863
Hold,2024-05-05 20:00:00,81.41,3337.5647898422467,Hold,3337.5647898422817,2629.5219638243548
Hold,2024-05-05 21:00:00,81.62,3346.174157313895,Hold,3346.1741573139307,2636.30490956079
Hold,2024-05-05 22:00:00,81.35,3335.1049705646333,Hold,3335.1049705646687,2627.583979328231
Hold,2024-05-05 23:00:00,81.32,3333.8750609258263,Hold,3333.8750609258623,2626.6149870801687
Hold,2024-05-06 00:00:00,81.26,3331.415241648213,Hold,3331.4152416482484,2624.677002584045
Hold,2024-05-06 01:00:00,81.26,3331.415241648213,Hold,3331.4152416482484,2624.677002584045
Hold,2024-05-06 02:00:00,80.77,3311.3267175477004,Hold,3311.326717547736,2608.850129199032
Hold,2024-05-06 03:00:00,80.83,3313.786536825314,Hold,3313.7865368253492,2610.788113695156
Hold,2024-05-06 04:00:00,81.27,3331.8252115278146,Hold,3331.8252115278497,2625.000000000066
Hold,2024-05-06 05:00:00,81.56,3343.7143380362813,Hold,3343.7143380363163,2634.366925064666
Hold,2024-05-06 06:00:00,81.99,3361.3430428591796,Hold,3361.343042859215,2648.255813953555
Hold,2024-05-06 07:00:00,83.33,3416.2790067258866,Hold,3416.2790067259225,2691.537467700326
Hold,2024-05-06 08:00:00,83.34,3416.688976605489,Hold,3416.688976605525,2691.860465116347
Hold,2024-05-06 09:00:00,83.8,3435.5475910671944,Hold,3435.5475910672303,2706.718346253298
Hold,2024-05-06 10:00:00,82.37,3376.921898284067,Hold,3376.9218982841026,2660.529715762341
Hold,2024-05-06 11:00:00,82.34,3375.69198864526,Hold,3375.6919886452956,2659.560723514279
Hold,2024-05-06 12:00:00,80.99,3320.346054898951,Hold,3320.346054898986,2615.956072351487
Hold,2024-05-06 13:00:00,81.49,3340.8445488790653,Hold,3340.8445488791003,2632.105943152521
Hold,2024-05-06 14:00:00,80.47,3299.027621159632,Hold,3299.0276211596665,2599.160206718412
Hold,2024-05-06 15:00:00,81.75,3351.5037657487246,Hold,3351.5037657487596,2640.503875969059
Hold,2024-05-06 16:00:00,81.31,3333.465091046224,Hold,3333.4650910462587,2626.2919896641492
Hold,2024-05-06 17:00:00,81.61,3345.764187434293,Hold,3345.764187434328,2635.9819121447695
Hold,2024-05-06 18:00:00,81.33,3334.285030805429,Hold,3334.285030805464,2626.9379844961904
Hold,2024-05-06 19:00:00,81.1,3324.8557235745757,Hold,3324.8557235746102,2619.5090439277146
Hold,2024-05-06 20:00:00,81.23,3330.185332009406,Hold,3330.1853320094406,2623.708010335984
Hold,2024-05-06 21:00:00,81.29,3332.64515128702,Hold,3332.6451512870544,2625.6459948321076
Hold,2024-05-06 22:00:00,81.04,3322.3959042969623,Hold,3322.3959042969964,2617.5710594315906
Hold,2024-05-06 23:00:00,80.79,3312.1466573069056,Hold,3312.1466573069397,2609.4961240310736
Hold,2024-05-07 00:00:00,80.96,3319.1161452601436,Hold,3319.1161452601773,2614.9870801034244
Hold,2024-05-07 01:00:00,81.42,3337.9747597218493,Hold,3337.9747597218834,2629.844961240376
Hold,2024-05-07 02:00:00,81.23,3330.185332009406,Hold,3330.18533200944,2623.7080103359835
Hold,2024-05-07 03:00:00,80.44,3297.797711520825,Hold,3297.7977115208587,2598.191214470349
Hold,2024-05-07 04:00:00,80.74,3310.0968079088934,Hold,3310.0968079089275,2607.8811369509694
Hold,2024-05-07 05:00:00,80.48,3299.4375910392346,Hold,3299.437591039268,2599.483204134432
Hold,2024-05-07 06:00:00,80.27,3290.828223567586,Hold,3290.8282235676197,2592.700258397998
Hold,2024-05-07 07:00:00,80.44,3297.797711520825,Hold,3297.7977115208587,2598.1912144703497
Hold,2024-05-07 08:00:00,81.41,3337.5647898422467,Hold,3337.5647898422803,2629.5219638243557
Hold,2024-05-07 09:00:00,81.44,3338.7946994810536,Hold,3338.7946994810873,2630.490956072418
Hold,2024-05-07 10:00:00,81.63,3346.5841271934974,Hold,3346.5841271935315,2636.6279069768107
Hold,2024-05-07 11:00:00,81.08,3324.0357838153714,Hold,3324.035783815405,2618.8630490956734
Hold,2024-05-07 12:00:00,81.74,3351.0937958691225,Hold,3351.0937958691566,2640.180878553039
Hold,2024-05-07 13:00:00,81.88,3356.833374183555,Hold,3356.8333741835886,2644.7028423773286
Hold,2024-05-07 14:00:00,82.23,3371.182319969635,Hold,3371.1823199696687,2656.007751938053
Hold,2024-05-07 15:00:00,81.94,3359.2931934611684,Hold,3359.293193461202,2646.640826873453
Hold,2024-05-07 16:00:00,82.04,3363.3928922571918,Hold,3363.3928922572254,2649.87080103366
Hold,2024-05-07 17:00:00,82.07,3364.6228018959982,Hold,3364.622801896032,2650.8397932817215
Hold,2024-05-07 18:00:00,82.17,3368.722500692021,Hold,3368.7225006920553,2654.0697674419284
Hold,2024-05-07 19:00:00,82.27,3372.8221994880437,Hold,3372.822199488078,2657.299741602135
Hold,2024-05-07 20:00:00,81.92,3358.4732537019636,Hold,3358.4732537019977,2645.9948320414114
Hold,2024-05-07 21:00:00,81.42,3337.9747597218493,Hold,3337.9747597218834,2629.8449612403774
Hold,2024-05-07 22:00:00,81.05,3322.8058741765644,Hold,3322.805874176598,2617.8940568476123
Hold,2024-05-07 23:00:00,80.84,3314.1965067049164,Hold,3314.19650670495,2611.111111111178
Hold,2024-05-08 00:00:00,80.72,3309.276868149689,Hold,3309.2768681497223,2607.23514211893
Hold,2024-05-08 01:00:00,80.89,3316.246356102928,Hold,3316.2463561029617,2612.7260981912823
Hold,2024-05-08 02:00:00,81.0,3320.756024778553,Hold,3320.7560247785873,2616.2790697675096
Hold,2024-05-08 03:00:00,80.81,3312.96659706611,Hold,3312.966597066144,2610.142118863117
Hold,2024-05-08 04:00:00,80.08,3283.0387958551423,Hold,3283.038795855176,2586.5633074936068
Hold,2024-05-08 05:00:00,80.16,3286.3185548919605,Hold,3286.3185548919937,2589.1472868217725
Hold,2024-05-08 06:00:00,79.96,3278.1191572999146,Hold,3278.119157299948,2582.6873385013587
Hold,2024-05-08 07:00:00,79.94,3277.2992175407103,Hold,3277.299217540744,2582.0413436693175
Hold,2024-05-08 08:00:00,80.09,3283.448765734745,Hold,3283.448765734778,2586.886304909628
Hold,2024-05-08 09:00:00,79.97,3278.529127179517,Hold,3278.5291271795504,2583.0103359173795
Hold,2024-05-08 10:00:00,80.15,3285.9085850123583,Hold,3285.9085850123915,2588.824289405752
Hold,2024-05-08 11:00:00,80.32,3292.878072965597,Hold,3292.8780729656305,2594.3152454781034
Hold,2024-05-08 12:00:00,80.68,3307.63698863128,Hold,3307.636988631313,2605.943152454848
Hold,2024-05-08 13:00:00,81.88,3356.833374183555,Hold,3356.8333741835886,2644.7028423773295
Hold,2024-05-08 14:00:00,81.66,3347.8140368323043,Hold,3347.8140368323375,2637.5968992248745
Hold,2024-05-08 15:00:00,81.72,3350.273856109918,Hold,3350.2738561099513,2639.5348837209986
Hold,2024-05-08 16:00:00,81.71,3349.8638862303155,Hold,3349.8638862303487,2639.2118863049773
Hold,2024-05-08 17:00:00,81.57,3344.1243079158835,Hold,3344.1243079159167,2634.6899224806875
Hold,2024-05-08 18:00:00,81.76,3351.9137356283272,Hold,3351.9137356283604,2640.826873385081
Hold,2024-05-08 19:00:00,81.81,3353.963585026339,Hold,3353.963585026372,2642.441860465184
Hold,2024-05-08 20:00:00,80.96,3319.1161452601436,Hold,3319.1161452601764,2614.9870801034263
Hold,2024-05-08 21:00:00,81.19,3328.545452490997,Hold,3328.5454524910297,2622.416020671902
Hold,2024-05-08 22:00:00,81.35,3335.1049705646333,Hold,3335.1049705646665,2627.583979328233
Hold,2024-05-08 23:00:00,81.7,3349.453916350714,Hold,3349.4539163507475,2638.888888888958
Hold,2024-05-09 00:00:00,81.77,3352.3237055079294,Hold,3352.323705507963,2641.1498708011018
Hold,2024-05-09 01:00:00,82.03,3362.982922377589,Hold,3362.9829223776223,2649.5478036176396
Hold,2024-05-09 02:00:00,82.33,3375.2820187656575,Hold,3375.2820187656907,2659.23772609826
Hold,2024-05-09 03:00:00,82.12,3366.67265129401,Hold,3366.672651294043,2652.4547803618257
Hold,2024-05-09 04:00:00,81.96,3360.1131332203727,Hold,3360.113133220406,2647.2868217054943
Hold,2024-05-09 05:00:00,81.88,3356.833374183555,Hold,3356.833374183588,2644.702842377329
Hold,2024-05-09 06:00:00,81.69,3349.043946471111,Hold,3349.043946471144,2638.565891472936
Hold,2024-05-09 07:00:00,81.48,3340.434578999463,Hold,3340.434578999496,2631.7829457365024
Hold,2024-05-09 08:00:00,82.01,3362.162982618385,Hold,3362.1629826184176,2648.9018087855984
Hold,2024-05-09 09:00:00,82.22,3370.772350090033,Hold,3370.772350090066,2655.6847545220326
Hold,2024-05-09 10:00:00,81.74,3351.0937958691225,Hold,3351.093795869155,2640.1808785530397
Hold,2024-05-09 11:00:00,81.83,3354.7835247855432,Hold,3354.783524785576,2643.087855297226
Hold,2024-05-09 12:00:00,81.9,3357.6533139427597,Hold,3357.6533139427925,2645.348837209371
Hold,2024-05-09 13:00:00,81.25,3331.0052717686103,Hold,3331.005271768643,2624.3540051680266
Hold,2024-05-09 14:00:00,81.19,3328.545452490997,Hold,3328.545452491029,2622.4160206719025
Hold,2024-05-09 15:00:00,81.7,3349.453916350714,Hold,3349.453916350746,2638.888888888958
Hold,2024-05-09 16:00:00,81.66,3347.8140368323043,Hold,3347.8140368323366,2637.596899224875
Hold,2024-05-09 17:00:00,82.05,3363.802862136794,Hold,3363.802862136826,2650.1937984496817
Hold,2024-05-09 18:00:00,82.22,3370.772350090033,Hold,3370.772350090065,2655.684754522033
Hold,2024-05-09 19:00:00,82.47,3381.0215970800896,Hold,3381.021597080122,2663.7596899225505
Hold,2024-05-09 20:00:00,82.35,3376.1019585248623,Hold,3376.101958524894,2659.8837209303024
Hold,2024-05-09 21:00:00,82.45,3380.2016573208853,Hold,3380.2016573209175,2663.1136950905093
Hold,2024-05-09 22:00:00,82.95,3400.700151301,Hold,3400.7001513010323,2679.2635658915433
Hold,2024-05-09 23:00:00,83.08,3406.0297597358294,Hold,3406.0297597358617,2683.462532299812
Hold,2024-05-10 00:00:00,83.3,3415.04909708708,Hold,3415.0490970871124,2690.568475452267
Hold,2024-05-10 01:00:00,83.36,3417.5089163646935,Hold,3417.508916364726,2692.5064599483912
Hold,2024-05-10 02:00:00,83.12,3407.669639254239,Hold,3407.6696392542713,2684.754521963895
Hold,2024-05-10 03:00:00,83.03,3403.979910337818,Hold,3403.97991033785,2681.847545219709
Hold,2024-05-10 04:00:00,83.2,3410.949398291057,Hold,3410.9493982910894,2687.3385012920603
Hold,2024-05-10 05:00:00,83.09,3406.439729615432,Hold,3406.4397296154643,2683.785529715833
Hold,2024-05-10 06:00:00,83.19,3410.5394284114545,Hold,3410.5394284114864,2687.01550387604
Hold,2024-05-10 07:00:00,83.1,3406.849699495034,Hold,3406.8496994950656,2684.1085271318534
Hold,2024-05-10 08:00:00,83.23,3412.179307929864,Hold,3412.179307929896,2688.307493540123
Hold,2024-05-10 09:00:00,83.08,3406.0297597358294,Hold,3406.0297597358613,2683.462532299812
Hold,2024-05-10 10:00:00,83.23,3412.179307929864,Hold,3412.1793079298955,2688.307493540123
Hold,2024-05-10 11:00:00,83.39,3418.7388260035004,Hold,3418.738826003532,2693.4754521964533
Hold,2024-05-10 12:00:00,83.18,3410.129458531853,Hold,3410.1294585318838,2686.6925064600196
Hold,2024-05-10 13:00:00,82.89,3398.240332023386,Hold,3398.240332023417,2677.3255813954197
Hold,2024-05-10 14:00:00,80.65,3306.4070789924735,Hold,3306.4070789925036,2604.9741602067875
Hold,2024-05-10 15:00:00,80.84,3314.1965067049164,Hold,3314.196506704947,2611.1111111111804
Hold,2024-05-10 16:00:00,81.05,3322.8058741765644,Hold,3322.8058741765944,2617.894056847614
Sell,2024-05-10 17:00:00,80.75,3310.506777788496,Sinal: Venda,3310.5067777885256,2608.2041343669944
Buy,2024-05-21 02:00:00,87.71,3310.506777788496,Sinal: Compra,3310.5067777885256,2833.0103359173877
Hold,2024-05-21 03:00:00,87.32,3289.198426704713,Hold,3289.198426704742,2820.413436692581
Hold,2024-05-21 04:00:00,87.21,3285.0549105922814,Hold,3285.0549105923105,2816.8604651163537
Hold,2024-05-21 05:00:00,87.81,3307.6559075691807,Hold,3307.65590756921,2836.2403100775946
Hold,2024-05-21 06:00:00,88.33,3327.243438282493,Hold,3327.243438282522,2853.03617571067
Hold,2024-05-21 07:00:00,88.59,3337.0372036391495,Hold,3337.037203639179,2861.4341085272076
Hold,2024-05-21 08:00:00,88.76,3343.440819449271,Hold,3343.4408194493008,2866.92506459956
Hold,2024-05-21 09:00:00,88.67,3340.050669902736,Hold,3340.0506699027655,2864.0180878553733
Hold,2024-05-21 10:00:00,88.69,3340.804036468632,Hold,3340.8040364686617,2864.664082687415
Hold,2024-05-21 11:00:00,88.65,3339.2973033368394,Hold,3339.2973033368685,2863.3720930233326
Hold,2024-05-21 12:00:00,88.69,3340.804036468632,Hold,3340.8040364686613,2864.6640826874154
Hold,2024-05-21 13:00:00,88.47,3332.51700424377,Hold,3332.517004243799,2857.5581395349604
Hold,2024-05-21 14:00:00,88.17,3321.21650575532,Hold,3321.2165057553493,2847.86821705434
Hold,2024-05-21 15:00:00,88.5,3333.647054092615,Hold,3333.6470540926443,2858.527131783023
Hold,2024-05-21 16:00:00,88.87,3347.5843355617026,Hold,3347.5843355617317,2870.4780361757885
Hold,2024-05-21 17:00:00,88.95,3350.597801825289,Hold,3350.597801825318,2873.0620155039537
Hold,2024-05-21 18:00:00,88.45,3331.7636376778732,Hold,3331.763637677902,2856.9121447029197
Hold,2024-05-21 19:00:00,87.94,3312.5527902475087,Hold,3312.5527902475374,2840.439276485865
Hold,2024-05-21 20:00:00,88.12,3319.3330893405787,Hold,3319.333089340608,2846.2532299742375
Hold,2024-05-21 21:00:00,87.95,3312.929473530457,Hold,3312.929473530486,2840.7622739018857
Hold,2024-05-21 22:00:00,88.35,3327.9968048483893,Hold,3327.996804848419,2853.682170542713
Hold,2024-05-21 23:00:00,88.26,3324.606655301855,Hold,3324.6066553018845,2850.775193798527
Hold,2024-05-22 00:00:00,87.86,3309.5393239839223,Hold,3309.539323983952,2837.8552971576996
Hold,2024-05-22 01:00:00,88.0,3314.8128899451985,Hold,3314.812889945228,2842.377260981989
Hold,2024-05-22 02:00:00,87.77,3306.1491744373875,Hold,3306.149174437417,2834.9483204135126
Hold,2024-05-22 03:00:00,87.36,3290.705159836506,Hold,3290.7051598365356,2821.705426356665
Hold,2024-05-22 04:00:00,86.68,3265.0906965960207,Hold,3265.09069659605,2799.741602067259
Hold,2024-05-22 05:00:00,87.06,3279.404661348057,Hold,3279.404661348086,2812.015503876045
Hold,2024-05-22 06:00:00,87.48,3295.225359231886,Hold,3295.2253592319157,2825.5813953489137
Hold,2024-05-22 07:00:00,87.13,3282.041444328695,Hold,3282.041444328724,2814.27648578819
Hold,2024-05-22 08:00:00,87.14,3282.4181276116433,Hold,3282.4181276116724,2814.5994832042106
Hold,2024-05-22 09:00:00,86.65,3263.960646747176,Hold,3263.9606467472045,2798.7726098191974
Hold,2024-05-22 10:00:00,86.79,3269.2342127084526,Hold,3269.234212708481,2803.294573643487
Hold,2024-05-22 11:00:00,86.1,3243.243066185018,Hold,3243.2430661850462,2781.0077519380598
Hold,2024-05-22 12:00:00,85.75,3230.0591512818273,Hold,3230.0591512818555,2769.702842377336
Hold,2024-05-22 13:00:00,86.13,3244.373116033863,Hold,3244.373116033891,2781.976744186122
Hold,2024-05-22 14:00:00,86.96,3275.6378285185733,Hold,3275.637828518602,2808.785529715838
Hold,2024-05-22 15:00:00,87.35,3290.3284765535577,Hold,3290.3284765535864,2821.382428940645
Hold,2024-05-22 16:00:00,86.73,3266.9741130107627,Hold,3266.9741130107914,2801.3565891473627
Hold,2024-05-22 17:00:00,86.4,3254.543564673468,Hold,3254.5435646734963,2790.6976744186804
Hold,2024-05-22 18:00:00,86.14,3244.7497993168117,Hold,3244.74979931684,2782.2997416021426
Hold,2024-05-22 19:00:00,86.01,3239.8529166384833,Hold,3239.8529166385115,2778.1007751938737
Hold,2024-05-22 20:00:00,85.76,3230.4358345647756,Hold,3230.435834564804,2770.025839793357
Hold,2024-05-22 21:00:00,85.95,3237.5928169407935,Hold,3237.5928169408216,2776.1627906977496
Hold,2024-05-22 22:00:00,85.82,3232.695934262465,Hold,3232.695934262493,2771.9638242894807
Hold,2024-05-22 23:00:00,85.78,3231.1892011306722,Hold,3231.1892011307004,2770.6718346253983
Hold,2024-05-23 00:00:00,86.37,3253.4135148246232,Hold,3253.4135148246514,2789.7286821706184
Hold,2024-05-23 01:00:00,86.5,3258.310397502951,Hold,3258.31039750298,2793.9276485788873
Hold,2024-05-23 02:00:00,86.5,3258.310397502951,Hold,3258.31039750298,2793.9276485788873
Hold,2024-05-23 03:00:00,86.76,3268.1041628596076,Hold,3268.1041628596363,2802.325581395425
Hold,2024-05-23 04:00:00,86.43,3255.673614522313,Hold,3255.6736145223417,2791.666666666743
Hold,2024-05-23 05:00:00,86.2,3247.0098990145016,Hold,3247.00989901453,2784.237726098267
Hold,2024-05-23 06:00:00,86.33,3251.9067816928296,Hold,3251.9067816928577,2788.4366925065356
Hold,2024-05-23 07:00:00,86.49,3257.9337142200025,Hold,3257.9337142200307,2793.604651162866
Hold,2024-05-23 08:00:00,86.39,3254.16688139052,Hold,3254.1668813905476,2790.374677002659
Hold,2024-05-23 09:00:00,86.01,3239.8529166384833,Hold,3239.852916638511,2778.1007751938732
Hold,2024-05-23 10:00:00,85.67,3227.0456850182404,Hold,3227.0456850182677,2767.1188630491697
Hold,2024-05-23 11:00:00,87.35,3290.3284765535577,Hold,3290.328476553585,2821.382428940644
Hold,2024-05-23 12:00:00,86.42,3255.2969312393648,Hold,3255.2969312393916,2791.3436692507207
Hold,2024-05-23 13:00:00,86.08,3242.489699619122,Hold,3242.4896996191487,2780.361757106017
Hold,2024-05-23 14:00:00,85.28,3212.355036983256,Hold,3212.355036983283,2754.5219638243625
Hold,2024-05-23 15:00:00,85.53,3221.772119056964,Hold,3221.7721190569914,2762.596899224879
Hold,2024-05-23 16:00:00,84.65,3188.6239901575123,Hold,3188.623990157539,2734.1731266150596
Hold,2024-05-23 17:00:00,84.32,3176.1934418202172,Hold,3176.193441820244,2723.514211886377
Hold,2024-05-23 18:00:00,84.09,3167.5297263124066,Hold,3167.5297263124335,2716.0852713179015
Hold,2024-05-23 19:00:00,83.65,3150.9556618626802,Hold,3150.955661862707,2701.8733850129915
Hold,2024-05-23 20:00:00,83.52,3146.0587791843523,Hold,3146.058779184379,2697.6744186047226
Hold,2024-05-23 21:00:00,85.15,3207.4581543049285,Hold,3207.4581543049558,2750.322997416094
Hold,2024-05-23 22:00:00,85.2,3209.3415707196696,Hold,3209.341570719697,2751.9379844961973
Hold,2024-05-23 23:00:00,85.45,3218.7586527933777,Hold,3218.7586527934054,2760.0129198967143
Hold,2024-05-24 00:00:00,86.24,3248.5166321462943,Hold,3248.516632146322,2785.5297157623477
Hold,2024-05-24 01:00:00,86.28,3250.023365278088,Hold,3250.0233652781153,2786.8217054264305
Hold,2024-05-24 02:00:00,86.19,3246.6332157315533,Hold,3246.6332157315805,2783.914728682244
Hold,2024-05-24 03:00:00,85.81,3232.319250979517,Hold,3232.319250979544,2771.640826873458
Hold,2024-05-24 04:00:00,85.89,3235.3327172431036,Hold,3235.3327172431304,2774.2248062016233
Hold,2024-05-24 05:00:00,85.18,3208.5882041537734,Hold,3208.5882041538,2751.291989664155
Hold,2024-05-24 06:00:00,84.37,3178.076858234959,Hold,3178.0768582349856,2725.12919896648
Hold,2024-05-24 07:00:00,85.25,3211.224987134411,Hold,3211.224987134438,2753.5529715763
Hold,2024-05-24 08:00:00,85.47,3219.5120193592743,Hold,3219.512019359301,2760.6589147287555
Hold,2024-05-24 09:00:00,85.35,3214.991819963894,Hold,3214.9918199639205,2756.7829457365074
Hold,2024-05-24 10:00:00,86.03,3240.60628320438,Hold,3240.6062832044067,2778.746770025913
Hold,2024-05-24 11:00:00,85.58,3223.6555354717057,Hold,3223.655535471732,2764.2118863049827
Hold,2024-05-24 12:00:00,85.2,3209.3415707196696,Hold,3209.3415707196964,2751.937984496197
Hold,2024-05-24 13:00:00,84.44,3180.7136412155974,Hold,3180.7136412156237,2727.390180878625
Hold,2024-05-24 14:00:00,84.71,3190.8840898552016,Hold,3190.8840898552276,2736.1111111111836
Hold,2024-05-24 15:00:00,84.62,3187.4939403086673,Hold,3187.4939403086937,2733.2041343669976
Hold,2024-05-24 16:00:00,84.25,3173.5566588395795,Hold,3173.5566588396055,2721.2532299742325
Hold,2024-05-24 17:00:00,84.72,3191.26077313815,Hold,3191.260773138176,2736.4341085272044
Hold,2024-05-24 18:00:00,84.82,3195.0276059676335,Hold,3195.02760596766,2739.664082687411
Hold,2024-05-24 19:00:00,85.23,3210.4716205685145,Hold,3210.471620568541,2752.9069767442593
Hold,2024-05-24 20:00:00,85.28,3212.355036983256,Hold,3212.355036983283,2754.5219638243625
Hold,2024-05-24 21:00:00,85.15,3207.4581543049285,Hold,3207.458154304955,2750.322997416094
Hold,2024-05-24 22:00:00,84.81,3194.6509226846856,Hold,3194.650922684712,2739.3410852713905
Hold,2024-05-24 23:00:00,85.0,3201.807905060703,Hold,3201.807905060729,2745.478036175783
Hold,2024-05-25 00:00:00,84.96,3200.3011719289098,Hold,3200.301171928936,2744.1860465117
Hold,2024-05-25 01:00:00,85.22,3210.094937285566,Hold,3210.0949372855926,2752.583979328238
Hold,2024-05-25 02:00:00,85.15,3207.4581543049285,Hold,3207.458154304955,2750.3229974160936
Hold,2024-05-25 03:00:00,85.39,3216.498553095688,Hold,3216.498553095714,2758.0749354005898
Hold,2024-05-25 04:00:00,85.87,3234.579350677207,Hold,3234.579350677233,2773.578811369582
Hold,2024-05-25 05:00:00,85.66,3226.669001735292,Hold,3226.6690017353185,2766.795865633148
Hold,2024-05-25 06:00:00,85.28,3212.355036983256,Hold,3212.3550369832824,2754.5219638243625
Hold,2024-05-25 07:00:00,85.47,3219.5120193592743,Hold,3219.5120193593007,2760.6589147287555
Hold,2024-05-25 08:00:00,85.28,3212.355036983256,Hold,3212.3550369832824,2754.5219638243625
Hold,2024-05-25 09:00:00,85.6,3224.4089020376023,Hold,3224.408902037629,2764.857881137024
Hold,2024-05-25 10:00:00,85.57,3223.2788521887574,Hold,3223.278852188784,2763.8888888889614
Hold,2024-05-25 11:00:00,85.14,3207.0814710219797,Hold,3207.0814710220066,2750.0000000000728
Hold,2024-05-25 12:00:00,84.73,3191.637456421099,Hold,3191.6374564211255,2736.757105943225
Hold,2024-05-25 13:00:00,84.59,3186.3638904598224,Hold,3186.363890459849,2732.235142118935
Hold,2024-05-25 14:00:00,84.8,3194.274239401737,Hold,3194.2742394017628,2739.018087855369
Hold,2024-05-25 15:00:00,84.85,3196.1576558164784,Hold,3196.1576558165048,2740.6330749354725
Hold,2024-05-25 16:00:00,84.75,3192.3908229869953,Hold,3192.3908229870217,2737.4031007752656
Hold,2024-05-25 17:00:00,84.82,3195.0276059676335,Hold,3195.0276059676603,2739.66408268741
Hold,2024-05-25 18:00:00,84.9,3198.0410722312204,Hold,3198.0410722312467,2742.248062015576
Hold,2024-05-25 19:00:00,84.95,3199.924488645962,Hold,3199.9244886459883,2743.86304909568
Hold,2024-05-25 20:00:00,84.83,3195.4042892505818,Hold,3195.4042892506077,2739.9870801034317
Hold,2024-05-25 21:00:00,84.96,3200.3011719289098,Hold,3200.301171928936,2744.1860465117
Hold,2024-05-25 22:00:00,84.78,3193.5208728358402,Hold,3193.5208728358666,2738.372093023328
Hold,2024-05-25 23:00:00,84.98,3201.054538494807,Hold,3201.054538494833,2744.832041343742
Hold,2024-05-26 00:00:00,84.93,3199.1711220800653,Hold,3199.1711220800917,2743.2170542636386
Hold,2024-05-26 01:00:00,85.03,3202.937954909548,Hold,3202.9379549095743,2746.447028423845
Hold,2024-05-26 02:00:00,84.63,3187.870623591615,Hold,3187.8706235916416,2733.5271317830175
Hold,2024-05-26 03:00:00,84.93,3199.1711220800653,Hold,3199.171122080092,2743.2170542636386
Hold,2024-05-26 04:00:00,84.68,3189.754040006357,Hold,3189.7540400063835,2735.142118863121
Hold,2024-05-26 05:00:00,84.69,3190.130723289305,Hold,3190.1307232893314,2735.465116279142
Hold,2024-05-26 06:00:00,84.72,3191.26077313815,Hold,3191.260773138176,2736.4341085272035
Hold,2024-05-26 07:00:00,84.86,3196.5343390994267,Hold,3196.534339099452,2740.9560723514933
Hold,2024-05-26 08:00:00,84.65,3188.6239901575123,Hold,3188.623990157538,2734.1731266150596
Hold,2024-05-26 09:00:00,84.48,3182.220374347391,Hold,3182.2203743474165,2728.682170542708
Hold,2024-05-26 10:00:00,84.84,3195.7809725335305,Hold,3195.7809725335565,2740.310077519452
Hold,2024-05-26 11:00:00,84.85,3196.1576558164784,Hold,3196.1576558165048,2740.633074935473
Hold,2024-05-26 12:00:00,84.65,3188.6239901575123,Hold,3188.623990157538,2734.1731266150596
Hold,2024-05-26 13:00:00,84.45,3181.090324498546,Hold,3181.090324498572,2727.713178294646
Hold,2024-05-26 14:00:00,84.72,3191.26077313815,Hold,3191.2607731381763,2736.434108527204
Hold,2024-05-26 15:00:00,84.14,3169.413142727148,Hold,3169.4131427271745,2717.7002583980047
Hold,2024-05-26 16:00:00,83.86,3158.866010804595,Hold,3158.8660108046215,2708.6563307494257
Hold,2024-05-26 17:00:00,83.96,3162.6328436340777,Hold,3162.6328436341037,2711.8863049096326
Hold,2024-05-26 18:00:00,83.85,3158.4893275216464,Hold,3158.4893275216723,2708.333333333405
Hold,2024-05-26 19:00:00,84.09,3167.5297263124066,Hold,3167.5297263124326,2716.085271317902
Hold,2024-05-26 20:00:00,83.8,3156.6059111069053,Hold,3156.605911106931,2706.718346253302
Hold,2024-05-26 21:00:00,84.08,3167.1530430294583,Hold,3167.1530430294847,2715.762273901881
Hold,2024-05-26 22:00:00,84.14,3169.413142727148,Hold,3169.4131427271745,2717.700258398005
Hold,2024-05-26 23:00:00,83.9,3160.3727439363884,Hold,3160.3727439364147,2709.948320413509
Hold,2024-05-27 00:00:00,84.12,3168.6597761612516,Hold,3168.6597761612784,2717.0542635659635
Hold,2024-05-27 01:00:00,84.51,3183.350424196236,Hold,3183.3504241962623,2729.65116279077
Hold,2024-05-27 02:00:00,84.46,3181.467007781494,Hold,3181.4670077815204,2728.0361757106657
Hold,2024-05-27 03:00:00,84.42,3179.960274649701,Hold,3179.9602746497276,2726.7441860465833
Hold,2024-05-27 04:00:00,84.39,3178.830224800856,Hold,3178.830224800882,2725.7751937985217
Hold,2024-05-27 05:00:00,84.39,3178.830224800856,Hold,3178.830224800882,2725.7751937985217
Hold,2024-05-27 06:00:00,84.23,3172.803292273683,Hold,3172.8032922737093,2720.607235142191
Hold,2024-05-27 07:00:00,84.48,3182.220374347391,Hold,3182.2203743474174,2728.6821705427074
Hold,2024-05-27 08:00:00,84.73,3191.637456421099,Hold,3191.6374564211255,2736.7571059432244
Hold,2024-05-27 09:00:00,84.43,3180.3369579326495,Hold,3180.336957932676,2727.0671834626037
Hold,2024-05-27 10:00:00,84.64,3188.247306874564,Hold,3188.2473068745903,2733.8501291990374
Hold,2024-05-27 11:00:00,84.79,3193.897556118789,Hold,3193.897556118816,2738.6950904393484
Hold,2024-05-27 12:00:00,84.76,3192.767506269944,Hold,3192.767506269971,2737.726098191286
Hold,2024-05-27 13:00:00,85.06,3204.0680047583933,Hold,3204.0680047584196,2747.416020671906
Hold,2024-05-27 14:00:00,85.38,3216.121869812739,Hold,3216.121869812766,2757.751937984568
Hold,2024-05-27 15:00:00,86.04,3240.9829664873287,Hold,3240.982966487356,2779.0697674419334
Hold,2024-05-27 16:00:00,86.19,3246.6332157315533,Hold,3246.6332157315805,2783.914728682243
Hold,2024-05-27 17:00:00,86.16,3245.5031658827083,Hold,3245.5031658827356,2782.945736434181
Hold,2024-05-27 18:00:00,85.82,3232.695934262465,Hold,3232.6959342624923,2771.963824289478
Hold,2024-05-27 19:00:00,84.84,3195.7809725335305,Hold,3195.780972533558,2740.3100775194516
Hold,2024-05-27 20:00:00,85.5,3220.642069208119,Hold,3220.6420692081465,2761.627906976816
Hold,2024-05-27 21:00:00,85.3,3213.1084035491526,Hold,3213.10840354918,2755.1679586564023
Hold,2024-05-27 22:00:00,85.38,3216.121869812739,Hold,3216.121869812766,2757.7519379845676
Hold,2024-05-27 23:00:00,85.24,3210.848303851463,Hold,3210.8483038514896,2753.229974160278
Hold,2024-05-28 00:00:00,85.04,3203.314638192497,Hold,3203.314638192524,2746.7700258398645
Hold,2024-05-28 01:00:00,84.56,3185.2338406109775,Hold,3185.2338406110043,2731.2661498708717
Hold,2024-05-28 02:00:00,84.92,3198.7944387971165,Hold,3198.7944387971434,2742.8940568476164
Hold,2024-05-28 03:00:00,84.25,3173.5566588395795,Hold,3173.556658839606,2721.2532299742306
Hold,2024-05-28 04:00:00,83.06,3128.7313481687297,Hold,3128.7313481687556,2682.8165374677696
Hold,2024-05-28 05:00:00,83.47,3144.1753627696107,Hold,3144.175362769637,2696.0594315246176
Hold,2024-05-28 06:00:00,83.26,3136.265013827696,Hold,3136.2650138277218,2689.276485788184
Hold,2024-05-28 07:00:00,83.09,3129.8613980175746,Hold,3129.8613980176005,2683.7855297158326
Hold,2024-05-28 08:00:00,83.61,3149.448928730887,Hold,3149.4489287309134,2700.581395348908
Hold,2024-05-28 09:00:00,83.87,3159.2426940875434,Hold,3159.24269408757,2708.9793281654456
Hold,2024-05-28 10:00:00,83.86,3158.866010804595,Hold,3158.8660108046215,2708.6563307494253
Hold,2024-05-28 11:00:00,83.65,3150.9556618626802,Hold,3150.955661862706,2701.873385012991
Hold,2024-05-28 12:00:00,83.51,3145.682095901404,Hold,3145.68209590143,2697.3514211887014
Hold,2024-05-28 13:00:00,83.14,3131.744814432316,Hold,3131.744814432342,2685.4005167959363
Hold,2024-05-28 14:00:00,82.95,3124.587832056298,Hold,3124.587832056324,2679.2635658915437
Hold,2024-05-28 15:00:00,82.96,3124.964515339246,Hold,3124.9645153392726,2679.5865633075637
Hold,2024-05-28 16:00:00,82.77,3117.8075329632284,Hold,3117.8075329632543,2673.449612403171
Hold,2024-05-28 17:00:00,82.8,3118.9375828120733,Hold,3118.937582812099,2674.4186046512327
Hold,2024-05-28 18:00:00,82.62,3112.1572837190038,Hold,3112.1572837190292,2668.6046511628606
Hold,2024-05-28 19:00:00,83.28,3137.0183803935925,Hold,3137.018380393619,2689.9224806202255
Hold,2024-05-28 20:00:00,83.12,3130.9914478664195,Hold,3130.991447866446,2684.7545219638946
Hold,2024-05-28 21:00:00,83.43,3142.668629637818,Hold,3142.6686296378443,2694.7674418605357
Hold,2024-05-28 22:00:00,83.57,3147.9421955990933,Hold,3147.9421955991197,2699.2894056848245
Hold,2024-05-28 23:00:00,83.44,3143.045312920766,Hold,3143.045312920792,2695.090439276556
Hold,2024-05-29 00:00:00,83.33,3138.901796808334,Hold,3138.9017968083604,2691.5374677003283
Hold,2024-05-29 01:00:00,83.28,3137.0183803935925,Hold,3137.018380393619,2689.922480620225
Hold,2024-05-29 02:00:00,83.45,3143.421996203714,Hold,3143.42199620374,2695.4134366925764
Hold,2024-05-29 03:00:00,83.75,3154.7224946921638,Hold,3154.7224946921897,2705.1033591731966
Hold,2024-05-29 04:00:00,83.94,3161.8794770681816,Hold,3161.879477068208,2711.2403100775896
Hold,2024-05-29 05:00:00,83.96,3162.6328436340777,Hold,3162.6328436341037,2711.886304909631
Hold,2024-05-29 06:00:00,83.8,3156.6059111069053,Hold,3156.6059111069317,2706.7183462533
Hold,2024-05-29 07:00:00,83.41,3141.9152630719204,Hold,3141.915263071947,2694.121447028493
Hold,2024-05-29 08:00:00,83.37,3140.408529940127,Hold,3140.408529940154,2692.8294573644107
Hold,2024-05-29 09:00:00,83.43,3142.668629637818,Hold,3142.668629637845,2694.767441860535
Hold,2024-05-29 10:00:00,83.78,3155.8525445410087,Hold,3155.8525445410355,2706.072351421259
Hold,2024-05-29 11:00:00,83.55,3147.188829033197,Hold,3147.188829033224,2698.6434108527833
Hold,2024-05-29 12:00:00,83.72,3153.5924448433184,Hold,3153.592444843345,2704.1343669251355
Hold,2024-05-29 13:00:00,83.51,3145.682095901404,Hold,3145.682095901431,2697.351421188701
Hold,2024-05-29 14:00:00,83.47,3144.1753627696107,Hold,3144.175362769637,2696.059431524618
Hold,2024-05-29 15:00:00,83.75,3154.7224946921638,Hold,3154.72249469219,2705.1033591731975
Hold,2024-05-29 16:00:00,83.81,3156.9825943898536,Hold,3156.98259438988,2707.0413436693216
Hold,2024-05-29 17:00:00,83.95,3162.25616035113,Hold,3162.2561603511567,2711.5633074936113
Hold,2024-05-29 18:00:00,83.97,3163.0095269170265,Hold,3163.0095269170533,2712.209302325653
Hold,2024-05-29 19:00:00,83.68,3152.085711711525,Hold,3152.085711711552,2702.8423772610536
Hold,2024-05-29 20:00:00,83.6,3149.0722454479387,Hold,3149.0722454479655,2700.258397932888
Hold,2024-05-29 21:00:00,83.76,3155.099177975112,Hold,3155.099177975139,2705.4263565892193
Hold,2024-05-29 22:00:00,83.86,3158.866010804595,Hold,3158.8660108046224,2708.656330749426
Hold,2024-05-29 23:00:00,83.59,3148.6955621649904,Hold,3148.6955621650177,2699.9354005168675
Hold,2024-05-30 00:00:00,83.5,3145.3054126184556,Hold,3145.305412618483,2697.0284237726814
Hold,2024-05-30 01:00:00,83.8,3156.6059111069053,Hold,3156.605911106933,2706.7183462533017
Hold,2024-05-30 02:00:00,83.71,3153.2157615603696,Hold,3153.215761560397,2703.811369509115
Hold,2024-05-30 03:00:00,83.86,3158.866010804595,Hold,3158.8660108046224,2708.6563307494257
Hold,2024-05-30 04:00:00,83.95,3162.25616035113,Hold,3162.256160351157,2711.563307493612
Hold,2024-05-30 05:00:00,83.91,3160.7494272193367,Hold,3160.749427219364,2710.271317829529
Hold,2024-05-30 06:00:00,82.91,3123.0810989245047,Hold,3123.0810989245315,2677.971576227461
Hold,2024-05-30 07:00:00,82.4,3103.870251494141,Hold,3103.870251494168,2661.498708010406
Hold,2024-05-30 08:00:00,82.78,3118.1842162461767,Hold,3118.1842162462035,2673.7726098191915
Hold,2024-05-30 09:00:00,82.84,3120.444315943867,Hold,3120.4443159438933,2675.7105943153156
Sell,2024-05-30 10:00:00,83.08,3129.4847147346263,Sinal: Venda,3129.4847147346527,2683.462532299812
Buy,2024-06-06 22:00:00,84.49,3129.4847147346263,Sinal: Compra,3129.4847147346527,2729.0051679587277
Hold,2024-06-06 23:00:00,84.19,3112.1391758617506,Hold,3112.1391758617765,2719.3152454781075
Hold,2024-06-07 00:00:00,84.06,3107.3336396595646,Hold,3107.333639659591,2715.116279069839
Hold,2024-06-07 01:00:00,84.28,3115.466085540187,Hold,3115.466085540213,2722.222222222294
Hold,2024-06-07 02:00:00,84.09,3108.4426095523772,Hold,3108.442609552403,2716.085271317901
Hold,2024-06-07 03:00:00,84.19,3112.1391758617506,Hold,3112.1391758617765,2719.3152454781075
Hold,2024-06-07 04:00:00,84.53,3124.707501313622,Hold,3124.7075013136478,2730.297157622811
Hold,2024-06-07 05:00:00,84.48,3122.8592181589347,Hold,3122.8592181589606,2728.6821705427074
Hold,2024-06-07 06:00:00,84.25,3114.357115647375,Hold,3114.357115647401,2721.2532299742315
Hold,2024-06-07 07:00:00,84.03,3106.224669766753,Hold,3106.2246697667792,2714.1472868217766
Hold,2024-06-07 08:00:00,83.86,3099.9405070408175,Hold,3099.940507040844,2708.6563307494253
Hold,2024-06-07 09:00:00,84.1,3108.812266183314,Hold,3108.8122661833404,2716.4082687339214
Hold,2024-06-07 10:00:00,84.24,3113.9874590164372,Hold,3113.987459016464,2720.930232558211
Hold,2024-06-07 11:00:00,84.43,3121.010935004248,Hold,3121.010935004275,2727.0671834626046
Hold,2024-06-07 12:00:00,83.89,3101.0494769336296,Hold,3101.0494769336565,2709.6253229974873
Hold,2024-06-07 13:00:00,84.04,3106.5943263976906,Hold,3106.594326397717,2714.470284237798
Hold,2024-06-07 14:00:00,83.86,3099.9405070408175,Hold,3099.940507040844,2708.6563307494253
Hold,2024-06-07 15:00:00,83.56,3088.8508081126965,Hold,3088.850808112723,2698.9664082688046
Hold,2024-06-07 16:00:00,83.45,3084.784585172385,Hold,3084.7845851724114,2695.413436692577
Hold,2024-06-07 17:00:00,82.4,3045.970638923961,Hold,3045.9706389239873,2661.4987080104056
Hold,2024-06-07 18:00:00,79.05,2922.1356675599404,Hold,2922.1356675599654,2553.294573643477
Hold,2024-06-07 19:00:00,79.44,2936.5522761664984,Hold,2936.552276166524,2565.891472868284
Hold,2024-06-07 20:00:00,80.03,2958.362017391803,Hold,2958.362017391828,2584.948320413504
Sell,2024-06-07 21:00:00,80.01,2957.622704129929,Sinal: Venda,2957.622704129954,2584.302325581463
Buy,2024-06-16 13:00:00,79.25,2957.622704129929,Sinal: Compra,2957.622704129954,2559.754521963891
Hold,2024-06-16 14:00:00,79.0,2942.3990270183663,Hold,2942.3990270183917,2551.6795865633744
Hold,2024-06-16 15:00:00,79.17,2948.730771760051,Hold,2948.730771760076,2557.170542635726
Hold,2024-06-16 16:00:00,79.15,2947.9858606139705,Hold,2947.9858606139956,2556.524547803685
Hold,2024-06-16 17:00:00,78.78,2934.2050044114794,Hold,2934.2050044115044,2544.57364341092
Hold,2024-06-16 18:00:00,78.92,2939.4193824340437,Hold,2939.4193824340687,2549.0956072352096
Hold,2024-06-16 19:00:00,78.9,2938.674471287963,Hold,2938.6744712879886,2548.4496124031684
Hold,2024-06-16 20:00:00,78.8,2934.94991555756,Hold,2934.9499155575854,2545.219638242961
Hold,2024-06-16 21:00:00,78.67,2930.107993108036,Hold,2930.1079931080617,2541.020671834692
Hold,2024-06-16 22:00:00,78.94,2940.1642935801237,Hold,2940.1642935801488,2549.741602067251
Hold,2024-06-16 23:00:00,78.98,2941.6541158722857,Hold,2941.654115872311,2551.0335917313337
Hold,2024-06-17 00:00:00,79.04,2943.8888493105273,Hold,2943.888849310553,2552.971576227458
Hold,2024-06-17 01:00:00,78.65,2929.3630819619557,Hold,2929.363081961981,2540.3746770026514
Hold,2024-06-17 02:00:00,78.64,2928.990626388915,Hold,2928.9906263889407,2540.0516795866306
Hold,2024-06-17 03:00:00,78.25,2914.4648590403435,Hold,2914.464859040369,2527.4547803618243
Hold,2024-06-17 04:00:00,78.19,2912.230125602102,Hold,2912.230125602127,2525.5167958657003
Hold,2024-06-17 05:00:00,78.03,2906.2708364334567,Hold,2906.2708364334817,2520.3488372093693
Hold,2024-06-17 06:00:00,77.71,2894.352258096167,Hold,2894.352258096192,2510.012919896707
Hold,2024-06-17 07:00:00,78.2,2912.6025811751424,Hold,2912.6025811751674,2525.8397932817206
Hold,2024-06-17 08:00:00,77.76,2896.214535961369,Hold,2896.2145359613937,2511.6279069768107
Hold,2024-06-17 09:00:00,77.68,2893.2348913770466,Hold,2893.234891377071,2509.0439276486454
Hold,2024-06-17 10:00:00,77.4,2882.8061353319185,Hold,2882.806135331943,2500.0000000000664
Hold,2024-06-17 11:00:00,77.2,2875.3570238711122,Hold,2875.357023871137,2493.540051679653
Hold,2024-06-17 12:00:00,77.33,2880.198946320636,Hold,2880.198946320661,2497.739018087922
Hold,2024-06-17 13:00:00,76.89,2863.8109011068627,Hold,2863.8109011068877,2483.527131783012
Hold,2024-06-17 14:00:00,77.19,2874.9845682980717,Hold,2874.984568298097,2493.2170542636327
Hold,2024-06-17 15:00:00,76.41,2845.9330336009284,Hold,2845.933033600953,2468.023255814019
Hold,2024-06-17 16:00:00,76.81,2860.8312565225406,Hold,2860.8312565225656,2480.9431524548468
Hold,2024-06-17 17:00:00,77.38,2882.061224185837,Hold,2882.061224185862,2499.354005168025
Hold,2024-06-17 18:00:00,77.96,2903.6636474221746,Hold,2903.6636474221996,2518.087855297225
Sell,2024-06-17 19:00:00,77.48,2885.7857799162407,Sinal: Venda,2885.7857799162657,2502.5839793282325
Buy,2024-06-28 08:00:00,73.74,2885.7857799162407,Sinal: Compra,2885.7857799162657,2381.782945736498
Hold,2024-06-28 09:00:00,73.95,2888.2189328968648,Hold,2888.21893289689,2388.5658914729324
Hold,2024-06-28 10:00:00,74.49,2909.3093754088904,Hold,2909.309375408916,2406.007751938049
Hold,2024-06-28 11:00:00,74.5,2909.6999391591135,Hold,2909.699939159139,2406.3307493540697
Hold,2024-06-28 12:00:00,74.13,2895.2490804008735,Hold,2895.2490804008985,2394.379844961304
Hold,2024-06-28 13:00:00,73.07,2853.8493228772672,Hold,2853.8493228772923,2360.1421188631125
Hold,2024-06-28 14:00:00,73.08,2854.2398866274903,Hold,2854.2398866275157,2360.465116279133
Hold,2024-06-28 15:00:00,72.9,2847.209739123482,Hold,2847.2097391235075,2354.6511627907607
Hold,2024-06-28 16:00:00,73.27,2861.6605978817215,Hold,2861.660597881747,2366.602067183526
Hold,2024-06-28 17:00:00,73.21,2859.3172153803853,Hold,2859.3172153804103,2364.664082687402
Hold,2024-06-28 18:00:00,73.41,2867.128490384839,Hold,2867.128490384864,2371.1240310078156
Hold,2024-06-28 19:00:00,73.4,2866.737926634617,Hold,2866.737926634642,2370.8010335917947
Hold,2024-06-28 20:00:00,73.33,2864.0039803830578,Hold,2864.003980383083,2368.54005167965
Hold,2024-06-28 21:00:00,73.17,2857.7549603794946,Hold,2857.7549603795196,2363.372093023319
Hold,2024-06-28 22:00:00,73.01,2851.5059403759315,Hold,2851.5059403759565,2358.204134366988
Hold,2024-06-28 23:00:00,72.9,2847.209739123482,Hold,2847.209739123507,2354.6511627907603
Hold,2024-06-29 00:00:00,73.07,2853.8493228772672,Hold,2853.8493228772927,2360.142118863112
Hold,2024-06-29 01:00:00,73.59,2874.1586378888483,Hold,2874.1586378888737,2376.937984496188
Hold,2024-06-29 02:00:00,73.82,2883.1416041439693,Hold,2883.141604143995,2384.3669250646635
Hold,2024-06-29 03:00:00,73.67,2877.2831478906296,Hold,2877.283147890655,2379.521963824354
Hold,2024-06-29 04:00:00,73.74,2880.017094142188,Hold,2880.0170941422134,2381.7829457364983
Hold,2024-06-29 05:00:00,73.66,2876.892584140407,Hold,2876.8925841404325,2379.198966408333
Hold,2024-06-29 06:00:00,73.92,2887.0472416461967,Hold,2887.0472416462226,2387.596899224871
Hold,2024-06-29 07:00:00,74.14,2895.639644151096,Hold,2895.639644151122,2394.702842377326
Hold,2024-06-29 08:00:00,74.41,2906.184865407109,Hold,2906.1848654071346,2403.423772609884
Hold,2024-06-29 09:00:00,74.37,2904.6226104062184,Hold,2904.622610406244,2402.1317829458017
Hold,2024-06-29 10:00:00,74.37,2904.6226104062184,Hold,2904.622610406244,2402.1317829458017
Hold,2024-06-29 11:00:00,74.52,2910.4810666595586,Hold,2910.4810666595845,2406.976744186112
Hold,2024-06-29 12:00:00,74.56,2912.0433216604497,Hold,2912.043321660475,2408.2687338501946
Hold,2024-06-29 13:00:00,74.76,2919.854596664904,Hold,2919.8545966649294,2414.7286821706084
Hold,2024-06-29 14:00:00,74.99,2928.8375629200254,Hold,2928.8375629200514,2422.1576227390833
Hold,2024-06-29 15:00:00,74.74,2919.073469164458,Hold,2919.073469164484,2414.0826873385668
Hold,2024-06-29 16:00:00,75.2,2937.0394016747027,Hold,2937.039401674729,2428.940568475518
Hold,2024-06-29 17:00:00,75.23,2938.211092925371,Hold,2938.211092925397,2429.9095607235804
Hold,2024-06-29 18:00:00,75.3,2940.9450391769296,Hold,2940.945039176956,2432.1705426357244
Hold,2024-06-29 19:00:00,75.69,2956.1770254356147,Hold,2956.177025435641,2444.7674418605316
Hold,2024-06-29 20:00:00,75.96,2966.722246691628,Hold,2966.7222466916546,2453.4883720930893
Hold,2024-06-29 21:00:00,75.63,2953.8336429342785,Hold,2953.8336429343053,2442.829457364407
Hold,2024-06-29 22:00:00,75.28,2940.163911676484,Hold,2940.163911676511,2431.524547803683
Hold,2024-06-29 23:00:00,74.95,2927.2753079191352,Hold,2927.2753079191616,2420.865633075001
Hold,2024-06-30 00:00:00,75.06,2931.5715091715847,Hold,2931.571509171611,2424.4186046512286
Hold,2024-06-30 01:00:00,74.99,2928.8375629200254,Hold,2928.837562920052,2422.1576227390838
Hold,2024-06-30 02:00:00,75.29,2940.554475426707,Hold,2940.554475426733,2431.847545219705
Hold,2024-06-30 03:00:00,75.46,2947.1940591804923,Hold,2947.1940591805183,2437.338501292056
Hold,2024-06-30 04:00:00,75.4,2944.8506766791565,Hold,2944.8506766791825,2435.4005167959326
Hold,2024-06-30 05:00:00,75.03,2930.3998179209166,Hold,2930.3998179209425,2423.4496124031675
Hold,2024-06-30 06:00:00,75.02,2930.0092541706936,Hold,2930.009254170719,2423.1266149871467
Hold,2024-06-30 07:00:00,75.57,2951.4902604329423,Hold,2951.4902604329677,2440.8914728682844
Hold,2024-06-30 08:00:00,75.54,2950.3185691822746,Hold,2950.3185691823,2439.9224806202224
Hold,2024-06-30 09:00:00,75.21,2937.429965424925,Hold,2937.42996542495,2429.2635658915397
Hold,2024-06-30 10:00:00,74.84,2922.9791066666853,Hold,2922.9791066667103,2417.3126614987746
Hold,2024-06-30 11:00:00,74.97,2928.0564354195803,Hold,2928.0564354196054,2421.5116279070435
Hold,2024-06-30 12:00:00,74.93,2926.4941804186897,Hold,2926.494180418715,2420.219638242961
Hold,2024-06-30 13:00:00,74.8,2921.416851665794,Hold,2921.4168516658196,2416.0206718346917
Hold,2024-06-30 14:00:00,74.76,2919.854596664904,Hold,2919.854596664929,2414.7286821706093
Hold,2024-06-30 15:00:00,74.72,2918.292341664013,Hold,2918.2923416640374,2413.436692506527
Hold,2024-06-30 16:00:00,74.36,2904.2320466559954,Hold,2904.2320466560204,2401.808785529782
Hold,2024-06-30 17:00:00,74.38,2905.013174156441,Hold,2905.013174156466,2402.4547803618234
Hold,2024-06-30 18:00:00,74.42,2906.575429157332,Hold,2906.5754291573567,2403.7467700259062
Hold,2024-06-30 19:00:00,74.7,2917.5112141635677,Hold,2917.5112141635927,2412.7906976744857
Hold,2024-06-30 20:00:00,74.82,2922.1979791662397,Hold,2922.197979166265,2416.6666666667334
Hold,2024-06-30 21:00:00,75.17,2935.8677104240346,Hold,2935.8677104240605,2427.971576227458
Hold,2024-06-30 22:00:00,75.54,2950.3185691822746,Hold,2950.3185691823005,2439.9224806202233
Hold,2024-06-30 23:00:00,75.31,2941.335602927152,Hold,2941.3356029271786,2432.4935400517475
Hold,2024-07-01 00:00:00,75.27,2939.773347926261,Hold,2939.7733479262874,2431.2015503876646
Hold,2024-07-01 01:00:00,75.92,2965.159991690737,Hold,2965.1599916907635,2452.196382429009
Hold,2024-07-01 02:00:00,75.58,2951.8808241831653,Hold,2951.8808241831916,2441.214470284306
Hold,2024-07-01 03:00:00,75.54,2950.3185691822746,Hold,2950.318569182301,2439.9224806202237
Hold,2024-07-01 04:00:00,75.1,2933.1337641724754,Hold,2933.1337641725017,2425.7105943153133
Hold,2024-07-01 05:00:00,75.37,2943.6789854284884,Hold,2943.6789854285153,2434.4315245478724
Hold,2024-07-01 06:00:00,75.14,2934.6960191733665,Hold,2934.6960191733933,2427.002583979396
Hold,2024-07-01 07:00:00,75.22,2937.820529175148,Hold,2937.8205291751747,2429.5865633075614
Hold,2024-07-01 08:00:00,75.16,2935.4771466738116,Hold,2935.4771466738384,2427.6485788114373
Hold,2024-07-01 09:00:00,75.1,2933.1337641724754,Hold,2933.133764172502,2425.710594315313
Hold,2024-07-01 10:00:00,74.94,2926.884744168912,Hold,2926.884744168939,2420.542635658982
Hold,2024-07-01 11:00:00,74.83,2922.5885429164623,Hold,2922.588542916489,2416.9896640827546
Hold,2024-07-01 12:00:00,74.65,2915.558395412454,Hold,2915.5583954124813,2411.1757105943825
Hold,2024-07-01 13:00:00,74.5,2909.6999391591135,Hold,2909.6999391591407,2406.3307493540724
Hold,2024-07-01 14:00:00,74.62,2914.386704161786,Hold,2914.3867041618137,2410.206718346321
Hold,2024-07-01 15:00:00,74.7,2917.5112141635677,Hold,2917.5112141635955,2412.7906976744857
Hold,2024-07-01 16:00:00,74.86,2923.760234167131,Hold,2923.760234167158,2417.958656330816
Hold,2024-07-01 17:00:00,75.33,2942.1167304275978,Hold,2942.1167304276255,2433.1395348837887
Sell,2024-07-01 18:00:00,75.0,2929.2281266702485,Sinal: Venda,2929.228126670276,2422.480620155106
Buy,2024-07-08 11:00:00,65.98,2929.2281266702485,Sinal: Compra,2929.228126670276,2131.136950904452
Hold,2024-07-08 12:00:00,65.38,2896.788429293609,Hold,2896.7884292936365,2111.757105943211
Hold,2024-07-08 13:00:00,65.41,2898.1176378111804,Hold,2898.1176378112077,2112.7260981912727
Hold,2024-07-08 14:00:00,64.73,2867.9889114128996,Hold,2867.988911412927,2090.7622739018666
Hold,2024-07-08 15:00:00,64.28,2848.0507836493307,Hold,2848.0507836493575,2076.2273901809363
Hold,2024-07-08 16:00:00,64.45,2855.582965248901,Hold,2855.5829652489283,2081.718346253288
Hold,2024-07-08 17:00:00,64.56,2860.456729813329,Hold,2860.456729813356,2085.2713178295157
Hold,2024-07-08 18:00:00,64.84,2872.862675977327,Hold,2872.8626759773547,2094.3152454780948
Hold,2024-07-08 19:00:00,64.9,2875.5210930124695,Hold,2875.521093012497,2096.253229974219
Hold,2024-07-08 20:00:00,64.34,2850.709200684473,Hold,2850.709200684501,2078.1653746770603
Hold,2024-07-08 21:00:00,64.79,2870.647328448042,Hold,2870.6473284480694,2092.7002583979906
Hold,2024-07-08 22:00:00,64.85,2873.305745483184,Hold,2873.305745483212,2094.6382428941142
Hold,2024-07-08 23:00:00,64.92,2876.4072320241835,Hold,2876.407232024211,2096.899224806259
Hold,2024-07-09 00:00:00,64.63,2863.558216354328,Hold,2863.558216354356,2087.532299741659
Hold,2024-07-09 01:00:00,64.48,2856.9121737664723,Hold,2856.9121737665,2082.687338501349
Hold,2024-07-09 02:00:00,65.41,2898.1176378111804,Hold,2898.117637811208,2112.7260981912723
Hold,2024-07-09 03:00:00,65.2,2888.813178188182,Hold,2888.81317818821,2105.9431524548386
Hold,2024-07-09 04:00:00,65.4,2897.674568305324,Hold,2897.674568305352,2112.4031007752524
Hold,2024-07-09 05:00:00,65.63,2907.8651669400365,Hold,2907.8651669400647,2119.8320413437277
Hold,2024-07-09 06:00:00,65.47,2900.7760548463234,Hold,2900.7760548463516,2114.664082687397
Hold,2024-07-09 07:00:00,65.16,2887.0409001647536,Hold,2887.0409001647818,2104.6511627907557
Hold,2024-07-09 08:00:00,65.5,2902.1052633638947,Hold,2902.1052633639233,2115.6330749354593
Hold,2024-07-09 09:00:00,65.81,2915.840418045464,Hold,2915.840418045493,2125.6459948321003
Hold,2024-07-09 10:00:00,65.96,2922.4864606333203,Hold,2922.486460633349,2130.49095607241
Hold,2024-07-09 11:00:00,65.81,2915.840418045464,Hold,2915.8404180454927,2125.6459948321003
Hold,2024-07-09 12:00:00,65.79,2914.9542790337505,Hold,2914.954279033779,2125.000000000059
Hold,2024-07-09 13:00:00,65.71,2911.409722986893,Hold,2911.409722986921,2122.4160206718934
Hold,2024-07-09 14:00:00,65.54,2903.877541387323,Hold,2903.8775413873514,2116.925064599542
Hold,2024-07-09 15:00:00,65.91,2920.2711131040346,Hold,2920.2711131040633,2128.8759689923077
Hold,2024-07-09 16:00:00,65.8,2915.397348539607,Hold,2915.3973485396355,2125.32299741608
Hold,2024-07-09 17:00:00,65.72,2911.8527924927503,Hold,2911.852792492779,2122.7390180879147
Hold,2024-07-09 18:00:00,65.79,2914.9542790337505,Hold,2914.9542790337796,2125.0000000000596
Hold,2024-07-09 19:00:00,65.71,2911.409722986893,Hold,2911.4097229869217,2122.416020671894
Hold,2024-07-09 20:00:00,65.59,2906.0928889166084,Hold,2906.092888916637,2118.540051679646
Hold,2024-07-09 21:00:00,65.43,2899.0037768228954,Hold,2899.003776822924,2113.372093023315
Hold,2024-07-09 22:00:00,65.37,2896.345359787753,Hold,2896.3453597877815,2111.434108527191
Hold,2024-07-09 23:00:00,65.3,2893.243873246753,Hold,2893.2438732467817,2109.173126615046
Hold,2024-07-10 00:00:00,64.63,2863.558216354328,Hold,2863.5582163543563,2087.5322997416597
Hold,2024-07-10 01:00:00,64.97,2878.622579553469,Hold,2878.622579553498,2098.514211886363
Hold,2024-07-10 02:00:00,64.98,2879.065649059326,Hold,2879.0656490593547,2098.8372093023836
Hold,2024-07-10 03:00:00,65.41,2898.1176378111804,Hold,2898.117637811209,2112.7260981912723
Hold,2024-07-10 04:00:00,66.02,2925.144877668463,Hold,2925.144877668492,2132.4289405685336
Hold,2024-07-10 05:00:00,65.78,2914.511209527893,Hold,2914.511209527922,2124.6770025840374
Hold,2024-07-10 06:00:00,66.1,2928.6894337153194,Hold,2928.689433715349,2135.012919896699
Hold,2024-07-10 07:00:00,65.79,2914.9542790337505,Hold,2914.9542790337796,2125.000000000058
Hold,2024-07-10 08:00:00,65.8,2915.397348539607,Hold,2915.397348539636,2125.322997416078
Hold,2024-07-10 09:00:00,65.86,2918.0557655747493,Hold,2918.0557655747784,2127.260981912202
Hold,2024-07-10 10:00:00,66.09,2928.2463642094626,Hold,2928.246364209492,2134.6899224806784
Hold,2024-07-10 11:00:00,66.04,2926.0310166801773,Hold,2926.0310166802064,2133.0749354005748
Hold,2024-07-10 12:00:00,66.11,2929.1325032211766,Hold,2929.132503221206,2135.3359173127196
Hold,2024-07-10 13:00:00,66.19,2932.677059268033,Hold,2932.6770592680627,2137.919896640885
Hold,2024-07-10 14:00:00,66.56,2949.0706309847455,Hold,2949.070630984775,2149.87080103365
Hold,2024-07-10 15:00:00,66.75,2957.48895159603,Hold,2957.4889515960595,2156.007751938043
Hold,2024-07-10 16:00:00,66.75,2957.48895159603,Hold,2957.4889515960595,2156.007751938043
Hold,2024-07-10 17:00:00,66.76,2957.932021101887,Hold,2957.9320211019167,2156.3307493540633
Hold,2024-07-10 18:00:00,66.62,2951.729048019888,Hold,2951.7290480199176,2151.8087855297736
Hold,2024-07-10 19:00:00,66.66,2953.5013260433157,Hold,2953.5013260433448,2153.100775193856
Hold,2024-07-10 20:00:00,66.59,2950.399839502317,Hold,2950.399839502346,2150.8397932817115
Hold,2024-07-10 21:00:00,66.38,2941.095379879318,Hold,2941.095379879347,2144.0568475452765
Hold,2024-07-10 22:00:00,66.83,2961.0335076428864,Hold,2961.033507642915,2158.5917312662077
Hold,2024-07-10 23:00:00,66.96,2966.7934112190283,Hold,2966.793411219057,2162.790697674476
Hold,2024-07-11 00:00:00,67.2,2977.427079359599,Hold,2977.4270793596274,2170.542635658973
Hold,2024-07-11 01:00:00,67.54,2992.4914425587394,Hold,2992.491442558768,2181.5245478036763
Hold,2024-07-11 02:00:00,67.18,2976.5409403478848,Hold,2976.5409403479134,2169.896640826932
Hold,2024-07-11 03:00:00,66.99,2968.1226197365995,Hold,2968.122619736628,2163.759689922538
Hold,2024-07-11 04:00:00,67.29,2981.414704912313,Hold,2981.414704912341,2173.4496124031593
Hold,2024-07-11 05:00:00,67.53,2992.0483730528827,Hold,2992.0483730529113,2181.2015503876555
Hold,2024-07-11 06:00:00,67.61,2995.592929099739,Hold,2995.592929099768,2183.785529715821
Hold,2024-07-11 07:00:00,67.81,3004.454319216881,Hold,3004.45431921691,2190.245478036235
Hold,2024-07-11 08:00:00,67.6,2995.1498595938815,Hold,2995.14985959391,2183.4625322998004
Hold,2024-07-11 09:00:00,67.66,2997.8082766290245,Hold,2997.808276629053,2185.400516795925
Hold,2024-07-11 10:00:00,67.77,3002.682041193452,Hold,3002.6820411934805,2188.953488372152
Hold,2024-07-11 11:00:00,67.88,3007.55580575788,Hold,3007.5558057579083,2192.50645994838
Hold,2024-07-11 12:00:00,68.77,3046.9889917791606,Hold,3046.9889917791893,2221.2532299742206
Hold,2024-07-11 13:00:00,68.7,3043.8875052381613,Hold,3043.8875052381895,2218.9922480620758
Hold,2024-07-11 14:00:00,68.6,3039.4568101795903,Hold,3039.456810179619,2215.7622739018684
Hold,2024-07-11 15:00:00,68.08,3016.4171958750217,Hold,3016.4171958750503,2198.966408268793
Hold,2024-07-11 16:00:00,68.44,3032.367698085877,Hold,3032.3676980859054,2210.594315245538
Hold,2024-07-11 17:00:00,68.66,3042.115227214733,Hold,3042.1152272147615,2217.7002583979925
Hold,2024-07-11 18:00:00,68.61,3039.8998796854476,Hold,3039.899879685476,2216.0852713178892
Hold,2024-07-11 19:00:00,68.39,3030.1523505565915,Hold,3030.1523505566197,2208.9793281654343
Hold,2024-07-11 20:00:00,67.97,3011.543431310594,Hold,3011.5434313106225,2195.4134366925655
Hold,2024-07-11 21:00:00,67.72,3000.466693664167,Hold,3000.466693664195,2187.3385012920485
Hold,2024-07-11 22:00:00,67.66,2997.8082766290245,Hold,2997.808276629053,2185.4005167959244
Hold,2024-07-11 23:00:00,67.36,2984.516191453312,Hold,2984.51619145334,2175.710594315304
Hold,2024-07-12 00:00:00,67.45,2988.5038170060257,Hold,2988.503817006054,2178.6175710594903
Hold,2024-07-12 01:00:00,67.71,3000.0236241583093,Hold,3000.0236241583375,2187.0155038760277
Hold,2024-07-12 02:00:00,68.34,3027.937003027306,Hold,3027.9370030273344,2207.364341085331
Hold,2024-07-12 03:00:00,68.12,3018.1894738984506,Hold,3018.1894738984793,2200.258397932876
Hold,2024-07-12 04:00:00,68.23,3023.0632384628784,Hold,3023.0632384629066,2203.8113695091038
Hold,2024-07-12 05:00:00,68.36,3028.8231420390202,Hold,3028.8231420390484,2208.0103359173722
Hold,2024-07-12 06:00:00,68.52,3035.9122541327333,Hold,3035.9122541327615,2213.178294573703
Hold,2024-07-12 07:00:00,68.95,3054.964242884588,Hold,3054.964242884617,2227.067183462593
Hold,2024-07-12 08:00:00,69.08,3060.72414646073,Hold,3060.724146460759,2231.2661498708617
Hold,2024-07-12 09:00:00,68.84,3050.0904783201604,Hold,3050.090478320189,2223.5142118863655
Hold,2024-07-12 10:00:00,68.93,3054.078103872874,Hold,3054.078103872903,2226.4211886305516
Hold,2024-07-12 11:00:00,68.5,3035.0261151210193,Hold,3035.0261151210475,2212.532299741662
Hold,2024-07-12 12:00:00,68.13,3018.632543404307,Hold,3018.632543404335,2200.581395348897
Hold,2024-07-12 13:00:00,69.08,3060.72414646073,Hold,3060.724146460758,2231.266149870861
Hold,2024-07-12 14:00:00,68.92,3053.635034367017,Hold,3053.635034367045,2226.0981912145303
Hold,2024-07-12 15:00:00,68.87,3051.4196868377317,Hold,3051.4196868377603,2224.4832041344275
Hold,2024-07-12 16:00:00,69.25,3068.2563280603003,Hold,3068.256328060329,2236.7571059432125
Hold,2024-07-12 17:00:00,69.0,3057.179590413874,Hold,3057.179590413902,2228.6821705426955
Hold,2024-07-12 18:00:00,69.21,3066.484050036872,Hold,3066.4840500369005,2235.4651162791297
Hold,2024-07-12 19:00:00,69.0,3057.179590413874,Hold,3057.179590413902,2228.6821705426955
Hold,2024-07-12 20:00:00,68.94,3054.5211733787314,Hold,3054.5211733787596,2226.7441860465715
Hold,2024-07-12 21:00:00,69.08,3060.72414646073,Hold,3060.7241464607587,2231.2661498708608
Hold,2024-07-12 22:00:00,69.25,3068.2563280603003,Hold,3068.256328060329,2236.757105943212
Hold,2024-07-12 23:00:00,69.25,3068.2563280603003,Hold,3068.256328060329,2236.757105943212
Hold,2024-07-13 00:00:00,69.92,3097.9419849527253,Hold,3097.941984952754,2258.3979328165983
Hold,2024-07-13 01:00:00,69.78,3091.7390118707262,Hold,3091.739011870755,2253.875968992309
Hold,2024-07-13 02:00:00,69.6,3083.7637607652982,Hold,3083.763760765327,2248.0620155039364
Hold,2024-07-13 03:00:00,69.31,3070.9147450954433,Hold,3070.9147450954715,2238.6950904393366
Hold,2024-07-13 04:00:00,69.41,3075.345440154014,Hold,3075.345440154042,2241.925064599543
Hold,2024-07-13 05:00:00,70.1,3105.9172360581524,Hold,3105.917236058181,2264.2118863049704
Hold,2024-07-13 06:00:00,70.08,3105.031097046439,Hold,3105.0310970464675,2263.5658914729293
Hold,2024-07-13 07:00:00,70.41,3119.6523907397223,Hold,3119.652390739751,2274.224806201611
Hold,2024-07-13 08:00:00,70.31,3115.2216956811517,Hold,3115.2216956811803,2270.994832041404
Hold,2024-07-13 09:00:00,70.51,3124.0830857982933,Hold,3124.0830857983224,2277.454780361818
Hold,2024-07-13 10:00:00,70.17,3109.0187225991526,Hold,3109.0187225991817,2266.4728682171144
Hold,2024-07-13 11:00:00,69.96,3099.714262976153,Hold,3099.714262976182,2259.68992248068
Hold,2024-07-13 12:00:00,69.8,3092.6251508824403,Hold,3092.625150882469,2254.521963824349
Hold,2024-07-13 13:00:00,69.65,3085.9791082945844,Hold,3085.9791082946135,2249.6770025840387
Hold,2024-07-13 14:00:00,69.86,3095.283567917583,Hold,3095.283567917612,2256.459948320473
Hold,2024-07-13 15:00:00,70.17,3109.0187225991526,Hold,3109.018722599182,2266.4728682171135
Hold,2024-07-13 16:00:00,69.81,3093.0682203882975,Hold,3093.068220388327,2254.844961240369
Hold,2024-07-13 17:00:00,69.69,3087.7513863180125,Hold,3087.751386318042,2250.9689922481207
Hold,2024-07-13 18:00:00,69.53,3080.662274224299,Hold,3080.6622742243285,2245.8010335917897
Hold,2024-07-13 19:00:00,70.3,3114.778626175294,Hold,3114.778626175324,2270.6718346253824
Hold,2024-07-13 20:00:00,69.76,3090.8528728590118,Hold,3090.8528728590413,2253.229974160266
Hold,2024-07-13 21:00:00,69.73,3089.5236643414405,Hold,3089.52366434147,2252.2609819122035
Hold,2024-07-13 22:00:00,69.96,3099.714262976153,Hold,3099.7142629761825,2259.689922480679
Hold,2024-07-13 23:00:00,69.82,3093.5112898941543,Hold,3093.5112898941834,2255.1679586563896
Hold,2024-07-14 00:00:00,69.93,3098.3850544585825,Hold,3098.385054458611,2258.7209302326173
Hold,2024-07-14 01:00:00,70.19,3109.9048616108666,Hold,3109.9048616108958,2267.1188630491547
Hold,2024-07-14 02:00:00,69.75,3090.409803353155,Hold,3090.4098033531836,2252.9069767442447
Hold,2024-07-14 03:00:00,70.2,3110.347931116724,Hold,3110.347931116753,2267.441860465176
Hold,2024-07-14 04:00:00,69.99,3101.0434714937246,Hold,3101.0434714937537,2260.6589147287414
Hold,2024-07-14 05:00:00,70.21,3110.79100062258,Hold,3110.791000622609,2267.764857881196
Hold,2024-07-14 06:00:00,70.42,3120.0954602455795,Hold,3120.0954602456077,2274.5478036176305
Hold,2024-07-14 07:00:00,70.28,3113.8924871635804,Hold,3113.892487163609,2270.0258397933408
Hold,2024-07-14 08:00:00,70.27,3113.4494176577227,Hold,3113.4494176577514,2269.7028423773195
Hold,2024-07-14 09:00:00,70.19,3109.9048616108666,Hold,3109.9048616108953,2267.1188630491542
Hold,2024-07-14 10:00:00,70.02,3102.3726800112963,Hold,3102.372680011325,2261.627906976803
Hold,2024-07-14 11:00:00,69.92,3097.9419849527253,Hold,3097.9419849527535,2258.3979328165965
Hold,2024-07-14 12:00:00,69.58,3082.877621753584,Hold,3082.8776217536124,2247.4160206718934
Hold,2024-07-14 13:00:00,69.54,3081.1053437301566,Hold,3081.105343730185,2246.124031007811
Hold,2024-07-14 14:00:00,69.66,3086.422177800441,Hold,3086.42217780047,2250.000000000059
Hold,2024-07-14 15:00:00,69.46,3077.560787683299,Hold,3077.5607876833274,2243.5400516796453
Hold,2024-07-14 16:00:00,69.5,3079.3330657067277,Hold,3079.333065706756,2244.8320413437286
Hold,2024-07-14 17:00:00,69.35,3072.6870231188714,Hold,3072.6870231188996,2239.9870801034185
Hold,2024-07-14 18:00:00,69.44,3076.674648671585,Hold,3076.674648671613,2242.8940568476046
Hold,2024-07-14 19:00:00,69.6,3083.7637607652982,Hold,3083.763760765326,2248.0620155039355
Hold,2024-07-14 20:00:00,69.66,3086.422177800441,Hold,3086.4221778004694,2250.0000000000596
Hold,2024-07-14 21:00:00,70.15,3108.132583587438,Hold,3108.1325835874663,2265.826873385073
Hold,2024-07-14 22:00:00,70.0,3101.486540999582,Hold,3101.48654099961,2260.981912144763
Hold,2024-07-14 23:00:00,69.92,3097.9419849527253,Hold,3097.941984952753,2258.397932816598
Hold,2024-07-15 00:00:00,70.31,3115.2216956811517,Hold,3115.2216956811794,2270.994832041404
Hold,2024-07-15 01:00:00,70.11,3106.36030556401,Hold,3106.360305564038,2264.5348837209904
Hold,2024-07-15 02:00:00,70.88,3140.476657515005,Hold,3140.476657515033,2289.4056847545826
Hold,2024-07-15 03:00:00,70.86,3139.590518503291,Hold,3139.5905185033184,2288.7596899225414
Hold,2024-07-15 04:00:00,70.52,3124.52615530415,Hold,3124.5261553041773,2277.777777777838
Hold,2024-07-15 05:00:00,70.57,3126.7415028334353,Hold,3126.7415028334626,2279.392764857941
Hold,2024-07-15 06:00:00,70.5,3123.640016292436,Hold,3123.640016292463,2277.1317829457967
Hold,2024-07-15 07:00:00,70.33,3116.1078346928653,Hold,3116.107834692892,2271.640826873445
Hold,2024-07-15 08:00:00,70.27,3113.4494176577227,Hold,3113.4494176577496,2269.702842377321
Hold,2024-07-15 09:00:00,70.28,3113.8924871635804,Hold,3113.8924871636073,2270.025839793342
Hold,2024-07-15 10:00:00,69.95,3099.2711934702966,Hold,3099.2711934703234,2259.3669250646594
Hold,2024-07-15 11:00:00,69.81,3093.0682203882975,Hold,3093.0682203883243,2254.8449612403697
Hold,2024-07-15 12:00:00,69.99,3101.0434714937246,Hold,3101.0434714937514,2260.658914728742
Hold,2024-07-15 13:00:00,70.52,3124.52615530415,Hold,3124.526155304177,2277.777777777838
Hold,2024-07-15 14:00:00,70.64,3129.842989374435,Hold,3129.842989374462,2281.653746770086
Sell,2024-07-15 15:00:00,70.24,3112.1202091401515,Sinal: Venda,3112.120209140178,2268.733850129259
Buy,2024-07-16 06:00:00,71.18,3112.1202091401515,Sinal: Compra,3112.120209140178,2299.095607235203
Hold,2024-07-16 07:00:00,71.25,3108.9534912896625,Hold,3108.953491289689,2301.3565891473477
Hold,2024-07-16 08:00:00,71.08,3101.535637345533,Hold,3101.5356373455597,2295.865633074996
Hold,2024-07-16 09:00:00,71.35,3113.316934786209,Hold,3113.3169347862363,2304.586563307554
Hold,2024-07-16 10:00:00,71.72,3129.461675723433,Hold,3129.4616757234603,2316.5374677003197
Hold,2024-07-16 11:00:00,71.64,3125.9709209261955,Hold,3125.970920926223,2313.9534883721544
Hold,2024-07-16 12:00:00,71.64,3125.9709209261955,Hold,3125.970920926223,2313.9534883721544
Hold,2024-07-16 13:00:00,72.23,3151.715237555822,Hold,3151.71523755585,2333.0103359173745
Hold,2024-07-16 14:00:00,73.23,3195.3496725212913,Hold,3195.3496725213195,2365.310077519443
Hold,2024-07-16 15:00:00,73.8,3220.2213004516084,Hold,3220.2213004516366,2383.7209302326214
Hold,2024-07-16 16:00:00,73.53,3208.440003010932,Hold,3208.44000301096,2375.0000000000637
Hold,2024-07-16 17:00:00,73.18,3193.167950773018,Hold,3193.167950773046,2363.6950904393398
Hold,2024-07-16 18:00:00,73.03,3186.6227855281973,Hold,3186.622785528225,2358.8501291990297
Hold,2024-07-16 19:00:00,73.3,3198.4040829688743,Hold,3198.4040829689025,2367.571059431588
Hold,2024-07-16 20:00:00,73.23,3195.3496725212913,Hold,3195.3496725213195,2365.3100775194434
Hold,2024-07-16 21:00:00,72.99,3184.8774081295783,Hold,3184.877408129606,2357.558139534947
Hold,2024-07-16 22:00:00,72.73,3173.5324550385567,Hold,3173.5324550385844,2349.1602067184094
Hold,2024-07-16 23:00:00,73.21,3194.4769838219813,Hold,3194.476983822009,2364.664082687402
Hold,2024-07-17 00:00:00,73.74,3217.60323435368,Hold,3217.603234353708,2381.782945736498
Hold,2024-07-17 01:00:00,73.59,3211.05806910886,Hold,3211.058069108888,2376.937984496188
Hold,2024-07-17 02:00:00,73.78,3219.3486117522993,Hold,3219.3486117523275,2383.0749354005807
Hold,2024-07-17 03:00:00,73.48,3206.2582812626583,Hold,3206.2582812626865,2373.3850129199604
Hold,2024-07-17 04:00:00,73.79,3219.7849561019543,Hold,3219.7849561019825,2383.3979328166015
Hold,2024-07-17 05:00:00,73.41,3203.2038708150753,Hold,3203.2038708151035,2371.124031007815
Hold,2024-07-17 06:00:00,73.42,3203.6402151647303,Hold,3203.6402151647585,2371.447028423836
Hold,2024-07-17 07:00:00,73.13,3190.9862290247443,Hold,3190.986229024772,2362.080103359236
Hold,2024-07-17 08:00:00,72.7,3172.223421989593,Hold,3172.223421989621,2348.1912144703474
Hold,2024-07-17 09:00:00,72.68,3171.3507332902836,Hold,3171.3507332903114,2347.5452196383058
Hold,2024-07-17 10:00:00,72.68,3171.3507332902836,Hold,3171.3507332903114,2347.5452196383058
Hold,2024-07-17 11:00:00,72.43,3160.442124548916,Hold,3160.442124548944,2339.4702842377887
Hold,2024-07-17 12:00:00,72.77,3175.277832437175,Hold,3175.277832437203,2350.452196382492
Hold,2024-07-17 13:00:00,73.14,3191.422573374399,Hold,3191.422573374427,2362.403100775257
Hold,2024-07-17 14:00:00,72.93,3182.2593420316507,Hold,3182.259342031679,2355.620155038823
Hold,2024-07-17 15:00:00,72.08,3145.170072311002,Hold,3145.1700723110293,2328.165374677065
Hold,2024-07-17 16:00:00,71.8,3132.9524305206705,Hold,3132.952430520698,2319.121447028486
Hold,2024-07-17 17:00:00,72.23,3151.715237555822,Hold,3151.7152375558494,2333.0103359173754
Hold,2024-07-17 18:00:00,72.43,3160.442124548916,Hold,3160.442124548944,2339.470284237789
Hold,2024-07-17 19:00:00,72.45,3161.3148132482256,Hold,3161.3148132482534,2340.1162790698304
Hold,2024-07-17 20:00:00,72.1,3146.042761010311,Hold,3146.0427610103384,2328.8113695091065
Hold,2024-07-17 21:00:00,71.49,3119.425755681375,Hold,3119.425755681402,2309.108527131845
Hold,2024-07-17 22:00:00,71.63,3125.5345765765405,Hold,3125.534576576568,2313.6304909561345
Hold,2024-07-17 23:00:00,71.38,3114.6259678351735,Hold,3114.6259678352008,2305.555555555618
Hold,2024-07-18 00:00:00,72.01,3142.115661863419,Hold,3142.1156618634463,2325.904392764921
Hold,2024-07-18 01:00:00,72.21,3150.8425488565126,Hold,3150.84254885654,2332.364341085334
Hold,2024-07-18 02:00:00,72.29,3154.3333036537506,Hold,3154.3333036537774,2334.9483204135
Hold,2024-07-18 03:00:00,72.4,3159.133091499952,Hold,3159.133091499979,2338.501291989727
Hold,2024-07-18 04:00:00,71.89,3136.8795296675626,Hold,3136.8795296675894,2322.028423772672
Hold,2024-07-18 05:00:00,71.92,3138.188562716527,Hold,3138.1885627165534,2322.9974160207344
Hold,2024-07-18 06:00:00,72.25,3152.5879262551316,Hold,3152.587926255158,2333.656330749417
Hold,2024-07-18 07:00:00,71.91,3137.752218366872,Hold,3137.7522183668984,2322.6744186047135
Hold,2024-07-18 08:00:00,72.25,3152.5879262551316,Hold,3152.587926255158,2333.6563307494166
Hold,2024-07-18 09:00:00,72.15,3148.224482758585,Hold,3148.2244827586114,2330.42635658921
Hold,2024-07-18 10:00:00,72.36,3157.387714101333,Hold,3157.3877141013595,2337.2093023256443
Hold,2024-07-18 11:00:00,72.36,3157.387714101333,Hold,3157.3877141013595,2337.2093023256443
Hold,2024-07-18 12:00:00,72.7,3172.223421989593,Hold,3172.2234219896195,2348.1912144703474
Hold,2024-07-18 13:00:00,72.52,3164.369223695808,Hold,3164.3692236958345,2342.377260981975
Hold,2024-07-18 14:00:00,72.03,3142.9883505627286,Hold,3142.988350562755,2326.550387596961
Hold,2024-07-18 15:00:00,71.31,3111.571557387591,Hold,3111.5715573876164,2303.2945736434726
Hold,2024-07-18 16:00:00,71.2,3106.7717695413894,Hold,3106.771769541415,2299.741602067245
Hold,2024-07-18 17:00:00,71.02,3098.9175712476044,Hold,3098.91757124763,2293.9276485788723
Hold,2024-07-18 18:00:00,71.1,3102.408326044842,Hold,3102.408326044867,2296.5116279070376
Hold,2024-07-18 19:00:00,71.0,3098.0448825482954,Hold,3098.044882548321,2293.2816537468307
Hold,2024-07-18 20:00:00,71.36,3113.753279135864,Hold,3113.7532791358894,2304.909560723575
Hold,2024-07-18 21:00:00,71.16,3105.0263921427704,Hold,3105.026392142796,2298.449612403161
Hold,2024-07-18 22:00:00,71.44,3117.244033933102,Hold,3117.244033933128,2307.49354005174
Hold,2024-07-18 23:00:00,71.63,3125.5345765765405,Hold,3125.534576576566,2313.630490956133
Hold,2024-07-19 00:00:00,71.39,3115.0623121848284,Hold,3115.062312184854,2305.878552971637
Hold,2024-07-19 01:00:00,71.49,3119.425755681375,Hold,3119.4257556814005,2309.1085271318434
Hold,2024-07-19 02:00:00,71.34,3112.880590436555,Hold,3112.88059043658,2304.2635658915333
Hold,2024-07-19 03:00:00,71.66,3126.843609625505,Hold,3126.8436096255305,2314.5994832041947
Hold,2024-07-19 04:00:00,71.44,3117.244033933102,Hold,3117.2440339331274,2307.4935400517397
Hold,2024-07-19 05:00:00,71.38,3114.6259678351735,Hold,3114.625967835199,2305.5555555556157
Hold,2024-07-19 06:00:00,71.38,3114.6259678351735,Hold,3114.625967835199,2305.5555555556157
Hold,2024-07-19 07:00:00,70.85,3091.4997173034744,Hold,3091.4997173034994,2288.4366925065196
Hold,2024-07-19 08:00:00,70.12,3059.646579778683,Hold,3059.646579778708,2264.8578811370103
Hold,2024-07-19 09:00:00,69.78,3044.810871890423,Hold,3044.8108718904477,2253.8759689923068
Hold,2024-07-19 10:00:00,70.33,3068.8098111214313,Hold,3068.8098111214563,2271.6408268734435
Hold,2024-07-19 11:00:00,70.22,3064.0100232752297,Hold,3064.0100232752548,2268.0878552972163
Hold,2024-07-19 12:00:00,70.6,3080.5911085621074,Hold,3080.5911085621324,2280.361757106002
Hold,2024-07-19 13:00:00,71.44,3117.244033933102,Hold,3117.2440339331274,2307.4935400517393
Hold,2024-07-19 14:00:00,71.75,3130.770708772397,Hold,3130.7707087724225,2317.506459948381
Hold,2024-07-19 15:00:00,71.99,3141.2429731641096,Hold,3141.242973164135,2325.258397932877
Hold,2024-07-19 16:00:00,73.0,3185.3137524792332,Hold,3185.3137524792596,2357.881136950966
Hold,2024-07-19 17:00:00,73.01,3185.750096828888,Hold,3185.7500968289146,2358.2041343669866
Hold,2024-07-19 18:00:00,73.1,3189.67719597578,Hold,3189.677195975806,2361.1111111111722
Hold,2024-07-19 19:00:00,73.74,3217.60323435368,Hold,3217.6032343537067,2381.782945736496
Hold,2024-07-19 20:00:00,73.07,3188.368162926816,Hold,3188.368162926842,2360.1421188631107
Hold,2024-07-19 21:00:00,73.53,3208.440003010932,Hold,3208.4400030109587,2375.0000000000623
Hold,2024-07-19 22:00:00,73.36,3201.022149066802,Hold,3201.0221490668287,2369.5090439277105
Hold,2024-07-19 23:00:00,73.4,3202.7675264654213,Hold,3202.767526465448,2370.8010335917934
Hold,2024-07-20 00:00:00,73.27,3197.09504991991,Hold,3197.0950499199366,2366.6020671835245
Hold,2024-07-20 01:00:00,72.96,3183.5683750806143,Hold,3183.568375080641,2356.589147286883
Hold,2024-07-20 02:00:00,73.01,3185.750096828888,Hold,3185.750096828915,2358.204134366987
Hold,2024-07-20 03:00:00,72.99,3184.8774081295783,Hold,3184.8774081296056,2357.5581395349454
Hold,2024-07-20 04:00:00,73.09,3189.2408516261257,Hold,3189.2408516261526,2360.7881136951523
Hold,2024-07-20 05:00:00,73.03,3186.6227855281973,Hold,3186.622785528224,2358.8501291990283
Hold,2024-07-20 06:00:00,73.32,3199.276771668183,Hold,3199.2767716682097,2368.2170542636277
Hold,2024-07-20 07:00:00,73.31,3198.840427318529,Hold,3198.8404273185556,2367.8940568476073
Hold,2024-07-20 08:00:00,73.07,3188.368162926816,Hold,3188.368162926842,2360.1421188631107
Hold,2024-07-20 09:00:00,72.91,3181.386653332341,Hold,3181.386653332368,2354.97416020678
Hold,2024-07-20 10:00:00,73.03,3186.6227855281973,Hold,3186.622785528224,2358.8501291990287
Hold,2024-07-20 11:00:00,72.61,3168.2963228427,Hold,3168.296322842727,2345.28423772616
Hold,2024-07-20 12:00:00,72.7,3172.223421989593,Hold,3172.2234219896195,2348.1912144703465
Hold,2024-07-20 13:00:00,72.86,3179.2049315840677,Hold,3179.204931584094,2353.359173126677
Hold,2024-07-20 14:00:00,73.19,3193.6042951226727,Hold,3193.604295122699,2364.0180878553588
Hold,2024-07-20 15:00:00,73.52,3208.003658661277,Hold,3208.0036586613032,2374.677002584041
Hold,2024-07-20 16:00:00,73.29,3197.9677386192197,Hold,3197.967738619246,2367.248062015566
Hold,2024-07-20 17:00:00,73.73,3217.166890004026,Hold,3217.1668900040518,2381.459948320476
Hold,2024-07-20 18:00:00,73.61,3211.9307578081693,Hold,3211.9307578081953,2377.583979328228
Hold,2024-07-20 19:00:00,73.38,3201.8948377661113,Hold,3201.8948377661372,2370.1550387597517
Hold,2024-07-20 20:00:00,73.53,3208.440003010932,Hold,3208.440003010958,2375.0000000000628
Hold,2024-07-20 21:00:00,73.32,3199.276771668183,Hold,3199.276771668209,2368.217054263628
Hold,2024-07-20 22:00:00,73.04,3187.0591298778522,Hold,3187.0591298778786,2359.1731266150496
Hold,2024-07-20 23:00:00,73.03,3186.6227855281973,Hold,3186.6227855282236,2358.850129199029
Hold,2024-07-21 00:00:00,73.06,3187.9318185771617,Hold,3187.931818577188,2359.819121447091
Hold,2024-07-21 01:00:00,73.2,3194.0406394723273,Hold,3194.040639472354,2364.341085271381
Hold,2024-07-21 02:00:00,73.17,3192.7316064233632,Hold,3192.73160642339,2363.372093023319
Hold,2024-07-21 03:00:00,73.11,3190.1135403254348,Hold,3190.1135403254616,2361.434108527195
Hold,2024-07-21 04:00:00,73.12,3190.5498846750897,Hold,3190.5498846751166,2361.7571059432157
Hold,2024-07-21 05:00:00,72.91,3181.386653332341,Hold,3181.386653332368,2354.974160206781
Hold,2024-07-21 06:00:00,72.67,3170.9143889406287,Hold,3170.9143889406555,2347.222222222285
Hold,2024-07-21 07:00:00,72.77,3175.277832437175,Hold,3175.2778324372016,2350.4521963824914
Hold,2024-07-21 08:00:00,73.12,3190.5498846750897,Hold,3190.5498846751166,2361.7571059432153
Hold,2024-07-21 09:00:00,73.47,3205.8219369130034,Hold,3205.8219369130306,2373.062015503939
Sell,2024-07-21 10:00:00,73.11,3190.1135403254348,Sinal: Venda,3190.1135403254616,2361.4341085271944
Buy,2024-07-22 07:00:00,74.23,3190.1135403254348,Sinal: Compra,3190.1135403254616,2397.6098191215106
Hold,2024-07-22 08:00:00,73.94,3171.2983572452436,Hold,3171.29835724527,2388.2428940569107
Hold,2024-07-22 09:00:00,73.92,3170.440554065032,Hold,3170.440554065058,2387.5968992248695
Hold,2024-07-22 10:00:00,74.02,3174.7295699660935,Hold,3174.7295699661204,2390.8268733850764
Hold,2024-07-22 11:00:00,73.82,3166.1515381639692,Hold,3166.1515381639956,2384.3669250646626
Hold,2024-07-22 12:00:00,73.3,3143.848655478447,Hold,3143.8486554784736,2367.5710594315874
Hold,2024-07-22 13:00:00,72.52,3110.3943314501635,Hold,3110.3943314501894,2342.3772609819744
Hold,2024-07-22 14:00:00,71.84,3081.229023322942,Hold,3081.2290233229674,2320.413436692568
Hold,2024-07-22 15:00:00,72.03,3089.37815353496,Hold,3089.378153534986,2326.5503875969607
Hold,2024-07-22 16:00:00,71.49,3066.217467669225,Hold,3066.2174676692503,2309.108527131844
Hold,2024-07-22 17:00:00,71.84,3081.229023322942,Hold,3081.2290233229674,2320.4134366925678
Hold,2024-07-22 18:00:00,71.82,3080.3712201427293,Hold,3080.3712201427547,2319.767441860526
Hold,2024-07-22 19:00:00,72.32,3101.816299648039,Hold,3101.8162996480646,2335.91731266156
Sell,2024-07-22 20:00:00,72.17,3095.3827757964464,Sinal: Venda,3095.382775796472,2331.07235142125
Buy,2024-07-29 14:00:00,75.6,3095.3827757964464,Sinal: Compra,3095.382775796472,2441.8604651163428
Hold,2024-07-29 15:00:00,74.55,3046.289618049468,Hold,3046.289618049493,2407.9457364341715
Hold,2024-07-29 16:00:00,74.14,3029.536046709424,Hold,3029.536046709449,2394.702842377324
Hold,2024-07-29 17:00:00,73.54,3005.018625236189,Hold,3005.0186252362137,2375.322997416083
Hold,2024-07-29 18:00:00,74.16,3030.353294091865,Hold,3030.35329409189,2395.3488372093652
Hold,2024-07-29 19:00:00,74.1,3027.9015519445416,Hold,3027.9015519445666,2393.4108527132407
Hold,2024-07-29 20:00:00,74.36,3038.5257679162773,Hold,3038.5257679163024,2401.8087855297786
Hold,2024-07-29 21:00:00,74.09,3027.492928253321,Hold,3027.4929282533462,2393.08785529722
Hold,2024-07-29 22:00:00,73.87,3018.5032070464686,Hold,3018.5032070464936,2385.9819121447654
Hold,2024-07-29 23:00:00,73.69,3011.1479806044977,Hold,3011.1479806045227,2380.167958656393
Hold,2024-07-30 00:00:00,74.34,3037.7085205338362,Hold,3037.7085205338612,2401.162790697737
Hold,2024-07-30 01:00:00,73.57,3006.2444963098505,Hold,3006.244496309875,2376.2919896641442
Hold,2024-07-30 02:00:00,73.6,3007.470367383512,Hold,3007.4703673835365,2377.2609819122063
Hold,2024-07-30 03:00:00,73.94,3021.363572885012,Hold,3021.3635728850372,2388.2428940569093
Hold,2024-07-30 04:00:00,73.9,3019.72907812013,Hold,3019.729078120155,2386.950904392827
Hold,2024-07-30 05:00:00,73.4,2999.297893559101,Hold,2999.2978935591264,2370.801033591793
Hold,2024-07-30 06:00:00,73.68,3010.739356913278,Hold,3010.739356913303,2379.844961240372
Hold,2024-07-30 07:00:00,73.94,3021.363572885012,Hold,3021.3635728850372,2388.2428940569093
Hold,2024-07-30 08:00:00,73.72,3012.3738516781596,Hold,3012.3738516781846,2381.1369509044544
Hold,2024-07-30 09:00:00,73.52,3004.2013778537475,Hold,3004.2013778537726,2374.6770025840406
Hold,2024-07-30 10:00:00,73.51,3003.7927541625277,Hold,3003.7927541625527,2374.35400516802
Hold,2024-07-30 11:00:00,73.32,2996.028904029336,Hold,2996.028904029361,2368.217054263627
Hold,2024-07-30 12:00:00,73.51,3003.7927541625277,Hold,3003.792754162553,2374.3540051680206
Hold,2024-07-30 13:00:00,73.11,2987.4478065137037,Hold,2987.447806513729,2361.434108527193
Hold,2024-07-30 14:00:00,73.15,2989.0823012785863,Hold,2989.0823012786122,2362.7260981912764
Hold,2024-07-30 15:00:00,73.25,2993.1685381907923,Hold,2993.168538190818,2365.956072351483
Hold,2024-07-30 16:00:00,73.06,2985.404688057601,Hold,2985.404688057627,2359.8191214470894
Hold,2024-07-30 17:00:00,72.42,2959.2527718194833,Hold,2959.252771819509,2339.147286821766
Hold,2024-07-30 18:00:00,72.5,2962.5217613492478,Hold,2962.5217613492737,2341.7312661499313
Hold,2024-07-30 19:00:00,71.98,2941.273329405778,Hold,2941.273329405804,2324.935400516856
Hold,2024-07-30 20:00:00,71.91,2938.4129635672334,Hold,2938.4129635672593,2322.674418604711
Hold,2024-07-30 21:00:00,71.81,2934.326726655028,Hold,2934.326726655054,2319.4444444445044
Hold,2024-07-30 22:00:00,71.71,2930.2404897428214,Hold,2930.240489742848,2316.214470284298
Hold,2024-07-30 23:00:00,71.69,2929.4232423603808,Hold,2929.4232423604067,2315.5684754522567
Hold,2024-07-31 00:00:00,71.91,2938.4129635672334,Hold,2938.4129635672593,2322.674418604711
Hold,2024-07-31 01:00:00,72.23,2951.4889216862925,Hold,2951.4889216863185,2333.0103359173727
Hold,2024-07-31 02:00:00,72.35,2956.392405980939,Hold,2956.392405980965,2336.886304909621
Hold,2024-07-31 03:00:00,72.26,2952.714792759954,Hold,2952.71479275998,2333.979328165435
Hold,2024-07-31 04:00:00,71.8,2933.918102963807,Hold,2933.9181029638326,2319.1214470284835
Hold,2024-07-31 05:00:00,71.99,2941.681953096998,Hold,2941.681953097023,2325.258397932876
Hold,2024-07-31 06:00:00,72.2,2950.26305061263,Hold,2950.263050612656,2332.0413436693107
Hold,2024-07-31 07:00:00,71.98,2941.273329405778,Hold,2941.273329405804,2324.9354005168557
Hold,2024-07-31 08:00:00,71.97,2940.864705714557,Hold,2940.864705714583,2324.612403100835
Hold,2024-07-31 09:00:00,71.69,2929.4232423603808,Hold,2929.4232423604067,2315.5684754522563
Hold,2024-07-31 10:00:00,71.54,2923.293886992072,Hold,2923.293886992098,2310.723514211946
Hold,2024-07-31 11:00:00,71.74,2931.4663608164833,Hold,2931.4663608165097,2317.1834625323595
Hold,2024-07-31 12:00:00,71.65,2927.788747595498,Hold,2927.788747595524,2314.276485788174
Hold,2024-07-31 13:00:00,71.91,2938.4129635672334,Hold,2938.4129635672593,2322.6744186047113
Hold,2024-07-31 14:00:00,71.55,2923.7025106832925,Hold,2923.7025106833185,2311.0465116279674
Hold,2024-07-31 15:00:00,71.35,2915.5300368588805,Hold,2915.530036858906,2304.5865633075537
Hold,2024-07-31 16:00:00,71.45,2919.6162737710865,Hold,2919.616273771112,2307.8165374677606
Hold,2024-07-31 17:00:00,71.64,2927.3801239042778,Hold,2927.380123904303,2313.953488372153
Hold,2024-07-31 18:00:00,71.61,2926.154252830616,Hold,2926.1542528306413,2312.984496124091
Hold,2024-07-31 19:00:00,70.76,2891.421239076866,Hold,2891.421239076891,2285.529715762333
Hold,2024-07-31 20:00:00,70.13,2865.6779465299687,Hold,2865.6779465299937,2265.18087855303
Hold,2024-07-31 21:00:00,70.92,2897.9592181363955,Hold,2897.959218136421,2290.697674418664
Hold,2024-07-31 22:00:00,70.84,2894.690228606631,Hold,2894.6902286066565,2288.1136950904984
Hold,2024-07-31 23:00:00,70.14,2866.08657022119,Hold,2866.0865702212154,2265.503875969051
Hold,2024-08-01 00:00:00,70.91,2897.5505944451747,Hold,2897.5505944452007,2290.3746770026432
Hold,2024-08-01 01:00:00,71.31,2913.8955420939983,Hold,2913.895542094024,2303.2945736434704
Hold,2024-08-01 02:00:00,70.87,2895.916099680293,Hold,2895.9160996803184,2289.0826873385604
Hold,2024-08-01 03:00:00,70.76,2891.421239076866,Hold,2891.421239076891,2285.5297157623327
Hold,2024-08-01 04:00:00,69.74,2849.741622572366,Hold,2849.741622572391,2252.583979328223
Hold,2024-08-01 05:00:00,70.28,2871.807301898278,Hold,2871.8073018983036,2270.02583979334
Hold,2024-08-01 06:00:00,69.96,2858.731343779219,Hold,2858.7313437792445,2259.6899224806775
Hold,2024-08-01 07:00:00,69.91,2856.688225323116,Hold,2856.6882253231415,2258.074935400574
Hold,2024-08-01 08:00:00,70.47,2879.571152031469,Hold,2879.571152031495,2276.1627906977324
Hold,2024-08-01 09:00:00,70.41,2877.1194098841456,Hold,2877.1194098841715,2274.2248062016083
Hold,2024-08-01 10:00:00,70.24,2870.1728071333955,Hold,2870.1728071334214,2268.733850129257
Hold,2024-08-01 11:00:00,70.39,2876.3021625017045,Hold,2876.3021625017304,2273.578811369567
Hold,2024-08-01 12:00:00,70.69,2888.560873238322,Hold,2888.5608732383484,2283.2687338501873
Hold,2024-08-01 13:00:00,69.95,2858.322720087999,Hold,2858.3227200880256,2259.366925064657
Hold,2024-08-01 14:00:00,68.76,2809.6965008327493,Hold,2809.6965008327757,2220.930232558196
Hold,2024-08-01 15:00:00,68.38,2794.168800566367,Hold,2794.1688005663927,2208.6563307494102
Stop-Loss,2024-08-01 16:00:00,67.66,2764.7478947984846,SL 10.0% hit,2764.74789479851,2185.4005167959212
Buy,2024-08-09 05:00:00,60.42,2764.7478947984846,Sinal: Compra,2764.74789479851,1951.550387596949
Hold,2024-08-09 06:00:00,60.54,2764.7012455120093,Hold,2764.7012455120353,1955.4263565891972
Hold,2024-08-09 07:00:00,60.68,2771.094674226441,Hold,2771.094674226467,1959.948320413487
Hold,2024-08-09 08:00:00,60.81,2777.03142946127,Hold,2777.0314294612963,1964.1472868217559
Hold,2024-08-09 09:00:00,60.27,2752.3710615627488,Hold,2752.371061562775,1946.705426356639
Hold,2024-08-09 10:00:00,60.38,2757.394469838374,Hold,2757.3944698384003,1950.2583979328665
Hold,2024-08-09 11:00:00,60.44,2760.134510715987,Hold,2760.134510716013,1952.1963824289903
Hold,2024-08-09 12:00:00,60.34,2755.567775919965,Hold,2755.5677759199916,1948.9664082687837
Hold,2024-08-09 13:00:00,60.28,2752.8277350423514,Hold,2752.827735042378,1947.0284237726596
Hold,2024-08-09 14:00:00,60.21,2749.6310206851354,Hold,2749.631020685162,1944.7674418605147
Hold,2024-08-09 15:00:00,59.7,2726.3406732254207,Hold,2726.340673225447,1928.2945736434601
Hold,2024-08-09 16:00:00,60.36,2756.481122879169,Hold,2756.4811228791955,1949.6124031008246
Hold,2024-08-09 17:00:00,60.17,2747.8043267667263,Hold,2747.8043267667526,1943.4754521964317
Hold,2024-08-09 18:00:00,60.12,2745.520959368715,Hold,2745.5209593687414,1941.860465116328
Hold,2024-08-09 19:00:00,60.08,2743.694265450306,Hold,2743.6942654503323,1940.5684754522451
Hold,2024-08-09 20:00:00,60.11,2745.064285889113,Hold,2745.0642858891392,1941.5374677003072
Hold,2024-08-09 21:00:00,60.13,2745.9776328483176,Hold,2745.977632848344,1942.1834625323486
Hold,2024-08-09 22:00:00,60.39,2757.8511433179756,Hold,2757.851143318002,1950.5813953488862
Hold,2024-08-09 23:00:00,60.72,2772.92136814485,Hold,2772.921368144876,1961.2403100775687
Hold,2024-08-10 00:00:00,60.47,2761.5045311547938,Hold,2761.5045311548197,1953.1653746770517
Hold,2024-08-10 01:00:00,60.61,2767.8979598692254,Hold,2767.8979598692513,1957.6873385013414
Hold,2024-08-10 02:00:00,60.32,2754.65442896076,Hold,2754.654428960786,1948.3204134367415
Hold,2024-08-10 03:00:00,60.51,2763.331225073203,Hold,2763.331225073229,1954.4573643411345
Hold,2024-08-10 04:00:00,60.42,2759.2211637567825,Hold,2759.2211637568084,1951.5503875969484
Hold,2024-08-10 05:00:00,60.53,2764.2445720324076,Hold,2764.2445720324336,1955.103359173176
Hold,2024-08-10 06:00:00,60.6,2767.441286389623,Hold,2767.441286389649,1957.3643410853206
Hold,2024-08-10 07:00:00,60.8,2776.5747559816677,Hold,2776.5747559816937,1963.8242894057341
Hold,2024-08-10 08:00:00,60.98,2784.7948786145084,Hold,2784.7948786145344,1969.6382428941065
Hold,2024-08-10 09:00:00,60.76,2774.748062063259,Hold,2774.748062063285,1962.5322997416515
Hold,2024-08-10 10:00:00,60.89,2780.684817298088,Hold,2780.684817298114,1966.7312661499207
Hold,2024-08-10 11:00:00,61.27,2798.038409522974,Hold,2798.038409523,1979.0051679587066
Hold,2024-08-10 12:00:00,61.22,2795.7550421249625,Hold,2795.7550421249884,1977.3901808786031
Hold,2024-08-10 13:00:00,60.93,2782.511511216497,Hold,2782.511511216523,1968.0232558140035
Hold,2024-08-10 14:00:00,61.1,2790.2749603697357,Hold,2790.274960369762,1973.514211886355
Hold,2024-08-10 15:00:00,60.97,2784.3382051349063,Hold,2784.3382051349327,1969.3152454780861
Hold,2024-08-10 16:00:00,61.05,2787.991592971724,Hold,2787.9915929717504,1971.8992248062514
Hold,2024-08-10 17:00:00,61.26,2797.581736043371,Hold,2797.5817360433975,1978.682170542686
Hold,2024-08-10 18:00:00,61.06,2788.448266451326,Hold,2788.4482664513525,1972.2222222222726
Hold,2024-08-10 19:00:00,61.0,2785.708225573713,Hold,2785.708225573739,1970.2842377261486
Hold,2024-08-10 20:00:00,60.99,2785.2515520941106,Hold,2785.251552094137,1969.9612403101278
Hold,2024-08-10 21:00:00,61.21,2795.29836864536,Hold,2795.298368645386,1977.0671834625825
Hold,2024-08-10 22:00:00,61.17,2793.4716747269513,Hold,2793.471674726977,1975.7751937985
Hold,2024-08-10 23:00:00,61.16,2793.015001247349,Hold,2793.015001247375,1975.452196382479
Hold,2024-08-11 00:00:00,61.39,2803.5184912782006,Hold,2803.5184912782265,1982.881136950955
Hold,2024-08-11 01:00:00,61.75,2819.9587365438815,Hold,2819.9587365439074,1994.5090439276992
Hold,2024-08-11 02:00:00,61.72,2818.5887161050746,Hold,2818.5887161051005,1993.5400516796371
Hold,2024-08-11 03:00:00,61.84,2824.068797860302,Hold,2824.0687978603282,1997.4160206718855
Hold,2024-08-11 04:00:00,61.53,2809.9119199926317,Hold,2809.9119199926577,1987.4031007752442
Hold,2024-08-11 05:00:00,61.82,2823.1554509010975,Hold,2823.1554509011235,1996.770025839844
Hold,2024-08-11 06:00:00,61.71,2818.1320426254724,Hold,2818.132042625498,1993.2170542636168
Hold,2024-08-11 07:00:00,61.65,2815.392001747859,Hold,2815.3920017478845,1991.2790697674927
Hold,2024-08-11 08:00:00,61.86,2824.982144819506,Hold,2824.982144819532,1998.0620155039271
Hold,2024-08-11 09:00:00,61.9,2826.8088387379153,Hold,2826.808838737941,1999.3540051680097
Hold,2024-08-11 10:00:00,61.61,2813.56530782945,Hold,2813.5653078294754,1989.9870801034099
Hold,2024-08-11 11:00:00,61.12,2791.1883073289396,Hold,2791.188307328965,1974.1602067183962
Hold,2024-08-11 12:00:00,61.06,2788.448266451326,Hold,2788.4482664513516,1972.2222222222724
Hold,2024-08-11 13:00:00,61.02,2786.6215725329175,Hold,2786.6215725329425,1970.9302325581896
Hold,2024-08-11 14:00:00,60.3,2753.7410820015552,Hold,2753.74108200158,1947.6744186047006
Hold,2024-08-11 15:00:00,60.14,2746.4343063279193,Hold,2746.4343063279443,1942.5064599483696
Hold,2024-08-11 16:00:00,60.64,2769.267980308032,Hold,2769.2679803080573,1958.6563307494039
Hold,2024-08-11 17:00:00,61.25,2797.125062563769,Hold,2797.1250625637945,1978.3591731266652
Hold,2024-08-11 18:00:00,61.32,2800.321776920985,Hold,2800.321776921011,1980.6201550388098
Hold,2024-08-11 19:00:00,60.46,2761.0478576751916,Hold,2761.047857675217,1952.8423772610315
Hold,2024-08-11 20:00:00,59.33,2709.443754480137,Hold,2709.443754480162,1916.3436692506946
Hold,2024-08-11 21:00:00,59.68,2725.4273262662164,Hold,2725.427326266242,1927.6485788114185
Hold,2024-08-11 22:00:00,59.56,2719.9472445109895,Hold,2719.947244511015,1923.7726098191704
Hold,2024-08-11 23:00:00,59.73,2727.710693664227,Hold,2727.710693664252,1929.263565891522
Hold,2024-08-12 00:00:00,59.76,2729.080714103034,Hold,2729.080714103059,1930.232558139584
Hold,2024-08-12 01:00:00,60.11,2745.064285889113,Hold,2745.0642858891383,1941.5374677003078
Hold,2024-08-12 02:00:00,60.21,2749.6310206851354,Hold,2749.6310206851613,1944.7674418605147
Hold,2024-08-12 03:00:00,60.4,2758.3078167975777,Hold,2758.3078167976037,1950.9043927649075
Hold,2024-08-12 04:00:00,60.34,2755.567775919965,Hold,2755.5677759199907,1948.9664082687834
Hold,2024-08-12 05:00:00,60.66,2770.1813272672366,Hold,2770.1813272672625,1959.302325581445
Hold,2024-08-12 06:00:00,60.51,2763.331225073203,Hold,2763.331225073229,1954.457364341135
Hold,2024-08-12 07:00:00,60.57,2766.0712659508163,Hold,2766.071265950842,1956.3953488372592
Hold,2024-08-12 08:00:00,60.44,2760.134510715987,Hold,2760.1345107160128,1952.1963824289903
Hold,2024-08-12 09:00:00,60.63,2768.81130682843,Hold,2768.8113068284565,1958.3333333333835
Hold,2024-08-12 10:00:00,60.9,2781.1414907776903,Hold,2781.141490777717,1967.0542635659417
Hold,2024-08-12 11:00:00,61.66,2815.848675227461,Hold,2815.848675227488,1991.602067183513
Hold,2024-08-12 12:00:00,61.09,2789.818286890133,Hold,2789.8182868901595,1973.1912144703344
Hold,2024-08-12 13:00:00,59.91,2735.930816297068,Hold,2735.9308162970938,1935.077519379894
Hold,2024-08-12 14:00:00,61.55,2810.8252669518365,Hold,2810.8252669518633,1988.0490956072856
Hold,2024-08-12 15:00:00,61.42,2804.8885117170075,Hold,2804.888511717034,1983.850129199017
Hold,2024-08-12 16:00:00,61.76,2820.4154100234837,Hold,2820.4154100235105,1994.83204134372
Hold,2024-08-12 17:00:00,61.37,2802.605144318996,Hold,2802.605144319022,1982.2351421189132
Hold,2024-08-12 18:00:00,60.73,2773.378041624452,Hold,2773.3780416244786,1961.56330749359
Hold,2024-08-12 19:00:00,60.99,2785.2515520941106,Hold,2785.2515520941374,1969.9612403101276
Hold,2024-08-12 20:00:00,60.91,2781.598164257293,Hold,2781.5981642573197,1967.377260981962
Hold,2024-08-12 21:00:00,60.97,2784.3382051349063,Hold,2784.338205134933,1969.3152454780861
Hold,2024-08-12 22:00:00,61.04,2787.534919492122,Hold,2787.5349194921487,1971.576227390231
Hold,2024-08-12 23:00:00,61.5,2808.5418995538253,Hold,2808.541899553852,1986.4341085271824
Hold,2024-08-13 00:00:00,62.18,2839.595696166778,Hold,2839.5956961668053,2008.3979328165883
Hold,2024-08-13 01:00:00,62.27,2843.705757483199,Hold,2843.705757483226,2011.3049095607746
Hold,2024-08-13 02:00:00,62.2,2840.5090431259828,Hold,2840.50904312601,2009.04392764863
Hold,2024-08-13 03:00:00,61.98,2830.462226574733,Hold,2830.4622265747603,2001.9379844961752
Hold,2024-08-13 04:00:00,61.79,2821.7854304622906,Hold,2821.7854304623174,1995.8010335917822
Hold,2024-08-13 05:00:00,62.11,2836.3989818095624,Hold,2836.3989818095897,2006.1369509044441
Hold,2024-08-13 06:00:00,61.88,2825.895491778711,Hold,2825.895491778738,1998.7080103359688
Hold,2024-08-13 07:00:00,61.94,2828.635532656324,Hold,2828.6355326563507,2000.6459948320928
Hold,2024-08-13 08:00:00,61.75,2819.9587365438815,Hold,2819.9587365439083,1994.5090439276998
Hold,2024-08-13 09:00:00,61.54,2810.3685934722344,Hold,2810.368593472261,1987.7260981912655
Hold,2024-08-13 10:00:00,61.66,2815.848675227461,Hold,2815.848675227488,1991.6020671835136
Hold,2024-08-13 11:00:00,61.78,2821.328756982688,Hold,2821.3287569827144,1995.4780361757619
Hold,2024-08-13 12:00:00,62.07,2834.572287891154,Hold,2834.5722878911806,2004.8449612403613
Hold,2024-08-13 13:00:00,61.99,2830.9189000543356,Hold,2830.9189000543624,2002.2609819121963
Hold,2024-08-13 14:00:00,62.08,2835.0289613707555,Hold,2835.028961370783,2005.1679586563819
Hold,2024-08-13 15:00:00,62.99,2876.5862480145606,Hold,2876.586248014588,2034.560723514264
Hold,2024-08-13 16:00:00,63.02,2877.956268453367,Hold,2877.9562684533944,2035.5297157623263
Hold,2024-08-13 17:00:00,63.33,2892.1131463210368,Hold,2892.1131463210645,2045.542635658967
Hold,2024-08-13 18:00:00,62.9,2872.47618669814,Hold,2872.4761866981676,2031.6537467700778
Hold,2024-08-13 19:00:00,63.18,2885.263044127003,Hold,2885.2630441270308,2040.697674418657
Hold,2024-08-13 20:00:00,62.91,2872.932860177742,Hold,2872.9328601777697,2031.9767441860988
Hold,2024-08-13 21:00:00,63.32,2891.656472841434,Hold,2891.656472841462,2045.2196382429468
Hold,2024-08-13 22:00:00,63.19,2885.719717606605,Hold,2885.719717606633,2041.0206718346776
Hold,2024-08-13 23:00:00,63.44,2897.1365545966614,Hold,2897.136554596689,2049.095607235195
Hold,2024-08-14 00:00:00,63.43,2896.6798811170593,Hold,2896.679881117087,2048.7726098191742
Hold,2024-08-14 01:00:00,63.36,2893.4831667598437,Hold,2893.4831667598714,2046.5116279070296
Hold,2024-08-14 02:00:00,63.83,2914.9468203011493,Hold,2914.9468203011775,2061.692506460002
Hold,2024-08-14 03:00:00,63.75,2911.293432464331,Hold,2911.2934324643593,2059.1085271318366
Hold,2024-08-14 04:00:00,63.84,2915.4034937807514,Hold,2915.4034937807796,2062.0155038760226
Hold,2024-08-14 05:00:00,63.8,2913.5767998623423,Hold,2913.576799862371,2060.72351421194
Hold,2024-08-14 06:00:00,63.73,2910.3800855051263,Hold,2910.380085505155,2058.4625322997954
Hold,2024-08-14 07:00:00,63.57,2903.0733098314904,Hold,2903.073309831519,2053.2945736434644
Hold,2024-08-14 08:00:00,63.59,2903.986656790695,Hold,2903.986656790724,2053.940568475506
Hold,2024-08-14 09:00:00,63.59,2903.986656790695,Hold,2903.986656790724,2053.940568475506
Hold,2024-08-14 10:00:00,63.46,2898.049901555866,Hold,2898.049901555895,2049.741602067237
Hold,2024-08-14 11:00:00,63.64,2906.2700241887064,Hold,2906.270024188735,2055.5555555556093
Hold,2024-08-14 12:00:00,63.94,2919.970228576774,Hold,2919.9702285768026,2065.245478036229
Hold,2024-08-14 13:00:00,63.31,2891.1997993618324,Hold,2891.1997993618606,2044.8966408269266
Hold,2024-08-14 14:00:00,63.63,2905.8133507091043,Hold,2905.8133507091325,2055.2325581395885
Hold,2024-08-14 15:00:00,64.15,2929.5603716484216,Hold,2929.56037164845,2072.028423772664
Hold,2024-08-14 16:00:00,63.63,2905.8133507091043,Hold,2905.8133507091325,2055.2325581395885
Hold,2024-08-14 17:00:00,64.41,2941.4338821180795,Hold,2941.433882118108,2080.4263565892015
Hold,2024-08-14 18:00:00,64.02,2923.6236164135917,Hold,2923.6236164136203,2067.829457364395
Hold,2024-08-14 19:00:00,64.26,2934.5837799240458,Hold,2934.583779924074,2075.5813953488914
Hold,2024-08-14 20:00:00,64.42,2941.8905555976817,Hold,2941.8905555977103,2080.749354005222
Hold,2024-08-14 21:00:00,64.54,2947.370637352909,Hold,2947.3706373529376,2084.6253229974704
Hold,2024-08-14 22:00:00,64.37,2939.607188199671,Hold,2939.6071881997,2079.134366925119
Hold,2024-08-14 23:00:00,64.06,2925.4503103320008,Hold,2925.4503103320294,2069.1214470284776
Hold,2024-08-15 00:00:00,64.61,2950.567351710124,Hold,2950.567351710153,2086.8863049096153
Hold,2024-08-15 01:00:00,64.24,2933.6704329648414,Hold,2933.6704329648705,2074.9354005168498
Hold,2024-08-15 02:00:00,64.38,2940.0638616792726,Hold,2940.0638616793017,2079.4573643411395
Hold,2024-08-15 03:00:00,64.4,2940.977208638478,Hold,2940.977208638507,2080.103359173181
Hold,2024-08-15 04:00:00,64.75,2956.960780424556,Hold,2956.9607804245857,2091.408268733905
Hold,2024-08-15 05:00:00,64.34,2938.237167760864,Hold,2938.2371677608935,2078.165374677057
Hold,2024-08-15 06:00:00,63.78,2912.663452903138,Hold,2912.6634529031676,2060.0775193798986
Hold,2024-08-15 07:00:00,63.98,2921.7969224951826,Hold,2921.796922495212,2066.537467700312
Hold,2024-08-15 08:00:00,64.78,2958.330800863363,Hold,2958.330800863393,2092.3772609819666
Hold,2024-08-15 09:00:00,64.56,2948.2839843121133,Hold,2948.283984312143,2085.2713178295116
Hold,2024-08-15 10:00:00,64.79,2958.787474342965,Hold,2958.7874743429948,2092.7002583979875
Hold,2024-08-15 11:00:00,65.26,2980.2511278842708,Hold,2980.2511278843,2107.881136950959
Hold,2024-08-15 12:00:00,65.17,2976.1410665678504,Hold,2976.14106656788,2104.9741602067725
Hold,2024-08-15 13:00:00,65.39,2986.1878831190998,Hold,2986.187883119129,2112.0801033592275
Hold,2024-08-15 14:00:00,65.7,3000.3447609867694,Hold,3000.3447609867985,2122.093023255869
Hold,2024-08-15 15:00:00,65.95,3011.7615979768257,Hold,3011.761597976855,2130.1679586563855
Hold,2024-08-15 16:00:00,66.77,3049.20882330421,Hold,3049.2088233042396,2156.653746770081
Hold,2024-08-15 17:00:00,65.77,3003.541475343985,Hold,3003.541475344014,2124.3540051680125
Hold,2024-08-15 18:00:00,65.09,2972.4876787310327,Hold,2972.487678731062,2102.3901808786063
Hold,2024-08-15 19:00:00,64.23,2933.2137594852393,Hold,2933.213759485268,2074.612403100828
Hold,2024-08-15 20:00:00,64.83,2960.614168261374,Hold,2960.614168261402,2093.992248062069
Hold,2024-08-15 21:00:00,64.76,2957.4174539041583,Hold,2957.4174539041865,2091.731266149924
Hold,2024-08-15 22:00:00,64.77,2957.87412738376,Hold,2957.874127383788,2092.054263565945
Hold,2024-08-15 23:00:00,65.33,2983.447842241486,Hold,2983.4478422415145,2110.142118863103
Hold,2024-08-16 00:00:00,65.47,2989.841270955918,Hold,2989.841270955947,2114.6640826873927
Hold,2024-08-16 01:00:00,65.21,2977.967760486259,Hold,2977.967760486288,2106.266149870855
Hold,2024-08-16 02:00:00,65.63,2997.148046629554,Hold,2997.1480466295834,2119.8320413437236
Hold,2024-08-16 03:00:00,65.3,2982.0778218026794,Hold,2982.077821802709,2109.1731266150414
Hold,2024-08-16 04:00:00,65.96,3012.2182714564274,Hold,3012.218271456457,2130.4909560724063
Hold,2024-08-16 05:00:00,66.22,3024.0917819260867,Hold,3024.0917819261163,2138.8888888889437
Hold,2024-08-16 06:00:00,66.63,3042.8153945897784,Hold,3042.815394589808,2152.1317829457917
Sell,2024-08-16 07:00:00,65.43,2988.014577037509,Sinal: Venda,2988.014577037538,2113.3720930233103
Buy,2024-08-18 22:00:00,66.32,2988.014577037509,Sinal: Compra,2988.014577037538,2142.11886304915
Hold,2024-08-18 23:00:00,66.33,2982.491180279178,Hold,2982.491180279207,2142.441860465171
Hold,2024-08-19 00:00:00,66.19,2976.1961589428433,Hold,2976.1961589428724,2137.9198966408812
Hold,2024-08-19 01:00:00,66.58,2993.732289808347,Hold,2993.7322898083767,2150.516795865688
Hold,2024-08-19 02:00:00,66.56,2992.833001046014,Hold,2992.833001046043,2149.870801033647
Hold,2024-08-19 03:00:00,66.17,2975.29687018051,Hold,2975.296870180539,2137.2739018088405
Hold,2024-08-19 04:00:00,66.46,2988.3365572343455,Hold,2988.3365572343746,2146.64082687344
Hold,2024-08-19 05:00:00,66.24,2978.4443808486767,Hold,2978.4443808487054,2139.534883720985
Hold,2024-08-19 06:00:00,66.29,2980.692602754511,Hold,2980.69260275454,2141.149870801089
Hold,2024-08-19 07:00:00,66.59,2994.181934189514,Hold,2994.181934189543,2150.8397932817093
Hold,2024-08-19 08:00:00,66.84,3005.4230437186834,Hold,3005.423043718712,2158.9147286822263
Hold,2024-08-19 09:00:00,66.85,3005.8726880998497,Hold,3005.8726880998784,2159.237726098247
Hold,2024-08-19 10:00:00,66.59,2994.181934189514,Hold,2994.1819341895425,2150.8397932817097
Hold,2024-08-19 11:00:00,66.8,3003.624466194016,Hold,3003.6244661940445,2157.6227390181434
Hold,2024-08-19 12:00:00,66.9,3008.120910005684,Hold,3008.120910005713,2160.8527131783508
Hold,2024-08-19 13:00:00,66.35,2983.3904690415116,Hold,2983.39046904154,2143.087855297213
Hold,2024-08-19 14:00:00,66.57,2993.2826454271803,Hold,2993.282645427209,2150.193798449668
Hold,2024-08-19 15:00:00,66.34,2982.940824660345,Hold,2982.940824660373,2142.7648578811923
Hold,2024-08-19 16:00:00,66.62,2995.5308673330146,Hold,2995.530867333043,2151.8087855297717
Hold,2024-08-19 17:00:00,66.53,2991.4840679025133,Hold,2991.4840679025415,2148.9018087855857
Hold,2024-08-19 18:00:00,66.89,3007.6712656245168,Hold,3007.6712656245454,2160.52971576233
Hold,2024-08-19 19:00:00,66.93,3009.4698431491843,Hold,3009.4698431492125,2161.821705426413
Hold,2024-08-19 20:00:00,66.71,2999.577666763515,Hold,2999.5776667635428,2154.7157622739574
Hold,2024-08-19 21:00:00,66.56,2992.833001046014,Hold,2992.8330010460418,2149.8708010336472
Hold,2024-08-19 22:00:00,66.24,2978.4443808486767,Hold,2978.4443808487044,2139.5348837209854
Hold,2024-08-19 23:00:00,66.32,2982.041535898011,Hold,2982.041535898039,2142.1188630491506
Hold,2024-08-20 00:00:00,67.06,3015.315220104352,Hold,3015.315220104381,2166.0206718346813
Hold,2024-08-20 01:00:00,66.93,3009.4698431491843,Hold,3009.469843149213,2161.821705426413
Hold,2024-08-20 02:00:00,66.76,3001.8258886693493,Hold,3001.825888669378,2156.330749354061
Hold,2024-08-20 03:00:00,66.91,3008.5705543868503,Hold,3008.5705543868794,2161.175710594371
Hold,2024-08-20 04:00:00,67.15,3019.362019534853,Hold,3019.362019534882,2168.927648578868
Hold,2024-08-20 05:00:00,67.09,3016.6641532478525,Hold,3016.6641532478816,2166.9896640827437
Hold,2024-08-20 06:00:00,66.93,3009.4698431491843,Hold,3009.4698431492134,2161.821705426413
Hold,2024-08-20 07:00:00,67.17,3020.2613082971866,Hold,3020.2613082972157,2169.573643410909
Hold,2024-08-20 08:00:00,66.26,2979.3436696110107,Hold,2979.34366961104,2140.180878553027
Hold,2024-08-20 09:00:00,66.33,2982.491180279178,Hold,2982.4911802792067,2142.441860465172
Hold,2024-08-20 10:00:00,66.2,2976.64580332401,Hold,2976.6458033240388,2138.242894056903
Hold,2024-08-20 11:00:00,66.16,2974.8472257993426,Hold,2974.8472257993712,2136.95090439282
Hold,2024-08-20 12:00:00,66.15,2974.3975814181763,Hold,2974.397581418205,2136.6279069768
Hold,2024-08-20 13:00:00,66.09,2971.6997151311757,Hold,2971.6997151312044,2134.689922480676
Hold,2024-08-20 14:00:00,65.04,2924.487055108665,Hold,2924.4870551086933,2100.775193798505
Hold,2024-08-20 15:00:00,63.65,2861.986486126484,Hold,2861.986486126512,2055.87855297163
Hold,2024-08-20 16:00:00,63.63,2861.0871973641506,Hold,2861.0871973641783,2055.232558139589
Hold,2024-08-20 17:00:00,64.0,2877.724039467321,Hold,2877.724039467348,2067.183462532354
Hold,2024-08-20 18:00:00,64.15,2884.4687051848227,Hold,2884.46870518485,2072.0284237726646
Hold,2024-08-20 19:00:00,64.59,2904.2530579561603,Hold,2904.253057956188,2086.2403100775746
Hold,2024-08-20 20:00:00,64.47,2898.857325382159,Hold,2898.857325382187,2082.364341085326
Hold,2024-08-20 21:00:00,64.79,2913.2459455794956,Hold,2913.2459455795233,2092.7002583979875
Hold,2024-08-20 22:00:00,64.69,2908.749501767828,Hold,2908.7495017678557,2089.470284237781
Hold,2024-08-20 23:00:00,64.41,2896.159459095158,Hold,2896.1594590951854,2080.426356589202
Hold,2024-08-21 00:00:00,64.12,2883.119772041322,Hold,2883.119772041349,2071.059431524602
Hold,2024-08-21 01:00:00,64.02,2878.6233282296544,Hold,2878.6233282296807,2067.8294573643952
Hold,2024-08-21 02:00:00,64.37,2894.3608815704915,Hold,2894.360881570519,2079.1343669251196
Hold,2024-08-21 03:00:00,64.11,2882.6701276601552,Hold,2882.670127660182,2070.7364341085818
Hold,2024-08-21 04:00:00,64.2,2886.716927090656,Hold,2886.7169270906834,2073.643410852768
Hold,2024-08-21 05:00:00,64.02,2878.6233282296544,Hold,2878.623328229681,2067.8294573643952
Hold,2024-08-21 06:00:00,63.87,2871.878662512153,Hold,2871.8786625121793,2062.984496124085
Hold,2024-08-21 07:00:00,63.51,2855.691464790149,Hold,2855.6914647901754,2051.356589147341
Hold,2024-08-21 08:00:00,63.16,2839.953911449312,Hold,2839.953911449338,2040.0516795866172
Hold,2024-08-21 09:00:00,62.89,2827.8135131578097,Hold,2827.8135131578356,2031.330749354059
Hold,2024-08-21 10:00:00,62.55,2812.5256041981393,Hold,2812.525604198165,2020.348837209356
Hold,2024-08-21 11:00:00,62.77,2822.417780583808,Hold,2822.4177805838335,2027.454780361811
Hold,2024-08-21 12:00:00,62.79,2823.3170693461416,Hold,2823.317069346167,2028.100775193852
Hold,2024-08-21 13:00:00,63.25,2844.000710879813,Hold,2844.0007108798386,2042.958656330803
Hold,2024-08-21 14:00:00,63.14,2839.0546226869787,Hold,2839.054622687004,2039.4056847545755
Hold,2024-08-21 15:00:00,62.58,2813.8745373416396,Hold,2813.8745373416646,2021.3178294574172
Hold,2024-08-21 16:00:00,62.56,2812.975248579306,Hold,2812.975248579331,2020.671834625376
Hold,2024-08-21 17:00:00,62.63,2816.1227592474734,Hold,2816.122759247499,2022.9328165375211
Hold,2024-08-21 18:00:00,63.38,2849.846087834981,Hold,2849.846087835006,2047.1576227390717
Hold,2024-08-21 19:00:00,64.39,2895.260170332825,Hold,2895.260170332851,2079.780361757161
Hold,2024-08-21 20:00:00,64.02,2878.6233282296544,Hold,2878.62332822968,2067.8294573643952
Hold,2024-08-21 21:00:00,64.36,2893.9112371893243,Hold,2893.9112371893502,2078.8113695090983
Hold,2024-08-21 22:00:00,64.54,2902.0048360503265,Hold,2902.0048360503524,2084.625322997471
Hold,2024-08-21 23:00:00,64.27,2889.8644377588234,Hold,2889.8644377588494,2075.9043927649122
Hold,2024-08-22 00:00:00,63.78,2867.831863081652,Hold,2867.831863081678,2060.0775193798986
Hold,2024-08-22 01:00:00,63.66,2862.4361305076504,Hold,2862.4361305076764,2056.2015503876505
Hold,2024-08-22 02:00:00,62.91,2828.7128019201427,Hold,2828.712801920168,2031.9767441860997
Hold,2024-08-22 03:00:00,63.24,2843.5510664986464,Hold,2843.551066498672,2042.635658914782
Hold,2024-08-22 04:00:00,63.37,2849.3964434538143,Hold,2849.3964434538398,2046.8346253230507
Hold,2024-08-22 05:00:00,63.52,2856.1411091713157,Hold,2856.1411091713417,2051.679586563361
Hold,2024-08-22 06:00:00,63.4,2850.7453765973146,Hold,2850.7453765973405,2047.8036175711125
Hold,2024-08-22 07:00:00,63.41,2851.1950209784814,Hold,2851.1950209785073,2048.126614987133
Hold,2024-08-22 08:00:00,63.54,2857.0403979336493,Hold,2857.0403979336747,2052.3255813954024
Hold,2024-08-22 09:00:00,63.31,2846.6985771668137,Hold,2846.698577166839,2044.8966408269266
Hold,2024-08-22 10:00:00,63.7,2864.234708032318,Hold,2864.2347080323434,2057.493540051733
Hold,2024-08-22 11:00:00,63.6,2859.73826422065,Hold,2859.738264220676,2054.2635658915265
Hold,2024-08-22 12:00:00,63.51,2855.691464790149,Hold,2855.691464790175,2051.35658914734
Hold,2024-08-22 13:00:00,63.27,2844.899999642147,Hold,2844.899999642173,2043.6046511628438
Hold,2024-08-22 14:00:00,63.32,2847.1482215479805,Hold,2847.1482215480064,2045.2196382429472
Hold,2024-08-22 15:00:00,63.05,2835.007823256478,Hold,2835.007823256504,2036.498708010389
Hold,2024-08-22 16:00:00,63.13,2838.604978305812,Hold,2838.6049783058384,2039.082687338554
Hold,2024-08-22 17:00:00,63.5,2855.2418204089827,Hold,2855.241820409009,2051.0335917313196
Hold,2024-08-22 18:00:00,63.68,2863.335419269984,Hold,2863.3354192700103,2056.8475452196917
Hold,2024-08-22 19:00:00,63.77,2867.3822187004853,Hold,2867.3822187005117,2059.754521963878
Hold,2024-08-22 20:00:00,63.8,2868.7311518439856,Hold,2868.731151844012,2060.72351421194
Hold,2024-08-22 21:00:00,63.71,2864.6843524134847,Hold,2864.684352413511,2057.816537467754
Hold,2024-08-22 22:00:00,63.85,2870.9793737498194,Hold,2870.979373749846,2062.338501292044
Hold,2024-08-22 23:00:00,63.77,2867.3822187004853,Hold,2867.3822187005126,2059.7545219638787
Hold,2024-08-23 00:00:00,63.71,2864.6843524134847,Hold,2864.6843524135115,2057.8165374677546
Hold,2024-08-23 01:00:00,63.6,2859.73826422065,Hold,2859.738264220677,2054.263565891527
Hold,2024-08-23 02:00:00,63.9,2873.2275956556527,Hold,2873.22759565568,2063.9534883721476
Hold,2024-08-23 03:00:00,63.85,2870.9793737498194,Hold,2870.9793737498467,2062.338501292045
Hold,2024-08-23 04:00:00,63.93,2874.5765287991535,Hold,2874.5765287991812,2064.9224806202105
Hold,2024-08-23 05:00:00,64.1,2882.2204832789885,Hold,2882.220483279016,2070.413436692562
Hold,2024-08-23 06:00:00,64.3,2891.2133709023237,Hold,2891.2133709023515,2076.8733850129756
Hold,2024-08-23 07:00:00,64.11,2882.6701276601552,Hold,2882.670127660183,2070.7364341085827
Hold,2024-08-23 08:00:00,64.15,2884.4687051848227,Hold,2884.4687051848505,2072.0284237726655
Hold,2024-08-23 09:00:00,64.07,2880.8715501354877,Hold,2880.871550135516,2069.4444444445
Hold,2024-08-23 10:00:00,64.07,2880.8715501354877,Hold,2880.871550135516,2069.4444444445
Hold,2024-08-23 11:00:00,63.93,2874.5765287991535,Hold,2874.5765287991817,2064.9224806202105
Hold,2024-08-23 12:00:00,64.09,2881.770838897822,Hold,2881.7708388978504,2070.0904392765415
Hold,2024-08-23 13:00:00,63.87,2871.878662512153,Hold,2871.8786625121807,2062.9844961240865
Hold,2024-08-23 14:00:00,63.98,2876.824750704987,Hold,2876.8247507050146,2066.5374677003138
Hold,2024-08-23 15:00:00,64.78,2912.7963011983284,Hold,2912.796301198356,2092.377260981969
Hold,2024-08-23 16:00:00,64.89,2917.742389391163,Hold,2917.742389391191,2095.930232558196
Hold,2024-08-23 17:00:00,65.45,2942.9224747365024,Hold,2942.9224747365297,2114.018087855354
Hold,2024-08-23 18:00:00,65.53,2946.519629785836,Hold,2946.519629785864,2116.6020671835195
Hold,2024-08-23 19:00:00,65.84,2960.458605602006,Hold,2960.4586056020344,2126.6149870801605
Hold,2024-08-23 20:00:00,66.03,2969.001848844175,Hold,2969.0018488442033,2132.7519379845535
Hold,2024-08-23 21:00:00,66.4,2985.638690947346,Hold,2985.638690947374,2144.7028423773186
Hold,2024-08-23 22:00:00,66.13,2973.4982926558428,Hold,2973.498292655871,2135.98191214476
Hold,2024-08-23 23:00:00,66.1,2972.149359512342,Hold,2972.14935951237,2135.0129198966974
Hold,2024-08-24 00:00:00,65.89,2962.7068275078404,Hold,2962.706827507868,2128.2299741602637
Hold,2024-08-24 01:00:00,65.78,2957.7607393150056,Hold,2957.760739315034,2124.677002584036
Hold,2024-08-24 02:00:00,66.24,2978.4443808486767,Hold,2978.4443808487044,2139.534883720987
Hold,2024-08-24 03:00:00,66.06,2970.350781987675,Hold,2970.3507819877027,2133.720930232615
Hold,2024-08-24 04:00:00,65.84,2960.458605602006,Hold,2960.458605602034,2126.61498708016
Hold,2024-08-24 05:00:00,66.11,2972.5990038935092,Hold,2972.599003893537,2135.3359173127187
Hold,2024-08-24 06:00:00,66.3,2981.1422471356773,Hold,2981.142247135705,2141.472868217111
Hold,2024-08-24 07:00:00,66.51,2990.5847791401798,Hold,2990.584779140208,2148.2558139535463
Hold,2024-08-24 08:00:00,66.72,3000.027311144682,Hold,3000.0273111447104,2155.0387596899805
Hold,2024-08-24 09:00:00,66.97,3011.268420673851,Hold,3011.268420673879,2163.113695090497
Hold,2024-08-24 10:00:00,67.19,3021.1605970595197,Hold,3021.160597059548,2170.219638242952
Hold,2024-08-24 11:00:00,66.77,3002.2755330505156,Hold,3002.2755330505433,2156.6537467700837
Hold,2024-08-24 12:00:00,67.01,3013.0669981985184,Hold,3013.066998198546,2164.40568475458
Hold,2024-08-24 13:00:00,67.07,3015.7648644855185,Hold,3015.7648644855467,2166.3436692507034
Hold,2024-08-24 14:00:00,66.99,3012.1677094361844,Hold,3012.167709436212,2163.759689922538
Hold,2024-08-24 15:00:00,67.3,3026.1066852523545,Hold,3026.1066852523827,2173.772609819179
Hold,2024-08-24 16:00:00,67.77,3047.239971167193,Hold,3047.239971167221,2188.953488372151
Hold,2024-08-24 17:00:00,67.45,3032.8513509698564,Hold,3032.8513509698846,2178.6175710594894
Hold,2024-08-24 18:00:00,67.79,3048.1392599295264,Hold,3048.1392599295546,2189.599483204193
Hold,2024-08-24 19:00:00,67.53,3036.4485060191905,Hold,3036.448506019219,2181.201550387655
Hold,2024-08-24 20:00:00,67.21,3022.059885821853,Hold,3022.059885821882,2170.865633074993
Hold,2024-08-24 21:00:00,66.15,2974.3975814181763,Hold,2974.3975814182045,2136.6279069768016
Hold,2024-08-24 22:00:00,66.3,2981.1422471356773,Hold,2981.142247135706,2141.472868217111
Hold,2024-08-24 23:00:00,66.57,2993.2826454271803,Hold,2993.2826454272094,2150.19379844967
Hold,2024-08-25 00:00:00,66.05,2969.9011376065087,Hold,2969.9011376065373,2133.3979328165947
Hold,2024-08-25 01:00:00,66.02,2968.552204463008,Hold,2968.5522044630366,2132.428940568532
Hold,2024-08-25 02:00:00,66.39,2985.1890465661786,Hold,2985.189046566207,2144.3798449612977
Hold,2024-08-25 03:00:00,66.01,2968.1025600818416,Hold,2968.10256008187,2132.105943152512
Hold,2024-08-25 04:00:00,65.98,2966.753626938341,Hold,2966.753626938369,2131.1369509044493
Hold,2024-08-25 05:00:00,65.8,2958.660028077339,Hold,2958.6600280773673,2125.322997416077
Hold,2024-08-25 06:00:00,65.6,2949.667140454004,Hold,2949.6671404540316,2118.8630490956634
Hold,2024-08-25 07:00:00,64.73,2910.548079292495,Hold,2910.5480792925223,2090.7622739018643
Hold,2024-08-25 08:00:00,65.17,2930.3324320638326,Hold,2930.3324320638603,2104.9741602067743
Hold,2024-08-25 09:00:00,65.18,2930.782076445,Hold,2930.7820764450275,2105.2971576227956
Hold,2024-08-25 10:00:00,64.93,2919.5409669158303,Hold,2919.5409669158576,2097.222222222278
Hold,2024-08-25 11:00:00,65.08,2926.2856326333317,Hold,2926.285632633359,2102.067183462588
Hold,2024-08-25 12:00:00,65.33,2937.526742162501,Hold,2937.526742162528,2110.1421188631048
Hold,2024-08-25 13:00:00,65.42,2941.573541593002,Hold,2941.573541593029,2113.0490956072913
Hold,2024-08-25 14:00:00,65.69,2953.7139398845043,Hold,2953.7139398845316,2121.770025839849
Hold,2024-08-25 15:00:00,65.26,2934.379231494334,Hold,2934.3792314943607,2107.8811369509604
Hold,2024-08-25 16:00:00,64.86,2916.3934562476625,Hold,2916.3934562476893,2094.961240310133
Hold,2024-08-25 17:00:00,64.99,2922.238833202831,Hold,2922.238833202858,2099.1602067184012
Hold,2024-08-25 18:00:00,65.17,2930.3324320638326,Hold,2930.33243206386,2104.9741602067734
Hold,2024-08-25 19:00:00,65.1,2927.184921395665,Hold,2927.1849213956916,2102.7131782946285
Hold,2024-08-25 20:00:00,64.96,2920.88990005933,Hold,2920.889900059357,2098.1912144703388
Hold,2024-08-25 21:00:00,65.1,2927.184921395665,Hold,2927.184921395692,2102.7131782946285
Hold,2024-08-25 22:00:00,65.23,2933.030298350833,Hold,2933.0302983508604,2106.9121447028974
Hold,2024-08-25 23:00:00,64.82,2914.5948787229954,Hold,2914.5948787230227,2093.669250646049
Hold,2024-08-26 00:00:00,64.69,2908.749501767828,Hold,2908.7495017678552,2089.4702842377806
Hold,2024-08-26 01:00:00,64.43,2897.058747857492,Hold,2897.058747857519,2081.072351421243
Hold,2024-08-26 02:00:00,64.38,2894.810525951658,Hold,2894.8105259516847,2079.457364341139
Hold,2024-08-26 03:00:00,64.38,2894.810525951658,Hold,2894.8105259516847,2079.457364341139
Hold,2024-08-26 04:00:00,64.37,2894.3608815704915,Hold,2894.3608815705184,2079.134366925119
Hold,2024-08-26 05:00:00,64.32,2892.1126596646573,Hold,2892.1126596646836,2077.519379845015
Hold,2024-08-26 06:00:00,64.05,2879.972261373154,Hold,2879.972261373181,2068.798449612457
Hold,2024-08-26 07:00:00,64.05,2879.972261373154,Hold,2879.972261373181,2068.798449612457
Hold,2024-08-26 08:00:00,64.44,2897.5083922386584,Hold,2897.5083922386852,2081.395348837263
Hold,2024-08-26 09:00:00,64.64,2906.5012798619937,Hold,2906.501279862021,2087.855297157677
Hold,2024-08-26 10:00:00,64.34,2893.011948426991,Hold,2893.011948427018,2078.1653746770567
Hold,2024-08-26 11:00:00,64.12,2883.119772041322,Hold,2883.1197720413493,2071.0594315246017
Hold,2024-08-26 12:00:00,63.83,2870.0800849874854,Hold,2870.0800849875127,2061.692506460002
Hold,2024-08-26 13:00:00,64.51,2900.655902906826,Hold,2900.655902906854,2083.6563307494084
Hold,2024-08-26 14:00:00,64.37,2894.3608815704915,Hold,2894.3608815705197,2079.134366925119
Hold,2024-08-26 15:00:00,64.32,2892.1126596646573,Hold,2892.112659664685,2077.519379845015
Hold,2024-08-26 16:00:00,64.34,2893.011948426991,Hold,2893.0119484270185,2078.1653746770567
Hold,2024-08-26 17:00:00,63.46,2853.443242884315,Hold,2853.443242884343,2049.741602067237
Hold,2024-08-26 18:00:00,64.0,2877.724039467321,Hold,2877.7240394673486,2067.1834625323536
Hold,2024-08-26 19:00:00,63.84,2870.5297293686526,Hold,2870.5297293686804,2062.0155038760226
Hold,2024-08-26 20:00:00,63.86,2871.429018130986,Hold,2871.4290181310143,2062.661498708064
Hold,2024-08-26 21:00:00,63.52,2856.1411091713157,Hold,2856.141109171344,2051.679586563361
Hold,2024-08-26 22:00:00,63.54,2857.0403979336493,Hold,2857.0403979336775,2052.3255813954024
Hold,2024-08-26 23:00:00,63.01,2833.2092457318104,Hold,2833.2092457318386,2035.2067183463062
Hold,2024-08-27 00:00:00,63.16,2839.953911449312,Hold,2839.9539114493405,2040.0516795866163
Hold,2024-08-27 01:00:00,63.16,2839.953911449312,Hold,2839.9539114493405,2040.0516795866163
Hold,2024-08-27 02:00:00,63.17,2840.403555830479,Hold,2840.4035558305077,2040.3746770026373
Hold,2024-08-27 03:00:00,63.35,2848.4971546914812,Hold,2848.49715469151,2046.18863049101
Hold,2024-08-27 04:00:00,63.39,2850.295732216148,Hold,2850.295732216176,2047.4806201550928
Hold,2024-08-27 05:00:00,63.73,2865.583641175818,Hold,2865.583641175846,2058.462532299796
Hold,2024-08-27 06:00:00,63.08,2836.3567563999777,Hold,2836.356756400006,2037.4677002584515
Hold,2024-08-27 07:00:00,63.29,2845.79928840448,Hold,2845.7992884045093,2044.2506459948859
Hold,2024-08-27 08:00:00,63.27,2844.899999642147,Hold,2844.8999996421758,2043.6046511628447
Hold,2024-08-27 09:00:00,63.04,2834.558178875311,Hold,2834.55817887534,2036.1757105943686
Hold,2024-08-27 10:00:00,62.64,2816.57240362864,Hold,2816.5724036286692,2023.2558139535417
Hold,2024-08-27 11:00:00,62.93,2829.6120906824763,Hold,2829.612090682505,2032.6227390181414
Hold,2024-08-27 12:00:00,62.95,2830.5113794448102,Hold,2830.511379444839,2033.2687338501826
Hold,2024-08-27 13:00:00,62.75,2821.518491821475,Hold,2821.5184918215036,2026.8087855297688
Hold,2024-08-27 14:00:00,62.78,2822.867424964975,Hold,2822.867424965003,2027.777777777831
Hold,2024-08-27 15:00:00,62.96,2830.961023825977,Hold,2830.961023826006,2033.5917312662032
Hold,2024-08-27 16:00:00,63.0,2832.7596013506436,Hold,2832.7596013506727,2034.8837209302856
Hold,2024-08-27 17:00:00,63.43,2852.094309740815,Hold,2852.094309740844,2048.7726098191747
Hold,2024-08-27 18:00:00,63.69,2863.7850636511507,Hold,2863.7850636511794,2057.1705426357125
Hold,2024-08-27 19:00:00,63.53,2856.5907535524825,Hold,2856.590753552511,2052.0025839793816
Hold,2024-08-27 20:00:00,63.37,2849.3964434538143,Hold,2849.396443453843,2046.8346253230507
Hold,2024-08-27 21:00:00,61.28,2755.42076778996,Hold,2755.4207677899876,1979.3281653747285
Trailing-Stop,2024-08-27 22:00:00,60.44,2717.650639771951,Trailing stop 10.0% hit,2717.650639771978,1952.1963824289912
Buy,2024-08-30 16:00:00,62.79,2717.650639771951,Sinal: Compra,2717.650639771978,2028.1007751938512
Hold,2024-08-30 17:00:00,62.68,2707.4665991248,Hold,2707.4665991248266,2024.5478036176237
Hold,2024-08-30 18:00:00,63.77,2754.5492186692486,Hold,2754.549218669276,2059.7545219638782
Hold,2024-08-30 19:00:00,64.6,2790.401121625113,Hold,2790.4011216251406,2086.563307493594
Hold,2024-08-30 20:00:00,64.53,2787.377467158956,Hold,2787.3774671589836,2084.3023255814496
Hold,2024-08-30 21:00:00,65.13,2813.294505440303,Hold,2813.294505440331,2103.68217054269
Hold,2024-08-30 22:00:00,65.06,2810.270850974146,Hold,2810.2708509741738,2101.4211886305457
Hold,2024-08-30 23:00:00,64.94,2805.0874433178765,Hold,2805.087443317904,2097.5452196382976
Hold,2024-08-31 00:00:00,65.4,2824.9571726669105,Hold,2824.9571726669383,2112.403100775249
Hold,2024-08-31 01:00:00,65.78,2841.3712969117632,Hold,2841.3712969117914,2124.6770025840347
Hold,2024-08-31 02:00:00,65.77,2840.9393462737407,Hold,2840.9393462737685,2124.354005168014
Hold,2024-08-31 03:00:00,65.78,2841.3712969117632,Hold,2841.3712969117914,2124.6770025840347
Hold,2024-08-31 04:00:00,65.62,2834.4600867034046,Hold,2834.4600867034324,2119.5090439277037
Hold,2024-08-31 05:00:00,65.52,2830.1405803231796,Hold,2830.1405803232074,2116.2790697674964
Hold,2024-08-31 06:00:00,66.07,2853.897865414415,Hold,2853.897865414443,2134.0439276486336
Hold,2024-08-31 07:00:00,65.66,2836.1878892554937,Hold,2836.187889255522,2120.801033591786
Hold,2024-08-31 08:00:00,65.25,2818.477913096573,Hold,2818.4779130966012,2107.558139534938
Hold,2024-08-31 09:00:00,65.59,2833.1642347893367,Hold,2833.1642347893644,2118.5400516796417
Hold,2024-08-31 10:00:00,65.95,2848.7144577581457,Hold,2848.7144577581735,2130.1679586563864
Hold,2024-08-31 11:00:00,65.73,2839.211543721651,Hold,2839.211543721679,2123.0620155039314
Hold,2024-08-31 12:00:00,65.47,2827.980827133067,Hold,2827.980827133095,2114.6640826873936
Hold,2024-08-31 13:00:00,65.1,2811.998653526236,Hold,2811.9986535262638,2102.7131782946285
Hold,2024-08-31 14:00:00,64.96,2805.9513445939215,Hold,2805.951344593949,2098.1912144703388
Hold,2024-08-31 15:00:00,65.52,2830.1405803231796,Hold,2830.1405803232074,2116.279069767497
Hold,2024-08-31 16:00:00,65.48,2828.41277777109,Hold,2828.412777771118,2114.9870801034144
Hold,2024-08-31 17:00:00,65.16,2814.5903573543706,Hold,2814.590357354398,2104.6511627907526
Hold,2024-08-31 18:00:00,64.95,2805.5193939558994,Hold,2805.5193939559267,2097.8682170543184
Hold,2024-08-31 19:00:00,65.05,2809.8389003361235,Hold,2809.8389003361513,2101.098191214525
Hold,2024-08-31 20:00:00,64.96,2805.9513445939215,Hold,2805.951344593949,2098.1912144703388
Hold,2024-08-31 21:00:00,65.33,2821.933518200753,Hold,2821.933518200781,2110.142118863104
Hold,2024-08-31 22:00:00,65.09,2811.566702888214,Hold,2811.5667028882417,2102.3901808786077
Hold,2024-08-31 23:00:00,64.97,2806.383295231944,Hold,2806.383295231972,2098.514211886359
Hold,2024-09-01 00:00:00,64.61,2790.8330722631354,Hold,2790.833072263163,2086.886304909615
Hold,2024-09-01 01:00:00,64.2,2773.1230961042143,Hold,2773.123096104242,2073.643410852767
Hold,2024-09-01 02:00:00,64.44,2783.4899114167533,Hold,2783.489911416781,2081.395348837263
Hold,2024-09-01 03:00:00,64.43,2783.0579607787313,Hold,2783.0579607787586,2081.0723514212427
Hold,2024-09-01 04:00:00,64.38,2780.898207588619,Hold,2780.898207588646,2079.4573643411386
Hold,2024-09-01 05:00:00,64.0,2764.484083343765,Hold,2764.4840833437925,2067.183462532353
Hold,2024-09-01 06:00:00,64.46,2784.353812692798,Hold,2784.3538126928247,2082.0413436693043
Hold,2024-09-01 07:00:00,64.37,2780.4662569505963,Hold,2780.466256950623,2079.1343669251187
Hold,2024-09-01 08:00:00,64.2,2773.1230961042143,Hold,2773.123096104241,2073.643410852767
Hold,2024-09-01 09:00:00,64.23,2774.4189480182818,Hold,2774.4189480183086,2074.6124031008294
Hold,2024-09-01 10:00:00,63.97,2763.1882314296977,Hold,2763.1882314297245,2066.2144702842916
Hold,2024-09-01 11:00:00,64.25,2775.2828492943268,Hold,2775.282849294354,2075.258397932871
Hold,2024-09-01 12:00:00,64.14,2770.5313922760797,Hold,2770.5313922761075,2071.7054263566433
Hold,2024-09-01 13:00:00,64.32,2778.3065037604833,Hold,2778.306503760511,2077.519379845015
Hold,2024-09-01 14:00:00,64.22,2773.9869973802593,Hold,2773.986997380287,2074.2894056848086
Hold,2024-09-01 15:00:00,64.37,2780.4662569505963,Hold,2780.466256950624,2079.134366925119
Hold,2024-09-01 16:00:00,64.87,2802.0637888517194,Hold,2802.0637888517476,2095.284237726153
Hold,2024-09-01 17:00:00,64.4,2781.7621088646642,Hold,2781.762108864692,2080.103359173181
Hold,2024-09-01 18:00:00,64.62,2791.2650229011583,Hold,2791.265022901186,2087.209302325636
Hold,2024-09-01 19:00:00,64.63,2791.69697353918,Hold,2791.6969735392076,2087.5322997416565
Hold,2024-09-01 20:00:00,64.95,2805.5193939558994,Hold,2805.5193939559267,2097.8682170543184
Hold,2024-09-01 21:00:00,64.69,2794.288677367315,Hold,2794.2886773673426,2089.470284237781
Hold,2024-09-01 22:00:00,63.05,2723.448772731631,Hold,2723.4487727316578,2036.4987080103892
Hold,2024-09-01 23:00:00,63.59,2746.7741071848445,Hold,2746.7741071848714,2053.9405684755066
Hold,2024-09-02 00:00:00,63.75,2753.685317393203,Hold,2753.6853173932304,2059.1085271318375
Hold,2024-09-02 01:00:00,63.94,2761.89237951563,Hold,2761.892379515657,2065.2454780362305
Hold,2024-09-02 02:00:00,63.44,2740.294847614507,Hold,2740.294847614534,2049.095607235197
Hold,2024-09-02 03:00:00,63.51,2743.318502080664,Hold,2743.3185020806914,2051.3565891473413
Hold,2024-09-02 04:00:00,63.02,2722.152920817564,Hold,2722.1529208175907,2035.529715762328
Hold,2024-09-02 05:00:00,63.49,2742.4546008046195,Hold,2742.454600804646,2050.7105943153
Hold,2024-09-02 06:00:00,63.33,2735.54339059626,Hold,2735.543390596287,2045.5426356589692
Hold,2024-09-02 07:00:00,62.87,2715.6736612472264,Hold,2715.6736612472528,2030.6847545220182
Hold,2024-09-02 08:00:00,63.39,2738.1350944243945,Hold,2738.135094424421,2047.4806201550937
Hold,2024-09-02 09:00:00,63.29,2733.81558804417,Hold,2733.8155880441964,2044.2506459948868
Hold,2024-09-02 10:00:00,63.9,2760.1645769635406,Hold,2760.164576963567,2063.953488372148
Hold,2024-09-02 11:00:00,63.92,2761.028478239585,Hold,2761.0284782396116,2064.5994832041897
Hold,2024-09-02 12:00:00,64.33,2778.7384543985063,Hold,2778.738454398533,2077.8423772610377
Hold,2024-09-02 13:00:00,63.92,2761.028478239585,Hold,2761.028478239612,2064.5994832041897
Hold,2024-09-02 14:00:00,64.44,2783.4899114167533,Hold,2783.48991141678,2081.3953488372654
Hold,2024-09-02 15:00:00,64.32,2778.3065037604833,Hold,2778.3065037605097,2077.5193798450173
Hold,2024-09-02 16:00:00,64.61,2790.8330722631354,Hold,2790.8330722631617,2086.886304909617
Hold,2024-09-02 17:00:00,64.81,2799.472085023585,Hold,2799.472085023611,2093.346253230031
Hold,2024-09-02 18:00:00,64.63,2791.69697353918,Hold,2791.6969735392063,2087.5322997416583
Hold,2024-09-02 19:00:00,64.97,2806.383295231944,Hold,2806.383295231971,2098.5142118863614
Hold,2024-09-02 20:00:00,65.47,2827.980827133067,Hold,2827.980827133094,2114.6640826873954
Hold,2024-09-02 21:00:00,65.25,2818.477913096573,Hold,2818.4779130966,2107.5581395349404
Hold,2024-09-02 22:00:00,65.42,2825.8210739429546,Hold,2825.8210739429815,2113.049095607292
Hold,2024-09-02 23:00:00,65.33,2821.933518200753,Hold,2821.93351820078,2110.1421188631057
Hold,2024-09-03 00:00:00,65.53,2830.572530961202,Hold,2830.572530961229,2116.6020671835195
Hold,2024-09-03 01:00:00,65.84,2843.9630007398987,Hold,2843.963000739926,2126.6149870801605
Hold,2024-09-03 02:00:00,66.02,2851.7381122243028,Hold,2851.73811222433,2132.4289405685327
Hold,2024-09-03 03:00:00,66.08,2854.3298160524373,Hold,2854.3298160524646,2134.366925064657
Hold,2024-09-03 04:00:00,65.76,2840.507395635719,Hold,2840.5073956357464,2124.0310077519953
Hold,2024-09-03 05:00:00,65.81,2842.667148825831,Hold,2842.667148825859,2125.645994832099
Hold,2024-09-03 06:00:00,65.65,2835.7559386174717,Hold,2835.755938617499,2120.478036175768
Hold,2024-09-03 07:00:00,66.07,2853.897865414415,Hold,2853.897865414442,2134.0439276486363
Hold,2024-09-03 08:00:00,66.02,2851.7381122243028,Hold,2851.7381122243305,2132.4289405685327
Hold,2024-09-03 09:00:00,65.94,2848.282507120123,Hold,2848.2825071201505,2129.8449612403674
Hold,2024-09-03 10:00:00,65.91,2846.9866552060553,Hold,2846.986655206083,2128.8759689923054
Hold,2024-09-03 11:00:00,65.83,2843.531050101876,Hold,2843.5310501019035,2126.29198966414
Hold,2024-09-03 12:00:00,65.9,2846.5547045680332,Hold,2846.5547045680605,2128.552971576285
Hold,2024-09-03 13:00:00,65.29,2820.205715648663,Hold,2820.2057156486903,2108.8501291990237
Hold,2024-09-03 14:00:00,64.78,2798.1762331095174,Hold,2798.1762331095442,2092.377260981969
Hold,2024-09-03 15:00:00,64.89,2802.9276901277644,Hold,2802.9276901277913,2095.930232558196
Hold,2024-09-03 16:00:00,64.66,2792.9928254532474,Hold,2792.9928254532742,2088.501291989721
Hold,2024-09-03 17:00:00,64.68,2793.856726729293,Hold,2793.8567267293192,2089.1472868217625
Hold,2024-09-03 18:00:00,64.92,2804.2235420418315,Hold,2804.223542041858,2096.8992248062586
Hold,2024-09-03 19:00:00,65.19,2815.886209268438,Hold,2815.886209268465,2105.620155038817
Hold,2024-09-03 20:00:00,65.42,2825.8210739429546,Hold,2825.821073942981,2113.049095607293
Hold,2024-09-03 21:00:00,65.15,2814.1584067163485,Hold,2814.158406716375,2104.3281653747345
Hold,2024-09-03 22:00:00,65.03,2808.974999060079,Hold,2808.9749990601053,2100.452196382486
Hold,2024-09-03 23:00:00,64.36,2780.034306312574,Hold,2780.0343063125997,2078.8113695091006
Hold,2024-09-04 00:00:00,64.16,2771.3952935521243,Hold,2771.39529355215,2072.351421188687
Hold,2024-09-04 01:00:00,64.6,2790.401121625113,Hold,2790.401121625139,2086.5633074935968
Hold,2024-09-04 02:00:00,64.54,2787.8094177969783,Hold,2787.8094177970042,2084.625322997473
Hold,2024-09-04 03:00:00,64.83,2800.3359862996294,Hold,2800.3359862996554,2093.992248062072
Hold,2024-09-04 04:00:00,65.83,2843.531050101876,Hold,2843.531050101902,2126.2919896641406
Sell,2024-09-04 05:00:00,64.7,2794.7206280053374,Sinal: Venda,2794.7206280053633,2089.793281653804
Buy,2024-09-04 14:00:00,65.26,2794.7206280053374,Sinal: Compra,2794.7206280053633,2107.881136950962
Hold,2024-09-04 15:00:00,65.8,2812.2129325884616,Hold,2812.2129325884875,2125.3229974160786
Hold,2024-09-04 16:00:00,66.09,2824.607184115068,Hold,2824.607184115094,2134.689922480679
Hold,2024-09-04 17:00:00,65.69,2807.5116647680247,Hold,2807.5116647680507,2121.7700258398513
Hold,2024-09-04 18:00:00,65.26,2789.1339814699545,Hold,2789.1339814699804,2107.8811369509626
Hold,2024-09-04 19:00:00,65.59,2803.2377849312647,Hold,2803.2377849312907,2118.540051679645
Hold,2024-09-04 20:00:00,65.56,2801.9556209802363,Hold,2801.955620980262,2117.5710594315833
Hold,2024-09-04 21:00:00,65.53,2800.673457029208,Hold,2800.6734570292338,2116.602067183521
Hold,2024-09-04 22:00:00,65.47,2798.1091291271514,Hold,2798.1091291271773,2114.664082687397
Hold,2024-09-04 23:00:00,65.42,2795.9721892087714,Hold,2795.972189208797,2113.0490956072936
Hold,2024-09-05 00:00:00,65.83,2813.4950965394896,Hold,2813.4950965395155,2126.2919896641415
Hold,2024-09-05 01:00:00,66.47,2840.847927494757,Hold,2840.847927494783,2146.963824289465
Hold,2024-09-05 02:00:00,65.94,2818.1963643599265,Hold,2818.1963643599524,2129.8449612403683
Hold,2024-09-05 03:00:00,65.22,2787.4244295352505,Hold,2787.424429535276,2106.58914728688
Hold,2024-09-05 04:00:00,65.39,2794.690025257743,Hold,2794.6900252577684,2112.080103359231
Hold,2024-09-05 05:00:00,65.27,2789.5613694536305,Hold,2789.561369453656,2108.204134366983
Hold,2024-09-05 06:00:00,66.71,2851.1052391029825,Hold,2851.1052391030084,2154.715762273961
Hold,2024-09-05 07:00:00,68.3,2919.0599285074763,Hold,2919.0599285075027,2206.0723514212486
Hold,2024-09-05 08:00:00,67.42,2881.449785943983,Hold,2881.4497859440094,2177.648578811429
Hold,2024-09-05 09:00:00,66.19,2828.881063951828,Hold,2828.8810639518542,2137.9198966408853
Hold,2024-09-05 10:00:00,66.24,2831.018003870208,Hold,2831.018003870234,2139.534883720988
Hold,2024-09-05 11:00:00,66.27,2832.3001678212363,Hold,2832.3001678212627,2140.50387596905
Hold,2024-09-05 12:00:00,65.22,2787.4244295352505,Hold,2787.4244295352764,2106.589147286879
Hold,2024-09-05 13:00:00,65.51,2799.8186810618563,Hold,2799.8186810618827,2115.9560723514787
Hold,2024-09-05 14:00:00,65.16,2784.860101633194,Hold,2784.86010163322,2104.651162790755
Hold,2024-09-05 15:00:00,65.21,2786.997041551574,Hold,2786.9970415516004,2106.266149870858
Hold,2024-09-05 16:00:00,65.1,2782.295773731137,Hold,2782.295773731163,2102.713178294631
Hold,2024-09-05 17:00:00,65.38,2794.262637274067,Hold,2794.262637274093,2111.7571059432103
Hold,2024-09-05 18:00:00,65.63,2804.9473368659683,Hold,2804.9473368659947,2119.8320413437273
Hold,2024-09-05 19:00:00,65.12,2783.15054969849,Hold,2783.150549698516,2103.359173126673
Hold,2024-09-05 20:00:00,66.17,2828.026287984476,Hold,2828.0262879845022,2137.273901808844
Hold,2024-09-05 21:00:00,66.06,2823.3250201640394,Hold,2823.325020164066,2133.7209302326164
Hold,2024-09-05 22:00:00,66.1,2825.034572098743,Hold,2825.034572098769,2135.012919896699
Hold,2024-09-05 23:00:00,66.08,2824.1797961313914,Hold,2824.1797961314173,2134.3669250646576
Hold,2024-09-06 00:00:00,66.42,2838.710987576377,Hold,2838.710987576403,2145.3488372093607
Hold,2024-09-06 01:00:00,66.24,2831.018003870208,Hold,2831.0180038702338,2139.534883720988
Hold,2024-09-06 02:00:00,66.48,2841.2753154784336,Hold,2841.27531547846,2147.286821705485
Hold,2024-09-06 03:00:00,66.56,2844.694419347842,Hold,2844.6944193478685,2149.8708010336504
Hold,2024-09-06 04:00:00,66.36,2836.146659674321,Hold,2836.1466596743476,2143.4108527132366
Hold,2024-09-06 05:00:00,65.92,2817.3415883925745,Hold,2817.3415883926004,2129.1989664083267
Hold,2024-09-06 06:00:00,65.88,2815.6320364578696,Hold,2815.632036457895,2127.906976744244
Hold,2024-09-06 07:00:00,65.22,2787.4244295352505,Hold,2787.424429535276,2106.5891472868793
Hold,2024-09-06 08:00:00,65.28,2789.988757437307,Hold,2789.9887574373324,2108.527131783004
Hold,2024-09-06 09:00:00,65.16,2784.860101633194,Hold,2784.8601016332195,2104.6511627907553
Hold,2024-09-06 10:00:00,65.72,2808.793828719053,Hold,2808.793828719079,2122.739018087913
Hold,2024-09-06 11:00:00,65.44,2796.826965176124,Hold,2796.8269651761493,2113.6950904393343
Hold,2024-09-06 12:00:00,65.83,2813.4950965394896,Hold,2813.4950965395155,2126.291989664141
Hold,2024-09-06 13:00:00,65.1,2782.295773731137,Hold,2782.2957737311626,2102.7131782946312
Hold,2024-09-06 14:00:00,64.42,2753.2333908411656,Hold,2753.2333908411906,2080.749354005225
Hold,2024-09-06 15:00:00,63.97,2734.000931575743,Hold,2734.000931575768,2066.2144702842943
Hold,2024-09-06 16:00:00,63.78,2725.880559885898,Hold,2725.880559885923,2060.0775193799013
Hold,2024-09-06 17:00:00,63.77,2725.453171902222,Hold,2725.453171902247,2059.754521963881
Hold,2024-09-06 18:00:00,62.84,2685.7060894203487,Hold,2685.7060894203737,2029.7157622739576
Hold,2024-09-06 19:00:00,63.16,2699.382504897982,Hold,2699.3825048980075,2040.051679586619
Hold,2024-09-06 20:00:00,61.56,2631.000427509813,Hold,2631.0004275098377,1988.3720930233105
Hold,2024-09-06 21:00:00,62.7,2679.722657648884,Hold,2679.722657648909,2025.193798449668
Hold,2024-09-06 22:00:00,62.46,2669.4653460406585,Hold,2669.4653460406835,2017.4418604651714
Hold,2024-09-06 23:00:00,63.05,2694.6812370775456,Hold,2694.6812370775706,2036.498708010391
Hold,2024-09-07 00:00:00,62.98,2691.689521191813,Hold,2691.689521191838,2034.2377260982464
Hold,2024-09-07 01:00:00,62.99,2692.1169091754896,Hold,2692.116909175515,2034.5607235142675
Hold,2024-09-07 02:00:00,63.54,2715.6232482776727,Hold,2715.623248277698,2052.3255813954047
Hold,2024-09-07 03:00:00,63.82,2727.590111820602,Hold,2727.5901118206275,2061.369509043984
Hold,2024-09-07 04:00:00,63.92,2731.863991657363,Hold,2731.8639916573884,2064.599483204191
Sell,2024-09-07 05:00:00,63.68,2721.606680049137,Sinal: Venda,2721.606680049162,2056.8475452196944
Buy,2024-09-12 11:00:00,61.83,2721.606680049137,Sinal: Compra,2721.606680049162,1997.0930232558685
Hold,2024-09-12 12:00:00,62.05,2725.8306968097904,Hold,2725.830696809816,2004.1989664083233
Hold,2024-09-12 13:00:00,62.24,2734.1773177992163,Hold,2734.177317799242,2010.335917312716
Hold,2024-09-12 14:00:00,61.76,2713.091117404878,Hold,2713.0911174049033,1994.8320413437232
Hold,2024-09-12 15:00:00,62.2,2732.4201344330218,Hold,2732.420134433047,2009.0439276486331
Hold,2024-09-12 16:00:00,62.75,2756.5814057182006,Hold,2756.5814057182265,2026.8087855297706
Hold,2024-09-12 17:00:00,62.76,2757.0207015597493,Hold,2757.0207015597753,2027.1317829457917
Hold,2024-09-12 18:00:00,62.75,2756.5814057182006,Hold,2756.581405718227,2026.808785529771
Hold,2024-09-12 19:00:00,63.11,2772.3960560139544,Hold,2772.3960560139813,2038.436692506515
Hold,2024-09-12 20:00:00,62.78,2757.899293242847,Hold,2757.8992932428737,2027.7777777778329
Hold,2024-09-12 21:00:00,62.83,2760.0957724505906,Hold,2760.095772450617,2029.392764857936
Hold,2024-09-12 22:00:00,62.81,2759.217180767493,Hold,2759.2171807675195,2028.7467700258949
Hold,2024-09-12 23:00:00,62.84,2760.535068292139,Hold,2760.5350682921658,2029.7157622739571
Hold,2024-09-13 00:00:00,62.54,2747.3561930456776,Hold,2747.356193045704,2020.0258397933367
Hold,2024-09-13 01:00:00,62.65,2752.1884473027135,Hold,2752.18844730274,2023.5788113695642
Hold,2024-09-13 02:00:00,62.72,2755.2635181935543,Hold,2755.2635181935807,2025.8397932817093
Hold,2024-09-13 03:00:00,62.5,2745.599009679483,Hold,2745.5990096795094,2018.7338501292543
Hold,2024-09-13 04:00:00,62.51,2746.0383055210314,Hold,2746.038305521058,2019.0568475452749
Hold,2024-09-13 05:00:00,62.82,2759.656476609042,Hold,2759.6564766090687,2029.069767441916
Hold,2024-09-13 06:00:00,62.98,2766.685210073821,Hold,2766.685210073848,2034.2377260982469
Hold,2024-09-13 07:00:00,63.06,2770.199576806211,Hold,2770.1995768062384,2036.821705426412
Hold,2024-09-13 08:00:00,63.14,2773.7139435386007,Hold,2773.7139435386275,2039.4056847545774
Hold,2024-09-13 09:00:00,63.57,2792.603664725196,Hold,2792.6036647252226,2053.2945736434667
Hold,2024-09-13 10:00:00,63.48,2788.650002151257,Hold,2788.650002151284,2050.38759689928
Hold,2024-09-13 11:00:00,63.35,2782.9391562111236,Hold,2782.93915621115,2046.1886304910117
Hold,2024-09-13 12:00:00,63.76,2800.950285714621,Hold,2800.950285714647,2059.431524547859
Hold,2024-09-13 13:00:00,63.73,2799.6323981899745,Hold,2799.6323981900014,2058.462532299797
Hold,2024-09-13 14:00:00,63.98,2810.614794228693,Hold,2810.6147942287203,2066.537467700314
Hold,2024-09-13 15:00:00,64.93,2852.347899175821,Hold,2852.3478991758493,2097.222222222279
Hold,2024-09-13 16:00:00,64.69,2841.804798978652,Hold,2841.80479897868,2089.4702842377824
Hold,2024-09-13 17:00:00,64.34,2826.429444524447,Hold,2826.4294445244745,2078.165374677059
Hold,2024-09-13 18:00:00,64.75,2844.440574027944,Hold,2844.4405740279717,2091.4082687339064
Hold,2024-09-13 19:00:00,64.51,2833.897473830775,Hold,2833.897473830803,2083.6563307494107
Hold,2024-09-13 20:00:00,64.56,2836.093953038519,Hold,2836.0939530385467,2085.2713178295135
Hold,2024-09-13 21:00:00,64.78,2845.7584615525902,Hold,2845.758461552618,2092.3772609819684
Hold,2024-09-13 22:00:00,64.87,2849.712124126529,Hold,2849.712124126557,2095.284237726154
Hold,2024-09-13 23:00:00,64.91,2851.4693074927236,Hold,2851.4693074927513,2096.5762273902365
Hold,2024-09-14 00:00:00,64.96,2853.665786700467,Hold,2853.6657867004947,2098.19121447034
Hold,2024-09-14 01:00:00,65.35,2870.798324520867,Hold,2870.798324520895,2110.7881136951464
Hold,2024-09-14 02:00:00,65.43,2874.3126912532575,Hold,2874.3126912532857,2113.372093023312
Hold,2024-09-14 03:00:00,65.32,2869.4804369962208,Hold,2869.4804369962494,2109.8191214470844
Hold,2024-09-14 04:00:00,65.28,2867.723253630026,Hold,2867.7232536300544,2108.527131783002
Hold,2024-09-14 05:00:00,64.9,2851.030011651175,Hold,2851.030011651203,2096.253229974216
Hold,2024-09-14 06:00:00,65.2,2864.2088868976366,Hold,2864.208886897665,2105.9431524548363
Hold,2024-09-14 07:00:00,65.35,2870.798324520867,Hold,2870.798324520895,2110.788113695146
Hold,2024-09-14 08:00:00,65.54,2879.144945510293,Hold,2879.144945510321,2116.9250645995394
Hold,2024-09-14 09:00:00,65.86,2893.2024124398517,Hold,2893.2024124398804,2127.260981912201
Hold,2024-09-14 10:00:00,65.84,2892.3238207567542,Hold,2892.323820756783,2126.61498708016
Hold,2024-09-14 11:00:00,65.78,2889.688045707462,Hold,2889.688045707491,2124.677002584036
Hold,2024-09-14 12:00:00,65.71,2886.612974816621,Hold,2886.612974816649,2122.4160206718907
Hold,2024-09-14 13:00:00,66.13,2905.063400161667,Hold,2905.0634001616954,2135.9819121447595
Hold,2024-09-14 14:00:00,66.21,2908.577766894057,Hold,2908.5777668940855,2138.565891472925
Hold,2024-09-14 15:00:00,66.55,2923.5138255067136,Hold,2923.5138255067423,2149.5478036176282
Hold,2024-09-14 16:00:00,66.67,2928.785375605298,Hold,2928.7853756053273,2153.4237726098763
Hold,2024-09-14 17:00:00,66.18,2907.259879369411,Hold,2907.2598793694397,2137.596899224863
Hold,2024-09-14 18:00:00,66.48,2920.4387546158723,Hold,2920.4387546159014,2147.2868217054834
Hold,2024-09-14 19:00:00,66.03,2900.67044174618,Hold,2900.670441746209,2132.7519379845526
Hold,2024-09-14 20:00:00,65.95,2897.1560750137905,Hold,2897.1560750138196,2130.167958656387
Hold,2024-09-14 21:00:00,65.79,2890.127341549011,Hold,2890.12734154904,2125.000000000056
Hold,2024-09-14 22:00:00,65.98,2898.473962538437,Hold,2898.473962538466,2131.1369509044484
Hold,2024-09-14 23:00:00,65.91,2895.3988916475955,Hold,2895.3988916476246,2128.8759689923036
Hold,2024-09-15 00:00:00,65.97,2898.0346666968876,Hold,2898.0346666969167,2130.813953488428
Hold,2024-09-15 01:00:00,66.24,2909.895654418703,Hold,2909.8956544187326,2139.534883720986
Hold,2024-09-15 02:00:00,65.95,2897.1560750137905,Hold,2897.15607501382,2130.1679586563864
Hold,2024-09-15 03:00:00,65.66,2884.4164956088775,Hold,2884.416495608907,2120.8010335917866
Hold,2024-09-15 04:00:00,65.28,2867.723253630026,Hold,2867.7232536300558,2108.527131783001
Hold,2024-09-15 05:00:00,65.15,2862.0124076898933,Hold,2862.012407689923,2104.328165374732
Hold,2024-09-15 06:00:00,65.18,2863.330295214539,Hold,2863.3302952145687,2105.2971576227947
Hold,2024-09-15 07:00:00,65.2,2864.2088868976366,Hold,2864.208886897666,2105.943152454836
Hold,2024-09-15 08:00:00,64.76,2844.879869869493,Hold,2844.8798698695223,2091.731266149926
Hold,2024-09-15 09:00:00,64.84,2848.3942366018828,Hold,2848.3942366019123,2094.3152454780916
Hold,2024-09-15 10:00:00,64.63,2839.1690239293594,Hold,2839.169023929389,2087.5322997416574
Hold,2024-09-15 11:00:00,64.66,2840.4869114540056,Hold,2840.486911454035,2088.5012919897194
Hold,2024-09-15 12:00:00,64.77,2845.3191657110415,Hold,2845.319165711071,2092.0542635659467
Hold,2024-09-15 13:00:00,64.84,2848.3942366018828,Hold,2848.3942366019123,2094.3152454780916
Hold,2024-09-15 14:00:00,64.68,2841.3655031371036,Hold,2841.365503137133,2089.147286821761
Hold,2024-09-15 15:00:00,64.51,2833.897473830775,Hold,2833.8974738308048,2083.65633074941
Hold,2024-09-15 16:00:00,64.21,2820.7185985843134,Hold,2820.718598584343,2073.966408268789
Hold,2024-09-15 17:00:00,64.07,2814.5684568026313,Hold,2814.5684568026604,2069.4444444445
Hold,2024-09-15 18:00:00,64.0,2811.4933859117905,Hold,2811.49338591182,2067.183462532355
Hold,2024-09-15 19:00:00,64.27,2823.3543736336055,Hold,2823.354373633635,2075.9043927649136
Hold,2024-09-15 20:00:00,64.11,2816.325640168826,Hold,2816.3256401688554,2070.7364341085827
Hold,2024-09-15 21:00:00,63.93,2808.4183150209496,Hold,2808.418315020979,2064.9224806202105
Hold,2024-09-15 22:00:00,63.72,2799.1931023484262,Hold,2799.1931023484553,2058.139534883776
Hold,2024-09-15 23:00:00,63.24,2778.1069019540882,Hold,2778.106901954117,2042.6356589147833
Hold,2024-09-16 00:00:00,63.13,2773.274647697052,Hold,2773.2746476970806,2039.0826873385558
Hold,2024-09-16 01:00:00,62.7,2754.3849265104573,Hold,2754.3849265104855,2025.1937984496667
Hold,2024-09-16 02:00:00,62.49,2745.1597138379343,Hold,2745.1597138379625,2018.4108527132323
Hold,2024-09-16 03:00:00,63.06,2770.199576806211,Hold,2770.1995768062397,2036.8217054264112
Hold,2024-09-16 04:00:00,62.64,2751.7491514611647,Hold,2751.7491514611934,2023.2558139535427
Hold,2024-09-16 05:00:00,62.96,2765.806618390724,Hold,2765.806618390753,2033.5917312662043
Hold,2024-09-16 06:00:00,63.07,2770.6388726477594,Hold,2770.6388726477885,2037.1447028424318
Hold,2024-09-16 07:00:00,63.29,2780.3033811618316,Hold,2780.303381161861,2044.2506459948868
Hold,2024-09-16 08:00:00,63.43,2786.4535229435132,Hold,2786.4535229435423,2048.7726098191765
Hold,2024-09-16 09:00:00,63.25,2778.5461977956365,Hold,2778.5461977956656,2042.9586563308044
Hold,2024-09-16 10:00:00,63.32,2781.621268686478,Hold,2781.6212686865074,2045.219638242949
Hold,2024-09-16 11:00:00,63.13,2773.274647697052,Hold,2773.274647697081,2039.0826873385563
Hold,2024-09-16 12:00:00,62.93,2764.4887308660777,Hold,2764.488730866107,2032.6227390181425
Hold,2024-09-16 13:00:00,63.28,2779.864085320283,Hold,2779.864085320312,2043.9276485788666
Hold,2024-09-16 14:00:00,62.77,2757.459997401298,Hold,2757.459997401327,2027.4547803618123
Hold,2024-09-16 15:00:00,62.78,2757.899293242847,Hold,2757.899293242876,2027.7777777778329
Hold,2024-09-16 16:00:00,62.62,2750.870559778067,Hold,2750.8705597780963,2022.609819121502
Hold,2024-09-16 17:00:00,62.61,2750.4312639365185,Hold,2750.4312639365476,2022.2868217054813
Hold,2024-09-16 18:00:00,62.33,2738.130980373154,Hold,2738.1309803731833,2013.2428940569023
Hold,2024-09-16 19:00:00,62.44,2742.9632346301905,Hold,2742.9632346302196,2016.7958656331298
Hold,2024-09-16 20:00:00,62.33,2738.130980373154,Hold,2738.130980373183,2013.2428940569023
Hold,2024-09-16 21:00:00,62.47,2744.281122154837,Hold,2744.2811221548654,2017.7648578811916
Hold,2024-09-16 22:00:00,62.27,2735.4952053238626,Hold,2735.495205323891,2011.3049095607782
Hold,2024-09-16 23:00:00,62.62,2750.870559778067,Hold,2750.870559778096,2022.609819121502
Hold,2024-09-17 00:00:00,62.12,2728.9057677006317,Hold,2728.90576770066,2006.459948320468
Hold,2024-09-17 01:00:00,62.33,2738.130980373154,Hold,2738.1309803731824,2013.2428940569023
Hold,2024-09-17 02:00:00,62.76,2757.0207015597493,Hold,2757.020701559778,2027.1317829457912
Hold,2024-09-17 03:00:00,63.2,2776.349718587893,Hold,2776.3497185879223,2041.3436692507014
Hold,2024-09-17 04:00:00,63.28,2779.864085320283,Hold,2779.864085320312,2043.927648578867
Hold,2024-09-17 05:00:00,63.32,2781.621268686478,Hold,2781.6212686865074,2045.21963824295
Hold,2024-09-17 06:00:00,63.08,2771.078168489308,Hold,2771.0781684893373,2037.4677002584533
Hold,2024-09-17 07:00:00,63.25,2778.5461977956365,Hold,2778.5461977956656,2042.9586563308048
Hold,2024-09-17 08:00:00,62.76,2757.0207015597493,Hold,2757.020701559778,2027.1317829457917
Hold,2024-09-17 09:00:00,62.44,2742.9632346301905,Hold,2742.963234630219,2016.7958656331298
Hold,2024-09-17 10:00:00,62.71,2754.824222352006,Hold,2754.8242223520347,2025.5167958656882
Hold,2024-09-17 11:00:00,62.48,2744.7204179963855,Hold,2744.720417996414,2018.0878552972126
Hold,2024-09-17 12:00:00,62.75,2756.5814057182006,Hold,2756.581405718229,2026.8087855297713
Hold,2024-09-17 13:00:00,62.51,2746.0383055210314,Hold,2746.0383055210596,2019.0568475452749
Hold,2024-09-17 14:00:00,63.15,2774.1532393801494,Hold,2774.1532393801776,2039.7286821705984
Hold,2024-09-17 15:00:00,63.88,2806.2218358132063,Hold,2806.221835813235,2063.307493540108
Hold,2024-09-17 16:00:00,63.54,2791.2857772005495,Hold,2791.2857772005777,2052.325581395405
Hold,2024-09-17 17:00:00,63.57,2792.603664725196,Hold,2792.6036647252245,2053.2945736434676
Hold,2024-09-17 18:00:00,63.36,2783.3784520526724,Hold,2783.378452052701,2046.5116279070332
Hold,2024-09-17 19:00:00,63.23,2777.667606112539,Hold,2777.6676061125672,2042.312661498764
Hold,2024-09-17 20:00:00,63.41,2785.5749312604157,Hold,2785.574931260444,2048.1266149871367
Hold,2024-09-17 21:00:00,63.63,2795.239439774488,Hold,2795.239439774516,2055.232558139592
Hold,2024-09-17 22:00:00,63.58,2793.042960566744,Hold,2793.0429605667723,2053.6175710594885
Hold,2024-09-17 23:00:00,63.77,2801.38958155617,Hold,2801.389581556198,2059.754521963882
Hold,2024-09-18 00:00:00,63.74,2800.0716940315237,Hold,2800.0716940315524,2058.7855297158194
Hold,2024-09-18 01:00:00,63.7,2798.314510665329,Hold,2798.3145106653574,2057.4935400517365
Hold,2024-09-18 02:00:00,64.25,2822.4757819505085,Hold,2822.475781950537,2075.2583979328742
Hold,2024-09-18 03:00:00,64.17,2818.9614152181184,Hold,2818.9614152181466,2072.674418604709
Hold,2024-09-18 04:00:00,63.92,2807.979019179401,Hold,2807.979019179429,2064.5994832041915
Hold,2024-09-18 05:00:00,63.65,2796.1180314575854,Hold,2796.118031457613,2055.8785529716333
Hold,2024-09-18 06:00:00,63.86,2805.3432441301084,Hold,2805.3432441301366,2062.6614987080675
Hold,2024-09-18 07:00:00,64.12,2816.764936010375,Hold,2816.7649360104037,2071.0594315246053
Hold,2024-09-18 08:00:00,63.86,2805.3432441301084,Hold,2805.343244130137,2062.6614987080675
Hold,2024-09-18 09:00:00,63.49,2789.0892979928058,Hold,2789.0892979928344,2050.7105943153024
Hold,2024-09-18 10:00:00,63.7,2798.314510665329,Hold,2798.314510665358,2057.493540051736
Hold,2024-09-18 11:00:00,63.42,2786.014227101965,Hold,2786.0142271019936,2048.449612403157
Hold,2024-09-18 12:00:00,63.27,2779.4247894787345,Hold,2779.4247894787627,2043.6046511628474
Hold,2024-09-18 13:00:00,62.66,2752.6277431442622,Hold,2752.6277431442904,2023.9018087855857
Hold,2024-09-18 14:00:00,62.91,2763.61013918298,Hold,2763.6101391830084,2031.9767441861027
Hold,2024-09-18 15:00:00,62.66,2752.6277431442622,Hold,2752.6277431442904,2023.9018087855857
Hold,2024-09-18 16:00:00,63.55,2791.7250730420983,Hold,2791.725073042127,2052.648578811426
Hold,2024-09-18 17:00:00,63.62,2794.800143932939,Hold,2794.800143932968,2054.909560723571
Hold,2024-09-18 18:00:00,63.89,2806.6611316547546,Hold,2806.6611316547837,2063.6304909561295
Hold,2024-09-18 19:00:00,63.95,2809.296906704047,Hold,2809.2969067040767,2065.568475452254
Hold,2024-09-18 20:00:00,64.16,2818.52211937657,Hold,2818.5221193765997,2072.351421188688
Hold,2024-09-18 21:00:00,63.96,2809.7362025455955,Hold,2809.7362025456246,2065.891472868275
Hold,2024-09-18 22:00:00,64.16,2818.52211937657,Hold,2818.5221193765997,2072.351421188688
Hold,2024-09-18 23:00:00,64.84,2848.3942366018828,Hold,2848.394236601913,2094.3152454780948
Hold,2024-09-19 00:00:00,65.25,2866.4053661053804,Hold,2866.4053661054104,2107.5581395349423
Hold,2024-09-19 01:00:00,64.95,2853.2264908589186,Hold,2853.2264908589486,2097.868217054322
Hold,2024-09-19 02:00:00,65.21,2864.648182739185,Hold,2864.648182739215,2106.2661498708594
Hold,2024-09-19 03:00:00,64.94,2852.78719501737,Hold,2852.7871950174,2097.545219638301
Hold,2024-09-19 04:00:00,64.96,2853.665786700467,Hold,2853.665786700497,2098.1912144703424
Hold,2024-09-19 05:00:00,65.07,2858.498040957503,Hold,2858.4980409575332,2101.7441860465697
Hold,2024-09-19 06:00:00,64.93,2852.347899175821,Hold,2852.3478991758516,2097.2222222222804
Hold,2024-09-19 07:00:00,65.27,2867.2839577884774,Hold,2867.2839577885084,2108.2041343669835
Hold,2024-09-19 08:00:00,64.92,2851.908603334273,Hold,2851.9086033343037,2096.89922480626
Hold,2024-09-19 09:00:00,65.26,2866.8446619469287,Hold,2866.84466194696,2107.8811369509635
Hold,2024-09-19 10:00:00,65.03,2856.740857591308,Hold,2856.7408575913396,2100.4521963824873
Hold,2024-09-19 11:00:00,65.65,2883.9771997673292,Hold,2883.9771997673606,2120.47803617577
Hold,2024-09-19 12:00:00,65.5,2877.387762144098,Hold,2877.3877621441293,2115.6330749354593
Hold,2024-09-19 13:00:00,65.25,2866.4053661053804,Hold,2866.4053661054118,2107.5581395349427
Hold,2024-09-19 14:00:00,65.11,2860.255224323698,Hold,2860.2552243237287,2103.036175710653
Hold,2024-09-19 15:00:00,65.35,2870.798324520867,Hold,2870.7983245208984,2110.788113695149
Hold,2024-09-19 16:00:00,65.8,2890.566637390559,Hold,2890.56663739059,2125.32299741608
Hold,2024-09-19 17:00:00,65.98,2898.473962538437,Hold,2898.473962538468,2131.1369509044525
Hold,2024-09-19 18:00:00,65.82,2891.4452290736567,Hold,2891.445229073688,2125.968992248121
Hold,2024-09-19 19:00:00,65.63,2883.0986080842313,Hold,2883.0986080842627,2119.8320413437286
Hold,2024-09-19 20:00:00,65.63,2883.0986080842313,Hold,2883.0986080842627,2119.8320413437286
Hold,2024-09-19 21:00:00,65.46,2875.630578777903,Hold,2875.6305787779343,2114.341085271377
Hold,2024-09-19 22:00:00,65.59,2881.3414247180363,Hold,2881.3414247180676,2118.5400516796462
Hold,2024-09-19 23:00:00,65.4,2872.9948037286113,Hold,2872.9948037286426,2112.4031007752537
Hold,2024-09-20 00:00:00,65.31,2869.0411411546725,Hold,2869.0411411547043,2109.496124031067
Hold,2024-09-20 01:00:00,64.93,2852.347899175821,Hold,2852.3478991758525,2097.2222222222813
Hold,2024-09-20 02:00:00,65.46,2875.630578777903,Hold,2875.6305787779343,2114.341085271377
Hold,2024-09-20 03:00:00,65.95,2897.1560750137905,Hold,2897.156075013822,2130.167958656391
Hold,2024-09-20 04:00:00,66.08,2902.8669209539235,Hold,2902.8669209539553,2134.3669250646594
Hold,2024-09-20 05:00:00,66.22,2909.017062735606,Hold,2909.0170627356374,2138.888888888949
Hold,2024-09-20 06:00:00,66.44,2918.6815712496773,Hold,2918.681571249709,2145.994832041404
Hold,2024-09-20 07:00:00,66.23,2909.4563585771543,Hold,2909.456358577186,2139.2118863049704
Hold,2024-09-20 08:00:00,66.08,2902.8669209539235,Hold,2902.8669209539553,2134.36692506466
Hold,2024-09-20 09:00:00,66.24,2909.895654418703,Hold,2909.895654418735,2139.534883720991
Hold,2024-09-20 10:00:00,66.14,2905.502696003216,Hold,2905.502696003248,2136.304909560784
Hold,2024-09-20 11:00:00,65.94,2896.716779172242,Hold,2896.7167791722736,2129.84496124037
Hold,2024-09-20 12:00:00,66.05,2901.549033429277,Hold,2901.549033429309,2133.397932816598
Hold,2024-09-20 13:00:00,65.21,2864.648182739185,Hold,2864.6481827392163,2106.2661498708603
Hold,2024-09-20 14:00:00,65.02,2856.3015617497595,Hold,2856.3015617497904,2100.1291989664674
Hold,2024-09-20 15:00:00,64.97,2854.105082542016,Hold,2854.105082542047,2098.5142118863637
Hold,2024-09-20 16:00:00,64.66,2840.4869114540056,Hold,2840.486911454036,2088.5012919897226
Hold,2024-09-20 17:00:00,64.65,2840.0476156124573,Hold,2840.047615612488,2088.178294573702
Hold,2024-09-20 18:00:00,64.73,2843.561982344847,Hold,2843.561982344878,2090.7622739018675
Hold,2024-09-20 19:00:00,65.81,2891.0059332321084,Hold,2891.0059332321393,2125.645994832101
Sell,2024-09-20 20:00:00,65.26,2866.8446619469287,Sinal: Venda,2866.8446619469596,2107.881136950964
Buy,2024-09-23 09:00:00,67.55,2866.8446619469287,Sinal: Compra,2866.8446619469596,2181.8475452196994
Hold,2024-09-23 10:00:00,67.06,2840.359645813527,Hold,2840.3596458135576,2166.0206718346863
Hold,2024-09-23 11:00:00,67.15,2844.171640566334,Hold,2844.1716405663647,2168.9276485788723
Hold,2024-09-23 12:00:00,66.91,2834.006321225516,Hold,2834.0063212255463,2161.1757105943757
Hold,2024-09-23 13:00:00,66.96,2836.124096088186,Hold,2836.124096088217,2162.7906976744794
Hold,2024-09-23 14:00:00,67.56,2861.5373944402313,Hold,2861.537394440262,2182.1705426357207
Hold,2024-09-23 15:00:00,67.81,2872.126268753583,Hold,2872.1262687536137,2190.2454780362373
Sell,2024-09-23 16:00:00,67.54,2860.690284495163,Sinal: Venda,2860.6902844951933,2181.524547803679
Buy,2024-09-23 21:00:00,67.11,2860.690284495163,Sinal: Compra,2860.6902844951933,2167.6356589147895
Hold,2024-09-23 22:00:00,67.04,2851.9938474130126,Hold,2851.9938474130427,2165.374677002645
Hold,2024-09-23 23:00:00,66.96,2848.5905134662185,Hold,2848.5905134662485,2162.7906976744794
Hold,2024-09-24 00:00:00,66.44,2826.4688428120603,Hold,2826.4688428120903,2145.9948320414037
Hold,2024-09-24 01:00:00,66.54,2830.723010245553,Hold,2830.723010245583,2149.2248062016106
Hold,2024-09-24 02:00:00,66.62,2834.126344192346,Hold,2834.126344192376,2151.808785529776
Hold,2024-09-24 03:00:00,66.62,2834.126344192346,Hold,2834.126344192376,2151.808785529776
Hold,2024-09-24 04:00:00,66.27,2819.236758175124,Hold,2819.236758175154,2140.503875969052
Hold,2024-09-24 05:00:00,66.46,2827.3196762987586,Hold,2827.319676298789,2146.6408268734444
Hold,2024-09-24 06:00:00,66.47,2827.745093042108,Hold,2827.7450930421387,2146.9638242894653
Hold,2024-09-24 07:00:00,66.74,2839.231345112536,Hold,2839.231345112567,2155.6847545220235
Hold,2024-09-24 08:00:00,67.04,2851.9938474130126,Hold,2851.9938474130436,2165.3746770026446
Hold,2024-09-24 09:00:00,66.61,2833.700927448997,Hold,2833.700927449028,2151.485788113755
Hold,2024-09-24 10:00:00,66.69,2837.10426139579,Hold,2837.104261395821,2154.0697674419202
Hold,2024-09-24 11:00:00,66.67,2836.2534279090924,Hold,2836.253427909123,2153.423772609879
Hold,2024-09-24 12:00:00,66.87,2844.761762776076,Hold,2844.7617627761065,2159.8837209302924
Hold,2024-09-24 13:00:00,66.83,2843.0600958026794,Hold,2843.06009580271,2158.5917312662095
Hold,2024-09-24 14:00:00,66.18,2815.4080074849817,Hold,2815.4080074850117,2137.596899224866
Hold,2024-09-24 15:00:00,65.76,2797.540504264315,Hold,2797.540504264345,2124.031007751997
Hold,2024-09-24 16:00:00,65.98,2806.8996726179976,Hold,2806.899672618028,2131.136950904452
Hold,2024-09-24 17:00:00,66.32,2821.36384189187,Hold,2821.3638418919004,2142.118863049155
Hold,2024-09-24 18:00:00,66.26,2818.811341431775,Hold,2818.811341431806,2140.1808785530316
Hold,2024-09-24 19:00:00,66.8,2841.7838455726314,Hold,2841.783845572662,2157.622739018148
Hold,2024-09-24 20:00:00,66.37,2823.490925608616,Hold,2823.4909256086466,2143.7338501292593
Hold,2024-09-24 21:00:00,66.41,2825.192592582013,Hold,2825.1925925820433,2145.025839793342
Hold,2024-09-24 22:00:00,66.92,2846.8888464928223,Hold,2846.888846492853,2161.4987080103965
Hold,2024-09-24 23:00:00,66.7,2837.52967813914,Hold,2837.5296781391708,2154.3927648579415
Hold,2024-09-25 00:00:00,66.6,2833.2755107056473,Hold,2833.2755107056782,2151.1627906977346
Hold,2024-09-25 01:00:00,66.85,2843.9109292893777,Hold,2843.9109292894086,2159.2377260982516
Hold,2024-09-25 02:00:00,67.07,2853.2700976430597,Hold,2853.2700976430906,2166.3436692507066
Hold,2024-09-25 03:00:00,66.99,2849.866763696266,Hold,2849.866763696297,2163.759689922541
Hold,2024-09-25 04:00:00,66.54,2830.723010245553,Hold,2830.7230102455833,2149.2248062016106
Hold,2024-09-25 05:00:00,66.49,2828.5959265288066,Hold,2828.595926528837,2147.609819121507
Hold,2024-09-25 06:00:00,66.1,2812.0046735381875,Hold,2812.004673538218,2135.0129198966997
Hold,2024-09-25 07:00:00,66.25,2818.385924688426,Hold,2818.3859246884563,2139.8578811370103
Hold,2024-09-25 08:00:00,66.23,2817.5350912017275,Hold,2817.535091201758,2139.211886304969
Hold,2024-09-25 09:00:00,66.18,2815.4080074849817,Hold,2815.408007485012,2137.5968992248654
Hold,2024-09-25 10:00:00,66.32,2821.36384189187,Hold,2821.3638418919004,2142.1188630491547
Hold,2024-09-25 11:00:00,66.5,2829.0213432721557,Hold,2829.0213432721866,2147.9328165375273
Hold,2024-09-25 12:00:00,66.45,2826.89425955541,Hold,2826.894259555441,2146.317829457424
Hold,2024-09-25 13:00:00,66.89,2845.6125962627743,Hold,2845.6125962628057,2160.5297157623336
Hold,2024-09-25 14:00:00,67.35,2865.181766456837,Hold,2865.181766456869,2175.3875968992847
Hold,2024-09-25 15:00:00,67.36,2865.6071832001867,Hold,2865.6071832002185,2175.710594315306
Hold,2024-09-25 16:00:00,67.7,2880.0713524740595,Hold,2880.071352474092,2186.6925064600096
Hold,2024-09-25 17:00:00,67.33,2864.3309329701387,Hold,2864.3309329701706,2174.741602067244
Hold,2024-09-25 18:00:00,67.42,2868.1596836602816,Hold,2868.1596836603135,2177.6485788114305
Hold,2024-09-25 19:00:00,66.93,2847.3142632361714,Hold,2847.314263236203,2161.821705426417
Hold,2024-09-25 20:00:00,67.27,2861.778432510044,Hold,2861.7784325100756,2172.80361757112
Hold,2024-09-25 21:00:00,66.98,2849.4413469529172,Hold,2849.4413469529486,2163.4366925065206
Hold,2024-09-25 22:00:00,66.96,2848.5905134662185,Hold,2848.59051346625,2162.790697674479
Hold,2024-09-25 23:00:00,66.55,2831.1484269889015,Hold,2831.1484269889324,2149.5478036176314
Hold,2024-09-26 00:00:00,65.92,2804.347172157902,Hold,2804.3471721579326,2129.1989664083285
Hold,2024-09-26 01:00:00,66.23,2817.5350912017275,Hold,2817.535091201758,2139.21188630497
Hold,2024-09-26 02:00:00,66.42,2825.6180093253624,Hold,2825.618009325393,2145.348837209363
Hold,2024-09-26 03:00:00,66.46,2827.3196762987586,Hold,2827.319676298789,2146.640826873446
Hold,2024-09-26 04:00:00,66.59,2832.8500939622986,Hold,2832.8500939623295,2150.8397932817147
Hold,2024-09-26 05:00:00,67.16,2857.0988483332026,Hold,2857.0988483332335,2169.2506459948936
Hold,2024-09-26 06:00:00,67.28,2862.2038492533934,Hold,2862.2038492534243,2173.126614987142
Hold,2024-09-26 07:00:00,67.52,2872.4138510937732,Hold,2872.4138510938046,2180.8785529716383
Hold,2024-09-26 08:00:00,67.23,2860.076765536647,Hold,2860.0767655366785,2171.5116279070385
Hold,2024-09-26 09:00:00,67.39,2866.883433430234,Hold,2866.883433430265,2176.6795865633694
Hold,2024-09-26 10:00:00,67.77,2883.049269677503,Hold,2883.049269677534,2188.9534883721553
Hold,2024-09-26 11:00:00,67.56,2874.115518067171,Hold,2874.1155180672017,2182.170542635721
Hold,2024-09-26 12:00:00,67.5,2871.5630176070754,Hold,2871.5630176071063,2180.232558139597
Hold,2024-09-26 13:00:00,67.63,2877.093435270615,Hold,2877.0934352706463,2184.4315245478656
Hold,2024-09-26 14:00:00,67.28,2862.2038492533934,Hold,2862.2038492534243,2173.126614987142
Hold,2024-09-26 15:00:00,68.22,2902.1930231282176,Hold,2902.193023128249,2203.4883720930857
Hold,2024-09-26 16:00:00,68.07,2895.8117719779793,Hold,2895.811771978011,2198.6434108527756
Hold,2024-09-26 17:00:00,67.91,2889.0051040843923,Hold,2889.0051040844237,2193.4754521964446
Hold,2024-09-26 18:00:00,68.36,2908.1488575351063,Hold,2908.148857535138,2208.0103359173754
Hold,2024-09-26 19:00:00,68.18,2900.491356154821,Hold,2900.491356154853,2202.1963824290033
Hold,2024-09-26 20:00:00,67.61,2876.2426017839166,Hold,2876.2426017839484,2183.7855297158244
Hold,2024-09-26 21:00:00,68.35,2907.7234407917567,Hold,2907.723440791789,2207.6873385013546
Hold,2024-09-26 22:00:00,68.41,2910.275941251852,Hold,2910.275941251885,2209.625322997479
Hold,2024-09-26 23:00:00,68.54,2915.8063589153917,Hold,2915.8063589154244,2213.824289405748
Hold,2024-09-27 00:00:00,68.78,2926.0163607557724,Hold,2926.016360755805,2221.576227390244
Hold,2024-09-27 01:00:00,68.72,2923.463860295677,Hold,2923.4638602957098,2219.63824289412
Hold,2024-09-27 02:00:00,68.51,2914.530108685344,Hold,2914.530108685377,2212.8552971576864
Hold,2024-09-27 03:00:00,68.97,2934.099278879407,Hold,2934.0992788794397,2227.713178294637
Hold,2024-09-27 04:00:00,69.46,2954.9446993035176,Hold,2954.944699303551,2243.540051679651
Hold,2024-09-27 05:00:00,69.45,2954.519282560169,Hold,2954.5192825602016,2243.21705426363
Hold,2024-09-27 06:00:00,69.17,2942.6076137463915,Hold,2942.6076137464242,2234.1731266150505
Hold,2024-09-27 07:00:00,68.88,2930.270528189264,Hold,2930.2705281892963,2224.8062015504506
Hold,2024-09-27 08:00:00,69.2,2943.883863976439,Hold,2943.8838639764713,2235.142118863113
Hold,2024-09-27 09:00:00,69.41,2952.817615586772,Hold,2952.817615586804,2241.925064599547
Hold,2024-09-27 10:00:00,69.56,2959.1988667370097,Hold,2959.1988667370424,2246.7700258398577
Hold,2024-09-27 11:00:00,69.9,2973.6630360108825,Hold,2973.663036010915,2257.7519379845608
Hold,2024-09-27 12:00:00,70.27,2989.4034555148023,Hold,2989.403455514835,2269.702842377326
Hold,2024-09-27 13:00:00,70.15,2984.298454594613,Hold,2984.2984545946456,2265.826873385078
Hold,2024-09-27 14:00:00,70.17,2985.1492880813107,Hold,2985.1492880813435,2266.4728682171194
Hold,2024-09-27 15:00:00,70.09,2981.7459541345174,Hold,2981.74595413455,2263.888888888954
Hold,2024-09-27 16:00:00,70.53,3000.464290841882,Hold,3000.464290841915,2278.100775193864
Hold,2024-09-27 17:00:00,70.31,2991.1051224882,Hold,2991.105122488233,2270.994832041409
Hold,2024-09-27 18:00:00,70.14,2983.8730378512632,Hold,2983.8730378512964,2265.5038759690574
Hold,2024-09-27 19:00:00,70.64,3005.1438750187226,Hold,3005.143875018756,2281.6537467700914
Hold,2024-09-27 20:00:00,70.79,3011.525126168961,Hold,3011.5251261689946,2286.4987080104024
Hold,2024-09-27 21:00:00,70.62,3004.2930415320247,Hold,3004.2930415320584,2281.0077519380507
Hold,2024-09-27 22:00:00,70.89,3015.779293602453,Hold,3015.779293602487,2289.7286821706093
Hold,2024-09-27 23:00:00,71.13,3025.9892954428333,Hold,3025.9892954428674,2297.480620155105
Hold,2024-09-28 00:00:00,71.3,3033.22138007977,Hold,3033.221380079804,2302.971576227457
Hold,2024-09-28 01:00:00,71.04,3022.160544752691,Hold,3022.160544752725,2294.5736434109194
Hold,2024-09-28 02:00:00,71.39,3037.050130769913,Hold,3037.050130769947,2305.8785529716433
Hold,2024-09-28 03:00:00,71.42,3038.3263809999603,Hold,3038.326380999995,2306.847545219706
Hold,2024-09-28 04:00:00,71.28,3032.3705465930716,Hold,3032.3705465931057,2302.325581395416
Hold,2024-09-28 05:00:00,70.6,3003.442208045326,Hold,3003.4422080453596,2280.3617571060095
Hold,2024-09-28 06:00:00,70.17,2985.1492880813107,Hold,2985.149288081344,2266.472868217121
Hold,2024-09-28 07:00:00,70.41,2995.3592899216915,Hold,2995.359289921725,2274.224806201617
Hold,2024-09-28 08:00:00,69.94,2975.364702984279,Hold,2975.3647029843123,2259.0439276486445
Hold,2024-09-28 09:00:00,69.7,2965.154701143899,Hold,2965.154701143932,2251.291989664149
Hold,2024-09-28 10:00:00,70.03,2979.193453674422,Hold,2979.193453674455,2261.950904392831
Hold,2024-09-28 11:00:00,69.85,2971.535952294136,Hold,2971.5359522941694,2256.1369509044584
Hold,2024-09-28 12:00:00,69.33,2949.414281639978,Hold,2949.4142816400113,2239.3410852713832
Hold,2024-09-28 13:00:00,69.3,2948.1380314099306,Hold,2948.1380314099642,2238.372093023321
Hold,2024-09-28 14:00:00,70.02,2978.7680369310724,Hold,2978.7680369311056,2261.6279069768098
Hold,2024-09-28 15:00:00,69.77,2968.1326183473425,Hold,2968.1326183473757,2253.5529715762927
Hold,2024-09-28 16:00:00,69.42,2953.243032330121,Hold,2953.243032330154,2242.2480620155693
Hold,2024-09-28 17:00:00,69.57,2959.624283480359,Hold,2959.624283480392,2247.093023255879
Hold,2024-09-28 18:00:00,69.7,2965.154701143899,Hold,2965.154701143932,2251.2919896641483
Hold,2024-09-28 19:00:00,69.73,2966.4309513739463,Hold,2966.4309513739795,2252.2609819122104
Hold,2024-09-28 20:00:00,69.81,2969.83428532074,Hold,2969.8342853207732,2254.8449612403756
Hold,2024-09-28 21:00:00,69.76,2967.707201603994,Hold,2967.707201604027,2253.2299741602724
Hold,2024-09-28 22:00:00,69.79,2968.9834518340417,Hold,2968.9834518340754,2254.198966408334
Hold,2024-09-28 23:00:00,69.95,2975.7901197276287,Hold,2975.7901197276624,2259.366925064665
Hold,2024-09-29 00:00:00,69.63,2962.1767839404542,Hold,2962.1767839404874,2249.031007752003
Hold,2024-09-29 01:00:00,69.63,2962.1767839404542,Hold,2962.1767839404874,2249.031007752003
Hold,2024-09-29 02:00:00,69.63,2962.1767839404542,Hold,2962.1767839404874,2249.031007752003
Hold,2024-09-29 03:00:00,69.59,2960.475116967057,Hold,2960.4751169670903,2247.7390180879206
Hold,2024-09-29 04:00:00,69.2,2943.883863976439,Hold,2943.8838639764717,2235.1421188631143
Hold,2024-09-29 05:00:00,69.02,2936.226362596153,Hold,2936.2263625961855,2229.3281653747417
Hold,2024-09-29 06:00:00,68.96,2933.673862136058,Hold,2933.67386213609,2227.3901808786172
Hold,2024-09-29 07:00:00,68.74,2924.3146937823753,Hold,2924.3146937824076,2220.2842377261622
Hold,2024-09-29 08:00:00,68.91,2931.5467784193115,Hold,2931.5467784193443,2225.775193798514
Hold,2024-09-29 09:00:00,68.85,2928.9942779592166,Hold,2928.994277959249,2223.83720930239
Hold,2024-09-29 10:00:00,68.83,2928.1434444725187,Hold,2928.143444472551,2223.1912144703488
Hold,2024-09-29 11:00:00,69.01,2935.8009458528045,Hold,2935.800945852837,2229.0051679587214
Hold,2024-09-29 12:00:00,68.73,2923.889277039027,Hold,2923.8892770390594,2219.9612403101423
Hold,2024-09-29 13:00:00,69.26,2946.4363644365344,Hold,2946.4363644365667,2237.080103359239
Hold,2024-09-29 14:00:00,69.55,2958.7734499936605,Hold,2958.773449993693,2246.4470284238378
Hold,2024-09-29 15:00:00,69.85,2971.535952294136,Hold,2971.5359522941685,2256.136950904458
Hold,2024-09-29 16:00:00,69.65,2963.0276174271526,Hold,2963.0276174271853,2249.6770025840447
Hold,2024-09-29 17:00:00,69.77,2968.1326183473425,Hold,2968.1326183473752,2253.5529715762927
Hold,2024-09-29 18:00:00,69.83,2970.685118807438,Hold,2970.685118807471,2255.490956072417
Hold,2024-09-29 19:00:00,70.21,2986.8509550547074,Hold,2986.850955054741,2267.7648578812023
Hold,2024-09-29 20:00:00,69.99,2977.491786701025,Hold,2977.4917867010586,2260.6589147287473
Hold,2024-09-29 21:00:00,69.95,2975.7901197276287,Hold,2975.7901197276624,2259.366925064665
Hold,2024-09-29 22:00:00,69.68,2964.3038676572005,Hold,2964.303867657234,2250.6459948321067
Hold,2024-09-29 23:00:00,69.27,2946.861781179883,Hold,2946.8617811799163,2237.4031007752583
Hold,2024-09-30 00:00:00,69.11,2940.055113286296,Hold,2940.0551132863297,2232.2351421189273
Hold,2024-09-30 01:00:00,68.21,2901.767606384868,Hold,2901.767606384901,2203.165374677066
Hold,2024-09-30 02:00:00,67.88,2887.728853854345,Hold,2887.7288538543776,2192.5064599483835
Hold,2024-09-30 03:00:00,67.86,2886.878020367646,Hold,2886.878020367679,2191.8604651163423
Hold,2024-09-30 04:00:00,67.61,2876.2426017839166,Hold,2876.2426017839493,2183.7855297158253
Hold,2024-09-30 05:00:00,68.1,2897.088022208027,Hold,2897.0880222080596,2199.6124031008385
Hold,2024-09-30 06:00:00,67.99,2892.408438031186,Hold,2892.4084380312183,2196.059431524611
Hold,2024-09-30 07:00:00,68.25,2903.469273358265,Hold,2903.4692733582974,2204.457364341149
Hold,2024-09-30 08:00:00,67.97,2891.5576045444877,Hold,2891.5576045445205,2195.41343669257
Hold,2024-09-30 09:00:00,66.85,2843.9109292893777,Hold,2843.91092928941,2159.2377260982535
Hold,2024-09-30 10:00:00,67.02,2851.143013926314,Hold,2851.1430139263466,2164.728682170605
Hold,2024-09-30 11:00:00,67.26,2861.353015766695,Hold,2861.3530157667283,2172.4806201551023
Hold,2024-09-30 12:00:00,67.22,2859.651348793298,Hold,2859.651348793331,2171.1886304910195
Hold,2024-09-30 13:00:00,67.35,2865.181766456837,Hold,2865.1817664568703,2175.387596899288
Hold,2024-09-30 14:00:00,67.38,2866.458016686885,Hold,2866.4580166869177,2176.3565891473504
Hold,2024-09-30 15:00:00,66.62,2834.126344192346,Hold,2834.1263441923784,2151.8087855297786
Hold,2024-09-30 16:00:00,66.92,2846.8888464928223,Hold,2846.888846492855,2161.4987080103992
Hold,2024-09-30 17:00:00,67.3,2863.0546827400913,Hold,2863.054682740124,2173.772609819185
Hold,2024-09-30 18:00:00,67.32,2863.9055162267896,Hold,2863.9055162268223,2174.4186046512264
Hold,2024-09-30 19:00:00,67.32,2863.9055162267896,Hold,2863.9055162268223,2174.4186046512264
Hold,2024-09-30 20:00:00,67.4,2867.3088501735833,Hold,2867.308850173616,2177.002583979392
Hold,2024-09-30 21:00:00,67.28,2862.2038492533934,Hold,2862.203849253426,2173.126614987144
Hold,2024-09-30 22:00:00,67.04,2851.9938474130126,Hold,2851.9938474130454,2165.374677002648
Hold,2024-09-30 23:00:00,66.82,2842.6346790593298,Hold,2842.634679059362,2158.2687338501923
Hold,2024-10-01 00:00:00,67.39,2866.883433430234,Hold,2866.8834334302665,2176.6795865633717
Hold,2024-10-01 01:00:00,67.62,2876.668018527266,Hold,2876.668018527299,2184.1085271318475
Hold,2024-10-01 02:00:00,67.82,2885.1763533942494,Hold,2885.1763533942817,2190.568475452261
Hold,2024-10-01 03:00:00,67.9,2888.5796873410436,Hold,2888.579687341076,2193.152454780427
Hold,2024-10-01 04:00:00,68.14,2898.789689181424,Hold,2898.789689181456,2200.904392764923
Hold,2024-10-01 05:00:00,67.9,2888.5796873410436,Hold,2888.5796873410754,2193.152454780427
Hold,2024-10-01 06:00:00,68.17,2900.0659394114714,Hold,2900.065939411503,2201.8733850129856
Hold,2024-10-01 07:00:00,68.21,2901.767606384868,Hold,2901.7676063849,2203.165374677068
Hold,2024-10-01 08:00:00,68.17,2900.0659394114714,Hold,2900.065939411503,2201.8733850129856
Hold,2024-10-01 09:00:00,68.43,2911.126774738551,Hold,2911.1267747385828,2210.2713178295235
Hold,2024-10-01 10:00:00,68.43,2911.126774738551,Hold,2911.1267747385828,2210.2713178295235
Hold,2024-10-01 11:00:00,68.11,2897.513438951376,Hold,2897.513438951408,2199.935400516861
Hold,2024-10-01 12:00:00,68.06,2895.3863552346306,Hold,2895.3863552346625,2198.3204134367575
Hold,2024-10-01 13:00:00,67.17,2857.524265076552,Hold,2857.5242650765836,2169.573643410917
Hold,2024-10-01 14:00:00,65.87,2802.220088441157,Hold,2802.2200884411873,2127.583979328229
Hold,2024-10-01 15:00:00,65.29,2777.5459173269032,Hold,2777.5459173269332,2108.850129199029
Hold,2024-10-01 16:00:00,64.62,2749.0429955225068,Hold,2749.042995522537,2087.2093023256434
Trailing-Stop,2024-10-01 17:00:00,64.1,2726.921324868348,Trailing stop 10.0% hit,2726.9213248683777,2070.4134366925678
Buy,2024-10-05 21:00:00,65.55,2726.921324868348,Sinal: Compra,2726.9213248683777,2117.2480620155666
Hold,2024-10-05 22:00:00,66.24,2750.1172639729884,Hold,2750.1172639730185,2139.5348837209935
Hold,2024-10-05 23:00:00,66.29,2752.1931375116155,Hold,2752.1931375116455,2141.149870801097
Hold,2024-10-06 00:00:00,66.33,2753.8538363425173,Hold,2753.8538363425473,2142.44186046518
Hold,2024-10-06 01:00:00,66.63,2766.309077574279,Hold,2766.309077574309,2152.1317829458008
Hold,2024-10-06 02:00:00,66.48,2760.081456958398,Hold,2760.081456958428,2147.286821705491
Hold,2024-10-06 03:00:00,66.31,2753.0234869270666,Hold,2753.0234869270967,2141.7958656331393
Hold,2024-10-06 04:00:00,66.5,2760.911806373849,Hold,2760.9118063738792,2147.9328165375327
Hold,2024-10-06 05:00:00,66.65,2767.1394269897296,Hold,2767.13942698976,2152.777777777843
Hold,2024-10-06 06:00:00,66.64,2766.7242522820043,Hold,2766.7242522820347,2152.454780361822
Hold,2024-10-06 07:00:00,66.96,2780.0098429292166,Hold,2780.009842929247,2162.7906976744835
Hold,2024-10-06 08:00:00,67.03,2782.9160658832943,Hold,2782.916065883325,2165.0516795866283
Hold,2024-10-06 09:00:00,67.28,2793.2954335764293,Hold,2793.29543357646,2173.1266149871453
Hold,2024-10-06 10:00:00,67.45,2800.3534036077613,Hold,2800.3534036077913,2178.617571059497
Hold,2024-10-06 11:00:00,67.51,2802.8444518541137,Hold,2802.8444518541437,2180.555555555621
Hold,2024-10-06 12:00:00,67.41,2798.692704776859,Hold,2798.6927047768886,2177.3255813954142
Hold,2024-10-06 13:00:00,67.45,2800.3534036077613,Hold,2800.3534036077913,2178.617571059497
Hold,2024-10-06 14:00:00,67.49,2802.014102438662,Hold,2802.0141024386926,2179.9095607235795
Hold,2024-10-06 15:00:00,67.35,2796.2016565305066,Hold,2796.201656530537,2175.3875968992897
Hold,2024-10-06 16:00:00,67.23,2791.2195600378027,Hold,2791.2195600378327,2171.511627907042
Hold,2024-10-06 17:00:00,67.15,2787.8981623759996,Hold,2787.8981623760296,2168.927648578877
Hold,2024-10-06 18:00:00,67.38,2797.447180653683,Hold,2797.4471806537135,2176.356589147352
Hold,2024-10-06 19:00:00,67.23,2791.2195600378027,Hold,2791.2195600378327,2171.5116279070426
Hold,2024-10-06 20:00:00,67.33,2795.371307115056,Hold,2795.371307115086,2174.7416020672495
Hold,2024-10-06 21:00:00,66.88,2776.6884452674135,Hold,2776.6884452674435,2160.2067183463187
Hold,2024-10-06 22:00:00,67.3,2794.12578299188,Hold,2794.1257829919095,2173.772609819187
Hold,2024-10-06 23:00:00,67.02,2782.5008911755685,Hold,2782.500891175598,2164.7286821706084
Hold,2024-10-07 00:00:00,67.56,2804.9203253927403,Hold,2804.92032539277,2182.1705426357253
Hold,2024-10-07 01:00:00,67.88,2818.2059160399526,Hold,2818.2059160399817,2192.5064599483867
Hold,2024-10-07 02:00:00,67.58,2805.750674808191,Hold,2805.75067480822,2182.8165374677665
Hold,2024-10-07 03:00:00,67.68,2809.902421885445,Hold,2809.9024218854743,2186.0465116279734
Hold,2024-10-07 04:00:00,67.6,2806.5810242236416,Hold,2806.5810242236707,2183.4625322998077
Hold,2024-10-07 05:00:00,67.61,2806.996198931367,Hold,2806.996198931396,2183.7855297158285
Hold,2024-10-07 06:00:00,67.66,2809.072072469994,Hold,2809.072072470023,2185.4005167959317
Hold,2024-10-07 07:00:00,67.41,2798.692704776859,Hold,2798.692704776888,2177.325581395415
Hold,2024-10-07 08:00:00,67.34,2795.7864818227818,Hold,2795.7864818228113,2175.0645994832703
Hold,2024-10-07 09:00:00,66.73,2770.4608246515327,Hold,2770.460824651562,2155.361757106009
Hold,2024-10-07 10:00:00,66.19,2748.041390434362,Hold,2748.041390434391,2137.9198966408917
Hold,2024-10-07 11:00:00,66.47,2759.666282250673,Hold,2759.6662822507014,2146.9638242894707
Hold,2024-10-07 12:00:00,65.72,2728.528179171268,Hold,2728.528179171297,2122.7390180879197
Hold,2024-10-07 13:00:00,66.15,2746.38069160346,Hold,2746.380691603489,2136.627906976809
Hold,2024-10-07 14:00:00,66.54,2762.5725052047505,Hold,2762.5725052047796,2149.2248062016156
Hold,2024-10-07 15:00:00,65.9,2736.001323910326,Hold,2736.001323910355,2128.552971576292
Hold,2024-10-07 16:00:00,66.26,2750.9476133884395,Hold,2750.947613388469,2140.180878553036
Hold,2024-10-07 17:00:00,66.0,2740.153070987579,Hold,2740.1530709876083,2131.7829457364983
Hold,2024-10-07 18:00:00,64.92,2695.314202553237,Hold,2695.314202553266,2096.899224806265
Hold,2024-10-07 19:00:00,65.64,2725.206781509465,Hold,2725.2067815094942,2120.1550387597536
Hold,2024-10-07 20:00:00,65.65,2725.621956217191,Hold,2725.62195621722,2120.4780361757744
Hold,2024-10-07 21:00:00,65.64,2725.206781509465,Hold,2725.2067815094942,2120.1550387597536
Hold,2024-10-07 22:00:00,64.79,2689.9169313528073,Hold,2689.916931352836,2092.700258397996
Hold,2024-10-07 23:00:00,64.77,2689.086581937356,Hold,2689.0865819373844,2092.0542635659544
Hold,2024-10-08 00:00:00,65.11,2703.202522000019,Hold,2703.202522000048,2103.036175710658
Hold,2024-10-08 01:00:00,65.29,2710.675666739077,Hold,2710.675666739106,2108.8501291990306
Hold,2024-10-08 02:00:00,65.33,2712.3363655699777,Hold,2712.336365570007,2110.142118863113
Hold,2024-10-08 03:00:00,65.26,2709.4301426159004,Hold,2709.4301426159295,2107.881136950968
Hold,2024-10-08 04:00:00,65.38,2714.412239108605,Hold,2714.412239108634,2111.757105943216
Hold,2024-10-08 05:00:00,64.98,2697.8052507995894,Hold,2697.8052507996185,2098.837209302389
Hold,2024-10-08 06:00:00,65.12,2703.617696707745,Hold,2703.617696707774,2103.359173126679
Hold,2024-10-08 07:00:00,65.07,2701.541823169118,Hold,2701.5418231691474,2101.744186046575
Hold,2024-10-08 08:00:00,65.04,2700.296299045942,Hold,2700.2962990459714,2100.775193798513
Hold,2024-10-08 09:00:00,65.4,2715.242588524056,Hold,2715.242588524086,2112.403100775258
Hold,2024-10-08 10:00:00,65.5,2719.3943356013096,Hold,2719.3943356013397,2115.6330749354647
Hold,2024-10-08 11:00:00,65.58,2722.7157332631127,Hold,2722.7157332631427,2118.2170542636304
Hold,2024-10-08 12:00:00,65.5,2719.3943356013096,Hold,2719.3943356013397,2115.633074935465
Hold,2024-10-08 13:00:00,65.88,2735.1709744948744,Hold,2735.1709744949044,2127.906976744251
Hold,2024-10-08 14:00:00,65.9,2736.001323910326,Hold,2736.0013239103564,2128.5529715762927
Hold,2024-10-08 15:00:00,65.55,2721.4702091399363,Hold,2721.4702091399663,2117.248062015569
Hold,2024-10-08 16:00:00,65.79,2731.4344021253464,Hold,2731.434402125377,2125.0000000000655
Hold,2024-10-08 17:00:00,65.63,2724.7916068017394,Hold,2724.7916068017694,2119.832041343734
Hold,2024-10-08 18:00:00,65.8,2731.8495768330713,Hold,2731.8495768331013,2125.3229974160854
Hold,2024-10-08 19:00:00,65.68,2726.8674803403674,Hold,2726.8674803403974,2121.4470284238378
Hold,2024-10-08 20:00:00,66.02,2740.98342040303,Hold,2740.98342040306,2132.428940568541
Hold,2024-10-08 21:00:00,66.08,2743.4744686493823,Hold,2743.4744686494123,2134.3669250646653
Hold,2024-10-08 22:00:00,65.75,2729.7737032944447,Hold,2729.773703294474,2123.708010335983
Hold,2024-10-08 23:00:00,65.69,2727.282655048092,Hold,2727.2826550481213,2121.770025839859
Hold,2024-10-09 00:00:00,65.67,2726.4523056326416,Hold,2726.452305632671,2121.124031007818
Hold,2024-10-09 01:00:00,65.85,2733.925450371698,Hold,2733.925450371728,2126.93798449619
Hold,2024-10-09 02:00:00,65.61,2723.9612573862887,Hold,2723.9612573863187,2119.186046511694
Hold,2024-10-09 03:00:00,65.61,2723.9612573862887,Hold,2723.9612573863187,2119.186046511694
Hold,2024-10-09 04:00:00,65.57,2722.300558555387,Hold,2722.300558555417,2117.894056847611
Hold,2024-10-09 05:00:00,65.88,2735.1709744948744,Hold,2735.170974494904,2127.906976744252
Hold,2024-10-09 06:00:00,65.72,2728.528179171268,Hold,2728.528179171298,2122.739018087921
Hold,2024-10-09 07:00:00,65.79,2731.4344021253464,Hold,2731.4344021253764,2125.0000000000664
Hold,2024-10-09 08:00:00,65.62,2724.3764320940145,Hold,2724.3764320940445,2119.509043927714
Hold,2024-10-09 09:00:00,65.75,2729.7737032944447,Hold,2729.7737032944747,2123.708010335983
Hold,2024-10-09 10:00:00,65.6,2723.5460826785634,Hold,2723.5460826785934,2118.8630490956725
Hold,2024-10-09 11:00:00,65.69,2727.282655048092,Hold,2727.282655048122,2121.770025839859
Hold,2024-10-09 12:00:00,65.15,2704.8632208309214,Hold,2704.863220830951,2104.3281653747426
Hold,2024-10-09 13:00:00,64.85,2692.4079795991593,Hold,2692.407979599189,2094.638242894122
Hold,2024-10-09 14:00:00,65.04,2700.296299045942,Hold,2700.2962990459714,2100.775193798515
Hold,2024-10-09 15:00:00,65.27,2709.8453173236253,Hold,2709.8453173236544,2108.2041343669907
Hold,2024-10-09 16:00:00,64.91,2694.8990278455117,Hold,2694.899027845541,2096.576227390246
Hold,2024-10-09 17:00:00,65.03,2699.881124338216,Hold,2699.8811243382456,2100.4521963824945
Hold,2024-10-09 18:00:00,65.2,2706.939094369548,Hold,2706.939094369577,2105.9431524548463
Hold,2024-10-09 19:00:00,64.87,2693.23832901461,Hold,2693.238329014639,2095.284237726164
Hold,2024-10-09 20:00:00,64.3,2669.5733706742626,Hold,2669.5733706742913,2076.873385012985
Hold,2024-10-09 21:00:00,64.41,2674.140292459242,Hold,2674.1402924592708,2080.4263565892124
Hold,2024-10-09 22:00:00,64.43,2674.970641874693,Hold,2674.9706418747214,2081.072351421254
Hold,2024-10-09 23:00:00,64.59,2681.613437198299,Hold,2681.613437198327,2086.2403100775846
Hold,2024-10-10 00:00:00,64.49,2677.461690121045,Hold,2677.461690121074,2083.0103359173777
Hold,2024-10-10 01:00:00,64.79,2689.9169313528073,Hold,2689.916931352836,2092.7002583979984
Hold,2024-10-10 02:00:00,64.95,2696.559726676413,Hold,2696.559726676441,2097.8682170543293
Hold,2024-10-10 03:00:00,64.89,2694.0686784300606,Hold,2694.068678430089,2095.9302325582053
Hold,2024-10-10 04:00:00,64.82,2691.162455475983,Hold,2691.1624554760115,2093.66925064606
Hold,2024-10-10 05:00:00,64.97,2697.3900760918636,Hold,2697.3900760918923,2098.5142118863705
Hold,2024-10-10 06:00:00,64.96,2696.9749013841383,Hold,2696.974901384167,2098.191214470349
Hold,2024-10-10 07:00:00,64.69,2685.765184275553,Hold,2685.7651842755813,2089.470284237791
Hold,2024-10-10 08:00:00,64.79,2689.9169313528073,Hold,2689.916931352836,2092.7002583979984
Hold,2024-10-10 09:00:00,64.66,2684.5196601523767,Hold,2684.5196601524053,2088.501291989729
Hold,2024-10-10 10:00:00,64.56,2680.3679130751234,Hold,2680.367913075152,2085.2713178295226
Hold,2024-10-10 11:00:00,64.46,2676.2161659978688,Hold,2676.2161659978974,2082.0413436693157
Hold,2024-10-10 12:00:00,64.35,2671.6492442128897,Hold,2671.6492442129183,2078.488372093088
Hold,2024-10-10 13:00:00,64.24,2667.08232242791,Hold,2667.082322427939,2074.9354005168607
Hold,2024-10-10 14:00:00,64.17,2664.176099473833,Hold,2664.1760994738615,2072.674418604716
Hold,2024-10-10 15:00:00,64.41,2674.140292459242,Hold,2674.1402924592703,2080.426356589212
Hold,2024-10-10 16:00:00,64.28,2668.743021258812,Hold,2668.7430212588406,2076.2273901809435
Hold,2024-10-10 17:00:00,63.87,2651.720858242071,Hold,2651.7208582420994,2062.984496124095
Hold,2024-10-10 18:00:00,64.12,2662.1002259352063,Hold,2662.1002259352344,2071.0594315246126
Hold,2024-10-10 19:00:00,64.18,2664.5912741815587,Hold,2664.5912741815873,2072.997416020737
Hold,2024-10-10 20:00:00,64.13,2662.5154006429307,Hold,2662.5154006429593,2071.382428940633
Hold,2024-10-10 21:00:00,64.09,2660.85470181203,Hold,2660.8547018120585,2070.0904392765506
Hold,2024-10-10 22:00:00,64.1,2661.2698765197547,Hold,2661.2698765197833,2070.413436692571
Hold,2024-10-10 23:00:00,64.32,2670.4037200897133,Hold,2670.4037200897424,2077.519379845026
Hold,2024-10-11 00:00:00,64.5,2677.8768648287705,Hold,2677.8768648287996,2083.3333333333985
Hold,2024-10-11 01:00:00,64.68,2685.350009567828,Hold,2685.3500095678573,2089.1472868217706
Hold,2024-10-11 02:00:00,64.86,2692.823154306885,Hold,2692.8231543069146,2094.961240310143
Hold,2024-10-11 03:00:00,65.0,2698.63560021504,Hold,2698.6356002150696,2099.4832041344325
Hold,2024-10-11 04:00:00,64.93,2695.729377260963,Hold,2695.7293772609924,2097.222222222288
Hold,2024-10-11 05:00:00,64.71,2686.5955336910038,Hold,2686.5955336910333,2090.1162790698327
Hold,2024-10-11 06:00:00,64.72,2687.010708398729,Hold,2687.010708398758,2090.4392764858535
Hold,2024-10-11 07:00:00,64.6,2682.0286119060243,Hold,2682.0286119060534,2086.5633074936054
Hold,2024-10-11 08:00:00,64.92,2695.314202553237,Hold,2695.3142025532666,2096.8992248062673
Hold,2024-10-11 09:00:00,65.25,2709.0149679081746,Hold,2709.014967908204,2107.55813953495
Hold,2024-10-11 10:00:00,65.13,2704.0328714154703,Hold,2704.0328714154994,2103.6821705427014
Hold,2024-10-11 11:00:00,65.14,2704.4480461231956,Hold,2704.448046123225,2104.005167958722
Hold,2024-10-11 12:00:00,65.12,2703.617696707745,Hold,2703.6176967077745,2103.3591731266806
Hold,2024-10-11 13:00:00,65.14,2704.4480461231956,Hold,2704.448046123225,2104.005167958722
Hold,2024-10-11 14:00:00,65.19,2706.523919661822,Hold,2706.523919661852,2105.6201550388255
Hold,2024-10-11 15:00:00,65.4,2715.242588524056,Hold,2715.2425885240855,2112.4031007752596
Hold,2024-10-11 16:00:00,65.48,2718.563986185859,Hold,2718.5639861858886,2114.987080103425
Hold,2024-10-11 17:00:00,65.75,2729.7737032944447,Hold,2729.773703294474,2123.7080103359835
Hold,2024-10-11 18:00:00,65.78,2731.0192274176206,Hold,2731.0192274176497,2124.6770025840456
Hold,2024-10-11 19:00:00,65.77,2730.604052709895,Hold,2730.604052709924,2124.354005168025
Hold,2024-10-11 20:00:00,65.65,2725.621956217191,Hold,2725.6219562172205,2120.478036175777
Hold,2024-10-11 21:00:00,65.59,2723.1309079708385,Hold,2723.130907970868,2118.540051679653
Hold,2024-10-11 22:00:00,65.55,2721.4702091399363,Hold,2721.470209139966,2117.24806201557
Hold,2024-10-11 23:00:00,65.58,2722.7157332631127,Hold,2722.7157332631423,2118.2170542636322
Hold,2024-10-12 00:00:00,65.7,2727.6978297558176,Hold,2727.6978297558467,2122.0930232558803
Hold,2024-10-12 01:00:00,65.66,2726.037130924916,Hold,2726.037130924945,2120.8010335917975
Hold,2024-10-12 02:00:00,65.28,2710.260492031351,Hold,2710.26049203138,2108.5271317830116
Hold,2024-10-12 03:00:00,65.21,2707.3542690772733,Hold,2707.3542690773024,2106.2661498708667
Hold,2024-10-12 04:00:00,65.42,2716.0729379395066,Hold,2716.072937939535,2113.0490956073013
Hold,2024-10-12 05:00:00,65.59,2723.1309079708385,Hold,2723.1309079708676,2118.540051679653
Hold,2024-10-12 06:00:00,65.71,2728.1130044635424,Hold,2728.113004463571,2122.416020671901
Hold,2024-10-12 07:00:00,65.96,2738.4923721566774,Hold,2738.492372156706,2130.490956072418
Hold,2024-10-12 08:00:00,66.14,2745.9655168957347,Hold,2745.9655168957634,2136.3049095607907
Hold,2024-10-12 09:00:00,66.39,2756.3448845888697,Hold,2756.344884588899,2144.3798449613078
Hold,2024-10-12 10:00:00,66.45,2758.8359328352217,Hold,2758.835932835251,2146.317829457432
Hold,2024-10-12 11:00:00,66.34,2754.2690110502426,Hold,2754.2690110502717,2142.7648578812045
Hold,2024-10-12 12:00:00,66.45,2758.8359328352217,Hold,2758.835932835251,2146.317829457432
Hold,2024-10-12 13:00:00,66.54,2762.5725052047505,Hold,2762.572505204779,2149.2248062016183
Hold,2024-10-12 14:00:00,66.35,2754.6841857579675,Hold,2754.684185757996,2143.0878552972245
Hold,2024-10-12 15:00:00,66.37,2755.5145351734186,Hold,2755.5145351734477,2143.733850129266
Hold,2024-10-12 16:00:00,66.27,2751.362788096165,Hold,2751.362788096194,2140.503875969059
Hold,2024-10-12 17:00:00,66.24,2750.1172639729884,Hold,2750.1172639730175,2139.534883720997
Hold,2024-10-12 18:00:00,66.23,2749.7020892652636,Hold,2749.7020892652927,2139.2118863049764
Hold,2024-10-12 19:00:00,66.25,2750.532438680714,Hold,2750.5324386807433,2139.857881137018
Hold,2024-10-12 20:00:00,66.37,2755.5145351734186,Hold,2755.5145351734477,2143.733850129266
Hold,2024-10-12 21:00:00,66.29,2752.1931375116155,Hold,2752.193137511644,2141.149870801101
Hold,2024-10-12 22:00:00,66.3,2752.608312219341,Hold,2752.60831221937,2141.4728682171212
Hold,2024-10-12 23:00:00,66.19,2748.041390434362,Hold,2748.041390434391,2137.9198966408935
Hold,2024-10-13 00:00:00,66.01,2740.568245695305,Hold,2740.568245695334,2132.1059431525214
Hold,2024-10-13 01:00:00,65.67,2726.4523056326416,Hold,2726.4523056326702,2121.1240310078183
Hold,2024-10-13 02:00:00,65.79,2731.4344021253464,Hold,2731.4344021253755,2125.0000000000664
Hold,2024-10-13 03:00:00,65.53,2720.639859724486,Hold,2720.6398597245147,2116.602067183529
Hold,2024-10-13 04:00:00,65.78,2731.0192274176206,Hold,2731.0192274176497,2124.677002584046
Hold,2024-10-13 05:00:00,65.74,2729.358528586719,Hold,2729.358528586748,2123.385012919963
Hold,2024-10-13 06:00:00,65.69,2727.282655048092,Hold,2727.2826550481213,2121.77002583986
Hold,2024-10-13 07:00:00,65.68,2726.8674803403674,Hold,2726.8674803403974,2121.4470284238396
Hold,2024-10-13 08:00:00,65.36,2713.581889693154,Hold,2713.581889693184,2111.1111111111773
Hold,2024-10-13 09:00:00,65.63,2724.7916068017394,Hold,2724.7916068017694,2119.8320413437355
Hold,2024-10-13 10:00:00,65.34,2712.7515402777035,Hold,2712.7515402777335,2110.4651162791356
Hold,2024-10-13 11:00:00,65.08,2701.956997876843,Hold,2701.956997876873,2102.0671834625978
Hold,2024-10-13 12:00:00,65.37,2713.99706440088,Hold,2713.99706440091,2111.434108527198
Hold,2024-10-13 13:00:00,65.38,2714.412239108605,Hold,2714.4122391086344,2111.757105943218
Hold,2024-10-13 14:00:00,64.93,2695.729377260963,Hold,2695.7293772609924,2097.222222222288
Hold,2024-10-13 15:00:00,64.68,2685.350009567828,Hold,2685.350009567857,2089.1472868217706
Hold,2024-10-13 16:00:00,65.01,2699.050774922766,Hold,2699.0507749227954,2099.8062015504534
Hold,2024-10-13 17:00:00,64.69,2685.765184275553,Hold,2685.765184275582,2089.470284237791
Hold,2024-10-13 18:00:00,64.55,2679.9527383673976,Hold,2679.9527383674263,2084.9483204135013
Hold,2024-10-13 19:00:00,64.7,2686.1803589832784,Hold,2686.180358983307,2089.793281653812
Hold,2024-10-13 20:00:00,64.73,2687.4258831064544,Hold,2687.425883106483,2090.7622739018743
Hold,2024-10-13 21:00:00,64.86,2692.823154306885,Hold,2692.8231543069137,2094.961240310143
Hold,2024-10-13 22:00:00,64.91,2694.8990278455117,Hold,2694.89902784554,2096.5762273902465
Hold,2024-10-13 23:00:00,64.8,2690.332106060532,Hold,2690.3321060605604,2093.0232558140187
Hold,2024-10-14 00:00:00,64.29,2669.1581959665377,Hold,2669.158195966566,2076.5503875969644
Hold,2024-10-14 01:00:00,64.49,2677.461690121045,Hold,2677.461690121074,2083.0103359173777
Hold,2024-10-14 02:00:00,64.33,2670.818894797439,Hold,2670.8188947974672,2077.8423772610467
Hold,2024-10-14 03:00:00,65.52,2720.2246850167603,Hold,2720.2246850167894,2116.2790697675077
Hold,2024-10-14 04:00:00,65.45,2717.318462062683,Hold,2717.318462062712,2114.0180878553633
Hold,2024-10-14 05:00:00,65.38,2714.412239108605,Hold,2714.412239108634,2111.757105943218
Hold,2024-10-14 06:00:00,65.44,2716.9032873549572,Hold,2716.9032873549863,2113.695090439342
Hold,2024-10-14 07:00:00,65.56,2721.885383847662,Hold,2721.8853838476907,2117.57105943159
Hold,2024-10-14 08:00:00,65.55,2721.4702091399363,Hold,2721.470209139965,2117.2480620155698
Hold,2024-10-14 09:00:00,65.88,2735.1709744948744,Hold,2735.170974494903,2127.906976744252
Hold,2024-10-14 10:00:00,65.8,2731.8495768330713,Hold,2731.8495768331,2125.3229974160868
Hold,2024-10-14 11:00:00,65.91,2736.4164986180504,Hold,2736.416498618079,2128.875968992314
Hold,2024-10-14 12:00:00,65.97,2738.9075468644032,Hold,2738.907546864432,2130.8139534884385
Hold,2024-10-14 13:00:00,66.42,2757.590408712046,Hold,2757.590408712075,2145.3488372093693
Hold,2024-10-14 14:00:00,66.6,2765.0635534511025,Hold,2765.063553451131,2151.1627906977415
Hold,2024-10-14 15:00:00,66.94,2779.1794935137655,Hold,2779.179493513794,2162.1447028424445
Hold,2024-10-14 16:00:00,66.66,2767.554601697455,Hold,2767.5546016974836,2153.100775193866
Hold,2024-10-14 17:00:00,66.58,2764.233204035652,Hold,2764.2332040356805,2150.5167958657003
Hold,2024-10-14 18:00:00,66.98,2780.8401923446677,Hold,2780.840192344697,2163.4366925065274
Hold,2024-10-14 19:00:00,66.87,2776.273270559688,Hold,2776.2732705597173,2159.8837209303
Hold,2024-10-14 20:00:00,66.77,2772.1215234824344,Hold,2772.1215234824635,2156.6537467700928
Hold,2024-10-14 21:00:00,66.65,2767.1394269897296,Hold,2767.1394269897582,2152.777777777845
Hold,2024-10-14 22:00:00,67.28,2793.2954335764293,Hold,2793.295433576459,2173.1266149871476
Hold,2024-10-14 23:00:00,66.83,2774.6125717287864,Hold,2774.6125717288155,2158.591731266217
Hold,2024-10-15 00:00:00,67.52,2803.2596265618386,Hold,2803.259626561868,2180.878552971644
Hold,2024-10-15 01:00:00,67.42,2799.107879484585,Hold,2799.107879484615,2177.648578811437
Hold,2024-10-15 02:00:00,67.32,2794.95613240733,Hold,2794.9561324073597,2174.41860465123
Hold,2024-10-15 03:00:00,66.85,2775.4429211442375,Hold,2775.4429211442666,2159.237726098258
Hold,2024-10-15 04:00:00,67.15,2787.8981623759996,Hold,2787.8981623760287,2168.9276485788787
Hold,2024-10-15 05:00:00,66.79,2772.951872897885,Hold,2772.9518728979137,2157.299741602134
Hold,2024-10-15 06:00:00,67.0,2781.6705417601183,Hold,2781.6705417601474,2164.082687338568
Hold,2024-10-15 07:00:00,66.88,2776.6884452674135,Hold,2776.6884452674426,2160.2067183463196
Hold,2024-10-15 08:00:00,67.1,2785.8222888373716,Hold,2785.8222888374007,2167.3126614987746
Hold,2024-10-15 09:00:00,66.81,2773.7822223133358,Hold,2773.782222313365,2157.945736434175
Hold,2024-10-15 10:00:00,67.05,2783.746415298745,Hold,2783.746415298774,2165.6976744186713
Hold,2024-10-15 11:00:00,66.05,2742.2289445262063,Hold,2742.228944526235,2133.397932816603
Hold,2024-10-15 12:00:00,67.12,2786.652638252823,Hold,2786.652638252852,2167.9586563308158
Hold,2024-10-15 13:00:00,67.97,2821.9424884094815,Hold,2821.9424884095106,2195.4134366925737
Hold,2024-10-15 14:00:00,66.28,2751.77796280389,Hold,2751.7779628039184,2140.8268733850787
Hold,2024-10-15 15:00:00,66.26,2750.9476133884395,Hold,2750.9476133884677,2140.1808785530375
Hold,2024-10-15 16:00:00,69.74,2895.4284116768754,Hold,2895.428411676905,2252.583979328234
Hold,2024-10-15 17:00:00,68.72,2853.080591488885,Hold,2853.0805914889143,2219.6382428941247
Hold,2024-10-15 18:00:00,69.21,2873.4241521674294,Hold,2873.4241521674585,2235.465116279138
Hold,2024-10-15 19:00:00,69.73,2895.01323696915,Hold,2895.0132369691796,2252.2609819122135
Hold,2024-10-15 20:00:00,69.13,2870.1027545056263,Hold,2870.1027545056554,2232.881136950972
Hold,2024-10-15 21:00:00,70.4,2922.8299423867516,Hold,2922.8299423867816,2273.901808785599
Hold,2024-10-15 22:00:00,70.18,2913.696098816793,Hold,2913.696098816823,2266.795865633144
Hold,2024-10-15 23:00:00,70.87,2942.3431536498447,Hold,2942.343153649875,2289.082687338571
Hold,2024-10-16 00:00:00,71.9,2985.10614854556,Hold,2985.106148545591,2322.351421188701
Hold,2024-10-16 01:00:00,72.38,3005.0345345163782,Hold,3005.0345345164096,2337.8552971576933
Hold,2024-10-16 02:00:00,71.53,2969.7446843597204,Hold,2969.7446843597513,2310.400516795936
Hold,2024-10-16 03:00:00,71.58,2971.8205578983475,Hold,2971.820557898379,2312.0155038760395
Hold,2024-10-16 04:00:00,71.27,2958.95014195886,Hold,2958.950141958891,2302.002583979398
Hold,2024-10-16 05:00:00,71.75,2978.878527929679,Hold,2978.87852792971,2317.506459948391
Hold,2024-10-16 06:00:00,71.31,2960.610840789762,Hold,2960.6108407897927,2303.294573643481
Hold,2024-10-16 07:00:00,70.86,2941.927978942119,Hold,2941.92797894215,2288.7596899225505
Hold,2024-10-16 08:00:00,70.6,2931.1334365412586,Hold,2931.1334365412895,2280.3617571060126
Hold,2024-10-16 09:00:00,71.21,2956.4590937125076,Hold,2956.4590937125386,2300.064599483274
Hold,2024-10-16 10:00:00,71.49,2968.0839855288186,Hold,2968.083985528849,2309.108527131853
Hold,2024-10-16 11:00:00,71.54,2970.1598590674457,Hold,2970.1598590674766,2310.723514211957
Hold,2024-10-16 12:00:00,70.87,2942.3431536498447,Hold,2942.343153649875,2289.082687338571
Hold,2024-10-16 13:00:00,70.39,2922.4147676790258,Hold,2922.4147676790562,2273.5788113695785
Hold,2024-10-16 14:00:00,70.17,2913.280924109067,Hold,2913.2809241090977,2266.4728682171235
Hold,2024-10-16 15:00:00,69.92,2902.901556415932,Hold,2902.9015564159627,2258.3979328166065
Hold,2024-10-16 16:00:00,70.08,2909.544351739539,Hold,2909.5443517395693,2263.565891472937
Hold,2024-10-16 17:00:00,70.34,2920.3388941403987,Hold,2920.338894140429,2271.963824289475
Hold,2024-10-16 18:00:00,70.25,2916.6023217708703,Hold,2916.6023217709007,2269.0568475452887
Hold,2024-10-16 19:00:00,70.27,2917.432671186321,Hold,2917.432671186352,2269.70284237733
Hold,2024-10-16 20:00:00,70.04,2907.8836529086375,Hold,2907.883652908668,2262.2739018088546
Hold,2024-10-16 21:00:00,69.91,2902.486381708207,Hold,2902.4863817082373,2258.0749354005857
Hold,2024-10-16 22:00:00,70.1,2910.3747011549895,Hold,2910.37470115502,2264.2118863049786
Hold,2024-10-16 23:00:00,70.08,2909.544351739539,Hold,2909.5443517395693,2263.5658914729374
Hold,2024-10-17 00:00:00,70.31,2919.0933700172227,Hold,2919.0933700172536,2270.9948320414132
Hold,2024-10-17 01:00:00,70.71,2935.7003583262376,Hold,2935.7003583262685,2283.91472868224
Sell,2024-10-17 02:00:00,70.37,2921.584418263575,Sinal: Venda,2921.5844182636056,2272.9328165375377
Buy,2024-10-18 07:00:00,72.26,2921.584418263575,Sinal: Compra,2921.5844182636056,2333.9793281654465
Hold,2024-10-18 08:00:00,72.17,2912.112604786846,Hold,2912.1126047868765,2331.0723514212605
Hold,2024-10-18 09:00:00,72.13,2910.4985753536816,Hold,2910.498575353712,2329.7803617571776
Hold,2024-10-18 10:00:00,71.98,2904.4459649793152,Hold,2904.4459649793457,2324.9354005168675
Hold,2024-10-18 11:00:00,71.94,2902.831935546151,Hold,2902.8319355461813,2323.6434108527847
Hold,2024-10-18 12:00:00,72.49,2925.024840252161,Hold,2925.024840252192,2341.4082687339223
Hold,2024-10-18 13:00:00,72.59,2929.0599138350726,Hold,2929.0599138351035,2344.6382428941292
Hold,2024-10-18 14:00:00,73.0,2945.6037155250074,Hold,2945.6037155250383,2357.881136950977
Hold,2024-10-18 15:00:00,73.25,2955.6913994822844,Hold,2955.6913994823153,2365.9560723514937
Hold,2024-10-18 16:00:00,73.07,2948.4282670330444,Hold,2948.4282670330754,2360.142118863121
Sell,2024-10-18 17:00:00,72.62,2930.2704359099457,Sinal: Venda,2930.270435909976,2345.6072351421913
Buy,2024-10-20 08:00:00,74.42,2930.2704359099457,Sinal: Compra,2930.270435909976,2403.746770025914
Hold,2024-10-20 09:00:00,74.7,2935.4157222594677,Hold,2935.415722259498,2412.7906976744935
Hold,2024-10-20 10:00:00,74.85,2941.3101313403095,Hold,2941.31013134034,2417.6356589148036
Hold,2024-10-20 11:00:00,75.07,2949.955264658878,Hold,2949.9552646589086,2424.741602067258
Hold,2024-10-20 12:00:00,74.88,2942.4890131564784,Hold,2942.489013156509,2418.6046511628656
Hold,2024-10-20 13:00:00,75.54,2968.424413112185,Hold,2968.424413112216,2439.922480620231
Hold,2024-10-20 14:00:00,75.28,2958.207437372058,Hold,2958.2074373720884,2431.524547803693
Hold,2024-10-20 15:00:00,74.85,2941.3101313403095,Hold,2941.31013134034,2417.6356589148036
Hold,2024-10-20 16:00:00,74.43,2924.8057859139517,Hold,2924.805785913982,2404.0697674419353
Hold,2024-10-20 17:00:00,74.53,2928.735391967846,Hold,2928.7353919678762,2407.2997416021417
Hold,2024-10-20 18:00:00,74.31,2920.0902586492775,Hold,2920.0902586493075,2400.1937984496867
Hold,2024-10-20 19:00:00,74.17,2914.5888101738246,Hold,2914.588810173854,2395.671834625397
Hold,2024-10-20 20:00:00,74.07,2910.6592041199297,Hold,2910.6592041199597,2392.44186046519
Hold,2024-10-20 21:00:00,73.86,2902.4070314067503,Hold,2902.40703140678,2385.6589147287555
Hold,2024-10-20 22:00:00,74.19,2915.3747313846034,Hold,2915.374731384633,2396.317829457438
Hold,2024-10-20 23:00:00,74.3,2919.6972980438877,Hold,2919.6972980439173,2399.8708010336654
Hold,2024-10-21 00:00:00,74.2,2915.767691989993,Hold,2915.7676919900227,2396.640826873459
Hold,2024-10-21 01:00:00,74.13,2913.0169677522667,Hold,2913.0169677522963,2394.379844961314
Hold,2024-10-21 02:00:00,73.92,2904.764795039088,Hold,2904.7647950391174,2387.5968992248795
Hold,2024-10-21 03:00:00,73.71,2896.512622325908,Hold,2896.5126223259376,2380.8139534884453
Hold,2024-10-21 04:00:00,73.95,2905.943676855256,Hold,2905.943676855286,2388.565891472942
Hold,2024-10-21 05:00:00,73.84,2901.6211101959716,Hold,2901.621110196001,2385.0129198967143
Hold,2024-10-21 06:00:00,73.74,2897.6915041420766,Hold,2897.6915041421057,2381.782945736508
Hold,2024-10-21 07:00:00,73.31,2880.7941981103286,Hold,2880.7941981103577,2367.8940568476187
Hold,2024-10-21 08:00:00,72.94,2866.2546557109176,Hold,2866.2546557109467,2355.9431524548536
Hold,2024-10-21 09:00:00,73.12,2873.3279466079284,Hold,2873.3279466079575,2361.757105943226
Hold,2024-10-21 10:00:00,72.95,2866.6476163163074,Hold,2866.6476163163366,2356.2661498708744
Hold,2024-10-21 11:00:00,72.36,2843.4629405983274,Hold,2843.4629405983565,2337.2093023256543
Hold,2024-10-21 12:00:00,72.58,2852.108073916896,Hold,2852.1080739169247,2344.3152454781093
Hold,2024-10-21 13:00:00,72.19,2836.7826103067064,Hold,2836.7826103067355,2331.7183462533026
Hold,2024-10-21 14:00:00,71.49,2809.275367929442,Hold,2809.2753679294706,2309.1085271318548
Hold,2024-10-21 15:00:00,71.39,2805.345761875547,Hold,2805.345761875575,2305.878552971648
Hold,2024-10-21 16:00:00,71.11,2794.3428649246416,Hold,2794.3428649246694,2296.834625323069
Hold,2024-10-21 17:00:00,71.06,2792.3780618976944,Hold,2792.378061897722,2295.2196382429656
Hold,2024-10-21 18:00:00,70.7,2778.2314801036728,Hold,2778.2314801037005,2283.591731266221
Hold,2024-10-21 19:00:00,71.04,2791.5921406869156,Hold,2791.5921406869434,2294.5736434109244
Hold,2024-10-21 20:00:00,70.98,2789.2343770545785,Hold,2789.2343770546067,2292.6356589148004
Hold,2024-10-21 21:00:00,70.9,2786.0906922114627,Hold,2786.0906922114905,2290.0516795866347
Hold,2024-10-21 22:00:00,71.0,2790.0202982653573,Hold,2790.020298265385,2293.2816537468416
Hold,2024-10-21 23:00:00,70.77,2780.9822043413988,Hold,2780.982204341427,2285.8527131783653
Hold,2024-10-22 00:00:00,70.75,2780.1962831306205,Hold,2780.196283130648,2285.206718346324
Hold,2024-10-22 01:00:00,70.72,2779.017401314452,Hold,2779.01740131448,2284.237726098262
Hold,2024-10-22 02:00:00,70.49,2769.9793073904934,Hold,2769.979307390521,2276.808785529786
Hold,2024-10-22 03:00:00,70.93,2787.2695740276313,Hold,2787.2695740276595,2291.0206718346963
Hold,2024-10-22 04:00:00,70.7,2778.2314801036728,Hold,2778.2314801037005,2283.5917312662204
Hold,2024-10-22 05:00:00,70.73,2779.4103619198413,Hold,2779.410361919869,2284.560723514282
Hold,2024-10-22 06:00:00,71.08,2793.163983108473,Hold,2793.1639831085013,2295.8656330750064
Hold,2024-10-22 07:00:00,70.72,2779.017401314452,Hold,2779.01740131448,2284.2377260982616
Hold,2024-10-22 08:00:00,70.69,2777.838519498283,Hold,2777.838519498311,2283.268733850199
Hold,2024-10-22 09:00:00,71.13,2795.1287861354203,Hold,2795.128786135449,2297.480620155109
Hold,2024-10-22 10:00:00,70.53,2771.551149812052,Hold,2771.55114981208,2278.1007751938682
Hold,2024-10-22 11:00:00,70.42,2767.2285831527674,Hold,2767.228583152796,2274.547803617641
Hold,2024-10-22 12:00:00,70.16,2757.0116074126404,Hold,2757.011607412669,2266.149870801103
Hold,2024-10-22 13:00:00,70.01,2751.1171983317986,Hold,2751.117198331827,2261.3049095607935
Hold,2024-10-22 14:00:00,70.26,2760.9412134665354,Hold,2760.9412134665636,2269.3798449613105
Hold,2024-10-22 15:00:00,69.74,2740.5072619862817,Hold,2740.5072619863095,2252.5839793282344
Hold,2024-10-22 16:00:00,69.54,2732.6480498784927,Hold,2732.6480498785204,2246.124031007821
Hold,2024-10-22 17:00:00,69.77,2741.6861438024503,Hold,2741.686143802478,2253.5529715762964
Hold,2024-10-22 18:00:00,69.44,2728.718443824597,Hold,2728.718443824625,2242.8940568476137
Hold,2024-10-22 19:00:00,69.77,2741.6861438024503,Hold,2741.6861438024785,2253.5529715762964
Hold,2024-10-22 20:00:00,69.89,2746.4016710671244,Hold,2746.4016710671526,2257.428940568545
Hold,2024-10-22 21:00:00,69.97,2749.5453559102402,Hold,2749.5453559102684,2260.01291989671
Hold,2024-10-22 22:00:00,70.07,2753.4749619641348,Hold,2753.474961964163,2263.242894056917
Hold,2024-10-22 23:00:00,70.04,2752.2960801479667,Hold,2752.296080147995,2262.273901808855
Hold,2024-10-23 00:00:00,69.18,2718.5014680844706,Hold,2718.5014680844984,2234.4961240310768
Hold,2024-10-23 01:00:00,69.25,2721.2521923221975,Hold,2721.2521923222257,2236.757105943221
Hold,2024-10-23 02:00:00,68.96,2709.8563347659015,Hold,2709.8563347659297,2227.3901808786213
Hold,2024-10-23 03:00:00,69.14,2716.929625662913,Hold,2716.9296256629414,2233.204134366994
Hold,2024-10-23 04:00:00,69.17,2718.1085074790813,Hold,2718.10850747911,2234.1731266150555
Hold,2024-10-23 05:00:00,69.4,2727.1466014030393,Hold,2727.146601403068,2241.602067183531
Hold,2024-10-23 06:00:00,69.33,2724.395877165313,Hold,2724.3958771653415,2239.341085271386
Hold,2024-10-23 07:00:00,69.06,2713.785940819797,Hold,2713.7859408198256,2230.6201550388278
Hold,2024-10-23 08:00:00,68.91,2707.8915317389547,Hold,2707.8915317389838,2225.775193798517
Hold,2024-10-23 09:00:00,68.93,2708.677452949734,Hold,2708.677452949763,2226.421188630559
Hold,2024-10-23 10:00:00,68.59,2695.316792366491,Hold,2695.31679236652,2215.4392764858553
Hold,2024-10-23 11:00:00,68.9,2707.4985711335653,Hold,2707.498571133595,2225.4521963824973
Hold,2024-10-23 12:00:00,68.93,2708.677452949734,Hold,2708.6774529497634,2226.421188630559
Hold,2024-10-23 13:00:00,69.37,2725.967719586871,Hold,2725.967719586901,2240.633074935469
Hold,2024-10-23 14:00:00,69.26,2721.645152927587,Hold,2721.6451529276164,2237.0801033592415
Hold,2024-10-23 15:00:00,69.09,2714.9648226359654,Hold,2714.964822635995,2231.58914728689
Hold,2024-10-23 16:00:00,68.44,2689.4223832856487,Hold,2689.422383285678,2210.5943152455457
Hold,2024-10-23 17:00:00,68.68,2698.8534378149966,Hold,2698.8534378150257,2218.3462532300423
Hold,2024-10-23 18:00:00,68.95,2709.4633741605126,Hold,2709.463374160542,2227.0671834626005
Hold,2024-10-23 19:00:00,69.73,2740.114301380893,Hold,2740.114301380923,2252.260981912214
Hold,2024-10-23 20:00:00,69.82,2743.6509468293975,Hold,2743.650946829427,2255.1679586563996
Hold,2024-10-23 21:00:00,69.4,2727.1466014030393,Hold,2727.1466014030684,2241.6020671835313
Hold,2024-10-23 22:00:00,70.19,2758.190489228809,Hold,2758.190489228838,2267.118863049165
Hold,2024-10-23 23:00:00,70.04,2752.2960801479667,Hold,2752.2960801479962,2262.273901808855
Hold,2024-10-24 00:00:00,70.35,2764.4778589150405,Hold,2764.47785891507,2272.286821705496
Hold,2024-10-24 01:00:00,70.29,2762.120095282704,Hold,2762.1200952827335,2270.3488372093725
Hold,2024-10-24 02:00:00,70.15,2756.618646807251,Hold,2756.6186468072806,2265.826873385083
Hold,2024-10-24 03:00:00,69.97,2749.5453559102402,Hold,2749.54535591027,2260.0129198967106
Hold,2024-10-24 04:00:00,70.21,2758.976410439587,Hold,2758.976410439617,2267.764857881207
Hold,2024-10-24 05:00:00,70.2,2758.5834498341987,Hold,2758.5834498342288,2267.441860465186
Hold,2024-10-24 06:00:00,70.05,2752.689040753356,Hold,2752.689040753386,2262.596899224876
Hold,2024-10-24 07:00:00,69.76,2741.2931831970614,Hold,2741.2931831970914,2253.229974160276
Hold,2024-10-24 08:00:00,69.41,2727.5395620084287,Hold,2727.5395620084587,2241.925064599552
Hold,2024-10-24 09:00:00,69.65,2736.970616537777,Hold,2736.970616537807,2249.6770025840488
Hold,2024-10-24 10:00:00,69.56,2733.4339710892714,Hold,2733.4339710893014,2246.7700258398622
Hold,2024-10-24 11:00:00,69.89,2746.4016710671244,Hold,2746.4016710671544,2257.428940568545
Hold,2024-10-24 12:00:00,69.8,2742.865025618619,Hold,2742.865025618649,2254.5219638243584
Hold,2024-10-24 13:00:00,70.55,2772.33707102283,Hold,2772.3370710228605,2278.7467700259094
Hold,2024-10-24 14:00:00,70.94,2787.6625346330206,Hold,2787.6625346330507,2291.343669250716
Hold,2024-10-24 15:00:00,70.93,2787.2695740276313,Hold,2787.2695740276617,2291.0206718346953
Hold,2024-10-24 16:00:00,71.02,2790.806219476136,Hold,2790.8062194761665,2293.9276485788814
Hold,2024-10-24 17:00:00,71.07,2792.7710225030833,Hold,2792.7710225031137,2295.5426356589846
Hold,2024-10-24 18:00:00,71.16,2796.3076679515893,Hold,2796.30766795162,2298.449612403171
Hold,2024-10-24 19:00:00,71.08,2793.163983108473,Hold,2793.163983108504,2295.865633075006
Hold,2024-10-24 20:00:00,71.12,2794.7358255300314,Hold,2794.735825530062,2297.1576227390888
Hold,2024-10-24 21:00:00,70.88,2785.304771000683,Hold,2785.3047710007136,2289.405684754592
Hold,2024-10-24 22:00:00,70.89,2785.697731606073,Hold,2785.697731606103,2289.728682170613
Hold,2024-10-24 23:00:00,71.18,2797.0935891623685,Hold,2797.0935891623985,2299.0956072352133
Hold,2024-10-25 00:00:00,70.98,2789.2343770545785,Hold,2789.234377054609,2292.6356589147995
Hold,2024-10-25 01:00:00,71.23,2799.058392189316,Hold,2799.058392189346,2300.7105943153165
Hold,2024-10-25 02:00:00,71.12,2794.7358255300314,Hold,2794.7358255300614,2297.157622739089
Hold,2024-10-25 03:00:00,71.34,2803.3809588486,Hold,2803.38095884863,2304.263565891544
Hold,2024-10-25 04:00:00,71.27,2800.6302346108737,Hold,2800.6302346109037,2302.002583979399
Hold,2024-10-25 05:00:00,71.32,2802.5950376378205,Hold,2802.5950376378505,2303.6175710595026
Hold,2024-10-25 06:00:00,71.51,2810.061289140221,Hold,2810.0612891402516,2309.754521963896
Hold,2024-10-25 07:00:00,71.25,2799.8443134000945,Hold,2799.8443134001245,2301.356589147358
Hold,2024-10-25 08:00:00,71.48,2808.882407324053,Hold,2808.8824073240835,2308.785529715834
Hold,2024-10-25 09:00:00,71.79,2821.0641860911273,Hold,2821.064186091158,2318.798449612475
Hold,2024-10-25 10:00:00,71.52,2810.4542497456105,Hold,2810.454249745641,2310.0775193799163
Hold,2024-10-25 11:00:00,71.77,2820.2782648803477,Hold,2820.2782648803786,2318.1524547804333
Hold,2024-10-25 12:00:00,71.93,2826.5656345665802,Hold,2826.5656345666107,2323.3204134367647
Hold,2024-10-25 13:00:00,72.16,2835.603728490538,Hold,2835.6037284905688,2330.74935400524
Hold,2024-10-25 14:00:00,72.15,2835.2107678851485,Hold,2835.210767885179,2330.4263565892197
Hold,2024-10-25 15:00:00,72.0,2829.316358804306,Hold,2829.3163588043367,2325.581395348909
Hold,2024-10-25 16:00:00,71.96,2827.744516382748,Hold,2827.7445163827783,2324.2894056848263
Hold,2024-10-25 17:00:00,71.29,2801.416155821653,Hold,2801.4161558216833,2302.648578811441
Hold,2024-10-25 18:00:00,71.24,2799.451352794705,Hold,2799.4513527947356,2301.0335917313373
Hold,2024-10-25 19:00:00,70.91,2786.4836528168516,Hold,2786.483652816882,2290.3746770026546
Hold,2024-10-25 20:00:00,70.84,2783.7329285791257,Hold,2783.7329285791557,2288.11369509051
Hold,2024-10-25 21:00:00,70.73,2779.4103619198413,Hold,2779.4103619198713,2284.5607235142825
Hold,2024-10-25 22:00:00,70.15,2756.618646807251,Hold,2756.6186468072806,2265.826873385083
Hold,2024-10-25 23:00:00,68.84,2705.1408075012287,Hold,2705.1408075012573,2223.5142118863737
Hold,2024-10-26 00:00:00,69.57,2733.8269316946603,Hold,2733.8269316946894,2247.093023255883
Sell,2024-10-26 01:00:00,68.86,2705.926728712007,Sinal: Venda,2705.926728712036,2224.160206718415
Buy,2024-10-29 20:00:00,72.98,2705.926728712007,Sinal: Compra,2705.926728712036,2357.235142118936
Hold,2024-10-29 21:00:00,73.8,2730.8604753518885,Hold,2730.860475351917,2383.7209302326314
Hold,2024-10-29 22:00:00,74.14,2743.4416753738346,Hold,2743.4416753738633,2394.7028423773345
Hold,2024-10-29 23:00:00,73.98,2737.521110657625,Hold,2737.5211106576535,2389.5348837210036
Hold,2024-10-30 00:00:00,73.86,2733.0806871204672,Hold,2733.080687120496,2385.6589147287555
Hold,2024-10-30 01:00:00,73.54,2721.239557688047,Hold,2721.2395576880754,2375.322997416094
Hold,2024-10-30 02:00:00,73.32,2713.0987812032577,Hold,2713.098781203286,2368.2170542636386
Hold,2024-10-30 03:00:00,73.37,2714.948957677074,Hold,2714.948957677102,2369.8320413437423
Hold,2024-10-30 04:00:00,72.91,2697.9273341179696,Hold,2697.927334117998,2354.9741602067907
Hold,2024-10-30 05:00:00,72.83,2694.9670517598643,Hold,2694.967051759892,2352.3901808786254
Hold,2024-10-30 06:00:00,72.58,2685.7161693907865,Hold,2685.7161693908147,2344.3152454781084
Hold,2024-10-30 07:00:00,72.46,2681.275745853629,Hold,2681.275745853657,2340.43927648586
Hold,2024-10-30 08:00:00,72.22,2672.3948987793137,Hold,2672.394898779342,2332.6873385013637
Hold,2024-10-30 09:00:00,72.52,2683.4959576222077,Hold,2683.4959576222354,2342.377260981984
Hold,2024-10-30 10:00:00,72.08,2667.21440465263,Hold,2667.214404652658,2328.165374677074
Hold,2024-10-30 11:00:00,71.6,2649.4527105039997,Hold,2649.452710504027,2312.661498708081
Hold,2024-10-30 12:00:00,71.84,2658.3335575783153,Hold,2658.3335575783426,2320.4134366925778
Hold,2024-10-30 13:00:00,72.22,2672.3948987793137,Hold,2672.3948987793415,2332.6873385013637
Hold,2024-10-30 14:00:00,72.4,2679.0555340850506,Hold,2679.055534085078,2338.5012919897363
Hold,2024-10-30 15:00:00,72.28,2674.6151105478925,Hold,2674.61511054792,2334.625322997488
Hold,2024-10-30 16:00:00,72.23,2672.7649340740772,Hold,2672.7649340741045,2333.010335917385
Hold,2024-10-30 17:00:00,72.05,2666.1042987683404,Hold,2666.1042987683677,2327.1963824290124
Hold,2024-10-30 18:00:00,72.05,2666.1042987683404,Hold,2666.1042987683677,2327.1963824290124
Hold,2024-10-30 19:00:00,71.95,2662.40394582071,Hold,2662.403945820737,2323.966408268806
Hold,2024-10-30 20:00:00,72.43,2680.1656399693397,Hold,2680.165639969367,2339.4702842377988
Hold,2024-10-30 21:00:00,72.19,2671.284792895024,Hold,2671.2847928950514,2331.718346253302
Hold,2024-10-30 22:00:00,71.92,2661.2938399364198,Hold,2661.293839936447,2322.9974160207435
Hold,2024-10-30 23:00:00,71.76,2655.37327522021,Hold,2655.3732752202372,2317.8294573644125
Hold,2024-10-31 00:00:00,71.67,2652.0429575673415,Hold,2652.042957567369,2314.9224806202265
Hold,2024-10-31 01:00:00,71.66,2651.672922272579,Hold,2651.6729222726062,2314.599483204205
Hold,2024-10-31 02:00:00,71.82,2657.5934869887888,Hold,2657.593486988816,2319.767441860536
Hold,2024-10-31 03:00:00,71.7,2653.153063451631,Hold,2653.1530634516585,2315.891472868288
Hold,2024-10-31 04:00:00,71.49,2645.3823222616056,Hold,2645.3823222616325,2309.108527131854
Hold,2024-10-31 05:00:00,71.24,2636.131439892527,Hold,2636.1314398925538,2301.033591731337
Hold,2024-10-31 06:00:00,70.95,2625.4004163443965,Hold,2625.4004163444233,2291.666666666737
Hold,2024-10-31 07:00:00,70.99,2626.8805575234487,Hold,2626.880557523475,2292.9586563308194
Hold,2024-10-31 08:00:00,70.74,2617.6296751543705,Hold,2617.629675154397,2284.8837209303024
Hold,2024-10-31 09:00:00,71.02,2627.9906634077383,Hold,2627.9906634077647,2293.9276485788814
Hold,2024-10-31 10:00:00,71.67,2652.0429575673415,Hold,2652.042957567368,2314.922480620226
Hold,2024-10-31 11:00:00,71.32,2639.091722250632,Hold,2639.091722250658,2303.617571059502
Hold,2024-10-31 12:00:00,71.2,2634.651298713475,Hold,2634.6512987135015,2299.7416020672545
Hold,2024-10-31 13:00:00,71.23,2635.7614045977643,Hold,2635.7614045977907,2300.710594315316
Hold,2024-10-31 14:00:00,69.98,2589.506992752373,Hold,2589.5069927523996,2260.3359173127305
Hold,2024-10-31 15:00:00,70.31,2601.7181574795563,Hold,2601.718157479583,2270.9948320414137
Hold,2024-10-31 16:00:00,69.89,2586.176675099505,Hold,2586.1766750995316,2257.428940568545
Hold,2024-10-31 17:00:00,69.56,2573.9655103723217,Hold,2573.965510372348,2246.7700258398622
Hold,2024-10-31 18:00:00,69.21,2561.014275055612,Hold,2561.0142750556383,2235.4651162791383
Hold,2024-10-31 19:00:00,68.74,2543.622616201745,Hold,2543.6226162017715,2220.2842377261663
Hold,2024-10-31 20:00:00,68.89,2549.1731456231923,Hold,2549.173145623219,2225.1291989664765
Hold,2024-10-31 21:00:00,69.21,2561.014275055612,Hold,2561.0142750556383,2235.4651162791383
Hold,2024-10-31 22:00:00,69.33,2565.4546985927695,Hold,2565.4546985927964,2239.341085271387
Hold,2024-10-31 23:00:00,69.33,2565.4546985927695,Hold,2565.4546985927964,2239.341085271387
Hold,2024-11-01 00:00:00,69.14,2558.42402799227,Hold,2558.424027992297,2233.204134366994
Hold,2024-11-01 01:00:00,69.11,2557.313922107981,Hold,2557.3139221080073,2232.2351421189314
Hold,2024-11-01 02:00:00,69.14,2558.42402799227,Hold,2558.4240279922965,2233.204134366994
Hold,2024-11-01 03:00:00,69.17,2559.5341338765597,Hold,2559.5341338765866,2234.1731266150555
Hold,2024-11-01 04:00:00,69.09,2556.573851518455,Hold,2556.573851518481,2231.5891472868902
Hold,2024-11-01 05:00:00,68.69,2541.7724397279294,Hold,2541.7724397279558,2218.6692506460627
Hold,2024-11-01 06:00:00,67.73,2506.2490514306696,Hold,2506.2490514306955,2187.6614987080775
Hold,2024-11-01 07:00:00,68.15,2521.7905338107207,Hold,2521.790533810747,2201.2273901809463
Hold,2024-11-01 08:00:00,68.53,2535.8518750117196,Hold,2535.851875011746,2213.5012919897317
Hold,2024-11-01 09:00:00,68.74,2543.622616201745,Hold,2543.6226162017715,2220.2842377261663
Hold,2024-11-01 10:00:00,69.12,2557.6839574027445,Hold,2557.683957402771,2232.5581395349527
Hold,2024-11-01 11:00:00,69.35,2566.1947691822957,Hold,2566.194769182322,2239.9870801034276
Hold,2024-11-01 12:00:00,70.04,2591.727204520952,Hold,2591.727204520979,2262.273901808855
Hold,2024-11-01 13:00:00,70.64,2613.9293222067395,Hold,2613.9293222067668,2281.653746770096
Hold,2024-11-01 14:00:00,70.67,2615.039428091029,Hold,2615.0394280910564,2282.622739018158
Hold,2024-11-01 15:00:00,70.07,2592.837310405241,Hold,2592.837310405268,2263.242894056917
Hold,2024-11-01 16:00:00,70.84,2621.3300281020024,Hold,2621.3300281020297,2288.1136950905097
Hold,2024-11-01 17:00:00,70.19,2597.2777339423988,Hold,2597.2777339424256,2267.118863049165
Hold,2024-11-01 18:00:00,70.28,2600.6080515952667,Hold,2600.6080515952935,2270.025839793351
Hold,2024-11-01 19:00:00,70.05,2592.0972398157146,Hold,2592.0972398157414,2262.5968992248754
Hold,2024-11-01 20:00:00,70.55,2610.5990045538715,Hold,2610.599004553899,2278.746770025909
Hold,2024-11-01 21:00:00,70.24,2599.127910416214,Hold,2599.1279104162413,2268.733850129268
Hold,2024-11-01 22:00:00,70.26,2599.867981005741,Hold,2599.867981005768,2269.3798449613096
Hold,2024-11-01 23:00:00,70.27,2600.2380163005037,Hold,2600.238016300531,2269.7028423773304
Hold,2024-11-02 00:00:00,70.83,2620.959992807239,Hold,2620.959992807266,2287.7906976744885
Hold,2024-11-02 01:00:00,70.71,2616.5195692700813,Hold,2616.5195692701086,2283.91472868224
Hold,2024-11-02 02:00:00,70.96,2625.7704516391595,Hold,2625.7704516391873,2291.9896640827574
Hold,2024-11-02 03:00:00,70.69,2615.7794986805548,Hold,2615.779498680582,2283.2687338501987
Hold,2024-11-02 04:00:00,70.2,2597.6477692371623,Hold,2597.647769237189,2267.4418604651855
Hold,2024-11-02 05:00:00,70.27,2600.2380163005037,Hold,2600.2380163005305,2269.7028423773304
Hold,2024-11-02 06:00:00,70.3,2601.348122184793,Hold,2601.3481221848197,2270.6718346253924
Hold,2024-11-02 07:00:00,70.59,2612.079145732924,Hold,2612.079145732951,2280.0387596899923
Hold,2024-11-02 08:00:00,70.42,2605.788545721951,Hold,2605.7885457219772,2274.547803617641
Hold,2024-11-02 09:00:00,70.79,2619.4798516281867,Hold,2619.4798516282135,2286.4987080104065
Hold,2024-11-02 10:00:00,70.62,2613.189251617214,Hold,2613.1892516172406,2281.007751938055
Hold,2024-11-02 11:00:00,70.75,2617.999710449134,Hold,2617.9997104491604,2285.2067183463237
Hold,2024-11-02 12:00:00,70.24,2599.127910416214,Hold,2599.1279104162404,2268.733850129269
Hold,2024-11-02 13:00:00,69.5,2571.745298603743,Hold,2571.745298603769,2244.8320413437386
Hold,2024-11-02 14:00:00,69.17,2559.5341338765597,Hold,2559.5341338765857,2234.1731266150564
Hold,2024-11-02 15:00:00,69.7,2579.146004499006,Hold,2579.146004499032,2251.291989664153
Hold,2024-11-02 16:00:00,69.69,2578.7759692042423,Hold,2578.775969204268,2250.968992248132
Hold,2024-11-02 17:00:00,69.41,2568.4149809508745,Hold,2568.4149809509004,2241.9250645995526
Hold,2024-11-02 18:00:00,69.09,2556.573851518455,Hold,2556.5738515184803,2231.5891472868907
Hold,2024-11-02 19:00:00,69.29,2563.974557413718,Hold,2563.9745574137437,2238.0490956073045
Hold,2024-11-02 20:00:00,69.32,2565.0846632980065,Hold,2565.084663298033,2239.018087855366
Hold,2024-11-02 21:00:00,69.24,2562.124380939901,Hold,2562.1243809399275,2236.4341085272013
Hold,2024-11-02 22:00:00,69.27,2563.2344868241908,Hold,2563.234486824217,2237.4031007752633
Hold,2024-11-02 23:00:00,69.2,2560.644239760849,Hold,2560.6442397608753,2235.142118863119
Hold,2024-11-03 00:00:00,69.01,2553.6135691603495,Hold,2553.613569160376,2229.005167958726
Hold,2024-11-03 01:00:00,68.39,2530.6713808850354,Hold,2530.671380885062,2208.9793281654433
Hold,2024-11-03 02:00:00,67.44,2495.5180278825387,Hold,2495.518027882564,2178.2945736434785
Hold,2024-11-03 03:00:00,67.85,2510.6894749678263,Hold,2510.689474967852,2191.537467700327
Hold,2024-11-03 04:00:00,68.31,2527.711098526931,Hold,2527.7110985269574,2206.395348837278
Sell,2024-11-03 05:00:00,67.93,2513.649757325932,Sinal: Venda,2513.6497573259585,2194.1214470284926
Buy,2024-11-06 08:00:00,69.4,2513.649757325932,Sinal: Compra,2513.6497573259585,2241.602067183532
Hold,2024-11-06 09:00:00,69.81,2523.445378352955,Hold,2523.445378352981,2254.8449612403806
Hold,2024-11-06 10:00:00,70.1,2533.9281051789444,Hold,2533.928105178971,2264.21188630498
Hold,2024-11-06 11:00:00,70.26,2539.71167860018,Hold,2539.7116786002066,2269.3798449613114
Hold,2024-11-06 12:00:00,69.67,2518.3847516093733,Hold,2518.3847516093997,2250.3229974160913
Hold,2024-11-06 13:00:00,69.98,2529.590425113018,Hold,2529.5904251130446,2260.3359173127324
Hold,2024-11-06 14:00:00,69.22,2502.1184513621474,Hold,2502.118451362174,2235.78811369516
Hold,2024-11-06 15:00:00,69.77,2521.9994849976456,Hold,2521.9994849976724,2253.5529715762978
Hold,2024-11-06 16:00:00,69.41,2508.986444799865,Hold,2508.986444799891,2241.925064599553
Hold,2024-11-06 17:00:00,69.16,2499.949611329184,Hold,2499.9496113292103,2233.850129199036
Hold,2024-11-06 18:00:00,69.84,2524.5297983694363,Hold,2524.529798369463,2255.813953488442
Hold,2024-11-06 19:00:00,69.85,2524.8912717082635,Hold,2524.8912717082903,2256.1369509044625
Hold,2024-11-06 20:00:00,70.22,2538.265785244871,Hold,2538.265785244898,2268.087855297228
Hold,2024-11-06 21:00:00,70.65,2553.8091388144426,Hold,2553.80913881447,2281.9767441861177
Hold,2024-11-06 22:00:00,71.45,2582.727005920622,Hold,2582.7270059206494,2307.816537467772
Hold,2024-11-06 23:00:00,71.01,2566.8221790122234,Hold,2566.8221790122507,2293.604651162862
Hold,2024-11-07 00:00:00,71.03,2567.5451256898778,Hold,2567.5451256899046,2294.250645994903
Hold,2024-11-07 01:00:00,71.14,2571.521332416977,Hold,2571.5213324170045,2297.803617571131
Hold,2024-11-07 02:00:00,71.54,2585.980265970067,Hold,2585.9802659700945,2310.723514211958
Hold,2024-11-07 03:00:00,71.24,2575.1360658052495,Hold,2575.1360658052768,2301.0335917313378
Hold,2024-11-07 04:00:00,70.75,2557.423872202715,Hold,2557.423872202742,2285.206718346324
Hold,2024-11-07 05:00:00,70.85,2561.038605590987,Hold,2561.038605591014,2288.4366925065306
Hold,2024-11-07 06:00:00,70.51,2548.748512070861,Hold,2548.7485120708875,2277.4547803618275
Hold,2024-11-07 07:00:00,70.55,2550.19440542617,Hold,2550.1944054261967,2278.74677002591
Hold,2024-11-07 08:00:00,71.08,2569.3524923840137,Hold,2569.35249238404,2295.8656330750064
Hold,2024-11-07 09:00:00,70.76,2557.7853455415425,Hold,2557.785345541569,2285.529715762345
Hold,2024-11-07 10:00:00,70.91,2563.2074456239507,Hold,2563.207445623977,2290.3746770026546
Hold,2024-11-07 11:00:00,70.73,2556.700925525061,Hold,2556.7009255250873,2284.5607235142825
Hold,2024-11-07 12:00:00,70.91,2563.2074456239507,Hold,2563.2074456239775,2290.3746770026546
Hold,2024-11-07 13:00:00,70.26,2539.71167860018,Hold,2539.7116786002066,2269.3798449613105
Hold,2024-11-07 14:00:00,70.55,2550.19440542617,Hold,2550.1944054261967,2278.74677002591
Hold,2024-11-07 15:00:00,71.39,2580.5581658876586,Hold,2580.5581658876863,2305.8785529716474
Hold,2024-11-07 16:00:00,71.95,2600.8006728619835,Hold,2600.800672862011,2323.9664082688055
Hold,2024-11-07 17:00:00,71.89,2598.63183282902,Hold,2598.631832829047,2322.0284237726814
Hold,2024-11-07 18:00:00,71.95,2600.8006728619835,Hold,2600.800672862011,2323.9664082688055
Hold,2024-11-07 19:00:00,71.87,2597.908886151366,Hold,2597.9088861513933,2321.38242894064
Hold,2024-11-07 20:00:00,71.8,2595.378572779575,Hold,2595.3785727796026,2319.1214470284945
Hold,2024-11-07 21:00:00,72.06,2604.7768795890834,Hold,2604.776879589111,2327.5193798450323
Hold,2024-11-07 22:00:00,71.5,2584.534372614758,Hold,2584.5343726147858,2309.4315245478742
Hold,2024-11-07 23:00:00,71.45,2582.727005920622,Hold,2582.72700592065,2307.8165374677706
Hold,2024-11-08 00:00:00,72.3,2613.452239720937,Hold,2613.452239720965,2335.271317829528
Hold,2024-11-08 01:00:00,71.82,2596.101519457229,Hold,2596.101519457257,2319.767441860535
Hold,2024-11-08 02:00:00,70.93,2563.930392301606,Hold,2563.930392301633,2291.020671834695
Hold,2024-11-08 03:00:00,71.08,2569.3524923840137,Hold,2569.352492384041,2295.8656330750055
Hold,2024-11-08 04:00:00,71.22,2574.413119127595,Hold,2574.413119127623,2300.3875968992947
Hold,2024-11-08 05:00:00,71.4,2580.9196392264857,Hold,2580.919639226513,2306.2015503876673
Hold,2024-11-08 06:00:00,71.15,2571.882805755805,Hold,2571.882805755832,2298.12661498715
Hold,2024-11-08 07:00:00,71.18,2572.9672257722864,Hold,2572.967225772314,2299.095607235212
Hold,2024-11-08 08:00:00,70.84,2560.67713225216,Hold,2560.6771322521877,2288.1136950905084
Hold,2024-11-08 09:00:00,71.14,2571.521332416977,Hold,2571.5213324170054,2297.8036175711286
Hold,2024-11-08 10:00:00,71.53,2585.6187926312396,Hold,2585.6187926312673,2310.400516795935
Hold,2024-11-08 11:00:00,71.25,2575.497539144077,Hold,2575.497539144105,2301.356589147356
Hold,2024-11-08 12:00:00,71.9,2598.9933061678475,Hold,2598.9933061678753,2322.3514211887004
Hold,2024-11-08 13:00:00,71.96,2601.1621462008106,Hold,2601.162146200838,2324.289405684824
Hold,2024-11-08 14:00:00,71.68,2591.0408927136486,Hold,2591.040892713676,2315.245478036246
Hold,2024-11-08 15:00:00,72.49,2620.3202331586544,Hold,2620.320233158682,2341.408268733921
Hold,2024-11-08 16:00:00,71.62,2588.8720526806846,Hold,2588.872052680712,2313.307493540122
Hold,2024-11-08 17:00:00,71.91,2599.3547795066747,Hold,2599.354779506702,2322.6744186047213
Hold,2024-11-08 18:00:00,72.6,2624.2964398857544,Hold,2624.2964398857816,2344.9612403101482
Hold,2024-11-08 19:00:00,72.65,2626.1038065798907,Hold,2626.103806579918,2346.5762273902524
Hold,2024-11-08 20:00:00,71.98,2601.8850928784655,Hold,2601.8850928784927,2324.935400516866
Hold,2024-11-08 21:00:00,72.23,2610.9219263491464,Hold,2610.9219263491736,2333.0103359173836
Hold,2024-11-08 22:00:00,72.4,2617.06697310921,Hold,2617.0669731092376,2338.501291989735
Hold,2024-11-08 23:00:00,72.78,2630.8029599846445,Hold,2630.8029599846723,2350.775193798521
Hold,2024-11-09 00:00:00,72.5,2620.681706497482,Hold,2620.68170649751,2341.731266149942
Hold,2024-11-09 01:00:00,72.82,2632.2488533399533,Hold,2632.2488533399805,2352.0671834626037
Hold,2024-11-09 02:00:00,72.91,2635.5021133893983,Hold,2635.502113389426,2354.9741602067897
Hold,2024-11-09 03:00:00,72.74,2629.3570666293353,Hold,2629.357066629363,2349.4832041344384
Hold,2024-11-09 04:00:00,72.85,2633.333273356435,Hold,2633.3332733564625,2353.0361757106657
Hold,2024-11-09 05:00:00,73.32,2650.3225202813155,Hold,2650.3225202813433,2368.2170542636377
Hold,2024-11-09 06:00:00,73.18,2645.2618935377345,Hold,2645.2618935377627,2363.695090439349
Hold,2024-11-09 07:00:00,73.17,2644.900420198907,Hold,2644.900420198935,2363.372093023328
Hold,2024-11-09 08:00:00,73.7,2664.0585071567507,Hold,2664.058507156779,2380.490956072425
Hold,2024-11-09 09:00:00,73.53,2657.9134603966872,Hold,2657.9134603967154,2375.000000000073
Hold,2024-11-09 10:00:00,73.52,2657.5519870578596,Hold,2657.5519870578883,2374.6770025840524
Hold,2024-11-09 11:00:00,73.67,2662.9740871402687,Hold,2662.9740871402973,2379.521963824363
Hold,2024-11-09 12:00:00,72.97,2637.670953422362,Hold,2637.6709534223905,2356.912144702915
Hold,2024-11-09 13:00:00,73.27,2648.515153587179,Hold,2648.5151535872074,2366.6020671835354
Hold,2024-11-09 14:00:00,72.74,2629.3570666293353,Hold,2629.3570666293635,2349.4832041344393
Hold,2024-11-09 15:00:00,72.35,2615.259606415073,Hold,2615.2596064151007,2336.8863049096326
Hold,2024-11-09 16:00:00,72.48,2619.9587598198273,Hold,2619.9587598198555,2341.0852713179015
Hold,2024-11-09 17:00:00,72.36,2615.6210797539006,Hold,2615.621079753929,2337.209302325653
Hold,2024-11-09 18:00:00,72.45,2618.8743398033457,Hold,2618.874339803374,2340.1162790698395
Hold,2024-11-09 19:00:00,72.03,2603.692459572602,Hold,2603.6924595726296,2326.5503875969707
Hold,2024-11-09 20:00:00,72.47,2619.597286481,Hold,2619.597286481028,2340.7622739018807
Hold,2024-11-09 21:00:00,72.47,2619.597286481,Hold,2619.597286481028,2340.7622739018807
Hold,2024-11-09 22:00:00,73.13,2643.4545268435977,Hold,2643.454526843626,2362.080103359245
Hold,2024-11-09 23:00:00,73.98,2674.179760643913,Hold,2674.179760643942,2389.534883721003
Hold,2024-11-10 00:00:00,74.49,2692.614900924102,Hold,2692.614900924131,2406.007751938058
Hold,2024-11-10 01:00:00,74.24,2683.5780674534208,Hold,2683.5780674534494,2397.932816537541
Hold,2024-11-10 02:00:00,74.94,2708.881201171328,Hold,2708.8812011713567,2420.542635658989
Hold,2024-11-10 03:00:00,75.41,2725.8704480962083,Hold,2725.870448096237,2435.7235142119607
Hold,2024-11-10 04:00:00,76.5,2765.271042028377,Hold,2765.2710420284066,2470.9302325582153
Hold,2024-11-10 05:00:00,76.46,2763.8251486730683,Hold,2763.8251486730974,2469.6382428941324
Hold,2024-11-10 06:00:00,75.65,2734.545808228062,Hold,2734.545808228091,2443.4754521964574
Hold,2024-11-10 07:00:00,76.07,2749.727688458806,Hold,2749.7276884588355,2457.0413436693257
Hold,2024-11-10 08:00:00,76.51,2765.6325153672046,Hold,2765.6325153672337,2471.2532299742365
Hold,2024-11-10 09:00:00,76.78,2775.39229551554,Hold,2775.392295515569,2479.9741602067943
Hold,2024-11-10 10:00:00,77.21,2790.935649085111,Hold,2790.93564908514,2493.8630490956834
Hold,2024-11-10 11:00:00,77.27,2793.1044891180745,Hold,2793.1044891181036,2495.801033591808
Hold,2024-11-10 12:00:00,77.57,2803.948689282892,Hold,2803.9486892829214,2505.4909560724277
Hold,2024-11-10 13:00:00,78.01,2819.8535161912905,Hold,2819.85351619132,2519.702842377338
Hold,2024-11-10 14:00:00,77.28,2793.465962456902,Hold,2793.4659624569313,2496.1240310078283
Hold,2024-11-10 15:00:00,77.66,2807.201949332337,Hold,2807.201949332366,2508.397932816614
Hold,2024-11-10 16:00:00,77.98,2818.7690961748085,Hold,2818.769096174838,2518.733850129276
Hold,2024-11-10 17:00:00,77.8,2812.2625760759183,Hold,2812.2625760759474,2512.9198966409035
Hold,2024-11-10 18:00:00,77.97,2818.407622835982,Hold,2818.407622836011,2518.410852713255
Hold,2024-11-10 19:00:00,76.56,2767.439882061341,Hold,2767.439882061369,2472.868217054339
Hold,2024-11-10 20:00:00,74.71,2700.5673143783015,Hold,2700.5673143783292,2413.1136950905125
Hold,2024-11-10 21:00:00,75.73,2737.43759493868,Hold,2737.437594938708,2446.059431524622
Hold,2024-11-10 22:00:00,76.13,2751.8965284917695,Hold,2751.896528491797,2458.9793281654493
Sell,2024-11-10 23:00:00,76.58,2768.1628287389954,Sinal: Venda,2768.1628287390236,2473.51421188638
Buy,2024-11-11 06:00:00,75.43,2768.1628287389954,Sinal: Compra,2768.1628287390236,2436.369509044002
Hold,2024-11-11 07:00:00,75.57,2767.7567814919153,Hold,2767.7567814919435,2440.8914728682907
Hold,2024-11-11 08:00:00,76.33,2795.591837121581,Hold,2795.59183712161,2465.439276485863
Hold,2024-11-11 09:00:00,76.79,2812.439370792169,Hold,2812.439370792197,2480.2971576228147
Hold,2024-11-11 10:00:00,76.7,2809.1431142044453,Hold,2809.1431142044735,2477.390180878628
Hold,2024-11-11 11:00:00,76.8,2812.8056215241377,Hold,2812.805621524166,2480.6201550388346
Hold,2024-11-11 12:00:00,76.7,2809.1431142044453,Hold,2809.1431142044735,2477.390180878628
Hold,2024-11-11 13:00:00,76.72,2809.875615668384,Hold,2809.875615668412,2478.0361757106693
Hold,2024-11-11 14:00:00,77.76,2847.9656917931898,Hold,2847.965691793218,2511.6279069768207
Hold,2024-11-11 15:00:00,78.48,2874.335744494979,Hold,2874.3357444950075,2534.88372093031
Hold,2024-11-11 16:00:00,78.05,2858.5869630202988,Hold,2858.5869630203274,2520.99483204142
Hold,2024-11-11 17:00:00,78.02,2857.488210824391,Hold,2857.4882108244196,2520.0258397933585
Hold,2024-11-11 18:00:00,78.47,2873.9694937630093,Hold,2873.9694937630384,2534.560723514289
Hold,2024-11-11 19:00:00,78.34,2869.2082342474087,Hold,2869.2082342474373,2530.3617571060204
Hold,2024-11-11 20:00:00,78.85,2887.887021577842,Hold,2887.8870215778707,2546.8346253230748
Hold,2024-11-11 21:00:00,78.63,2879.8295054745176,Hold,2879.8295054745463,2539.72868217062
Hold,2024-11-11 22:00:00,79.18,2899.9732957328292,Hold,2899.973295732858,2557.4935400517575
Hold,2024-11-11 23:00:00,80.03,2931.1046079502185,Hold,2931.1046079502476,2584.9483204135154
Hold,2024-11-12 00:00:00,79.43,2909.1295640320614,Hold,2909.12956403209,2565.568475452275
Hold,2024-11-12 01:00:00,78.7,2882.393260598303,Hold,2882.3932605983314,2541.9896640827646
Hold,2024-11-12 02:00:00,78.66,2880.928257670426,Hold,2880.9282576704536,2540.697674418682
Hold,2024-11-12 03:00:00,79.16,2899.24079426889,Hold,2899.2407942689183,2556.847545219716
Hold,2024-11-12 04:00:00,78.56,2877.265750350733,Hold,2877.2657503507617,2537.467700258475
Hold,2024-11-12 05:00:00,78.02,2857.488210824391,Hold,2857.488210824419,2520.025839793358
Hold,2024-11-12 06:00:00,78.77,2884.957015722088,Hold,2884.957015722116,2544.250645994909
Hold,2024-11-12 07:00:00,79.64,2916.820829403416,Hold,2916.8208294034443,2572.3514211887086
Hold,2024-11-12 08:00:00,82.4,3017.90603142694,Hold,3017.9060314269695,2661.498708010417
Sell,2024-11-12 09:00:00,78.85,2887.887021577842,Sinal: Venda,2887.88702157787,2546.8346253230748
Buy,2024-11-14 07:00:00,82.28,2887.887021577842,Sinal: Compra,2887.88702157787,2657.622739018169
Hold,2024-11-14 08:00:00,82.24,2880.7130104166413,Hold,2880.7130104166695,2656.330749354086
Hold,2024-11-14 09:00:00,81.65,2860.046416591911,Hold,2860.046416591939,2637.2739018088664
Hold,2024-11-14 10:00:00,80.2,2809.255635158252,Hold,2809.2556351582793,2590.439276485867
Hold,2024-11-14 11:00:00,80.46,2818.3629476911838,Hold,2818.3629476912115,2598.837209302405
Hold,2024-11-14 12:00:00,81.02,2837.9786977621143,Hold,2837.978697762142,2616.9250645995626
Hold,2024-11-14 13:00:00,80.62,2823.96744771145,Hold,2823.9674477114772,2604.005167958736
Hold,2024-11-14 14:00:00,78.51,2750.0581036941944,Hold,2750.058103694221,2535.852713178372
Hold,2024-11-14 15:00:00,78.62,2753.911197458127,Hold,2753.9111974581533,2539.4056847546
Hold,2024-11-14 16:00:00,81.12,2841.4815102747807,Hold,2841.4815102748075,2620.1550387597704
Hold,2024-11-14 17:00:00,82.26,2881.413572919175,Hold,2881.413572919202,2656.976744186128
Hold,2024-11-14 18:00:00,81.97,2871.2554166324426,Hold,2871.2554166324694,2647.609819121528
Hold,2024-11-14 19:00:00,82.64,2894.724260467306,Hold,2894.7242604673334,2669.2506459949136
Hold,2024-11-14 20:00:00,81.61,2858.645291586845,Hold,2858.645291586872,2635.9819121447836
Hold,2024-11-14 21:00:00,83.86,2937.458573121833,Hold,2937.458573121861,2708.656330749437
Hold,2024-11-14 22:00:00,83.62,2929.0518230914345,Hold,2929.051823091462,2700.904392764941
Hold,2024-11-14 23:00:00,82.38,2885.616947934374,Hold,2885.616947934401,2660.8527131783762
Hold,2024-11-15 00:00:00,80.67,2825.7188539677827,Hold,2825.7188539678095,2605.6201550388396
Hold,2024-11-15 01:00:00,81.22,2844.9843227874467,Hold,2844.984322787474,2623.385012919977
Hold,2024-11-15 02:00:00,82.31,2883.164979175508,Hold,2883.164979175536,2658.5917312662314
Hold,2024-11-15 03:00:00,81.71,2862.1481040995104,Hold,2862.1481040995377,2639.2118863049905
Hold,2024-11-15 04:00:00,79.67,2790.690728841121,Hold,2790.690728841148,2573.320413436771
Hold,2024-11-15 05:00:00,80.97,2836.2272915057815,Hold,2836.227291505809,2615.31007751946
Hold,2024-11-15 06:00:00,81.64,2859.6961353406446,Hold,2859.6961353406723,2636.9509043928456
Hold,2024-11-15 07:00:00,81.46,2853.391072817845,Hold,2853.3910728178726,2631.136950904473
Hold,2024-11-15 08:00:00,82.4,2886.3175104369075,Hold,2886.3175104369357,2661.498708010418
Hold,2024-11-15 09:00:00,82.55,2891.571729205906,Hold,2891.5717292059353,2666.3436692507275
Hold,2024-11-15 10:00:00,83.36,2919.944510558502,Hold,2919.9445105585314,2692.506459948403
Hold,2024-11-15 11:00:00,84.73,2967.9330419820285,Hold,2967.9330419820585,2736.7571059432366
Hold,2024-11-15 12:00:00,84.05,2944.113916895899,Hold,2944.113916895929,2714.7932816538305
Hold,2024-11-15 13:00:00,85.81,3005.763417118823,Hold,3005.763417118854,2771.6408268734704
Hold,2024-11-15 14:00:00,84.19,2949.017854413631,Hold,2949.017854413661,2719.3152454781193
Hold,2024-11-15 15:00:00,82.56,2891.922010457173,Hold,2891.9220104572028,2666.666666666749
Hold,2024-11-15 16:00:00,83.45,2923.097041819902,Hold,2923.0970418199317,2695.4134366925896
Hold,2024-11-15 17:00:00,83.21,2914.6902917895027,Hold,2914.6902917895322,2687.661498708093
Hold,2024-11-15 18:00:00,82.3,2882.814697924241,Hold,2882.8146979242706,2658.268733850211
Hold,2024-11-15 19:00:00,82.86,2902.4304479951716,Hold,2902.430447995201,2676.356589147369
Hold,2024-11-15 20:00:00,84.57,2962.3285419617623,Hold,2962.328541961793,2731.589147286905
Hold,2024-11-15 21:00:00,84.33,2953.921791931364,Hold,2953.9217919313946,2723.8372093024086
Hold,2024-11-15 22:00:00,84.09,2945.515041900965,Hold,2945.5150419009956,2716.085271317913
Hold,2024-11-15 23:00:00,83.7,2931.8540731015673,Hold,2931.854073101598,2703.4883720931057
Hold,2024-11-16 00:00:00,83.74,2933.255198106633,Hold,2933.255198106663,2704.780361757188
Hold,2024-11-16 01:00:00,84.5,2959.876573202896,Hold,2959.876573202926,2729.32816537476
Hold,2024-11-16 02:00:00,84.02,2943.0630731420983,Hold,2943.0630731421284,2713.824289405767
Hold,2024-11-16 03:00:00,84.0,2942.3625106395657,Hold,2942.3625106395957,2713.178294573726
Hold,2024-11-16 04:00:00,84.39,2956.0234794389635,Hold,2956.023479438994,2725.775193798532
Hold,2024-11-16 05:00:00,86.33,3023.978042184687,Hold,3023.9780421847186,2788.4366925065447
Hold,2024-11-16 06:00:00,86.72,3037.639010984085,Hold,3037.6390109841163,2801.033591731351
Hold,2024-11-16 07:00:00,86.94,3045.34519851195,Hold,3045.3451985119814,2808.139534883806
Hold,2024-11-16 08:00:00,86.93,3044.9949172606844,Hold,3044.9949172607153,2807.8165374677856
Hold,2024-11-16 09:00:00,88.82,3111.198073750074,Hold,3111.1980737501053,2868.8630490956944
Hold,2024-11-16 10:00:00,89.21,3124.8590425494717,Hold,3124.859042549503,2881.459948320501
Hold,2024-11-16 11:00:00,88.64,3104.893011227275,Hold,3104.8930112273065,2863.0490956073227
Hold,2024-11-16 12:00:00,87.14,3052.350823537283,Hold,3052.3508235373138,2814.5994832042206
Hold,2024-11-16 13:00:00,87.87,3077.9213548797456,Hold,3077.921354879777,2838.1782945737305
Hold,2024-11-16 14:00:00,92.94,3255.5139492719195,Hold,3255.5139492719527,3001.937984496216
Hold,2024-11-16 15:00:00,88.86,3112.5991987551406,Hold,3112.5991987551724,2870.155038759778
Hold,2024-11-16 16:00:00,90.2,3159.5368864248667,Hold,3159.536886424899,2913.4366925065497
Hold,2024-11-16 17:00:00,93.65,3280.383918111849,Hold,3280.3839181118824,3024.870801033685
Hold,2024-11-16 18:00:00,96.98,3397.0275747836317,Hold,3397.027574783666,3132.428940568572
Hold,2024-11-16 19:00:00,96.59,3383.366605984234,Hold,3383.366605984268,3119.832041343766
Hold,2024-11-16 20:00:00,93.91,3289.491230644781,Hold,3289.491230644814,3033.268733850223
Hold,2024-11-16 21:00:00,96.52,3380.9146372253676,Hold,3380.9146372254017,3117.5710594316206
Hold,2024-11-16 22:00:00,95.22,3335.378074560708,Hold,3335.3780745607414,3075.581395348932
Hold,2024-11-16 23:00:00,95.42,3342.3836995860397,Hold,3342.383699586074,3082.0413436693457
Hold,2024-11-17 00:00:00,96.09,3365.852543420903,Hold,3365.8525434209378,3103.682170542731
Sell,2024-11-17 01:00:00,91.45,3203.322042833194,Sinal: Venda,3203.3220428332265,2953.8113695091347
Buy,2024-11-17 04:00:00,90.38,3203.322042833194,Sinal: Compra,3203.3220428332265,2919.250645994922
Hold,2024-11-17 05:00:00,89.1,3151.6424811285538,Hold,3151.642481128586,2877.9069767442747
Hold,2024-11-17 06:00:00,90.86,3213.8971474224513,Hold,3213.8971474224845,2934.7545219639146
Hold,2024-11-17 07:00:00,90.87,3214.250867117303,Hold,3214.2508671173364,2935.0775193799354
Hold,2024-11-17 08:00:00,91.41,3233.351730639294,Hold,3233.351730639328,2952.519379845052
Hold,2024-11-17 09:00:00,90.28,3193.381405121053,Hold,3193.381405121086,2916.020671834715
Hold,2024-11-17 10:00:00,89.67,3171.8045037351003,Hold,3171.8045037351335,2896.317829457453
Hold,2024-11-17 11:00:00,87.01,3077.715064904551,Hold,3077.7150649045834,2810.400516795952
Hold,2024-11-17 12:00:00,89.18,3154.4722386873677,Hold,3154.472238687401,2880.4909560724404
Hold,2024-11-17 13:00:00,89.88,3179.2326173269857,Hold,3179.2326173270194,2903.100775193888
Hold,2024-11-17 14:00:00,88.99,3147.751564485185,Hold,3147.7515644852188,2874.354005168047
Hold,2024-11-17 15:00:00,88.4,3126.8821024889357,Hold,3126.882102488969,2855.2971576228274
Hold,2024-11-17 16:00:00,89.51,3166.1449886174732,Hold,3166.144988617507,2891.149870801123
Hold,2024-11-17 17:00:00,88.66,3136.0788145550796,Hold,3136.0788145551132,2863.695090439365
Hold,2024-11-17 18:00:00,86.38,3055.430724128894,Hold,3055.4307241289266,2790.0516795866492
Hold,2024-11-17 19:00:00,86.4,3056.138163518598,Hold,3056.138163518631,2790.697674418691
Hold,2024-11-17 20:00:00,86.78,3069.579511922962,Hold,3069.579511922995,2802.971576227477
Hold,2024-11-17 21:00:00,86.06,3044.1116938936407,Hold,3044.1116938936734,2779.715762273988
Hold,2024-11-17 22:00:00,86.99,3077.007625514847,Hold,3077.00762551488,2809.754521963911
Hold,2024-11-17 23:00:00,87.2,3084.4357391067333,Hold,3084.4357391067665,2816.537467700346
Hold,2024-11-18 00:00:00,87.48,3094.3398905625804,Hold,3094.3398905626136,2825.5813953489246
Hold,2024-11-18 01:00:00,90.66,3206.8227535254173,Hold,3206.8227535254523,2928.2945736435017
Hold,2024-11-18 02:00:00,90.3,3194.0888445107566,Hold,3194.088844510791,2916.666666666757
Hold,2024-11-18 03:00:00,94.62,3346.8957526866866,Hold,3346.895752686723,3056.2015503876914
Hold,2024-11-18 04:00:00,92.42,3269.077419819315,Hold,3269.077419819351,2985.142118863141
Hold,2024-11-18 05:00:00,93.26,3298.789874186857,Hold,3298.7898741868935,3012.2739018088787
Hold,2024-11-18 06:00:00,93.66,3312.9386619809243,Hold,3312.93866198096,3025.1937984497063
Hold,2024-11-18 07:00:00,93.6,3310.816343811814,Hold,3310.81634381185,3023.255813953582
Hold,2024-11-18 08:00:00,91.91,3251.0377153818786,Hold,3251.0377153819145,2968.669250646087
Hold,2024-11-18 09:00:00,90.43,3198.687200543829,Hold,3198.687200543864,2920.865633075027
Hold,2024-11-18 10:00:00,91.29,3229.107094301074,Hold,3229.1070943011096,2948.6434108528047
Hold,2024-11-18 11:00:00,90.32,3194.79628390046,Hold,3194.796283900495,2917.312661498798
Hold,2024-11-18 12:00:00,91.26,3228.045935216519,Hold,3228.0459352165544,2947.6744186047426
Hold,2024-11-18 13:00:00,89.17,3154.118518992516,Hold,3154.1185189925504,2880.16795865642
Hold,2024-11-18 14:00:00,88.69,3137.1399736396343,Hold,3137.1399736396684,2864.6640826874273
Hold,2024-11-18 15:00:00,90.36,3196.2111626798664,Hold,3196.211162679901,2918.604651162881
Hold,2024-11-18 16:00:00,89.49,3165.4375492277695,Hold,3165.4375492278036,2890.5038759690815
Hold,2024-11-18 17:00:00,89.22,3155.887117466774,Hold,3155.887117466808,2881.7829457365233
Hold,2024-11-18 18:00:00,88.99,3147.751564485185,Hold,3147.751564485219,2874.354005168047
Hold,2024-11-18 19:00:00,87.44,3092.9250117831734,Hold,3092.925011783207,2824.2894056848418
Hold,2024-11-18 20:00:00,87.68,3101.414284459614,Hold,3101.4142844596477,2832.0413436693384
Hold,2024-11-18 21:00:00,88.95,3146.336685705779,Hold,3146.336685705813,2873.062015503965
Hold,2024-11-18 22:00:00,88.87,3143.5069281469655,Hold,3143.5069281469996,2870.4780361757994
Hold,2024-11-18 23:00:00,89.22,3155.887117466774,Hold,3155.887117466808,2881.7829457365233
Hold,2024-11-19 00:00:00,89.41,3162.607791668956,Hold,3162.60779166899,2887.919896640916
Hold,2024-11-19 01:00:00,88.59,3133.602776691118,Hold,3133.6027766911516,2861.43410852722
Hold,2024-11-19 02:00:00,89.03,3149.1664432645925,Hold,3149.1664432646267,2875.64599483213
Hold,2024-11-19 03:00:00,89.42,3162.9615113638083,Hold,3162.9615113638424,2888.2428940569366
Hold,2024-11-19 04:00:00,88.16,3118.3928298124947,Hold,3118.3928298125284,2847.5452196383303
Hold,2024-11-19 05:00:00,89.32,3159.424314415291,Hold,3159.424314415325,2885.0129198967293
Hold,2024-11-19 06:00:00,89.4,3162.254071974105,Hold,3162.254071974139,2887.596899224895
Hold,2024-11-19 07:00:00,89.32,3159.424314415291,Hold,3159.4243144153247,2885.012919896729
Hold,2024-11-19 08:00:00,89.47,3164.7301098380663,Hold,3164.7301098381,2889.857881137039
Hold,2024-11-19 09:00:00,87.8,3105.658920797834,Hold,3105.6589207978673,2835.917312661585
Hold,2024-11-19 10:00:00,88.28,3122.6374661507157,Hold,3122.637466150749,2851.4211886305784
Hold,2024-11-19 11:00:00,88.02,3113.4407540845714,Hold,3113.440754084604,2843.0232558140406
Hold,2024-11-19 12:00:00,88.47,3129.3581403528974,Hold,3129.3581403529306,2857.558139534972
Hold,2024-11-19 13:00:00,86.05,3043.7579741987884,Hold,3043.7579741988206,2779.3927648579665
Hold,2024-11-19 14:00:00,86.74,3068.164633143555,Hold,3068.1646331435873,2801.6795865633935
Hold,2024-11-19 15:00:00,87.26,3086.558057275843,Hold,3086.558057275876,2818.4754521964696
Hold,2024-11-19 16:00:00,86.58,3062.505118025928,Hold,3062.50511802596,2796.511627907063
Hold,2024-11-19 17:00:00,86.77,3069.22579222811,Hold,3069.2257922281424,2802.648578811456
Hold,2024-11-19 18:00:00,87.99,3112.3795950000163,Hold,3112.3795950000494,2842.0542635659795
Hold,2024-11-19 19:00:00,87.35,3089.741534529508,Hold,3089.7415345295412,2821.3824289406557
Hold,2024-11-19 20:00:00,86.56,3061.797678636225,Hold,3061.7976786362583,2795.8656330750223
Hold,2024-11-19 21:00:00,86.17,3048.002610537009,Hold,3048.0026105370416,2783.268733850216
Hold,2024-11-19 22:00:00,86.05,3043.7579741987884,Hold,3043.757974198821,2779.392764857968
Hold,2024-11-19 23:00:00,86.68,3066.042314974445,Hold,3066.0423149744774,2799.741602067271
Hold,2024-11-20 00:00:00,86.23,3050.124928706119,Hold,3050.1249287061514,2785.20671834634
Hold,2024-11-20 01:00:00,85.56,3026.425709151056,Hold,3026.4257091510876,2763.565891472954
Hold,2024-11-20 02:00:00,85.56,3026.425709151056,Hold,3026.4257091510876,2763.565891472954
Trailing-Stop,2024-11-20 03:00:00,85.02,3007.3248456290644,Trailing stop 10.0% hit,3007.324845629096,2746.124031007837
Buy,2024-11-21 09:00:00,89.45,3007.3248456290644,Sinal: Compra,3007.324845629096,2889.211886304999
Hold,2024-11-21 10:00:00,89.32,2996.9513171092235,Hold,2996.951317109255,2885.01291989673
Hold,2024-11-21 11:00:00,89.74,3011.0435646818373,Hold,3011.043564681869,2898.5788113695985
Hold,2024-11-21 12:00:00,89.41,2999.9710844462124,Hold,2999.9710844462443,2887.9198966409162
Hold,2024-11-21 13:00:00,89.7,3009.7014458653985,Hold,3009.7014458654307,2897.286821705516
Hold,2024-11-21 14:00:00,89.5,3002.9908517832014,Hold,3002.990851783233,2890.8268733851028
Hold,2024-11-21 15:00:00,88.38,2965.4115249228976,Hold,2965.411524922929,2854.6511627907857
Hold,2024-11-21 16:00:00,88.19,2959.03646054481,Hold,2959.0364605448417,2848.5142118863932
Hold,2024-11-21 17:00:00,89.18,2992.253901251686,Hold,2992.253901251718,2880.4909560724413
Hold,2024-11-21 18:00:00,89.55,3004.66850030375,Hold,3004.668500303782,2892.441860465206
Hold,2024-11-21 19:00:00,88.7,2976.148475454413,Hold,2976.1484754544445,2864.9870801034485
Hold,2024-11-21 20:00:00,88.41,2966.4181140352266,Hold,2966.4181140352575,2855.6201550388487
Hold,2024-11-21 21:00:00,88.46,2968.095762555776,Hold,2968.095762555807,2857.2351421189514
Hold,2024-11-21 22:00:00,89.07,2988.5630745064773,Hold,2988.5630745065087,2876.937984496213
Hold,2024-11-21 23:00:00,89.51,3003.326381487311,Hold,3003.3263814873426,2891.1498708011236
Hold,2024-11-22 00:00:00,89.31,2996.6157874051137,Hold,2996.615787405145,2884.68992248071
Hold,2024-11-22 01:00:00,90.9,3049.9650103585814,Hold,3049.9650103586127,2936.0465116279984
Hold,2024-11-22 02:00:00,89.98,3019.096277580474,Hold,3019.0962775805056,2906.330749354095
Hold,2024-11-22 03:00:00,90.0,3019.767336988694,Hold,3019.767336988725,2906.9767441861363
Hold,2024-11-22 04:00:00,90.42,3033.859584561308,Hold,3033.85958456134,2920.5426356590046
Hold,2024-11-22 05:00:00,90.97,3052.3137182873497,Hold,3052.3137182873816,2938.3074935401423
Hold,2024-11-22 06:00:00,90.19,3026.1424013667815,Hold,3026.142401366813,2913.1136950905297
Hold,2024-11-22 07:00:00,89.22,2993.596020068125,Hold,2993.596020068156,2881.7829457365233
Hold,2024-11-22 08:00:00,90.31,3030.1687578160995,Hold,3030.168757816131,2916.989664082778
Hold,2024-11-22 09:00:00,90.55,3038.221470714736,Hold,3038.2214707147673,2924.741602067274
Hold,2024-11-22 10:00:00,89.5,3002.9908517832014,Hold,3002.9908517832323,2890.8268733851028
Hold,2024-11-22 11:00:00,91.99,3086.537748106555,Hold,3086.537748106586,2971.253229974252
Hold,2024-11-22 12:00:00,91.46,3068.754673788733,Hold,3068.754673788764,2954.134366925156
Hold,2024-11-22 13:00:00,88.95,2984.5367180571593,Hold,2984.53671805719,2873.0620155039646
Hold,2024-11-22 14:00:00,88.92,2983.53012894483,Hold,2983.5301289448603,2872.0930232559026
Hold,2024-11-22 15:00:00,89.91,3016.7475696517054,Hold,3016.7475696517367,2904.06976744195
Hold,2024-11-22 16:00:00,90.52,3037.214881602406,Hold,3037.2148816024373,2923.7726098192115
Hold,2024-11-22 17:00:00,90.32,3030.504287520209,Hold,3030.5042875202403,2917.3126614987978
Hold,2024-11-22 18:00:00,89.58,3005.67508941608,Hold,3005.675089416111,2893.410852713268
Hold,2024-11-22 19:00:00,90.84,3047.951832133922,Hold,3047.9518321339538,2934.108527131874
Hold,2024-11-22 20:00:00,90.65,3041.5767677558347,Hold,3041.576767755866,2927.971576227481
Hold,2024-11-22 21:00:00,90.42,3033.859584561308,Hold,3033.8595845613395,2920.5426356590046
Hold,2024-11-22 22:00:00,90.9,3049.9650103585814,Hold,3049.965010358613,2936.0465116279975
Hold,2024-11-22 23:00:00,92.2,3093.583871892862,Hold,3093.5838718928944,2978.0361757106857
Hold,2024-11-23 00:00:00,93.93,3151.6305107038675,Hold,3151.6305107039007,3033.914728682264
Hold,2024-11-23 01:00:00,100.24,3363.3497539971854,Hold,3363.349753997221,3237.726098191314
Hold,2024-11-23 02:00:00,98.61,3308.658412227279,Hold,3308.658412227314,3185.077519379943
Hold,2024-11-23 03:00:00,101.09,3391.869778846523,Hold,3391.8697788465593,3265.1808785530725
Hold,2024-11-23 04:00:00,103.74,3480.7851504356345,Hold,3480.7851504356718,3350.7751937985527
Hold,2024-11-23 05:00:00,103.69,3479.107501915085,Hold,3479.107501915122,3349.1602067184494
Hold,2024-11-23 06:00:00,103.26,3464.6797246383617,Hold,3464.679724638399,3335.2713178295608
Hold,2024-11-23 07:00:00,101.3,3398.91590263283,Hold,3398.915902632866,3271.9638242895066
Hold,2024-11-23 08:00:00,103.04,3457.298071147945,Hold,3457.298071147982,3328.165374677106
Hold,2024-11-23 09:00:00,102.22,3429.7846354109365,Hold,3429.7846354109734,3301.6795865634094
Hold,2024-11-23 10:00:00,102.56,3441.1926453506717,Hold,3441.192645350709,3312.661498708113
Hold,2024-11-23 11:00:00,103.14,3460.6533681890432,Hold,3460.6533681890805,3331.3953488373127
Hold,2024-11-23 12:00:00,102.38,3435.153110676694,Hold,3435.153110676731,3306.847545219741
Hold,2024-11-23 13:00:00,102.23,3430.1201651150463,Hold,3430.120165115084,3302.0025839794307
Hold,2024-11-23 14:00:00,102.7,3445.8900612082098,Hold,3445.8900612082475,3317.1834625324027
Hold,2024-11-23 15:00:00,102.89,3452.265125586297,Hold,3452.265125586335,3323.3204134367957
Hold,2024-11-23 16:00:00,98.71,3312.0137092683776,Hold,3312.0137092684145,3188.3074935401505
Hold,2024-11-23 17:00:00,99.17,3327.4480756574308,Hold,3327.448075657468,3203.165374677102
Hold,2024-11-23 18:00:00,99.75,3346.9087984958023,Hold,3346.90879849584,3221.899224806302
Hold,2024-11-23 19:00:00,98.71,3312.0137092683776,Hold,3312.013709268415,3188.3074935401505
Hold,2024-11-23 20:00:00,98.39,3301.2767587368626,Hold,3301.2767587369,3177.971576227489
Hold,2024-11-23 21:00:00,99.51,3338.8560855971664,Hold,3338.856085597204,3214.1472868218057
Hold,2024-11-23 22:00:00,99.06,3323.757248912222,Hold,3323.75724891226,3199.612403100875
Hold,2024-11-23 23:00:00,99.5,3338.520555893056,Hold,3338.5205558930943,3213.824289405785
Hold,2024-11-24 00:00:00,101.35,3400.593551153379,Hold,3400.5935511534176,3273.578811369611
Hold,2024-11-24 01:00:00,100.8,3382.1394174273373,Hold,3382.139417427376,3255.8139534884735
Hold,2024-11-24 02:00:00,102.11,3426.0938086657284,Hold,3426.0938086657675,3298.1266149871826
Hold,2024-11-24 03:00:00,101.83,3416.698976950652,Hold,3416.6989769506913,3289.0826873386036
Hold,2024-11-24 04:00:00,101.03,3389.856600621864,Hold,3389.856600621903,3263.242894056949
Hold,2024-11-24 05:00:00,100.63,3376.4354124574697,Hold,3376.4354124575084,3250.3229974161213
Hold,2024-11-24 06:00:00,101.67,3411.3305016848944,Hold,3411.3305016849336,3283.914728682272
Hold,2024-11-24 07:00:00,101.52,3406.2975561232465,Hold,3406.2975561232856,3279.0697674419616
Hold,2024-11-24 08:00:00,99.34,3333.1520806272983,Hold,3333.152080627337,3208.6563307494534
Hold,2024-11-24 09:00:00,99.5,3338.520555893056,Hold,3338.5205558930948,3213.8242894057844
Hold,2024-11-24 10:00:00,98.72,3312.3492389724875,Hold,3312.3492389725257,3188.6304909561713
Hold,2024-11-24 11:00:00,95.43,3201.9599663203453,Hold,3201.959966320382,3082.3643410853674
Hold,2024-11-24 12:00:00,93.79,3146.933094846329,Hold,3146.9330948463653,3029.3927648579756
Hold,2024-11-24 13:00:00,95.55,3205.9863227696637,Hold,3205.986322769701,3086.2403100776155
Hold,2024-11-24 14:00:00,94.52,3171.426763246348,Hold,3171.426763246385,3052.971576227485
Trailing-Stop,2024-11-24 15:00:00,92.33,3097.94575804629,Trailing stop 10.0% hit,3097.945758046326,2982.235142118956
Buy,2024-11-24 16:00:00,94.04,3097.94575804629,Sinal: Compra,3097.945758046326,3037.467700258493
Hold,2024-11-24 17:00:00,94.27,3099.31467419341,Hold,3099.314674193446,3044.8966408269685
Hold,2024-11-24 18:00:00,96.19,3162.4385118347736,Hold,3162.4385118348105,3106.9121447029393
Hold,2024-11-24 19:00:00,95.39,3136.1369128175393,Hold,3136.1369128175756,3081.0723514212846
Hold,2024-11-24 20:00:00,96.56,3174.603001380245,Hold,3174.6030013802824,3118.8630490957044
Hold,2024-11-24 21:00:00,97.3,3198.9319804711868,Hold,3198.931980471224,3142.764857881235
Sell,2024-11-24 22:00:00,97.28,3198.2744404957566,Sinal: Venda,3198.274440495794,3142.118863049194
Buy,2024-11-25 15:00:00,95.89,3198.2744404957566,Sinal: Compra,3198.274440495794,3097.222222222319
Hold,2024-11-25 16:00:00,95.53,3179.8978049548,Hold,3179.8978049548373,3085.5943152455743
Hold,2024-11-25 17:00:00,94.68,3151.603937748566,Hold,3151.603937748603,3058.1395348838164
Hold,2024-11-25 18:00:00,94.73,3153.2682828783445,Hold,3153.2682828783813,3059.75452196392
Hold,2024-11-25 19:00:00,95.15,3167.2487819684834,Hold,3167.2487819685202,3073.320413436789
Hold,2024-11-25 20:00:00,95.39,3175.23763859142,Hold,3175.237638591457,3081.0723514212846
Hold,2024-11-25 21:00:00,93.24,3103.6707980109445,Hold,3103.670798010981,3011.627906976838
Hold,2024-11-25 22:00:00,93.2,3102.339321907122,Hold,3102.3393219071586,3010.3359173127556
Hold,2024-11-25 23:00:00,92.26,3071.049633467286,Hold,3071.049633467322,2979.9741602068116
Hold,2024-11-26 00:00:00,93.26,3104.3365360628563,Hold,3104.3365360628927,3012.27390180888
Hold,2024-11-26 01:00:00,94.57,3147.9423784630526,Hold,3147.94237846309,3054.586563307589
Hold,2024-11-26 02:00:00,94.85,3157.2627111898123,Hold,3157.26271118985,3063.6304909561686
Hold,2024-11-26 03:00:00,94.06,3130.966058139312,Hold,3130.966058139349,3038.1136950905347
Hold,2024-11-26 04:00:00,93.7,3118.982773204907,Hold,3118.9827732049444,3026.485788113791
Hold,2024-11-26 05:00:00,94.63,3149.9395926187867,Hold,3149.939592618824,3056.5245478037145
Hold,2024-11-26 06:00:00,93.98,3128.303105931667,Hold,3128.303105931704,3035.52971576237
Hold,2024-11-26 07:00:00,93.09,3098.677762621609,Hold,3098.677762621646,3006.782945736529
Hold,2024-11-26 08:00:00,91.66,3051.077491909944,Hold,3051.07749190998,2960.594315245572
Hold,2024-11-26 09:00:00,91.91,3059.399217558837,Hold,3059.3992175588733,2968.669250646089
Hold,2024-11-26 10:00:00,89.36,2974.517615940133,Hold,2974.517615940168,2886.3049095608153
Hold,2024-11-26 11:00:00,90.37,3008.137387561659,Hold,3008.1373875616946,2918.9276485789046
Hold,2024-11-26 12:00:00,90.12,2999.8156619127667,Hold,2999.815661912802,2910.852713178387
Hold,2024-11-26 13:00:00,90.29,3005.474435354013,Hold,3005.474435354048,2916.343669250739
Hold,2024-11-26 14:00:00,91.27,3038.095599897672,Hold,3038.095599897708,2947.9974160207653
Hold,2024-11-26 15:00:00,90.45,3010.8003397693046,Hold,3010.8003397693406,2921.51162790707
Hold,2024-11-26 16:00:00,91.7,3052.408968013767,Hold,3052.4089680138036,2961.886304909655
Hold,2024-11-26 17:00:00,91.38,3041.7571591831843,Hold,3041.75715918322,2951.550387596993
Hold,2024-11-26 18:00:00,89.91,2992.8254123676966,Hold,2992.825412367732,2904.069767441953
Hold,2024-11-26 19:00:00,90.18,3001.812876068501,Hold,3001.8128760685368,2912.790697674511
Hold,2024-11-26 20:00:00,91.11,3032.7696954823805,Hold,3032.7696954824164,2942.8294573644343
Hold,2024-11-26 21:00:00,91.34,3040.425683079362,Hold,3040.4256830793984,2950.25839793291
Hold,2024-11-26 22:00:00,91.74,3053.7404441175895,Hold,3053.7404441176263,2963.178294573737
Hold,2024-11-26 23:00:00,92.82,3089.690298920805,Hold,3089.690298920842,2998.0620155039705
Hold,2024-11-27 00:00:00,91.94,3060.3978246367037,Hold,3060.39782463674,2969.6382428941506
Hold,2024-11-27 01:00:00,92.99,3095.349072362052,Hold,3095.349072362089,3003.552971576322
Hold,2024-11-27 02:00:00,93.24,3103.6707980109445,Hold,3103.6707980109813,3011.6279069768393
Hold,2024-11-27 03:00:00,92.66,3084.3643945055137,Hold,3084.3643945055505,2992.8940568476396
Hold,2024-11-27 04:00:00,94.61,3149.273854566876,Hold,3149.273854566913,3055.878552971673
Hold,2024-11-27 05:00:00,94.17,3134.627617424825,Hold,3134.6276174248624,3041.666666666763
Hold,2024-11-27 06:00:00,94.6,3148.9409855409194,Hold,3148.9409855409567,3055.555555555652
Hold,2024-11-27 07:00:00,95.45,3177.2348527471545,Hold,3177.2348527471922,3083.0103359174104
Hold,2024-11-27 08:00:00,95.6,3182.2278881364896,Hold,3182.227888136528,3087.8552971577205
Hold,2024-11-27 09:00:00,95.33,3173.240424435686,Hold,3173.2404244357235,3079.134366925162
Hold,2024-11-27 10:00:00,95.96,3194.2111730708953,Hold,3194.211173070934,3099.4832041344653
Hold,2024-11-27 11:00:00,94.82,3156.264104111945,Hold,3156.264104111983,3062.6614987081075
Hold,2024-11-27 12:00:00,95.0,3162.255746579148,Hold,3162.2557465791856,3068.4754521964796
Hold,2024-11-27 13:00:00,95.86,3190.882482811338,Hold,3190.8824828113766,3096.253229974259
Hold,2024-11-27 14:00:00,96.2,3202.200029693832,Hold,3202.200029693871,3107.235142118962
Hold,2024-11-27 15:00:00,97.25,3237.1512774191806,Hold,3237.1512774192197,3141.1498708011336
Hold,2024-11-27 16:00:00,96.24,3203.5315057976545,Hold,3203.531505797693,3108.5271317830443
Hold,2024-11-27 17:00:00,96.76,3220.840695147351,Hold,3220.8406951473903,3125.32299741612
Hold,2024-11-27 18:00:00,96.71,3219.176350017572,Hold,3219.1763500176107,3123.7080103360167
Hold,2024-11-27 19:00:00,97.62,3249.4674313795417,Hold,3249.467431379581,3153.1007751938987
Hold,2024-11-27 20:00:00,98.15,3267.1094897551934,Hold,3267.1094897552325,3170.219638242995
Hold,2024-11-27 21:00:00,97.54,3246.8044791718958,Hold,3246.8044791719344,3150.5167958657335
Hold,2024-11-27 22:00:00,97.63,3249.8003004054967,Hold,3249.8003004055354,3153.423772609919
Hold,2024-11-27 23:00:00,97.23,3236.485539367269,Hold,3236.485539367308,3140.5038759690924
Hold,2024-11-28 00:00:00,97.67,3251.13177650932,Hold,3251.1317765093586,3154.715762274002
Hold,2024-11-28 01:00:00,98.17,3267.775227807105,Hold,3267.7752278071434,3170.8656330750364
Hold,2024-11-28 02:00:00,96.76,3220.840695147351,Hold,3220.840695147389,3125.3229974161204
Hold,2024-11-28 03:00:00,96.56,3214.1833146282374,Hold,3214.183314628275,3118.8630490957066
Hold,2024-11-28 04:00:00,97.22,3236.1526703413133,Hold,3236.152670341351,3140.180878553071
Hold,2024-11-28 05:00:00,96.88,3224.835123458819,Hold,3224.8351234588567,3129.1989664083676
Hold,2024-11-28 06:00:00,96.74,3220.1749570954394,Hold,3220.1749570954767,3124.6770025840783
Hold,2024-11-28 07:00:00,96.05,3197.206994304496,Hold,3197.2069943045335,3102.3901808786513
Hold,2024-11-28 08:00:00,96.16,3200.868553590009,Hold,3200.868553590046,3105.943152454879
Hold,2024-11-28 09:00:00,95.14,3166.915912942528,Hold,3166.915912942565,3072.9974160207694
Hold,2024-11-28 10:00:00,94.81,3155.9312350859896,Hold,3155.931235086026,3062.338501292087
Hold,2024-11-28 11:00:00,94.84,3156.929842163857,Hold,3156.9298421638937,3063.307493540149
Hold,2024-11-28 12:00:00,95.39,3175.23763859142,Hold,3175.237638591457,3081.0723514212864
Hold,2024-11-28 13:00:00,95.59,3181.895019110534,Hold,3181.895019110572,3087.5322997416997
Hold,2024-11-28 14:00:00,95.13,3166.5830439165716,Hold,3166.583043916609,3072.674418604748
Hold,2024-11-28 15:00:00,93.91,3125.9730227499763,Hold,3125.973022750013,3033.2687338502246
Hold,2024-11-28 16:00:00,94.47,3144.6136882034957,Hold,3144.613688203533,3051.356589147383
Hold,2024-11-28 17:00:00,94.76,3154.2668899562113,Hold,3154.266889956249,3060.723514211983
Hold,2024-11-28 18:00:00,95.4,3175.5705076173763,Hold,3175.5705076174145,3081.395348837307
Hold,2024-11-28 19:00:00,95.27,3171.2432102799517,Hold,3171.24321027999,3077.196382429038
Hold,2024-11-28 20:00:00,94.69,3151.9368067745213,Hold,3151.9368067745595,3058.4625322998386
Hold,2024-11-28 21:00:00,95.04,3163.587222682971,Hold,3163.5872226830097,3069.7674418605625
Hold,2024-11-28 22:00:00,96.06,3197.539863330452,Hold,3197.539863330491,3102.7131782946717
Hold,2024-11-28 23:00:00,95.54,3180.230673980756,Hold,3180.2306739807946,3085.917312661596
Hold,2024-11-29 00:00:00,95.53,3179.8978049548,Hold,3179.8978049548386,3085.594315245575
Hold,2024-11-29 01:00:00,96.39,3208.5245411869905,Hold,3208.5245411870296,3113.372093023354
Hold,2024-11-29 02:00:00,97.23,3236.485539367269,Hold,3236.4855393673083,3140.503875969092
Hold,2024-11-29 03:00:00,96.47,3211.1874933946356,Hold,3211.187493394674,3115.9560723515197
Hold,2024-11-29 04:00:00,96.44,3210.1888863167687,Hold,3210.1888863168074,3114.987080103457
Hold,2024-11-29 05:00:00,96.09,3198.5384704083194,Hold,3198.538470408358,3103.6821705427337
Hold,2024-11-29 06:00:00,95.97,3194.5440420968507,Hold,3194.544042096889,3099.8062015504856
Hold,2024-11-29 07:00:00,94.8,3155.598366060034,Hold,3155.598366060072,3062.015503876066
Hold,2024-11-29 08:00:00,95.77,3187.8866615777365,Hold,3187.8866615777747,3093.346253230072
Hold,2024-11-29 09:00:00,96.3,3205.5287199533886,Hold,3205.5287199534273,3110.4651162791683
Hold,2024-11-29 10:00:00,96.98,3228.163813718377,Hold,3228.163813718416,3132.428940568575
Hold,2024-11-29 11:00:00,97.29,3238.4827535230033,Hold,3238.482753523043,3142.4418604652165
Hold,2024-11-29 12:00:00,97.27,3237.8170154710915,Hold,3237.817015471131,3141.795865633175
Hold,2024-11-29 13:00:00,98.46,3277.42842955982,Hold,3277.4284295598604,3180.232558139636
Hold,2024-11-29 14:00:00,99.39,3308.3852489737,Hold,3308.3852489737405,3210.27131782956
Hold,2024-11-29 15:00:00,101.47,3377.6220063724854,Hold,3377.622006372527,3277.4547803618616
Hold,2024-11-29 16:00:00,100.92,3359.3142099449224,Hold,3359.3142099449633,3259.689922480724
Hold,2024-11-29 17:00:00,101.36,3373.9604470869726,Hold,3373.9604470870136,3273.9018087856343
Hold,2024-11-29 18:00:00,101.15,3366.9701975419034,Hold,3366.970197541944,3267.1188630492006
Hold,2024-11-29 19:00:00,102.06,3397.261278903872,Hold,3397.2612789039126,3296.5116279070826
Hold,2024-11-29 20:00:00,102.85,3423.5579319543717,Hold,3423.5579319544127,3322.0284237727165
Hold,2024-11-29 21:00:00,103.54,3446.525894745316,Hold,3446.5258947453567,3344.315245478144
Hold,2024-11-29 22:00:00,103.07,3430.8810505253973,Hold,3430.881050525438,3329.1343669251714
Hold,2024-11-29 23:00:00,104.77,3487.4687849378665,Hold,3487.468784937908,3384.0439276486873
Hold,2024-11-30 00:00:00,102.48,3411.2417779940115,Hold,3411.241777994052,3310.0775193799514
Hold,2024-11-30 01:00:00,101.73,3386.276601047334,Hold,3386.2766010473742,3285.8527131784003
Hold,2024-11-30 02:00:00,101.05,3363.641507282346,Hold,3363.6415072823856,3263.8888888889937
Hold,2024-11-30 03:00:00,101.04,3363.3086382563906,Hold,3363.30863825643,3263.5658914729734
Hold,2024-11-30 04:00:00,101.02,3362.6429002044792,Hold,3362.6429002045193,3262.9198966409317
Hold,2024-11-30 05:00:00,101.37,3374.293316112929,Hold,3374.293316112969,3274.224806201656
Hold,2024-11-30 06:00:00,101.05,3363.641507282346,Hold,3363.6415072823856,3263.8888888889937
Hold,2024-11-30 07:00:00,102.1,3398.592755007695,Hold,3398.592755007735,3297.8036175711654
Hold,2024-11-30 08:00:00,101.92,3392.601112540492,Hold,3392.601112540532,3291.9896640827933
Hold,2024-11-30 09:00:00,102.95,3426.886622213929,Hold,3426.88662221397,3325.258397932924
Hold,2024-11-30 10:00:00,101.52,3379.286351502264,Hold,3379.286351502304,3279.069767441966
Hold,2024-11-30 11:00:00,101.69,3384.945124943511,Hold,3384.9451249435515,3284.560723514318
Hold,2024-11-30 12:00:00,101.68,3384.6122559175556,Hold,3384.612255917596,3284.237726098298
Hold,2024-11-30 13:00:00,101.51,3378.9534824763086,Hold,3378.953482476349,3278.7467700259467
Hold,2024-11-30 14:00:00,101.03,3362.9757692304347,Hold,3362.9757692304747,3263.242894056954
Hold,2024-11-30 15:00:00,102.03,3396.262671826005,Hold,3396.262671826046,3295.542635659022
Hold,2024-11-30 16:00:00,102.66,3417.233420461214,Hold,3417.2334204612553,3315.891472868325
Hold,2024-11-30 17:00:00,102.62,3415.901944357391,Hold,3415.9019443574325,3314.5994832042425
Hold,2024-11-30 18:00:00,102.56,3413.904730201657,Hold,3413.9047302016984,3312.6614987081184
Hold,2024-11-30 19:00:00,102.33,3406.2487426046755,Hold,3406.2487426047164,3305.2325581396426
Hold,2024-11-30 20:00:00,102.04,3396.595540851961,Hold,3396.5955408520012,3295.865633075043
Hold,2024-11-30 21:00:00,103.04,3429.8824434475305,Hold,3429.882443447572,3328.165374677111
Hold,2024-11-30 22:00:00,101.88,3391.269636436669,Hold,3391.2696364367093,3290.6976744187114
Hold,2024-11-30 23:00:00,102.74,3419.8963726688594,Hold,3419.8963726689003,3318.47545219649
Hold,2024-12-01 00:00:00,101.35,3373.627578061017,Hold,3373.627578061057,3273.5788113696153
Hold,2024-12-01 01:00:00,101.47,3377.6220063724854,Hold,3377.622006372526,3277.454780361864
Hold,2024-12-01 02:00:00,99.61,3315.708367544725,Hold,3315.7083675447648,3217.3772609820167
Hold,2024-12-01 03:00:00,101.29,3371.630363905283,Hold,3371.630363905323,3271.6408268734917
Hold,2024-12-01 04:00:00,100.75,3353.6554365036754,Hold,3353.655436503715,3254.198966408375
Hold,2024-12-01 05:00:00,100.16,3334.016163972289,Hold,3334.0161639723287,3235.142118863155
Hold,2024-12-01 06:00:00,101.21,3368.967411697637,Hold,3368.967411697677,3269.0568475453265
Hold,2024-12-01 07:00:00,101.36,3373.9604470869726,Hold,3373.9604470870127,3273.9018087856366
Hold,2024-12-01 08:00:00,102.21,3402.2543142932072,Hold,3402.2543142932477,3301.3565891473945
Hold,2024-12-01 09:00:00,101.96,3393.932588644315,Hold,3393.932588644355,3293.2816537468775
Hold,2024-12-01 10:00:00,101.09,3364.9729833861693,Hold,3364.9729833862093,3265.1808785530784
Hold,2024-12-01 11:00:00,101.53,3379.61922052822,Hold,3379.61922052826,3279.3927648579884
Hold,2024-12-01 12:00:00,100.85,3356.9841267632323,Hold,3356.984126763272,3257.4289405685818
Hold,2024-12-01 13:00:00,101.84,3389.938160332847,Hold,3389.9381603328875,3289.40568475463
Hold,2024-12-01 14:00:00,102.95,3426.886622213929,Hold,3426.88662221397,3325.2583979329256
Hold,2024-12-01 15:00:00,108.7,3618.2863121384567,Hold,3618.2863121384994,3510.981912144818
Hold,2024-12-01 16:00:00,107.41,3575.3462077901713,Hold,3575.3462077902136,3469.3152454781502
Hold,2024-12-01 17:00:00,106.61,3548.7166857137154,Hold,3548.7166857137577,3443.4754521964956
Hold,2024-12-01 18:00:00,106.71,3552.0453759732723,Hold,3552.045375973314,3446.705426356702
Hold,2024-12-01 19:00:00,109.8,3654.9019049935832,Hold,3654.9019049936264,3546.511627907093
Hold,2024-12-01 20:00:00,113.38,3774.0690162857236,Hold,3774.0690162857677,3662.1447028424977
Take-Profit,2024-12-01 21:00:00,119.06,3963.1386230285616,TP 20.0% hit,3963.138623028608,3845.6072351422454
Buy,2024-12-02 03:00:00,119.84,3963.1386230285616,Sinal: Compra,3963.138623028608,3870.8010335918584
Hold,2024-12-02 04:00:00,119.15,3932.4434513347155,Hold,3932.443451334762,3848.5142118864314
Hold,2024-12-02 05:00:00,123.34,4070.730803924665,Hold,4070.7308039247127,3983.850129199097
Hold,2024-12-02 06:00:00,122.64,4047.6279049239574,Hold,4047.6279049240043,3961.2403100776496
Hold,2024-12-02 07:00:00,123.82,4086.5727918108637,Hold,4086.5727918109114,3999.3540051680893
Hold,2024-12-02 08:00:00,117.78,3887.227777576188,Hold,3887.227777576233,3804.2635658915974
Hold,2024-12-02 09:00:00,120.26,3969.0780483215517,Hold,3969.0780483215976,3884.366925064727
Hold,2024-12-02 10:00:00,115.63,3816.2688735025863,Hold,3816.2688735026304,3734.819121447151
Hold,2024-12-02 11:00:00,117.09,3864.454919989776,Hold,3864.4549199898206,3781.976744186171
Hold,2024-12-02 12:00:00,119.62,3947.955397806619,Hold,3947.9553978066647,3863.6950904394034
Hold,2024-12-02 13:00:00,123.08,4062.149727152973,Hold,4062.14972715302,3975.452196382559
Hold,2024-12-02 14:00:00,121.43,4007.692893794163,Hold,4007.69289379421,3922.1576227391474
Hold,2024-12-02 15:00:00,123.16,4064.79005846734,Hold,4064.7900584673866,3978.036175710725
Hold,2024-12-02 16:00:00,121.8,4019.9044261231084,Hold,4019.9044261231547,3934.1085271319125
Hold,2024-12-02 17:00:00,119.08,3930.1331614346445,Hold,3930.13316143469,3846.2532299742866
Hold,2024-12-02 18:00:00,126.12,4162.482317098904,Hold,4162.482317098952,4073.6434108528465
Hold,2024-12-02 19:00:00,132.6,4376.349153562595,Hold,4376.349153562645,4282.945736434249
Hold,2024-12-02 20:00:00,136.99,4521.237334438462,Hold,4521.237334438514,4424.741602067328
Hold,2024-12-02 21:00:00,138.48,4570.413505168538,Hold,4570.413505168591,4472.86821705441
Hold,2024-12-02 22:00:00,136.59,4508.035677866628,Hold,4508.035677866681,4411.821705426501
Hold,2024-12-02 23:00:00,132.93,4387.240520234358,Hold,4387.240520234409,4293.604651162932
Hold,2024-12-03 00:00:00,132.25,4364.797704062242,Hold,4364.797704062293,4271.640826873525
Hold,2024-12-03 01:00:00,130.67,4312.651160603502,Hold,4312.651160603552,4220.607235142257
Hold,2024-12-03 02:00:00,129.98,4289.87830301709,Hold,4289.878303017139,4198.32041343683
Hold,2024-12-03 03:00:00,129.95,4288.888178774202,Hold,4288.888178774251,4197.351421188768
Hold,2024-12-03 04:00:00,131.98,4355.886585876255,Hold,4355.886585876305,4262.919896640966
Hold,2024-12-03 05:00:00,132.67,4378.659443462666,Hold,4378.659443462716,4285.206718346392
Hold,2024-12-03 06:00:00,129.88,4286.5778888741315,Hold,4286.577888874181,4195.090439276622
Hold,2024-12-03 07:00:00,129.22,4264.795155530608,Hold,4264.795155530657,4173.772609819258
Hold,2024-12-03 08:00:00,132.77,4381.959857605624,Hold,4381.959857605674,4288.436692506601
Hold,2024-12-03 09:00:00,133.03,4390.540934377316,Hold,4390.540934377366,4296.8346253231375
Sell,2024-12-03 10:00:00,129.81,4284.267598974061,Sinal: Venda,4284.26759897411,4192.829457364477
Buy,2024-12-04 13:00:00,127.44,4284.267598974061,Sinal: Compra,4284.26759897411,4116.2790697675755
Hold,2024-12-04 14:00:00,127.39,4274.025812204084,Hold,4274.025812204133,4114.664082687472
Hold,2024-12-04 15:00:00,128.56,4313.2801508513785,Hold,4313.280150851428,4152.454780361892
Hold,2024-12-04 16:00:00,122.18,4099.226577714852,Hold,4099.226577714899,3946.382428940696
Hold,2024-12-04 17:00:00,125.16,4199.207713756678,Hold,4199.207713756725,4042.6356589148595
Hold,2024-12-04 18:00:00,126.23,4235.106980724716,Hold,4235.106980724765,4077.1963824290733
Hold,2024-12-04 19:00:00,126.58,4246.849731602111,Hold,4246.84973160216,4088.5012919897968
Hold,2024-12-04 20:00:00,132.34,4440.101860327251,Hold,4440.101860327303,4274.547803617709
Hold,2024-12-04 21:00:00,131.68,4417.958387244163,Hold,4417.9583872442145,4253.229974160345
Hold,2024-12-04 22:00:00,133.33,4473.317069951884,Hold,4473.317069951937,4306.524547803758
Hold,2024-12-04 23:00:00,133.69,4485.395327997206,Hold,4485.3953279972575,4318.152454780502
Hold,2024-12-05 00:00:00,130.24,4369.645355062878,Hold,4369.645355062928,4206.718346253367
Hold,2024-12-05 01:00:00,126.58,4246.849731602111,Hold,4246.84973160216,4088.5012919897968
Hold,2024-12-05 02:00:00,129.1,4331.39753791936,Hold,4331.39753791941,4169.896640827008
Hold,2024-12-05 03:00:00,127.76,4286.439577417331,Hold,4286.439577417379,4126.614987080237
Hold,2024-12-05 04:00:00,127.62,4281.742477066373,Hold,4281.742477066421,4122.093023255948
Hold,2024-12-05 05:00:00,126.65,4249.198281777592,Hold,4249.19828177764,4090.7622739019416
Hold,2024-12-05 06:00:00,128.05,4296.169285287173,Hold,4296.169285287221,4135.981912144838
Hold,2024-12-05 07:00:00,128.57,4313.615658019303,Hold,4313.615658019351,4152.777777777913
Hold,2024-12-05 08:00:00,130.54,4379.710570100645,Hold,4379.710570100695,4216.408268733988
Hold,2024-12-05 09:00:00,129.97,4360.586661528886,Hold,4360.586661528936,4197.9974160208085
Hold,2024-12-05 10:00:00,130.55,4380.046077268571,Hold,4380.046077268621,4216.731266150009
Hold,2024-12-05 11:00:00,137.18,4602.4873296032365,Hold,4602.487329603289,4430.878552971722
Hold,2024-12-05 12:00:00,142.7,4787.687286298161,Hold,4787.687286298215,4609.173126615138
Hold,2024-12-05 13:00:00,141.82,4758.162655520709,Hold,4758.162655520763,4580.749354005318
Hold,2024-12-05 14:00:00,140.15,4702.1329584771365,Hold,4702.13295847719,4526.808785529865
Hold,2024-12-05 15:00:00,143.79,4824.257567602051,Hold,4824.257567602105,4644.379844961393
Hold,2024-12-05 16:00:00,143.34,4809.1597450454,Hold,4809.159745045454,4629.844961240463
Hold,2024-12-05 17:00:00,142.67,4786.680764794384,Hold,4786.680764794438,4608.204134367076
Hold,2024-12-05 18:00:00,142.5,4780.97714293965,Hold,4780.977142939703,4602.713178294725
Hold,2024-12-05 19:00:00,139.33,4674.621370707238,Hold,4674.621370707291,4500.322997416169
Hold,2024-12-05 20:00:00,137.1,4599.803272259831,Hold,4599.803272259883,4428.294573643556
Hold,2024-12-05 21:00:00,136.69,4586.047478374882,Hold,4586.047478374934,4415.051679586708
Hold,2024-12-05 22:00:00,135.02,4530.017781331309,Hold,4530.01778133136,4361.111111111254
Hold,2024-12-05 23:00:00,135.78,4555.516326093654,Hold,4555.516326093706,4385.658914728825
Hold,2024-12-06 00:00:00,138.49,4646.438768601489,Hold,4646.438768601542,4473.191214470431
Hold,2024-12-06 01:00:00,137.74,4621.27573100707,Hold,4621.275731007122,4448.96640826888
Hold,2024-12-06 02:00:00,137.0,4596.448200580575,Hold,4596.448200580627,4425.064599483349
Hold,2024-12-06 03:00:00,137.35,4608.190951457971,Hold,4608.190951458023,4436.369509044072
Hold,2024-12-06 04:00:00,137.94,4627.9858743655805,Hold,4627.985874365633,4455.4263565892925
Hold,2024-12-06 05:00:00,136.03,4563.9040052917935,Hold,4563.904005291845,4393.7338501293425
Hold,2024-12-06 06:00:00,136.51,4580.008349352221,Hold,4580.008349352272,4409.237726098335
Hold,2024-12-06 07:00:00,135.2,4536.056910353969,Hold,4536.05691035402,4366.925064599624
Hold,2024-12-06 08:00:00,133.9,4492.440978523643,Hold,4492.440978523693,4324.935400516936
Hold,2024-12-06 09:00:00,133.22,4469.626491104703,Hold,4469.626491104753,4302.971576227529
Hold,2024-12-06 10:00:00,133.16,4467.613448097149,Hold,4467.613448097199,4301.033591731405
Hold,2024-12-06 11:00:00,133.04,4463.587362082042,Hold,4463.587362082092,4297.157622739157
Hold,2024-12-06 12:00:00,130.8,4388.43375646671,Hold,4388.433756466759,4224.806201550525
Hold,2024-12-06 13:00:00,132.77,4454.528668548051,Hold,4454.528668548101,4288.4366925066
Hold,2024-12-06 14:00:00,134.07,4498.144600378378,Hold,4498.144600378428,4330.426356589288
Hold,2024-12-06 15:00:00,132.52,4446.140989349912,Hold,4446.140989349961,4280.361757106083
Hold,2024-12-06 16:00:00,133.54,4480.3627204783215,Hold,4480.362720478372,4313.307493540192
Hold,2024-12-06 17:00:00,135.49,4545.786618223812,Hold,4545.786618223863,4376.291989664225
Hold,2024-12-06 18:00:00,135.67,4551.825747246471,Hold,4551.825747246521,4382.105943152597
Hold,2024-12-06 19:00:00,136.75,4588.060521382436,Hold,4588.0605213824865,4416.989664082831
Hold,2024-12-06 20:00:00,135.85,4557.864876269133,Hold,4557.864876269183,4387.9198966409695
Hold,2024-12-06 21:00:00,134.14,4500.493150553856,Hold,4500.493150553906,4332.687338501432
Hold,2024-12-06 22:00:00,136.47,4578.66632068052,Hold,4578.666320680571,4407.9457364342525
Hold,2024-12-06 23:00:00,135.93,4560.548933612537,Hold,4560.548933612588,4390.503875969135
Hold,2024-12-07 00:00:00,136.5,4579.672842184296,Hold,4579.672842184347,4408.914728682314
Hold,2024-12-07 01:00:00,136.31,4573.29820599371,Hold,4573.298205993762,4402.777777777922
Hold,2024-12-07 02:00:00,135.93,4560.548933612537,Hold,4560.548933612589,4390.503875969136
Hold,2024-12-07 03:00:00,134.97,4528.340245491681,Hold,4528.340245491733,4359.49612403115
Hold,2024-12-07 04:00:00,136.04,4564.239512459719,Hold,4564.239512459771,4394.056847545364
Hold,2024-12-07 05:00:00,135.31,4539.7474892011505,Hold,4539.747489201202,4370.478036175855
Hold,2024-12-07 06:00:00,137.2,4603.158343939087,Hold,4603.15834393914,4431.524547803763
Hold,2024-12-07 07:00:00,136.94,4594.435157573022,Hold,4594.435157573074,4423.126614987225
Hold,2024-12-07 08:00:00,136.67,4585.376464039031,Hold,4585.376464039084,4414.405684754666
Hold,2024-12-07 09:00:00,137.59,4616.243123488185,Hold,4616.243123488238,4444.12144702857
Hold,2024-12-07 10:00:00,136.9,4593.09312890132,Hold,4593.093128901372,4421.834625323144
Hold,2024-12-07 11:00:00,137.61,4616.914137824037,Hold,4616.914137824091,4444.767441860613
Hold,2024-12-07 12:00:00,137.04,4597.790229252278,Hold,4597.790229252331,4426.356589147434
Hold,2024-12-07 13:00:00,137.59,4616.243123488185,Hold,4616.243123488239,4444.121447028571
Hold,2024-12-07 14:00:00,136.65,4584.70544970318,Hold,4584.705449703233,4413.759689922627
Hold,2024-12-07 15:00:00,137.25,4604.835879778716,Hold,4604.83587977877,4433.139534883868
Hold,2024-12-07 16:00:00,135.34,4540.754010704927,Hold,4540.75401070498,4371.447028423917
Hold,2024-12-07 17:00:00,132.71,4452.515625540498,Hold,4452.51562554055,4286.4987080104775
Hold,2024-12-07 18:00:00,134.01,4496.131557370823,Hold,4496.131557370876,4328.488372093167
Hold,2024-12-07 19:00:00,133.63,4483.382284989651,Hold,4483.382284989703,4316.214470284381
Hold,2024-12-07 20:00:00,134.06,4497.809093210452,Hold,4497.809093210504,4330.10335917327
Hold,2024-12-07 21:00:00,132.84,4456.87721872353,Hold,4456.877218723581,4290.697674418747
Hold,2024-12-07 22:00:00,132.9,4458.890261731084,Hold,4458.890261731135,4292.635658914871
Hold,2024-12-07 23:00:00,133.79,4488.750399676461,Hold,4488.750399676512,4321.382428940711
Hold,2024-12-08 00:00:00,133.71,4486.066342333057,Hold,4486.066342333108,4318.798449612546
Hold,2024-12-08 01:00:00,133.71,4486.066342333057,Hold,4486.066342333108,4318.798449612546
Hold,2024-12-08 02:00:00,133.93,4493.44750002742,Hold,4493.447500027471,4325.904392765002
Hold,2024-12-08 03:00:00,133.99,4495.460543034974,Hold,4495.460543035026,4327.842377261125
Hold,2024-12-08 04:00:00,132.78,4454.864175715977,Hold,4454.8641757160285,4288.759689922622
Hold,2024-12-08 05:00:00,131.74,4419.971430251716,Hold,4419.971430251767,4255.167958656471
Hold,2024-12-08 06:00:00,132.32,4439.430845991399,Hold,4439.43084599145,4273.90180878567
Hold,2024-12-08 07:00:00,132.5,4445.469975014061,Hold,4445.469975014112,4279.715762274042
Hold,2024-12-08 08:00:00,130.35,4373.335933910059,Hold,4373.335933910108,4210.271317829596
Hold,2024-12-08 09:00:00,130.88,4391.117813810114,Hold,4391.117813810164,4227.390180878692
Hold,2024-12-08 10:00:00,132.86,4457.548233059382,Hold,4457.548233059432,4291.343669250788
Hold,2024-12-08 11:00:00,132.76,4454.193161380125,Hold,4454.193161380175,4288.11369509058
Hold,2024-12-08 12:00:00,134.7,4519.28155195769,Hold,4519.28155195774,4350.775193798592
Hold,2024-12-08 13:00:00,134.61,4516.26198744636,Hold,4516.261987446409,4347.868217054406
Hold,2024-12-08 14:00:00,133.1,4465.600405089595,Hold,4465.600405089644,4299.095607235283
Hold,2024-12-08 15:00:00,134.37,4508.209815416146,Hold,4508.209815416195,4340.11627906991
Hold,2024-12-08 16:00:00,133.21,4469.290983936778,Hold,4469.290983936826,4302.6485788115115
Hold,2024-12-08 17:00:00,133.82,4489.756921180237,Hold,4489.756921180287,4322.351421188772
Hold,2024-12-08 18:00:00,132.44,4443.4569320065075,Hold,4443.456932006556,4277.777777777918
Hold,2024-12-08 19:00:00,133.41,4476.001127295289,Hold,4476.001127295338,4309.108527131925
Hold,2024-12-08 20:00:00,133.1,4465.600405089595,Hold,4465.600405089644,4299.095607235284
Hold,2024-12-08 21:00:00,133.4,4475.665620127364,Hold,4475.665620127412,4308.785529715904
Hold,2024-12-08 22:00:00,134.72,4519.952566293541,Hold,4519.952566293589,4351.421188630634
Hold,2024-12-08 23:00:00,134.91,4526.327202484128,Hold,4526.327202484176,4357.558139535027
Hold,2024-12-09 00:00:00,131.88,4424.668530602674,Hold,4424.66853060272,4259.68992248076
Hold,2024-12-09 01:00:00,131.15,4400.176507344106,Hold,4400.176507344152,4236.1111111112505
Hold,2024-12-09 02:00:00,130.86,4390.446799474264,Hold,4390.44679947431,4226.744186046651
Hold,2024-12-09 03:00:00,129.58,4347.501881979788,Hold,4347.501881979833,4185.400516796004
Hold,2024-12-09 04:00:00,130.51,4378.704048596868,Hold,4378.704048596915,4215.439276485927
Hold,2024-12-09 05:00:00,130.55,4380.046077268571,Hold,4380.046077268617,4216.73126615001
Trailing-Stop,2024-12-09 06:00:00,128.2,4301.201892806057,Trailing stop 10.0% hit,4301.2018928061025,4140.826873385149
Buy,2024-12-12 22:00:00,118.93,4301.201892806057,Sinal: Compra,4301.2018928061025,3841.408268733977
Hold,2024-12-12 23:00:00,119.24,4303.792785219133,Hold,4303.792785219179,3851.421188630617
Hold,2024-12-13 00:00:00,119.39,4309.206815056294,Hold,4309.206815056339,3856.2661498709276
Hold,2024-12-13 01:00:00,118.73,4285.385083772792,Hold,4285.385083772838,3834.948320413562
Hold,2024-12-13 02:00:00,120.89,4363.347113427886,Hold,4363.3471134279325,3904.715762274029
Hold,2024-12-13 03:00:00,121.6,4388.973521323773,Hold,4388.97352132382,3927.6485788114974
Hold,2024-12-13 04:00:00,120.78,4359.3768248806355,Hold,4359.376824880682,3901.1627906978015
Hold,2024-12-13 05:00:00,120.94,4365.151790040272,Hold,4365.151790040319,3906.3307493541324
Hold,2024-12-13 06:00:00,119.8,4324.005163277861,Hold,4324.005163277908,3869.509043927775
Hold,2024-12-13 07:00:00,119.25,4304.153720541611,Hold,4304.153720541657,3851.744186046638
Hold,2024-12-13 08:00:00,121.04,4368.761143265045,Hold,4368.761143265091,3909.56072351434
Hold,2024-12-13 09:00:00,119.86,4326.170775212725,Hold,4326.170775212771,3871.4470284239
Hold,2024-12-13 10:00:00,120.16,4336.998834887044,Hold,4336.99883488709,3881.1369509045207
Hold,2024-12-13 11:00:00,120.44,4347.105023916407,Hold,4347.105023916453,3890.1808785531
Hold,2024-12-13 12:00:00,121.05,4369.122078587521,Hold,4369.1220785875685,3909.883720930361
Hold,2024-12-13 13:00:00,119.9,4327.614516502635,Hold,4327.614516502681,3872.739018087983
Hold,2024-12-13 14:00:00,121.9,4399.801580998092,Hold,4399.801580998139,3937.338501292119
Hold,2024-12-13 15:00:00,118.41,4273.835153453519,Hold,4273.835153453564,3824.612403100901
Hold,2024-12-13 16:00:00,119.19,4301.988108606747,Hold,4301.988108606793,3849.8062015505147
Hold,2024-12-13 17:00:00,119.24,4303.792785219133,Hold,4303.792785219178,3851.4211886306175
Hold,2024-12-13 18:00:00,119.09,4298.378755381975,Hold,4298.378755382019,3846.576227390308
Hold,2024-12-13 19:00:00,120.8,4360.09869552559,Hold,4360.098695525636,3901.8087855298436
Hold,2024-12-13 20:00:00,121.91,4400.162516320568,Hold,4400.1625163206145,3937.6614987081393
Hold,2024-12-13 21:00:00,122.5,4421.4577003467275,Hold,4421.457700346774,3956.71834625336
Hold,2024-12-13 22:00:00,123.13,4444.1966256627975,Hold,4444.196625662844,3977.067183462663
Hold,2024-12-13 23:00:00,124.52,4494.366635487139,Hold,4494.366635487187,4021.9638242895376
Hold,2024-12-14 00:00:00,122.65,4426.871730183888,Hold,4426.871730183935,3961.5633074936704
Hold,2024-12-14 01:00:00,122.99,4439.143531148115,Hold,4439.143531148162,3972.5452196383735
Hold,2024-12-14 02:00:00,123.11,4443.474755017843,Hold,4443.474755017889,3976.421188630622
Hold,2024-12-14 03:00:00,123.21,4447.084108242615,Hold,4447.084108242662,3979.6511627908285
Hold,2024-12-14 04:00:00,122.82,4433.007630666001,Hold,4433.0076306660485,3967.054263566022
Hold,2024-12-14 05:00:00,123.19,4446.362237597661,Hold,4446.362237597708,3979.0051679587873
Hold,2024-12-14 06:00:00,123.01,4439.86540179307,Hold,4439.865401793118,3973.191214470415
Hold,2024-12-14 07:00:00,122.67,4427.593600828842,Hold,4427.593600828889,3962.2093023257116
Hold,2024-12-14 08:00:00,122.87,4434.812307278388,Hold,4434.812307278436,3968.669250646125
Hold,2024-12-14 09:00:00,123.24,4448.166914210047,Hold,4448.166914210094,3980.62015503889
Hold,2024-12-14 10:00:00,122.65,4426.871730183888,Hold,4426.871730183935,3961.5633074936704
Hold,2024-12-14 11:00:00,121.44,4383.198556164136,Hold,4383.198556164182,3922.4806201551673
Hold,2024-12-14 12:00:00,119.63,4317.869262795747,Hold,4317.8692627957935,3864.0180878554233
Hold,2024-12-14 13:00:00,118.13,4263.728964424155,Hold,4263.728964424199,3815.5684754523213
Hold,2024-12-14 14:00:00,120.1,4334.83322295218,Hold,4334.833222952226,3879.1989664083953
Hold,2024-12-14 15:00:00,119.96,4329.780128437498,Hold,4329.780128437543,3874.6770025841056
Hold,2024-12-14 16:00:00,119.75,4322.200486665475,Hold,4322.20048666552,3867.8940568476714
Hold,2024-12-14 17:00:00,117.02,4223.665143629177,Hold,4223.66514362922,3779.715762274025
Hold,2024-12-14 18:00:00,116.43,4202.3699596030165,Hold,4202.369959603059,3760.6589147288055
Hold,2024-12-14 19:00:00,117.49,4240.629103785608,Hold,4240.629103785652,3794.896640826997
Hold,2024-12-14 20:00:00,115.7,4176.021681062175,Hold,4176.021681062218,3737.0801033592957
Hold,2024-12-14 21:00:00,117.14,4227.996367498904,Hold,4227.996367498947,3783.5917312662737
Hold,2024-12-14 22:00:00,117.74,4249.652486847541,Hold,4249.6524868475835,3802.9715762275146
Hold,2024-12-14 23:00:00,118.21,4266.616447003973,Hold,4266.616447004016,3818.1524547804866
Hold,2024-12-15 00:00:00,117.53,4242.072845075518,Hold,4242.07284507556,3796.1886304910804
Hold,2024-12-15 01:00:00,119.92,4328.336387147589,Hold,4328.336387147633,3873.385012920024
Hold,2024-12-15 02:00:00,118.65,4282.497601192974,Hold,4282.4976011930175,3832.3643410853974
Hold,2024-12-15 03:00:00,117.25,4231.966656046154,Hold,4231.9666560461965,3787.1447028425014
Hold,2024-12-15 04:00:00,118.05,4260.841481844336,Hold,4260.84148184438,3812.984496124156
Hold,2024-12-15 05:00:00,117.86,4253.983710717269,Hold,4253.9837107173125,3806.8475452197636
Hold,2024-12-15 06:00:00,117.25,4231.966656046154,Hold,4231.9666560461965,3787.1447028425014
Hold,2024-12-15 07:00:00,115.4,4165.193621387857,Hold,4165.1936213879,3727.390180878676
Hold,2024-12-15 08:00:00,116.77,4214.641760567244,Hold,4214.641760567287,3771.640826873509
Hold,2024-12-15 09:00:00,117.02,4223.665143629177,Hold,4223.6651436292195,3779.715762274026
Hold,2024-12-15 10:00:00,116.59,4208.144924762653,Hold,4208.144924762696,3765.826873385137
Hold,2024-12-15 11:00:00,117.21,4230.522914756245,Hold,4230.522914756288,3785.8527131784185
Hold,2024-12-15 12:00:00,118.5,4277.0835713558145,Hold,4277.083571355857,3827.519379845087
Hold,2024-12-15 13:00:00,119.17,4301.266237961793,Hold,4301.266237961836,3849.160206718473
Hold,2024-12-15 14:00:00,120.37,4344.578476659067,Hold,4344.5784766591105,3887.919896640955
Hold,2024-12-15 15:00:00,120.07,4333.750416984748,Hold,4333.750416984792,3878.229974160334
Hold,2024-12-15 16:00:00,119.86,4326.170775212725,Hold,4326.170775212769,3871.4470284239005
Hold,2024-12-15 17:00:00,119.11,4299.100626026929,Hold,4299.100626026972,3847.2222222223495
Hold,2024-12-15 18:00:00,119.1,4298.739690704451,Hold,4298.739690704495,3846.899224806328
Hold,2024-12-15 19:00:00,118.99,4294.7694021572015,Hold,4294.769402157245,3843.346253230101
Hold,2024-12-15 20:00:00,119.06,4297.2959494145425,Hold,4297.295949414586,3845.607235142246
Hold,2024-12-15 21:00:00,116.23,4195.151253153472,Hold,4195.1512531535145,3754.198966408393
Hold,2024-12-15 22:00:00,118.26,4268.42112361636,Hold,4268.421123616404,3819.7674418605916
Hold,2024-12-15 23:00:00,121.11,4371.287690522386,Hold,4371.28769052243,3911.821705426486
Hold,2024-12-16 00:00:00,123.41,4454.302814692161,Hold,4454.302814692205,3986.111111111243
Hold,2024-12-16 01:00:00,123.54,4458.994973884366,Hold,4458.994973884411,3990.3100775195126
Hold,2024-12-16 02:00:00,121.95,4401.606257610478,Hold,4401.606257610522,3938.9534883722235
Hold,2024-12-16 03:00:00,120.45,4347.465959238885,Hold,4347.46595923893,3890.5038759691215
Hold,2024-12-16 04:00:00,121.4,4381.754814874227,Hold,4381.754814874272,3921.1886304910868
Hold,2024-12-16 05:00:00,121.88,4399.079710353136,Hold,4399.079710353181,3936.6925064600796
Hold,2024-12-16 06:00:00,120.61,4353.240924398521,Hold,4353.240924398566,3895.671834625453
Hold,2024-12-16 07:00:00,120.14,4336.27696424209,Hold,4336.276964242134,3880.490956072481
Hold,2024-12-16 08:00:00,119.17,4301.266237961793,Hold,4301.266237961838,3849.160206718475
Hold,2024-12-16 09:00:00,118.44,4274.917959420951,Hold,4274.917959420995,3825.581395348964
Hold,2024-12-16 10:00:00,118.6,4280.692924580588,Hold,4280.692924580632,3830.749354005295
Hold,2024-12-16 11:00:00,115.65,4174.217004449789,Hold,4174.2170044498325,3735.465116279194
Hold,2024-12-16 12:00:00,116.49,4204.535571537881,Hold,4204.535571537925,3762.5968992249313
Hold,2024-12-16 13:00:00,116.57,4207.4230541176985,Hold,4207.423054117743,3765.1808785530966
Hold,2024-12-16 14:00:00,116.42,4202.00902428054,Hold,4202.0090242805845,3760.3359173127865
Hold,2024-12-16 15:00:00,118.3,4269.864864906269,Hold,4269.864864906313,3821.0594315246744
Hold,2024-12-16 16:00:00,121.33,4379.228267616886,Hold,4379.228267616932,3918.9276485789414
Hold,2024-12-16 17:00:00,120.98,4366.595531330181,Hold,4366.595531330227,3907.6227390182175
Hold,2024-12-16 18:00:00,121.91,4400.162516320568,Hold,4400.162516320614,3937.6614987081407
Hold,2024-12-16 19:00:00,120.08,4334.111352307225,Hold,4334.111352307271,3878.552971576356
Hold,2024-12-16 20:00:00,119.22,4303.070914574179,Hold,4303.070914574224,3850.7751937985768
Hold,2024-12-16 21:00:00,119.39,4309.206815056294,Hold,4309.206815056338,3856.2661498709285
Hold,2024-12-16 22:00:00,119.35,4307.763073766384,Hold,4307.7630737664285,3854.974160206846
Hold,2024-12-16 23:00:00,117.99,4258.6758699094735,Hold,4258.675869909518,3811.046511628033
Hold,2024-12-17 00:00:00,115.7,4176.021681062175,Hold,4176.021681062219,3737.080103359297
Hold,2024-12-17 01:00:00,117.53,4242.072845075518,Hold,4242.072845075562,3796.1886304910818
Hold,2024-12-17 02:00:00,117.27,4232.688526691109,Hold,4232.688526691153,3787.790697674544
Hold,2024-12-17 03:00:00,117.95,4257.232128619564,Hold,4257.232128619608,3809.754521963951
Hold,2024-12-17 04:00:00,116.73,4213.198019277335,Hold,4213.19801927738,3770.348837209428
Hold,2024-12-17 05:00:00,117.21,4230.522914756245,Hold,4230.5229147562895,3785.8527131784194
Hold,2024-12-17 06:00:00,116.96,4221.499531694312,Hold,4221.499531694357,3777.777777777903
Hold,2024-12-17 07:00:00,117.1,4226.552626208995,Hold,4226.552626209039,3782.299741602192
Hold,2024-12-17 08:00:00,117.5,4240.990039108086,Hold,4240.99003910813,3795.2196382430193
Hold,2024-12-17 09:00:00,118.74,4285.74601909527,Hold,4285.746019095314,3835.271317829584
Hold,2024-12-17 10:00:00,118.86,4290.077242964997,Hold,4290.077242965042,3839.1472868218325
Hold,2024-12-17 11:00:00,119.0,4295.130337479679,Hold,4295.130337479724,3843.6692506461222
Hold,2024-12-17 12:00:00,119.42,4310.289621023724,Hold,4310.28962102377,3857.2351421189915
Hold,2024-12-17 13:00:00,118.97,4294.047531512247,Hold,4294.047531512293,3842.700258398061
Hold,2024-12-17 14:00:00,118.64,4282.136665870497,Hold,4282.136665870543,3832.0413436693784
Hold,2024-12-17 15:00:00,115.71,4176.3826163846525,Hold,4176.382616384697,3737.4031007753183
Hold,2024-12-17 16:00:00,117.77,4250.735292814973,Hold,4250.735292815019,3803.9405684755793
Hold,2024-12-17 17:00:00,129.28,4666.171848986326,Hold,4666.171848986377,4175.710594315385
Hold,2024-12-17 18:00:00,127.49,4601.564426262893,Hold,4601.564426262943,4117.894056847683
Hold,2024-12-17 19:00:00,127.57,4604.451908842711,Hold,4604.451908842761,4120.4780361758485
Hold,2024-12-17 20:00:00,126.63,4570.523988529846,Hold,4570.523988529896,4090.116279069904
Hold,2024-12-17 21:00:00,126.28,4557.891252243141,Hold,4557.89125224319,4078.8113695091806
Hold,2024-12-17 22:00:00,123.87,4470.905839526115,Hold,4470.9058395261645,4000.9689922481957
Hold,2024-12-17 23:00:00,125.63,4534.430456282117,Hold,4534.430456282167,4057.8165374678365
Hold,2024-12-18 00:00:00,124.23,4483.899511135299,Hold,4483.899511135349,4012.596899224941
Hold,2024-12-18 01:00:00,127.19,4590.736366588574,Hold,4590.736366588625,4108.204134367063
Hold,2024-12-18 02:00:00,126.67,4571.967729819756,Hold,4571.967729819807,4091.4082687339874
Hold,2024-12-18 03:00:00,124.5,4493.644764842185,Hold,4493.644764842235,4021.317829457499
Hold,2024-12-18 04:00:00,122.21,4410.990575994887,Hold,4410.990575994936,3947.3514211887623
Hold,2024-12-18 05:00:00,122.77,4431.202954053614,Hold,4431.202954053663,3965.439276485921
Hold,2024-12-18 06:00:00,118.18,4265.533641036542,Hold,4265.53364103659,3817.1834625324277
Hold,2024-12-18 07:00:00,120.07,4333.750416984748,Hold,4333.750416984796,3878.229974160336
Hold,2024-12-18 08:00:00,119.96,4329.780128437498,Hold,4329.780128437546,3874.677002584109
Hold,2024-12-18 09:00:00,120.34,4343.495670691635,Hold,4343.495670691683,3886.9509043928947
Hold,2024-12-18 10:00:00,120.21,4338.80351149943,Hold,4338.803511499478,3882.751937984626
Hold,2024-12-18 11:00:00,119.65,4318.591133440703,Hold,4318.59113344075,3864.6640826874677
Hold,2024-12-18 12:00:00,117.31,4234.132267981017,Hold,4234.132267981064,3789.0826873386277
Hold,2024-12-18 13:00:00,117.24,4231.605720723677,Hold,4231.605720723724,3786.821705426483
Trailing-Stop,2024-12-18 14:00:00,115.67,4174.938875094744,Trailing stop 10.0% hit,4174.938875094789,3736.111111111236
Buy,2024-12-23 07:00:00,101.95,4174.938875094744,Sinal: Compra,4174.938875094789,3292.9586563308594
Hold,2024-12-23 08:00:00,102.49,4188.662424986058,Hold,4188.662424986104,3310.4005167959763
Hold,2024-12-23 09:00:00,103.11,4214.001196607595,Hold,4214.001196607642,3330.426356589259
Hold,2024-12-23 10:00:00,102.72,4198.062291877918,Hold,4198.0622918779645,3317.8294573644516
Hold,2024-12-23 11:00:00,102.34,4182.532077013106,Hold,4182.532077013151,3305.555555555666
Hold,2024-12-23 12:00:00,103.27,4220.5402344454105,Hold,4220.540234445457,3335.5943152455893
Hold,2024-12-23 13:00:00,101.57,4151.062957418615,Hold,4151.0629574186605,3280.684754522073
Hold,2024-12-23 14:00:00,100.77,4118.367768229535,Hold,4118.367768229579,3254.844961240419
Hold,2024-12-23 15:00:00,99.7,4074.6379526891405,Hold,4074.6379526891847,3220.284237726206
Hold,2024-12-23 16:00:00,102.41,4185.39290606715,Hold,4185.392906067194,3307.8165374678106
Hold,2024-12-23 17:00:00,101.25,4137.984881742983,Hold,4137.9848817430275,3270.3488372094116
Hold,2024-12-23 18:00:00,101.63,4153.515096607796,Hold,4153.515096607842,3282.622739018197
Hold,2024-12-23 19:00:00,102.77,4200.105741202236,Hold,4200.105741202282,3319.4444444445553
Hold,2024-12-23 20:00:00,105.31,4303.912966877567,Hold,4303.912966877614,3401.4857881138087
Hold,2024-12-23 21:00:00,105.57,4314.538903364017,Hold,4314.538903364064,3409.883720930346
Hold,2024-12-23 22:00:00,107.32,4386.05962971513,Hold,4386.059629715177,3466.408268733965
Hold,2024-12-23 23:00:00,106.77,4363.581687147638,Hold,4363.581687147685,3448.643410852828
Hold,2024-12-24 00:00:00,106.19,4339.877674985555,Hold,4339.877674985602,3429.909560723628
Hold,2024-12-24 01:00:00,104.65,4276.939435796575,Hold,4276.939435796621,3380.1679586564433
Hold,2024-12-24 02:00:00,104.92,4287.9740621478895,Hold,4287.974062147937,3388.888888889002
Hold,2024-12-24 03:00:00,105.95,4330.069118228831,Hold,4330.069118228878,3422.1576227391324
Hold,2024-12-24 04:00:00,106.71,4361.129547958456,Hold,4361.129547958503,3446.705426356704
Hold,2024-12-24 05:00:00,106.64,4358.268718904413,Hold,4358.26871890446,3444.4444444445594
Hold,2024-12-24 06:00:00,105.39,4307.182485796475,Hold,4307.182485796521,3404.069767441974
Hold,2024-12-24 07:00:00,106.13,4337.425535796373,Hold,4337.42553579642,3427.971576227504
Hold,2024-12-24 08:00:00,107.13,4378.294522282725,Hold,4378.294522282773,3460.2713178295726
Hold,2024-12-24 09:00:00,107.16,4379.5205918773145,Hold,4379.520591877363,3461.2403100776346
Hold,2024-12-24 10:00:00,107.01,4373.390243904362,Hold,4373.39024390441,3456.395348837325
Hold,2024-12-24 11:00:00,107.34,4386.877009444857,Hold,4386.8770094449055,3467.054263566007
Hold,2024-12-24 12:00:00,107.07,4375.842383093543,Hold,4375.84238309359,3458.3333333334485
Hold,2024-12-24 13:00:00,109.84,4489.049475660734,Hold,4489.049475660782,3547.8036175711777
Hold,2024-12-24 14:00:00,109.21,4463.302014174334,Hold,4463.302014174382,3527.4547803618743
Hold,2024-12-24 15:00:00,110.42,4512.753487822817,Hold,4512.753487822866,3566.5374677003774
Hold,2024-12-24 16:00:00,109.17,4461.667254714879,Hold,4461.667254714928,3526.162790697792
Hold,2024-12-24 17:00:00,109.78,4486.597336471553,Hold,4486.597336471602,3545.8656330750537
Hold,2024-12-24 18:00:00,109.35,4469.023672282422,Hold,4469.023672282471,3531.9767441861645
Hold,2024-12-24 19:00:00,108.21,4422.433027687983,Hold,4422.433027688031,3495.1550387598068
Hold,2024-12-24 20:00:00,107.27,4384.016180390813,Hold,4384.016180390861,3464.793281653863
Hold,2024-12-24 21:00:00,108.19,4421.615647958256,Hold,4421.615647958304,3494.509043927765
Hold,2024-12-24 22:00:00,108.34,4427.745995931208,Hold,4427.745995931256,3499.354005168076
Hold,2024-12-24 23:00:00,108.35,4428.154685796072,Hold,4428.15468579612,3499.677002584096
Hold,2024-12-25 00:00:00,107.79,4405.268053363716,Hold,4405.268053363764,3481.5891472869384
Hold,2024-12-25 01:00:00,108.36,4428.563375660935,Hold,4428.563375660983,3500.000000000117
Hold,2024-12-25 02:00:00,108.49,4433.876343904161,Hold,4433.876343904209,3504.1989664083853
Hold,2024-12-25 03:00:00,107.92,4410.581021606941,Hold,4410.5810216069885,3485.788113695207
Hold,2024-12-25 04:00:00,108.41,4430.606824985252,Hold,4430.6068249853,3501.61498708022
Hold,2024-12-25 05:00:00,108.62,4439.189312147386,Hold,4439.189312147433,3508.397932816655
Hold,2024-12-25 06:00:00,108.08,4417.120059444757,Hold,4417.120059444805,3490.956072351538
Hold,2024-12-25 07:00:00,107.74,4403.224604039398,Hold,4403.224604039445,3479.9741602068343
Hold,2024-12-25 08:00:00,108.34,4427.745995931208,Hold,4427.745995931255,3499.3540051680757
Hold,2024-12-25 09:00:00,109.46,4473.519260795921,Hold,4473.519260795967,3535.529715762392
Hold,2024-12-25 10:00:00,109.11,4459.215115525698,Hold,4459.215115525745,3524.2248062016683
Hold,2024-12-25 11:00:00,107.95,4411.807091201532,Hold,4411.807091201578,3486.7571059432694
Hold,2024-12-25 12:00:00,108.83,4447.77179930952,Hold,4447.771799309567,3515.180878553089
Hold,2024-12-25 13:00:00,108.93,4451.858697958155,Hold,4451.858697958201,3518.410852713296
Hold,2024-12-25 14:00:00,109.31,4467.388912822968,Hold,4467.388912823015,3530.6847545220817
Hold,2024-12-25 15:00:00,108.43,4431.424204714979,Hold,4431.424204715026,3502.2609819122613
Hold,2024-12-25 16:00:00,107.7,4401.589844579944,Hold,4401.589844579989,3478.6821705427515
Hold,2024-12-25 17:00:00,108.44,4431.832894579843,Hold,4431.8328945798885,3502.583979328282
Hold,2024-12-25 18:00:00,109.18,4462.075944579743,Hold,4462.075944579789,3526.4857881138123
Hold,2024-12-25 19:00:00,109.47,4473.9279506607845,Hold,4473.927950660831,3535.8527131784126
Hold,2024-12-25 20:00:00,108.66,4440.82407160684,Hold,4440.824071606886,3509.6899224807376
Hold,2024-12-25 21:00:00,108.51,4434.693723633888,Hold,4434.693723633934,3504.8449612404274
Hold,2024-12-25 22:00:00,109.05,4456.762976336517,Hold,4456.762976336562,3522.2868217055443
Hold,2024-12-25 23:00:00,109.82,4488.232095931007,Hold,4488.232095931054,3547.157622739137
Hold,2024-12-26 00:00:00,108.79,4446.137039850066,Hold,4446.137039850111,3513.8888888890074
Hold,2024-12-26 01:00:00,108.58,4437.554552687932,Hold,4437.554552687978,3507.105943152573
Hold,2024-12-26 02:00:00,108.45,4432.241584444707,Hold,4432.241584444752,3502.9069767443043
Hold,2024-12-26 03:00:00,108.17,4420.798268228528,Hold,4420.798268228574,3493.8630490957253
Hold,2024-12-26 04:00:00,107.61,4397.911635796172,Hold,4397.9116357962175,3475.775193798567
Hold,2024-12-26 05:00:00,107.51,4393.824737147537,Hold,4393.824737147583,3472.5452196383603
Hold,2024-12-26 06:00:00,106.69,4360.31216822873,Hold,4360.312168228776,3446.059431524664
Hold,2024-12-26 07:00:00,106.45,4350.503611472006,Hold,4350.5036114720515,3438.307493540168
Hold,2024-12-26 08:00:00,104.32,4263.452670256079,Hold,4263.452670256123,3369.5090439277624
Hold,2024-12-26 09:00:00,104.28,4261.817910796625,Hold,4261.81791079667,3368.2170542636795
Hold,2024-12-26 10:00:00,103.78,4241.38341755345,Hold,4241.383417553495,3352.067183462645
Hold,2024-12-26 11:00:00,104.08,4253.644113499356,Hold,4253.6441134994,3361.7571059432657
Hold,2024-12-26 12:00:00,103.06,4211.957747283278,Hold,4211.9577472833225,3328.811369509156
Hold,2024-12-26 13:00:00,103.06,4211.957747283278,Hold,4211.9577472833225,3328.811369509156
Hold,2024-12-26 14:00:00,102.95,4207.462158769779,Hold,4207.462158769824,3325.258397932929
Hold,2024-12-26 15:00:00,102.58,4192.340633769829,Hold,4192.3406337698725,3313.307493540163
Hold,2024-12-26 16:00:00,103.42,4226.670582418365,Hold,4226.670582418409,3340.4392764859003
Hold,2024-12-26 17:00:00,102.2,4176.810418905016,Hold,4176.810418905061,3301.0335917313773
Hold,2024-12-26 18:00:00,102.33,4182.123387148242,Hold,4182.1233871482855,3305.232558139646
Hold,2024-12-26 19:00:00,102.6,4193.158013499557,Hold,4193.1580134996,3313.953488372204
Hold,2024-12-26 20:00:00,101.93,4165.775792553702,Hold,4165.775792553745,3292.3126614988187
Hold,2024-12-26 21:00:00,102.26,4179.262558094198,Hold,4179.262558094241,3302.9715762275014
Hold,2024-12-26 22:00:00,102.5,4189.071114850922,Hold,4189.071114850966,3310.7235142119966
Hold,2024-12-26 23:00:00,102.23,4178.036488499607,Hold,4178.036488499652,3302.0025839794384
Hold,2024-12-27 00:00:00,102.71,4197.653602013055,Hold,4197.653602013101,3317.506459948431
Hold,2024-12-27 01:00:00,103.2,4217.679405391367,Hold,4217.679405391413,3333.3333333334444
Hold,2024-12-27 02:00:00,103.3,4221.766304040001,Hold,4221.766304040046,3336.5633074936513
Hold,2024-12-27 03:00:00,103.51,4230.3487912021355,Hold,4230.34879120218,3343.346253230086
Hold,2024-12-27 04:00:00,102.9,4205.418709445462,Hold,4205.4187094455065,3323.643410852824
Hold,2024-12-27 05:00:00,103.2,4217.679405391367,Hold,4217.679405391413,3333.3333333334444
Hold,2024-12-27 06:00:00,104.45,4268.765638499305,Hold,4268.765638499351,3373.7080103360295
Hold,2024-12-27 07:00:00,102.52,4189.8884945806485,Hold,4189.888494580693,3311.3695090440374
Hold,2024-12-27 08:00:00,103.76,4240.5660378237235,Hold,4240.566037823768,3351.421188630603
Hold,2024-12-27 09:00:00,105.6,4315.764972958607,Hold,4315.764972958653,3410.852713178408
Hold,2024-12-27 10:00:00,104.94,4288.791441877617,Hold,4288.791441877663,3389.534883721043
Hold,2024-12-27 11:00:00,104.88,4286.339302688435,Hold,4286.3393026884805,3387.596899224919
Hold,2024-12-27 12:00:00,104.49,4270.400397958759,Hold,4270.400397958804,3375.0000000001123
Hold,2024-12-27 13:00:00,103.54,4231.574860796726,Hold,4231.574860796771,3344.315245478148
Hold,2024-12-27 14:00:00,102.15,4174.766969580699,Hold,4174.766969580743,3299.4186046512727
Hold,2024-12-27 15:00:00,100.99,4127.358945256532,Hold,4127.358945256576,3261.9509043928733
Hold,2024-12-27 16:00:00,101.02,4128.585014851123,Hold,4128.585014851166,3262.919896640935
Hold,2024-12-27 17:00:00,103.46,4228.305341877817,Hold,4228.305341877862,3341.731266149982
Hold,2024-12-27 18:00:00,103.41,4226.2618925535,Hold,4226.261892553544,3340.1162790698786
Hold,2024-12-27 19:00:00,102.65,4195.201462823874,Hold,4195.201462823918,3315.5684754523068
Hold,2024-12-27 20:00:00,102.16,4175.175659445562,Hold,4175.175659445606,3299.741602067293
Hold,2024-12-27 21:00:00,101.66,4154.741166202387,Hold,4154.741166202431,3283.5917312662586
Hold,2024-12-27 22:00:00,99.91,4083.2204398512736,Hold,4083.2204398513168,3227.067183462639
Hold,2024-12-27 23:00:00,100.58,4110.602660797128,Hold,4110.602660797172,3248.7080103360245
Hold,2024-12-28 00:00:00,100.54,4108.967901337675,Hold,4108.967901337719,3247.416020671942
Hold,2024-12-28 01:00:00,100.0,4086.8986486350454,Hold,4086.8986486350886,3229.974160206825
Hold,2024-12-28 02:00:00,99.61,4070.9597439053687,Hold,4070.9597439054114,3217.3772609820185
Hold,2024-12-28 03:00:00,100.47,4106.107072283629,Hold,4106.107072283672,3245.155038759797
Hold,2024-12-28 04:00:00,100.14,4092.6203067431347,Hold,4092.6203067431775,3234.496124031115
Hold,2024-12-28 05:00:00,100.33,4100.385414175541,Hold,4100.385414175585,3240.633074935508
Hold,2024-12-28 06:00:00,99.69,4074.2292628242767,Hold,4074.2292628243204,3219.961240310184
Trailing-Stop,2024-12-28 07:00:00,99.2,4054.203459445965,Trailing stop 10.0% hit,4054.2034594460088,3204.134366925171
Buy,2025-01-05 10:00:00,111.21,4054.203459445965,Sinal: Compra,4054.2034594460088,3592.05426356601
Hold,2025-01-05 11:00:00,111.64,4061.7435866864193,Hold,4061.743586686463,3605.9431524549
Hold,2025-01-05 12:00:00,112.19,4081.753968025344,Hold,4081.7539680253867,3623.7080103360377
Hold,2025-01-05 13:00:00,111.93,4072.294515028762,Hold,4072.2945150288047,3615.3100775195003
Hold,2025-01-05 14:00:00,112.05,4076.6604164117994,Hold,4076.660416411842,3619.186046511748
Hold,2025-01-05 15:00:00,112.29,4085.3922191778756,Hold,4085.3922191779193,3626.9379844962446
Hold,2025-01-05 16:00:00,112.42,4090.121945676167,Hold,4090.121945676211,3631.1369509045135
Hold,2025-01-05 17:00:00,112.09,4078.1157168728123,Hold,4078.1157168728555,3620.478036175831
Hold,2025-01-05 18:00:00,112.43,4090.4857707914202,Hold,4090.485770791464,3631.4599483205347
Hold,2025-01-05 19:00:00,112.65,4098.48992332699,Hold,4098.4899233270335,3638.565891472989
Hold,2025-01-05 20:00:00,112.95,4109.404676784585,Hold,4109.4046767846285,3648.255813953609
Hold,2025-01-05 21:00:00,114.42,4162.886968726802,Hold,4162.886968726847,3695.736434108649
Hold,2025-01-05 22:00:00,116.02,4221.098987167308,Hold,4221.098987167354,3747.416020671958
Hold,2025-01-05 23:00:00,115.72,4210.184233709714,Hold,4210.18423370976,3737.7260981913378
Hold,2025-01-06 00:00:00,114.98,4183.261175180979,Hold,4183.261175181025,3713.8242894058076
Hold,2025-01-06 01:00:00,116.17,4226.556363896107,Hold,4226.556363896153,3752.260981912269
Hold,2025-01-06 02:00:00,115.95,4218.552211360537,Hold,4218.552211360582,3745.155038759814
Hold,2025-01-06 03:00:00,115.57,4204.726856980916,Hold,4204.726856980962,3732.881136951028
Hold,2025-01-06 04:00:00,115.35,4196.722704445346,Hold,4196.722704445391,3725.775193798573
Hold,2025-01-06 05:00:00,114.85,4178.531448682687,Hold,4178.531448682732,3709.625322997539
Hold,2025-01-06 06:00:00,114.36,4160.704018035282,Hold,4160.704018035327,3693.798449612526
Hold,2025-01-06 07:00:00,113.59,4132.689484160788,Hold,4132.689484160833,3668.9276485789337
Hold,2025-01-06 08:00:00,113.0,4111.223802360851,Hold,4111.223802360895,3649.8708010337136
Hold,2025-01-06 09:00:00,113.03,4112.31527770661,Hold,4112.315277706654,3650.8397932817757
Hold,2025-01-06 10:00:00,113.37,4124.685331625218,Hold,4124.685331625263,3661.821705426479
Hold,2025-01-06 11:00:00,113.6,4133.053309276041,Hold,4133.053309276085,3669.2506459949545
Hold,2025-01-06 12:00:00,112.42,4090.121945676167,Hold,4090.121945676211,3631.136950904514
Hold,2025-01-06 13:00:00,112.85,4105.766425632053,Hold,4105.766425632098,3645.025839793403
Hold,2025-01-06 14:00:00,114.01,4147.970139001422,Hold,4147.970139001466,3682.4935400518025
Hold,2025-01-06 15:00:00,114.41,4162.523143611548,Hold,4162.523143611593,3695.4134366926296
Hold,2025-01-06 16:00:00,116.01,4220.735162052057,Hold,4220.735162052102,3747.0930232559394
Hold,2025-01-06 17:00:00,114.67,4171.982596608131,Hold,4171.982596608175,3703.811369509168
Hold,2025-01-06 18:00:00,114.6,4169.435820801358,Hold,4169.435820801403,3701.550387597023
Hold,2025-01-06 19:00:00,114.58,4168.708170570852,Hold,4168.708170570898,3700.904392764982
Hold,2025-01-06 20:00:00,113.65,4134.872434852307,Hold,4134.872434852352,3670.8656330750587
Hold,2025-01-06 21:00:00,113.17,4117.408829320155,Hold,4117.408829320199,3655.3617571060654
Hold,2025-01-06 22:00:00,113.51,4129.778883238763,Hold,4129.778883238808,3666.343669250769
Hold,2025-01-06 23:00:00,114.01,4147.970139001422,Hold,4147.970139001466,3682.4935400518034
Hold,2025-01-07 00:00:00,113.69,4136.327735313319,Hold,4136.3277353133635,3672.157622739141
Hold,2025-01-07 01:00:00,114.53,4166.889044994586,Hold,4166.889044994631,3699.289405684878
Hold,2025-01-07 02:00:00,113.14,4116.317353974395,Hold,4116.317353974439,3654.3927648580034
Hold,2025-01-07 03:00:00,113.32,4122.866206048952,Hold,4122.866206048997,3660.206718346375
Hold,2025-01-07 04:00:00,112.56,4095.215497289711,Hold,4095.2154972897547,3635.658914728803
Hold,2025-01-07 05:00:00,112.94,4109.0408516693315,Hold,4109.040851669375,3647.932816537589
Hold,2025-01-07 06:00:00,113.63,4134.144784621801,Hold,4134.144784621844,3670.219638243016
Hold,2025-01-07 07:00:00,112.92,4108.313201438826,Hold,4108.313201438868,3647.286821705548
Hold,2025-01-07 08:00:00,113.34,4123.593856279459,Hold,4123.593856279502,3660.8527131784167
Hold,2025-01-07 09:00:00,112.79,4103.583474940534,Hold,4103.583474940577,3643.087855297279
Hold,2025-01-07 10:00:00,112.71,4100.672874018509,Hold,4100.672874018552,3640.5038759691133
Hold,2025-01-07 11:00:00,111.45,4054.8309094966094,Hold,4054.830909496652,3599.806201550508
Hold,2025-01-07 12:00:00,110.63,4024.9972500458484,Hold,4024.9972500458916,3573.3204134368116
Hold,2025-01-07 13:00:00,111.13,4043.188505808507,Hold,4043.1885058085504,3589.470284237846
Hold,2025-01-07 14:00:00,109.38,3979.519110639202,Hold,3979.519110639245,3532.9457364342265
Hold,2025-01-07 15:00:00,106.15,3862.003598412428,Hold,3862.003598412469,3428.6175710595467
Hold,2025-01-07 16:00:00,105.94,3854.3632709921108,Hold,3854.363270992152,3421.834625323112
Hold,2025-01-07 17:00:00,105.78,3848.54206914806,Hold,3848.5420691481013,3416.666666666781
Hold,2025-01-07 18:00:00,104.77,3811.7957325074894,Hold,3811.7957325075304,3384.0439276486923
Trailing-Stop,2025-01-07 19:00:00,103.62,3769.9558442533753,Trailing stop 10.0% hit,3769.9558442534158,3346.899224806314
Buy,2025-01-15 17:00:00,104.54,3769.9558442533753,Sinal: Compra,3769.9558442534158,3376.614987080217
Hold,2025-01-15 18:00:00,105.7,3804.1683810640843,Hold,3804.1683810641252,3414.082687338616
Hold,2025-01-15 19:00:00,105.95,3813.1659410949833,Hold,3813.165941095024,3422.1576227391324
Hold,2025-01-15 20:00:00,105.69,3803.8084786628483,Hold,3803.8084786628892,3413.7596899225946
Hold,2025-01-15 21:00:00,106.18,3821.4436963234107,Hold,3821.443696323452,3429.586563307608
Hold,2025-01-15 22:00:00,113.68,4091.3704972503797,Hold,4091.3704972504243,3671.8346253231193
Hold,2025-01-15 23:00:00,116.96,4209.418484855773,Hold,4209.41848485582,3777.777777777903
Hold,2025-01-16 00:00:00,115.32,4150.394491053076,Hold,4150.394491053122,3724.806201550511
Hold,2025-01-16 01:00:00,118.4,4261.244430633752,Hold,4261.244430633799,3824.2894056848813
Hold,2025-01-16 02:00:00,119.22,4290.7564275351,Hold,4290.756427535148,3850.7751937985777
Hold,2025-01-16 03:00:00,118.76,4274.200917078247,Hold,4274.200917078295,3835.9173126616265
Hold,2025-01-16 04:00:00,118.41,4261.604333034988,Hold,4261.604333035035,3824.6124031009026
Hold,2025-01-16 05:00:00,119.54,4302.273304374651,Hold,4302.273304374699,3861.11111111124
Hold,2025-01-16 06:00:00,119.91,4315.589693220382,Hold,4315.5896932204305,3873.0620155040046
Hold,2025-01-16 07:00:00,119.09,4286.077696319034,Hold,4286.077696319081,3846.5762273903088
Hold,2025-01-16 08:00:00,118.53,4265.923161849819,Hold,4265.923161849866,3828.4883720931507
Hold,2025-01-16 09:00:00,117.85,4241.449798565774,Hold,4241.44979856582,3806.524547803744
Hold,2025-01-16 10:00:00,118.57,4267.362771454763,Hold,4267.362771454809,3829.7803617572335
Hold,2025-01-16 11:00:00,118.78,4274.920721880719,Hold,4274.920721880766,3836.563307493668
Hold,2025-01-16 12:00:00,121.47,4371.734467813191,Hold,4371.7344678132395,3923.4496124032316
Hold,2025-01-16 13:00:00,119.9,4315.229790819146,Hold,4315.229790819194,3872.7390180879847
Hold,2025-01-16 14:00:00,116.54,4194.3025840038645,Hold,4194.302584003911,3764.211886305035
Take-Profit,2025-01-16 15:00:00,126.56,4554.924790042294,TP 20.0% hit,4554.924790042344,4087.855297157759
Buy,2025-01-16 22:00:00,123.42,4554.924790042294,Sinal: Compra,4554.924790042344,3986.4341085272645
Hold,2025-01-16 23:00:00,124.41,4582.283288130745,Hold,4582.283288130796,4018.4108527133126
Hold,2025-01-17 00:00:00,126.53,4660.367369561797,Hold,4660.367369561849,4086.886304909697
Hold,2025-01-17 01:00:00,126.1,4644.529560592292,Hold,4644.529560592345,4072.997416020808
Hold,2025-01-17 02:00:00,127.71,4703.829263943232,Hold,4703.829263943286,4125.000000000137
Hold,2025-01-17 03:00:00,133.86,4930.346764321049,Hold,4930.346764321105,4323.643410852858
Hold,2025-01-17 04:00:00,136.74,5036.423252302855,Hold,5036.423252302912,4416.666666666814
Hold,2025-01-17 05:00:00,138.62,5105.667626402089,Hold,5105.667626402146,4477.390180878703
Hold,2025-01-17 06:00:00,140.15,5162.020760642424,Hold,5162.020760642482,4526.808785529868
Hold,2025-01-17 07:00:00,137.94,5080.62178896194,Hold,5080.621788961997,4455.426356589297
Hold,2025-01-17 08:00:00,136.73,5036.054931164029,Hold,5036.054931164085,4416.343669250794
Hold,2025-01-17 09:00:00,137.76,5073.992008463078,Hold,5073.992008463135,4449.612403100924
Hold,2025-01-17 10:00:00,137.9,5079.148504406638,Hold,5079.148504406694,4454.134366925215
Hold,2025-01-17 11:00:00,137.05,5047.841207606452,Hold,5047.841207606509,4426.679586563457
Hold,2025-01-17 12:00:00,135.62,4995.171284754375,Hold,4995.17128475443,4380.490956072498
Hold,2025-01-17 13:00:00,134.1,4939.186471652864,Hold,4939.18647165292,4331.3953488373545
Hold,2025-01-17 14:00:00,133.92,4932.556691154002,Hold,4932.556691154056,4325.5813953489815
Hold,2025-01-17 15:00:00,134.86,4967.17887820362,Hold,4967.178878203676,4355.943152454927
Hold,2025-01-17 16:00:00,136.56,5029.793471803991,Hold,5029.793471804048,4410.852713178443
Hold,2025-01-17 17:00:00,136.59,5030.898435220469,Hold,5030.898435220526,4411.821705426504
Hold,2025-01-17 18:00:00,134.44,4951.709390372939,Hold,4951.709390372996,4342.377260982057
Hold,2025-01-17 19:00:00,136.07,5011.745736001531,Hold,5011.745736001589,4395.0258397934285
Hold,2025-01-17 20:00:00,137.01,5046.367923051149,Hold,5046.367923051206,4425.3875968993725
Hold,2025-01-17 21:00:00,137.74,5073.255366185426,Hold,5073.2553661854845,4448.966408268883
Sell,2025-01-17 22:00:00,134.99,4971.967053008355,Sinal: Venda,4971.967053008412,4360.142118863196
Buy,2025-01-18 03:00:00,129.68,4971.967053008355,Sinal: Compra,4971.967053008412,4188.630490956213
Hold,2025-01-18 04:00:00,128.4,4913.050639016269,Hold,4913.050639016326,4147.286821705566
Hold,2025-01-18 05:00:00,124.5,4763.822465401288,Hold,4763.822465401344,4021.3178294575
Hold,2025-01-18 06:00:00,127.42,4875.552277441222,Hold,4875.552277441278,4115.633074935539
Hold,2025-01-18 07:00:00,125.22,4791.37228206867,Hold,4791.372282068725,4044.573643410989
Hold,2025-01-18 08:00:00,127.01,4859.86418739452,Hold,4859.864187394576,4102.390180878691
Hold,2025-01-18 09:00:00,127.09,4862.92527813534,Hold,4862.925278135397,4104.974160206857
Hold,2025-01-18 10:00:00,125.86,4815.8610079952305,Hold,4815.861007995287,4065.2454780363128
Hold,2025-01-18 11:00:00,127.64,4883.970276978478,Hold,4883.970276978535,4122.739018087995
Hold,2025-01-18 12:00:00,126.83,4852.976733227674,Hold,4852.9767332277315,4096.576227390319
Hold,2025-01-18 13:00:00,130.19,4981.542544342119,Hold,4981.542544342178,4205.1033591732685
Sell,2025-01-18 14:00:00,127.53,4879.761277209851,Sinal: Venda,4879.761277209908,4119.186046511767
Buy,2025-01-18 17:00:00,124.43,4879.761277209851,Sinal: Compra,4879.761277209908,4019.0568475453556
Hold,2025-01-18 18:00:00,124.84,4886.053429563464,Hold,4886.0534295635225,4032.2997416022035
Hold,2025-01-18 19:00:00,125.7,4919.712560846903,Hold,4919.712560846961,4060.0775193799823
Hold,2025-01-18 20:00:00,123.67,4840.261355608087,Hold,4840.261355608144,3994.5090439277838
Hold,2025-01-18 21:00:00,123.89,4848.871831052688,Hold,4848.871831052746,4001.6149870802387
Hold,2025-01-18 22:00:00,124.33,4866.092781941889,Hold,4866.092781941947,4015.8268733851496
Hold,2025-01-18 23:00:00,125.4,4907.971003422448,Hold,4907.971003422506,4050.3875968993625
Hold,2025-01-19 00:00:00,126.26,4941.630134705888,Hold,4941.630134705947,4078.1653746771412
Hold,2025-01-19 01:00:00,127.68,4997.206839848311,Hold,4997.206839848371,4124.031007752078
Hold,2025-01-19 02:00:00,126.06,4933.802429756251,Hold,4933.80242975631,4071.7054263567275
Hold,2025-01-19 03:00:00,124.28,4864.1358557044805,Hold,4864.13585570454,4014.211886305046
Hold,2025-01-19 04:00:00,121.04,4737.3270355203595,Hold,4737.327035520417,3909.5607235143448
Hold,2025-01-19 05:00:00,121.65,4761.201535616753,Hold,4761.20153561681,3929.2635658916065
Hold,2025-01-19 06:00:00,120.74,4725.585478095904,Hold,4725.585478095962,3899.870801033724
Hold,2025-01-19 07:00:00,119.86,4691.1435763175,Hold,4691.143576317558,3871.447028423904
Hold,2025-01-19 08:00:00,116.79,4570.988305340572,Hold,4570.988305340627,3772.2868217055543
Hold,2025-01-19 09:00:00,118.5,4637.915182659968,Hold,4637.915182660025,3827.5193798450905
Hold,2025-01-19 10:00:00,116.91,4575.684928310354,Hold,4575.684928310409,3776.162790697802
Hold,2025-01-19 11:00:00,115.15,4506.801124753548,Hold,4506.801124753602,3719.315245478162
Hold,2025-01-19 12:00:00,117.96,4616.7803792959485,Hold,4616.780379296005,3810.0775193799736
Hold,2025-01-19 13:00:00,119.16,4663.746608993771,Hold,4663.746608993827,3848.8372093024554
Hold,2025-01-19 14:00:00,122.82,4806.99360957213,Hold,4806.993609572187,3967.054263566025
Hold,2025-01-19 15:00:00,124.33,4866.092781941889,Hold,4866.092781941948,4015.826873385148
Hold,2025-01-19 16:00:00,123.11,4818.343781749103,Hold,4818.343781749161,3976.421188630625
Hold,2025-01-19 17:00:00,124.78,4883.705118078573,Hold,4883.705118078631,4030.3617571060786
Hold,2025-01-19 18:00:00,124.58,4875.8774131289365,Hold,4875.877413128995,4023.901808785665
Hold,2025-01-19 19:00:00,123.91,4849.6546015476515,Hold,4849.65460154771,4002.260981912278
Hold,2025-01-19 20:00:00,123.56,4835.9561178857875,Hold,4835.956117885846,3990.9560723515547
Hold,2025-01-19 21:00:00,117.76,4608.952674346312,Hold,4608.9526743463675,3803.617571059559
Hold,2025-01-19 22:00:00,116.78,4570.5969200930895,Hold,4570.596920093145,3771.9638242895317
Hold,2025-01-19 23:00:00,115.57,4523.239305147786,Hold,4523.23930514784,3732.8811369510286
Trailing-Stop,2025-01-20 00:00:00,113.04,4424.218837534877,Trailing stop 10.0% hit,4424.21883753493,3651.1627906977965
Buy,2025-01-24 17:00:00,120.67,4424.218837534877,Sinal: Compra,4424.21883753493,3897.609819121577
Hold,2025-01-24 18:00:00,119.35,4367.075372949252,Hold,4367.075372949304,3854.9741602068466
Hold,2025-01-24 19:00:00,119.02,4355.000510166903,Hold,4355.000510166955,3844.3152454781643
Hold,2025-01-24 20:00:00,116.72,4270.842375623265,Hold,4270.842375623317,3770.0258397934076
Hold,2025-01-24 21:00:00,119.15,4359.757274293283,Hold,4359.757274293335,3848.514211886434
Hold,2025-01-24 22:00:00,118.62,4340.364312854967,Hold,4340.364312855018,3831.3953488373377
Hold,2025-01-24 23:00:00,118.71,4343.657457250152,Hold,4343.657457250204,3834.3023255815237
Hold,2025-01-25 00:00:00,119.97,4389.761478782754,Hold,4389.761478782807,3875.0000000001296
Hold,2025-01-25 01:00:00,124.66,4561.370892265218,Hold,4561.370892265272,4026.4857881138296
Hold,2025-01-25 02:00:00,122.98,4499.898863555081,Hold,4499.898863555136,3972.222222222355
Hold,2025-01-25 03:00:00,124.06,4539.416596297312,Hold,4539.416596297367,4007.105943152589
Hold,2025-01-25 04:00:00,124.26,4546.734694953281,Hold,4546.734694953336,4013.565891473003
Hold,2025-01-25 05:00:00,122.8,4493.31257476471,Hold,4493.312574764765,3966.4082687339824
Hold,2025-01-25 06:00:00,121.96,4462.576560409642,Hold,4462.576560409696,3939.2764857882453
Hold,2025-01-25 07:00:00,121.22,4435.499595382558,Hold,4435.499595382612,3915.3746770027146
Hold,2025-01-25 08:00:00,120.9,4423.7906375330085,Hold,4423.790637533062,3905.038759690053
Hold,2025-01-25 09:00:00,122.46,4480.871807049563,Hold,4480.871807049618,3955.4263565892793
Hold,2025-01-25 10:00:00,121.41,4442.451789105728,Hold,4442.451789105782,3921.5116279071076
Hold,2025-01-25 11:00:00,122.44,4480.139997183966,Hold,4480.139997184021,3954.7803617572376
Hold,2025-01-25 12:00:00,124.89,4569.786705719582,Hold,4569.786705719638,4033.914728682305
Hold,2025-01-25 13:00:00,125.42,4589.179667157898,Hold,4589.179667157953,4051.033591731401
Hold,2025-01-25 14:00:00,126.76,4638.210928152888,Hold,4638.210928152945,4094.315245478173
Hold,2025-01-25 15:00:00,128.04,4685.046759551086,Hold,4685.046759551144,4135.65891472882
Hold,2025-01-25 16:00:00,128.72,4709.9282949813805,Hold,4709.928294981438,4157.622739018225
Hold,2025-01-25 17:00:00,126.26,4619.915681512966,Hold,4619.915681513023,4078.1653746771376
Hold,2025-01-25 18:00:00,125.79,4602.718149671441,Hold,4602.718149671497,4062.984496124165
Hold,2025-01-25 19:00:00,126.86,4641.869977480872,Hold,4641.869977480929,4097.545219638378
Hold,2025-01-25 20:00:00,125.19,4580.763853703535,Hold,4580.763853703591,4043.604651162924
Hold,2025-01-25 21:00:00,124.64,4560.639082399622,Hold,4560.639082399677,4025.8397932817866
Hold,2025-01-25 22:00:00,124.46,4554.052793609249,Hold,4554.052793609305,4020.025839793414
Hold,2025-01-25 23:00:00,123.92,4534.293927238134,Hold,4534.293927238189,4002.583979328297
Hold,2025-01-26 00:00:00,123.38,4514.535060867019,Hold,4514.535060867073,3985.14211886318
Hold,2025-01-26 01:00:00,124.35,4550.027839348466,Hold,4550.0278393485205,4016.4728682171863
Hold,2025-01-26 02:00:00,123.62,4523.316779254181,Hold,4523.3167792542345,3992.894056847677
Hold,2025-01-26 03:00:00,123.75,4528.073543380561,Hold,4528.073543380615,3997.093023255946
Hold,2025-01-26 04:00:00,123.98,4536.489356834924,Hold,4536.489356834979,4004.5219638244207
Hold,2025-01-26 05:00:00,124.14,4542.3438357597,Hold,4542.343835759754,4009.689922480751
Hold,2025-01-26 06:00:00,124.11,4541.246120961304,Hold,4541.246120961359,4008.720930232689
Hold,2025-01-26 07:00:00,124.2,4544.5392653564895,Hold,4544.539265356545,4011.6279069768757
Hold,2025-01-26 08:00:00,124.79,4566.127656391598,Hold,4566.1276563916535,4030.6847545220953
Hold,2025-01-26 09:00:00,122.54,4483.799046511951,Hold,4483.799046512006,3958.010335917442
Hold,2025-01-26 10:00:00,122.45,4480.505902116764,Hold,4480.505902116818,3955.1033591732553
Hold,2025-01-26 11:00:00,122.74,4491.117145167918,Hold,4491.117145167973,3964.470284237855
Hold,2025-01-26 12:00:00,122.28,4474.285518259192,Hold,4474.285518259247,3949.612403100904
Hold,2025-01-26 13:00:00,122.06,4466.235609737626,Hold,4466.23560973768,3942.5064599484485
Hold,2025-01-26 14:00:00,122.91,4497.337529025493,Hold,4497.337529025548,3969.961240310206
Hold,2025-01-26 15:00:00,122.22,4472.090088662401,Hold,4472.090088662456,3947.674418604779
Hold,2025-01-26 16:00:00,121.64,4450.867602560093,Hold,4450.867602560146,3928.9405684755793
Hold,2025-01-26 17:00:00,121.19,4434.401880584162,Hold,4434.401880584216,3914.4056847546485
Hold,2025-01-26 18:00:00,121.81,4457.087986417665,Hold,4457.08798641772,3934.4315245479306
Hold,2025-01-26 19:00:00,121.83,4457.819796283262,Hold,4457.819796283317,3935.0775193799714
Hold,2025-01-26 20:00:00,121.89,4460.015225880054,Hold,4460.01522588011,3937.015503876096
Hold,2025-01-26 21:00:00,120.85,4421.961112869017,Hold,4421.961112869073,3903.4237726099445
Hold,2025-01-26 22:00:00,120.31,4402.202246497901,Hold,4402.202246497957,3885.9819121448277
Hold,2025-01-26 23:00:00,117.11,4285.112668002404,Hold,4285.112668002458,3782.62273901821
Hold,2025-01-27 00:00:00,115.98,4243.765410596181,Hold,4243.765410596236,3746.124031007873
Trailing-Stop,2025-01-27 01:00:00,114.82,4201.320438391564,Trailing stop 10.0% hit,4201.320438391618,3708.6563307494735
Buy,2025-01-30 00:00:00,116.49,4201.320438391564,Sinal: Compra,4201.320438391618,3762.5968992249277
Hold,2025-01-30 01:00:00,119.99,4318.900426133041,Hold,4318.900426133097,3875.6459948321667
Hold,2025-01-30 02:00:00,120.62,4341.576543046649,Hold,4341.576543046705,3895.9948320414705
Hold,2025-01-30 03:00:00,121.18,4361.733091414301,Hold,4361.733091414358,3914.0826873386286
Hold,2025-01-30 04:00:00,125.45,4515.426772717643,Hold,4515.426772717702,4052.0025839794603
Hold,2025-01-30 05:00:00,126.03,4536.303197812711,Hold,4536.30319781277,4070.7364341086604
Hold,2025-01-30 06:00:00,128.09,4610.4505007365715,Hold,4610.4505007366315,4137.273901808921
Hold,2025-01-30 07:00:00,127.39,4585.254815277008,Hold,4585.254815277068,4114.664082687474
Hold,2025-01-30 08:00:00,127.31,4582.375308367343,Hold,4582.375308367404,4112.080103359308
Hold,2025-01-30 09:00:00,129.7,4668.40057729357,Hold,4668.400577293632,4189.27648578825
Hold,2025-01-30 10:00:00,129.47,4660.121994928284,Hold,4660.121994928346,4181.8475452197745
Hold,2025-01-30 11:00:00,128.75,4634.206432741304,Hold,4634.2064327413655,4158.591731266285
Hold,2025-01-30 12:00:00,132.43,4766.663750585872,Hold,4766.663750585935,4277.454780361896
Hold,2025-01-30 13:00:00,132.53,4770.2631342229515,Hold,4770.263134223015,4280.684754522103
Hold,2025-01-30 14:00:00,131.27,4724.910900395736,Hold,4724.910900395798,4239.987080103498
Hold,2025-01-30 15:00:00,131.14,4720.231701667531,Hold,4720.231701667593,4235.788113695227
Hold,2025-01-30 16:00:00,130.44,4695.036016207966,Hold,4695.036016208029,4213.1782945737805
Hold,2025-01-30 17:00:00,129.22,4651.1235358355825,Hold,4651.123535835644,4173.772609819258
Hold,2025-01-30 18:00:00,129.57,4663.721378565365,Hold,4663.721378565427,4185.077519379982
Hold,2025-01-30 19:00:00,128.67,4631.326925831639,Hold,4631.3269258317,4156.007751938119
Hold,2025-01-30 20:00:00,126.94,4569.057588910144,Hold,4569.057588910204,4100.1291989665415
Hold,2025-01-30 21:00:00,129.42,4658.322303109744,Hold,4658.322303109806,4180.232558139671
Hold,2025-01-30 22:00:00,129.66,4666.960823838737,Hold,4666.960823838799,4187.984496124168
Hold,2025-01-30 23:00:00,130.15,4684.597803660433,Hold,4684.597803660495,4203.8113695091815
Sell,2025-01-31 00:00:00,128.78,4635.286247832429,Sinal: Venda,4635.28624783249,4159.560723514348
Buy,2025-01-31 03:00:00,125.97,4635.286247832429,Sinal: Compra,4635.28624783249,4068.798449612536
Hold,2025-01-31 04:00:00,126.99,4663.47796496004,Hold,4663.477964960101,4101.744186046646
Hold,2025-01-31 05:00:00,129.06,4739.494969349892,Hold,4739.494969349955,4168.604651162927
Hold,2025-01-31 06:00:00,129.35,4750.144694602576,Hold,4750.144694602638,4177.971576227526
Hold,2025-01-31 07:00:00,129.29,4747.9413031709855,Hold,4747.941303171047,4176.033591731402
Hold,2025-01-31 08:00:00,129.81,4767.037362244766,Hold,4767.037362244827,4192.829457364478
Hold,2025-01-31 09:00:00,130.29,4784.664493697485,Hold,4784.664493697547,4208.33333333347
Hold,2025-01-31 10:00:00,132.83,4877.941397634791,Hold,4877.941397634855,4290.374677002724
Hold,2025-01-31 11:00:00,132.17,4853.704091887302,Hold,4853.7040918873645,4269.056847545358
Hold,2025-01-31 12:00:00,132.15,4852.969628076773,Hold,4852.969628076836,4268.410852713317
Hold,2025-01-31 13:00:00,129.76,4765.20120271844,Hold,4765.201202718502,4191.214470284373
Hold,2025-01-31 14:00:00,129.74,4764.466738907911,Hold,4764.466738907972,4190.568475452333
Hold,2025-01-31 15:00:00,130.51,4792.743595613315,Hold,4792.743595613376,4215.439276485925
Hold,2025-01-31 16:00:00,129.22,4745.370679834131,Hold,4745.370679834192,4173.772609819257
Hold,2025-01-31 17:00:00,128.18,4707.178561686574,Hold,4707.178561686634,4140.180878553106
Hold,2025-01-31 18:00:00,127.06,4666.048588296895,Hold,4666.048588296955,4104.005167958789
Hold,2025-01-31 19:00:00,126.42,4642.545746359936,Hold,4642.545746359995,4083.3333333334654
Hold,2025-01-31 20:00:00,128.13,4705.342402160248,Hold,4705.342402160308,4138.565891473002
Hold,2025-01-31 21:00:00,128.3,4711.585344549753,Hold,4711.585344549813,4144.056847545354
Hold,2025-01-31 22:00:00,127.68,4688.816966423325,Hold,4688.816966423384,4124.031007752072
Hold,2025-01-31 23:00:00,128.09,4703.8734745391885,Hold,4703.8734745392485,4137.273901808919
Hold,2025-02-01 00:00:00,127.46,4680.737864507494,Hold,4680.737864507554,4116.925064599615
Hold,2025-02-01 01:00:00,127.32,4675.596617833785,Hold,4675.596617833845,4112.4031007753265
Hold,2025-02-01 02:00:00,130.3,4785.031725602751,Hold,4785.031725602814,4208.65633074949
Hold,2025-02-01 03:00:00,129.47,4754.551477465756,Hold,4754.551477465819,4181.847545219772
Hold,2025-02-01 04:00:00,129.47,4754.551477465756,Hold,4754.551477465819,4181.847545219772
Hold,2025-02-01 05:00:00,130.08,4776.9526236869215,Hold,4776.952623686984,4201.5503875970335
Hold,2025-02-01 06:00:00,130.26,4783.56279798169,Hold,4783.562797981754,4207.364341085406
Sell,2025-02-01 07:00:00,126.47,4644.381905886261,Sinal: Venda,4644.381905886323,4084.9483204135677
Buy,2025-02-01 09:00:00,123.35,4644.381905886261,Sinal: Compra,4644.381905886323,3984.1731266151146
Hold,2025-02-01 10:00:00,123.5,4640.73430585622,Hold,4640.734305856282,3989.018087855425
Hold,2025-02-01 11:00:00,124.25,4668.916902855348,Hold,4668.916902855411,4013.242894056977
Hold,2025-02-01 12:00:00,123.68,4647.498129136011,Hold,4647.498129136073,3994.832041343798
Hold,2025-02-01 13:00:00,122.18,4591.132935137758,Hold,4591.13293513782,3946.3824289406957
Hold,2025-02-01 14:00:00,121.65,4571.217233258375,Hold,4571.217233258437,3929.2635658915997
Hold,2025-02-01 15:00:00,122.46,4601.654438017431,Hold,4601.654438017494,3955.4263565892743
Hold,2025-02-01 16:00:00,122.4,4599.399830257501,Hold,4599.399830257563,3953.4883720931507
Hold,2025-02-01 17:00:00,122.62,4607.666725377245,Hold,4607.666725377307,3960.5943152456057
Hold,2025-02-01 18:00:00,122.03,4585.496415737932,Hold,4585.496415737994,3941.537467700385
Hold,2025-02-01 19:00:00,120.98,4546.040779939154,Hold,4546.040779939215,3907.622739018213
Hold,2025-02-01 20:00:00,120.5,4528.0039178597135,Hold,4528.0039178597735,3892.1188630492206
Hold,2025-02-01 21:00:00,121.27,4556.938050778816,Hold,4556.938050778877,3916.989664082813
Hold,2025-02-01 22:00:00,118.6,4456.608005461925,Hold,4456.608005461985,3830.7493540052906
Hold,2025-02-01 23:00:00,118.04,4435.564999702578,Hold,4435.564999702638,3812.661498708133
Hold,2025-02-02 00:00:00,120.59,4531.385829499609,Hold,4531.38582949967,3895.0258397934067
Hold,2025-02-02 01:00:00,120.62,4532.513133379573,Hold,4532.513133379634,3895.994832041469
Hold,2025-02-02 02:00:00,118.22,4442.3288229823675,Hold,4442.328822982427,3818.475452196505
Hold,2025-02-02 03:00:00,114.23,4292.397406947013,Hold,4292.3974069470705,3689.599483204253
Hold,2025-02-02 04:00:00,115.48,4339.368401945558,Hold,4339.368401945616,3729.974160206838
Hold,2025-02-02 05:00:00,116.86,4391.2243804239515,Hold,4391.224380424011,3774.547803617692
Hold,2025-02-02 06:00:00,116.6,4381.454413464254,Hold,4381.454413464312,3766.149870801154
Hold,2025-02-02 07:00:00,115.56,4342.374545625465,Hold,4342.374545625523,3732.5581395350036
Hold,2025-02-02 08:00:00,116.69,4384.836325104149,Hold,4384.836325104208,3769.056847545341
Hold,2025-02-02 09:00:00,116.88,4391.975916343928,Hold,4391.975916343987,3775.1937984497335
Hold,2025-02-02 10:00:00,115.45,4338.241098065592,Hold,4338.2410980656505,3729.005167958776
Hold,2025-02-02 11:00:00,113.88,4279.24552834742,Hold,4279.245528347478,3678.2945736435286
Hold,2025-02-02 12:00:00,114.13,4288.639727347129,Hold,4288.6397273471875,3686.3695090440456
Hold,2025-02-02 13:00:00,116.78,4388.218236744044,Hold,4388.218236744104,3771.963824289526
Hold,2025-02-02 14:00:00,115.74,4349.1383689052545,Hold,4349.138368905315,3738.3720930233753
Hold,2025-02-02 15:00:00,115.33,4333.731882545732,Hold,4333.731882545792,3725.129198966528
Trailing-Stop,2025-02-02 16:00:00,111.55,4191.6915936701325,Trailing stop 10.0% hit,4191.691593670191,3603.03617571071
Buy,2025-02-09 22:00:00,105.11,4191.6915936701325,Sinal: Compra,4191.691593670191,3395.0258397933903
Hold,2025-02-09 23:00:00,107.2,4266.493097831741,Hold,4266.4930978318,3462.5322997417134
Hold,2025-02-10 00:00:00,110.41,4394.249094511217,Hold,4394.249094511278,3566.2144702843525
Hold,2025-02-10 01:00:00,108.57,4321.018242832016,Hold,4321.018242832076,3506.7829457365465
Hold,2025-02-10 02:00:00,108.61,4322.61021786852,Hold,4322.610217868581,3508.07493540063
Hold,2025-02-10 03:00:00,112.43,4474.643833854688,Hold,4474.6438338547505,3631.459948320531
Hold,2025-02-10 04:00:00,112.83,4490.563584219733,Hold,4490.563584219795,3644.379844961358
Hold,2025-02-10 05:00:00,113.18,4504.493365789146,Hold,4504.493365789209,3655.6847545220817
Hold,2025-02-10 06:00:00,113.66,4523.5970662271975,Hold,4523.59706622726,3671.188630491074
Hold,2025-02-10 07:00:00,115.29,4588.470048964752,Hold,4588.470048964816,3723.8372093024454
Hold,2025-02-10 08:00:00,115.82,4609.563718198434,Hold,4609.563718198498,3740.956072351541
Hold,2025-02-10 09:00:00,116.78,4647.7711190745395,Hold,4647.771119074604,3771.9638242895267
Hold,2025-02-10 10:00:00,115.76,4607.175755643679,Hold,4607.175755643743,3739.0180878554174
Hold,2025-02-10 11:00:00,118.01,4696.724351447049,Hold,4696.724351447115,3811.692506460071
Hold,2025-02-10 12:00:00,116.87,4651.3530629066745,Hold,4651.35306290674,3774.870801033713
Hold,2025-02-10 13:00:00,118.52,4717.02203316248,Hold,4717.022033162546,3828.165374677126
Hold,2025-02-10 14:00:00,117.67,4683.192563636761,Hold,4683.192563636827,3800.7105943153674
Hold,2025-02-10 15:00:00,118.05,4698.316326483553,Hold,4698.316326483619,3812.9844961241533
Hold,2025-02-10 16:00:00,120.58,4799.008747542456,Hold,4799.008747542523,3894.7028423773863
Hold,2025-02-10 17:00:00,119.83,4769.159215607999,Hold,4769.159215608066,3870.478036175835
Hold,2025-02-10 18:00:00,119.39,4751.64749020645,Hold,4751.6474902065165,3856.266149870925
Hold,2025-02-10 19:00:00,119.45,4754.035452761207,Hold,4754.0354527612735,3858.2041343670494
Hold,2025-02-10 20:00:00,120.2,4783.884984695664,Hold,4783.884984695732,3882.4289405686004
Hold,2025-02-10 21:00:00,120.09,4779.507053345277,Hold,4779.5070533453445,3878.8759689923727
Hold,2025-02-10 22:00:00,119.32,4748.861533892567,Hold,4748.861533892635,3854.00516795878
Hold,2025-02-10 23:00:00,120.21,4784.282978454789,Hold,4784.282978454858,3882.751937984621
Hold,2025-02-11 00:00:00,122.78,4886.567374550196,Hold,4886.567374550265,3965.7622739019366
Hold,2025-02-11 01:00:00,121.45,4833.634204586426,Hold,4833.634204586494,3922.803617571186
Hold,2025-02-11 02:00:00,122.68,4882.587436958936,Hold,4882.587436959006,3962.5322997417297
Take-Profit,2025-02-11 03:00:00,126.6,5038.600990536364,TP 20.0% hit,5038.600990536436,4089.147286821836
Buy,2025-02-11 07:00:00,129.38,5038.600990536364,Sinal: Compra,5038.600990536436,4178.940568475586
Hold,2025-02-11 08:00:00,129.73,5042.132050911922,Hold,5042.132050911994,4190.24547803631
Hold,2025-02-11 09:00:00,127.37,4950.407456445322,Hold,4950.407456445393,4114.018087855428
Hold,2025-02-11 10:00:00,127.21,4944.1888398713145,Hold,4944.188839871385,4108.850129199097
Hold,2025-02-11 11:00:00,128.02,4975.670586277225,Hold,4975.670586277297,4135.0129198967725
Hold,2025-02-11 12:00:00,129.15,5019.589565831148,Hold,5019.589565831221,4171.511627907109
Hold,2025-02-11 13:00:00,125.39,4873.452076341988,Hold,4873.452076342059,4050.064599483332
Hold,2025-02-11 14:00:00,127.46,4953.9054282682,Hold,4953.905428268271,4116.925064599613
Hold,2025-02-11 15:00:00,125.09,4861.792170265725,Hold,4861.792170265795,4040.3746770027115
Hold,2025-02-11 16:00:00,123.88,4814.763882424797,Hold,4814.763882424866,4001.2919896642084
Hold,2025-02-11 17:00:00,122.55,4763.0716321533655,Hold,4763.071632153434,3958.333333333458
Hold,2025-02-11 18:00:00,120.27,4674.456345973768,Hold,4674.456345973836,3884.6899224807426
Hold,2025-02-11 19:00:00,118.81,4617.711469735956,Hold,4617.711469736022,3837.5322997417234
Hold,2025-02-11 20:00:00,120.06,4666.294411720384,Hold,4666.2944117204515,3877.906976744309
Hold,2025-02-11 21:00:00,119.94,4661.630449289879,Hold,4661.630449289946,3874.0310077520608
Hold,2025-02-11 22:00:00,119.31,4637.144646529728,Hold,4637.144646529794,3853.682170542758
Hold,2025-02-11 23:00:00,119.27,4635.589992386225,Hold,4635.589992386292,3852.3901808786745
Hold,2025-02-12 00:00:00,118.88,4620.432114487083,Hold,4620.432114487149,3839.7932816538682
Hold,2025-02-12 01:00:00,119.59,4648.027225534239,Hold,4648.027225534305,3862.7260981913373
Hold,2025-02-12 02:00:00,117.17,4553.970649852386,Hold,4553.97064985245,3784.5607235143325
Hold,2025-02-12 03:00:00,117.47,4565.630555928648,Hold,4565.630555928713,3794.250645994953
Stop-Loss,2025-02-12 04:00:00,116.07,4511.217660906088,SL 10.0% hit,4511.217660906153,3749.031007752057
Buy,2025-02-12 05:00:00,117.34,4511.217660906088,Sinal: Compra,4511.217660906153,3790.0516795866843
Hold,2025-02-12 06:00:00,116.22,4459.226635513218,Hold,4459.2266355132815,3753.8759689923677
Hold,2025-02-12 07:00:00,116.96,4487.61957743612,Hold,4487.619577436185,3777.777777777898
Hold,2025-02-12 08:00:00,117.73,4517.163584572115,Hold,4517.16358457218,3802.64857881149
Hold,2025-02-12 09:00:00,117.46,4506.803997654299,Hold,4506.803997654364,3793.9276485789314
Hold,2025-02-12 10:00:00,116.61,4474.190483283396,Hold,4474.190483283462,3766.4728682171735
Hold,2025-02-12 11:00:00,116.9,4485.317447009939,Hold,4485.317447010005,3775.8397932817734
Hold,2025-02-12 12:00:00,115.9,4446.948606573585,Hold,4446.94860657365,3743.5400516797054
Hold,2025-02-12 13:00:00,114.85,4406.661324115411,Hold,4406.6613241154755,3709.625322997533
Hold,2025-02-12 14:00:00,115.57,4434.286889229586,Hold,4434.286889229651,3732.881136951022
Hold,2025-02-12 15:00:00,115.86,4445.4138529561305,Hold,4445.413852956196,3742.248062015622
Hold,2025-02-12 16:00:00,119.59,4588.529627783736,Hold,4588.529627783804,3862.726098191337
Hold,2025-02-12 17:00:00,121.56,4664.116243443356,Hold,4664.116243443425,3926.3565891474113
Hold,2025-02-12 18:00:00,120.79,4634.572236307363,Hold,4634.572236307432,3901.485788113819
Hold,2025-02-12 19:00:00,123.79,4749.678757616428,Hold,4749.678757616499,3998.3850129200237
Hold,2025-02-12 20:00:00,122.34,4694.043938983713,Hold,4694.043938983783,3951.550387597025
Hold,2025-02-12 21:00:00,122.41,4696.729757814257,Hold,4696.729757814327,3953.8113695091693
Hold,2025-02-12 22:00:00,122.95,4717.44893164989,Hold,4717.448931649961,3971.2532299742866
Hold,2025-02-12 23:00:00,122.04,4682.533286852806,Hold,4682.533286852876,3941.8604651164046
Hold,2025-02-13 00:00:00,125.77,4825.649061680411,Hold,4825.649061680483,4062.3385012921185
Hold,2025-02-13 01:00:00,126.91,4869.389539777857,Hold,4869.38953977793,4099.160206718476
Hold,2025-02-13 02:00:00,124.31,4769.630554643332,Hold,4769.630554643404,4015.180878553099
Hold,2025-02-13 03:00:00,124.35,4771.165308260786,Hold,4771.165308260858,4016.4728682171813
Hold,2025-02-13 04:00:00,124.35,4771.165308260786,Hold,4771.165308260858,4016.4728682171813
Hold,2025-02-13 05:00:00,122.89,4715.146801223708,Hold,4715.146801223779,3969.3152454781616
Hold,2025-02-13 06:00:00,121.21,4650.687149290631,Hold,4650.687149290701,3915.051679586687
Hold,2025-02-13 07:00:00,121.79,4672.9410767437175,Hold,4672.941076743788,3933.785529715887
Hold,2025-02-13 08:00:00,121.06,4644.931823225178,Hold,4644.931823225249,3910.2067183463773
Hold,2025-02-13 09:00:00,122.49,4699.799265049166,Hold,4699.799265049237,3956.3953488373345
Hold,2025-02-13 10:00:00,121.28,4653.372968121176,Hold,4653.372968121246,3917.312661498832
Hold,2025-02-13 11:00:00,121.92,4677.929026000444,Hold,4677.929026000515,3937.984496124156
Hold,2025-02-13 12:00:00,120.89,4638.409120350998,Hold,4638.409120351068,3904.715762274026
Hold,2025-02-13 13:00:00,120.95,4640.711250777179,Hold,4640.711250777249,3906.65374677015
Hold,2025-02-13 14:00:00,119.89,4600.040279914642,Hold,4600.040279914711,3872.416020671958
Hold,2025-02-13 15:00:00,122.45,4698.264511431712,Hold,4698.264511431782,3955.1033591732526
Hold,2025-02-13 16:00:00,121.83,4674.475830361171,Hold,4674.475830361241,3935.0775193799705
Hold,2025-02-13 17:00:00,124.57,4779.6064531567845,Hold,4779.606453156856,4023.5788113696367
Hold,2025-02-13 18:00:00,126.11,4838.694467428772,Hold,4838.694467428845,4073.3204134368225
Hold,2025-02-13 19:00:00,125.48,4814.522097953868,Hold,4814.52209795394,4052.9715762275196
Hold,2025-02-13 20:00:00,126.02,4835.2412717895,Hold,4835.241271789573,4070.413436692636
Hold,2025-02-13 21:00:00,127.2,4880.5165035044,Hold,4880.516503504473,4108.527131783077
Hold,2025-02-13 22:00:00,124.99,4795.721366140055,Hold,4795.7213661401265,4037.1447028425055
Hold,2025-02-13 23:00:00,126.61,4857.87888764695,Hold,4857.878887647022,4089.470284237857
Hold,2025-02-14 00:00:00,126.79,4864.785278925495,Hold,4864.785278925568,4095.284237726229
Hold,2025-02-14 01:00:00,127.78,4902.7704309574865,Hold,4902.77043095756,4127.260981912276
Hold,2025-02-14 02:00:00,125.54,4816.82422838005,Hold,4816.824228380122,4054.909560723644
Hold,2025-02-14 03:00:00,127.52,4892.794532444033,Hold,4892.794532444106,4118.8630490957385
Hold,2025-02-14 04:00:00,126.5,4853.658315198952,Hold,4853.6583151990235,4085.9173126616292
Hold,2025-02-14 05:00:00,126.98,4872.075358608402,Hold,4872.075358608474,4101.421188630622
Hold,2025-02-14 06:00:00,126.44,4851.35618477277,Hold,4851.3561847728415,4083.9793281655056
Hold,2025-02-14 07:00:00,127.04,4874.377489034583,Hold,4874.377489034656,4103.359173126747
Hold,2025-02-14 08:00:00,127.49,4891.643467230942,Hold,4891.643467231015,4117.894056847677
Hold,2025-02-14 09:00:00,131.06,5028.620227588732,Hold,5028.620227588806,4233.204134367062
Hold,2025-02-14 10:00:00,131.03,5027.469162375641,Hold,5027.469162375715,4232.235142118999
Hold,2025-02-14 11:00:00,130.05,4989.867698748012,Hold,4989.867698748087,4200.5813953489715
Hold,2025-02-14 12:00:00,128.07,4913.897394684029,Hold,4913.8973946841015,4136.627906976876
Hold,2025-02-14 13:00:00,129.62,4973.36909736038,Hold,4973.369097360453,4186.692506460083
Hold,2025-02-14 14:00:00,129.3,4961.0910684207465,Hold,4961.091068420821,4176.356589147421
Hold,2025-02-14 15:00:00,127.95,4909.293133831666,Hold,4909.293133831739,4132.751937984628
Hold,2025-02-14 16:00:00,128.34,4924.256981601845,Hold,4924.256981601919,4145.348837209435
Hold,2025-02-14 17:00:00,129.14,4954.9520539509285,Hold,4954.952053951002,4171.1886304910895
Hold,2025-02-14 18:00:00,128.05,4913.130017875302,Hold,4913.1300178753745,4135.981912144836
Hold,2025-02-14 19:00:00,127.45,4890.108713613488,Hold,4890.108713613561,4116.602067183595
Hold,2025-02-14 20:00:00,126.75,4863.25052530804,Hold,4863.250525308113,4093.9922480621467
Hold,2025-02-14 21:00:00,127.41,4888.573959996034,Hold,4888.573959996108,4115.310077519512
Hold,2025-02-14 22:00:00,124.93,4793.419235713874,Hold,4793.419235713945,4035.206718346383
Hold,2025-02-14 23:00:00,124.91,4792.651858905146,Hold,4792.6518589052175,4034.5607235143407
Hold,2025-02-15 00:00:00,125.37,4810.30152550587,Hold,4810.301525505942,4049.4186046512928
Hold,2025-02-15 01:00:00,127.59,4895.480351274578,Hold,4895.480351274651,4121.124031007884
Hold,2025-02-15 02:00:00,129.46,4967.230082890564,Hold,4967.230082890638,4181.524547803751
Hold,2025-02-15 03:00:00,129.54,4970.299590125471,Hold,4970.299590125545,4184.108527131916
Hold,2025-02-15 04:00:00,130.55,5009.052118966191,Hold,5009.052118966267,4216.7312661500055
Hold,2025-02-15 05:00:00,128.83,4943.057713415659,Hold,4943.057713415734,4161.175710594448
Hold,2025-02-15 06:00:00,128.72,4938.837140967659,Hold,4938.837140967734,4157.62273901822
Hold,2025-02-15 07:00:00,129.56,4971.066966934199,Hold,4971.066966934273,4184.754521963957
Hold,2025-02-15 08:00:00,131.01,5026.701785566914,Hold,5026.701785566989,4231.589147286955
Hold,2025-02-15 09:00:00,131.41,5042.049321741456,Hold,5042.0493217415315,4244.509043927783
Hold,2025-02-15 10:00:00,132.07,5067.3727564294495,Hold,5067.372756429526,4265.826873385148
Hold,2025-02-15 11:00:00,131.97,5063.535872385814,Hold,5063.535872385891,4262.596899224941
Hold,2025-02-15 12:00:00,131.99,5064.303249194542,Hold,5064.303249194619,4263.2428940569835
Hold,2025-02-15 13:00:00,131.7,5053.176285467998,Hold,5053.176285468075,4253.875968992383
Hold,2025-02-15 14:00:00,133.06,5105.357908461442,Hold,5105.357908461519,4297.803617571196
Hold,2025-02-15 15:00:00,133.85,5135.669292406163,Hold,5135.66929240624,4323.32041343683
Hold,2025-02-15 16:00:00,132.46,5082.336604199629,Hold,5082.336604199705,4278.4237726099545
Hold,2025-02-15 17:00:00,131.03,5027.469162375641,Hold,5027.469162375716,4232.235142118997
Hold,2025-02-15 18:00:00,131.73,5054.327350681089,Hold,5054.327350681165,4254.844961240444
Hold,2025-02-15 19:00:00,130.25,4997.541466835283,Hold,4997.541466835358,4207.041343669383
Hold,2025-02-15 20:00:00,130.5,5007.133676944372,Hold,5007.133676944447,4215.116279069902
Hold,2025-02-15 21:00:00,131.84,5058.547923129089,Hold,5058.547923129164,4258.397932816673
Hold,2025-02-15 22:00:00,131.4,5041.665633337092,Hold,5041.665633337167,4244.186046511763
Hold,2025-02-15 23:00:00,133.86,5136.052980810527,Hold,5136.052980810603,4323.643410852851
Hold,2025-02-16 00:00:00,134.84,5173.654444438154,Hold,5173.654444438231,4355.297157622877
Hold,2025-02-16 01:00:00,136.18,5225.068690622871,Hold,5225.068690622948,4398.578811369648
Hold,2025-02-16 02:00:00,135.93,5215.476480513782,Hold,5215.476480513859,4390.5038759691315
Hold,2025-02-16 03:00:00,134.83,5173.270756033791,Hold,5173.270756033868,4354.974160206857
Hold,2025-02-16 04:00:00,136.37,5232.358770305778,Hold,5232.358770305856,4404.715762274042
Hold,2025-02-16 05:00:00,136.37,5232.358770305778,Hold,5232.358770305856,4404.715762274042
Hold,2025-02-16 06:00:00,133.99,5141.040930067254,Hold,5141.04093006733,4327.84237726112
Hold,2025-02-16 07:00:00,132.45,5081.952915795265,Hold,5081.95291579534,4278.100775193935
Hold,2025-02-16 08:00:00,131.75,5055.094727489816,Hold,5055.094727489892,4255.490956072488
Hold,2025-02-16 09:00:00,132.6,5087.708241860719,Hold,5087.708241860794,4282.945736434246
Hold,2025-02-16 10:00:00,131.88,5060.082676746543,Hold,5060.082676746618,4259.689922480757
Hold,2025-02-16 11:00:00,131.76,5055.478415894179,Hold,5055.478415894254,4255.813953488509
Hold,2025-02-16 12:00:00,132.26,5074.662836112357,Hold,5074.662836112433,4271.963824289543
Hold,2025-02-16 13:00:00,128.45,4928.477554049844,Hold,4928.477554049918,4148.901808785663
Hold,2025-02-16 14:00:00,128.05,4913.130017875302,Hold,4913.130017875375,4135.981912144836
Hold,2025-02-16 15:00:00,127.06,4875.14486584331,Hold,4875.144865843384,4104.005167958788
Hold,2025-02-16 16:00:00,127.03,4873.993800630219,Hold,4873.993800630293,4103.036175710727
Hold,2025-02-16 17:00:00,125.96,4832.939141363318,Hold,4832.939141363391,4068.4754521965124
Hold,2025-02-16 18:00:00,126.3,4845.98454711168,Hold,4845.984547111753,4079.4573643412164
Hold,2025-02-16 19:00:00,126.59,4857.111510838224,Hold,4857.111510838297,4088.824289405816
Hold,2025-02-16 20:00:00,125.86,4829.102257319683,Hold,4829.102257319756,4065.2454780363064
Hold,2025-02-16 21:00:00,126.61,4857.87888764695,Hold,4857.878887647023,4089.4702842378574
Hold,2025-02-16 22:00:00,126.75,4863.25052530804,Hold,4863.250525308113,4093.9922480621467
Hold,2025-02-16 23:00:00,125.71,4823.34693125423,Hold,4823.346931254302,4060.400516795996
Hold,2025-02-17 00:00:00,127.05,4874.761177438946,Hold,4874.761177439019,4103.682170542767
Hold,2025-02-17 01:00:00,128.02,4911.978952662212,Hold,4911.978952662284,4135.012919896774
Hold,2025-02-17 02:00:00,125.54,4816.82422838005,Hold,4816.824228380122,4054.9095607236445
Hold,2025-02-17 03:00:00,124.63,4781.9085835829665,Hold,4781.908583583037,4025.516795865762
Hold,2025-02-17 04:00:00,124.8,4788.4312864571475,Hold,4788.431286457218,4031.0077519381143
Hold,2025-02-17 05:00:00,125.52,4816.056851571323,Hold,4816.056851571394,4054.2635658916033
Hold,2025-02-17 06:00:00,126.67,4860.181018073131,Hold,4860.181018073204,4091.408268733982
Hold,2025-02-17 07:00:00,125.49,4814.905786358232,Hold,4814.905786358304,4053.2945736435418
Hold,2025-02-17 08:00:00,125.66,4821.428489232412,Hold,4821.428489232485,4058.7855297158926
Hold,2025-02-17 09:00:00,125.65,4821.044800828049,Hold,4821.044800828122,4058.4625322998722
Hold,2025-02-17 10:00:00,124.34,4770.781619856424,Hold,4770.781619856496,4016.1498708011623
Hold,2025-02-17 11:00:00,124.24,4766.944735812788,Hold,4766.94473581286,4012.9198966409544
Hold,2025-02-17 12:00:00,124.34,4770.781619856424,Hold,4770.781619856496,4016.1498708011623
Hold,2025-02-17 13:00:00,123.57,4741.23761272043,Hold,4741.237612720502,3991.279069767569
Hold,2025-02-17 14:00:00,123.94,4755.434083681881,Hold,4755.434083681954,4003.2299741603347
Trailing-Stop,2025-02-17 15:00:00,122.08,4684.068040470261,Trailing stop 10.0% hit,4684.068040470333,3943.152454780488
Buy,2025-02-19 05:00:00,131.4,4684.068040470261,Sinal: Compra,4684.068040470333,4244.186046511764
Hold,2025-02-19 06:00:00,132.4,4710.280726877889,Hold,4710.280726877961,4276.485788113833
Hold,2025-02-19 07:00:00,134.79,4795.30769770295,Hold,4795.307697703022,4353.682170542776
Hold,2025-02-19 08:00:00,135.49,4820.21099459732,Hold,4820.210994597393,4376.291989664223
Hold,2025-02-19 09:00:00,136.1,4841.912439033842,Hold,4841.912439033916,4395.994832041484
Hold,2025-02-19 10:00:00,137.83,4903.459158501355,Hold,4903.4591585014305,4451.873385013063
Hold,2025-02-19 11:00:00,135.92,4835.508734118146,Hold,4835.508734118221,4390.180878553112
Hold,2025-02-19 12:00:00,135.88,4834.0856885813255,Hold,4834.0856885814,4388.88888888903
Hold,2025-02-19 13:00:00,136.52,4856.854417170463,Hold,4856.854417170538,4409.560723514353
Hold,2025-02-19 14:00:00,134.39,4781.077242334738,Hold,4781.077242334812,4340.762273901947
Hold,2025-02-19 15:00:00,136.53,4857.210178554668,Hold,4857.210178554743,4409.883720930374
Hold,2025-02-19 16:00:00,135.61,4824.480131207783,Hold,4824.480131207857,4380.1679586564715
Hold,2025-02-19 17:00:00,136.42,4853.29680332841,Hold,4853.296803328484,4406.330749354145
Hold,2025-02-19 18:00:00,134.89,4798.865311545002,Hold,4798.865311545076,4356.91214470298
Hold,2025-02-19 19:00:00,135.78,4830.528074739273,Hold,4830.528074739346,4385.658914728821
Hold,2025-02-19 20:00:00,135.98,4837.6433024233775,Hold,4837.643302423451,4392.118863049234
Hold,2025-02-19 21:00:00,134.12,4771.471684961197,Hold,4771.47168496127,4332.041343669388
Hold,2025-02-19 22:00:00,134.93,4800.288357081824,Hold,4800.2883570818985,4358.2041343670635
Hold,2025-02-19 23:00:00,134.88,4798.509550160797,Hold,4798.509550160871,4356.58914728696
Hold,2025-02-20 00:00:00,134.66,4790.682799708281,Hold,4790.682799708355,4349.483204134505
Hold,2025-02-20 01:00:00,132.84,4725.93422778292,Hold,4725.934227782993,4290.697674418741
Hold,2025-02-20 02:00:00,132.99,4731.270648546,Hold,4731.270648546074,4295.5426356590515
Hold,2025-02-20 03:00:00,132.87,4727.001511935537,Hold,4727.00151193561,4291.666666666803
Hold,2025-02-20 04:00:00,131.95,4694.271464588651,Hold,4694.271464588724,4261.950904392901
Hold,2025-02-20 05:00:00,131.02,4661.18565585756,Hold,4661.185655857633,4231.912144702978
Hold,2025-02-20 06:00:00,129.84,4619.205812521337,Hold,4619.205812521409,4193.798449612537
Hold,2025-02-20 07:00:00,129.58,4609.956016532,Hold,4609.956016532072,4185.400516796
Hold,2025-02-20 08:00:00,129.81,4618.138528368721,Hold,4618.138528368794,4192.829457364476
Hold,2025-02-20 09:00:00,129.08,4592.1679473217355,Hold,4592.167947321807,4169.250645994966
Hold,2025-02-20 10:00:00,130.24,4633.436267889549,Hold,4633.436267889621,4206.718346253366
Hold,2025-02-20 11:00:00,129.87,4620.273096673953,Hold,4620.2730966740255,4194.7674418606
Hold,2025-02-20 12:00:00,128.54,4572.95683257465,Hold,4572.956832574722,4151.808785529849
Hold,2025-02-20 13:00:00,128.5,4571.53378703783,Hold,4571.533787037902,4150.516795865767
Hold,2025-02-20 14:00:00,128.13,4558.370615822235,Hold,4558.370615822307,4138.565891473001
Hold,2025-02-20 15:00:00,127.89,4549.832342601308,Hold,4549.832342601379,4130.813953488505
Hold,2025-02-20 16:00:00,126.67,4506.429453728264,Hold,4506.429453728335,4091.408268733982
Hold,2025-02-20 17:00:00,128.94,4587.187287942862,Hold,4587.187287942934,4164.728682170677
Hold,2025-02-20 18:00:00,129.04,4590.744901784914,Hold,4590.744901784986,4167.958656330883
Hold,2025-02-20 19:00:00,127.66,4541.649830764586,Hold,4541.649830764658,4123.385012920029
Hold,2025-02-20 20:00:00,129.07,4591.81218593753,Hold,4591.812185937602,4168.927648578945
Hold,2025-02-20 21:00:00,127.49,4535.601887233097,Hold,4535.601887233169,4117.894056847677
Hold,2025-02-20 22:00:00,128.12,4558.01485443803,Hold,4558.014854438103,4138.242894056981
Hold,2025-02-20 23:00:00,130.82,4654.070428173454,Hold,4654.070428173528,4225.452196382565
Hold,2025-02-21 00:00:00,134.74,4793.528890781924,Hold,4793.528890782,4352.067183462673
Hold,2025-02-21 01:00:00,133.73,4757.59699097719,Hold,4757.596990977266,4319.4444444445835
Hold,2025-02-21 02:00:00,136.14,4843.335484570663,Hold,4843.335484570739,4397.2868217055675
Hold,2025-02-21 03:00:00,134.87,4798.153788776592,Hold,4798.153788776667,4356.266149870942
Hold,2025-02-21 04:00:00,135.04,4804.201732308082,Hold,4804.201732308157,4361.757105943293
Hold,2025-02-21 05:00:00,135.19,4809.538153071161,Hold,4809.538153071237,4366.602067183604
Hold,2025-02-21 06:00:00,134.03,4768.269832503349,Hold,4768.2698325034235,4329.134366925205
Hold,2025-02-21 07:00:00,132.79,4724.155420861894,Hold,4724.155420861967,4289.0826873386395
Hold,2025-02-21 08:00:00,134.45,4783.211810639969,Hold,4783.211810640044,4342.700258398073
Hold,2025-02-21 09:00:00,134.29,4777.519628492686,Hold,4777.51962849276,4337.532299741743
Hold,2025-02-21 10:00:00,135.5,4820.566755981525,Hold,4820.566755981599,4376.614987080246
Hold,2025-02-21 11:00:00,135.16,4808.470868918545,Hold,4808.470868918619,4365.633074935543
Hold,2025-02-21 12:00:00,134.83,4796.730743239771,Hold,4796.730743239845,4354.974160206862
Hold,2025-02-21 13:00:00,138.44,4925.160602937876,Hold,4925.160602937952,4471.576227390327
Hold,2025-02-21 14:00:00,135.18,4809.182391686956,Hold,4809.18239168703,4366.279069767586
Hold,2025-02-21 15:00:00,132.84,4725.93422778292,Hold,4725.934227782993,4290.697674418747
Hold,2025-02-21 16:00:00,132.94,4729.491841624974,Hold,4729.491841625047,4293.927648578953
Hold,2025-02-21 17:00:00,129.02,4590.033379016504,Hold,4590.033379016575,4167.312661498846
Hold,2025-02-21 18:00:00,127.51,4536.313410001508,Hold,4536.313410001578,4118.540051679722
Trailing-Stop,2025-02-21 19:00:00,124.49,4428.873471971513,Trailing stop 10.0% hit,4428.873471971581,4020.9948320414755
Buy,2025-02-26 12:00:00,123.44,4428.873471971513,Sinal: Compra,4428.873471971581,3987.0801033593043
Hold,2025-02-26 13:00:00,122.58,4389.226105518388,Hold,4389.226105518456,3959.3023255815256
Hold,2025-02-26 14:00:00,127.24,4556.086879312772,Hold,4556.086879312843,4109.8191214471635
Hold,2025-02-26 15:00:00,126.38,4525.292830930118,Hold,4525.292830930188,4082.041343669385
Hold,2025-02-26 16:00:00,127.25,4556.444949642803,Hold,4556.444949642873,4110.142118863184
Hold,2025-02-26 17:00:00,125.02,4476.595266045919,Hold,4476.595266045988,4038.113695090572
Hold,2025-02-26 18:00:00,122.05,4370.248378026752,Hold,4370.2483780268185,3942.1834625324286
Hold,2025-02-26 19:00:00,121.99,4368.099956046566,Hold,4368.0999560466325,3940.2454780363046
Hold,2025-02-26 20:00:00,126.61,4533.528448520828,Hold,4533.528448520898,4089.47028423786
Hold,2025-02-26 21:00:00,126.21,4519.205635319593,Hold,4519.205635319662,4076.550387597033
Hold,2025-02-26 22:00:00,127.8,4576.138817794501,Hold,4576.138817794571,4127.906976744322
Hold,2025-02-26 23:00:00,124.68,4464.42087482487,Hold,4464.420874824938,4027.131782945869
Hold,2025-02-27 00:00:00,123.98,4439.3559517227095,Hold,4439.355951722777,4004.5219638244207
Hold,2025-02-27 01:00:00,124.32,4451.530342943758,Hold,4451.530342943826,4015.503875969124
Hold,2025-02-27 02:00:00,123.43,4419.662083571012,Hold,4419.662083571079,3986.757105943284
Hold,2025-02-27 03:00:00,124.02,4440.788233042833,Hold,4440.788233042901,4005.813953488504
Hold,2025-02-27 04:00:00,122.77,4396.029441788974,Hold,4396.02944178904,3965.439276485919
Hold,2025-02-27 05:00:00,125.68,4500.227907827957,Hold,4500.227907828026,4059.4315245479374
Hold,2025-02-27 06:00:00,127.82,4576.854958454563,Hold,4576.854958454633,4128.552971576362
Hold,2025-02-27 07:00:00,129.52,4637.726914559811,Hold,4637.726914559883,4183.462532299878
Hold,2025-02-27 08:00:00,129.45,4635.220422249594,Hold,4635.220422249665,4181.201550387733
Hold,2025-02-27 09:00:00,129.49,4636.652703569718,Hold,4636.652703569789,4182.493540051816
Hold,2025-02-27 10:00:00,131.86,4721.5153717870335,Hold,4721.515371787105,4259.043927648718
Hold,2025-02-27 11:00:00,129.54,4638.443055219872,Hold,4638.443055219942,4184.10852713192
Hold,2025-02-27 12:00:00,130.26,4664.224118982094,Hold,4664.224118982165,4207.364341085409
Hold,2025-02-27 13:00:00,129.86,4649.901305780861,Hold,4649.901305780931,4194.444444444583
Hold,2025-02-27 14:00:00,128.37,4596.54882660626,Hold,4596.54882660633,4146.317829457501
Hold,2025-02-27 15:00:00,128.71,4608.72321782731,Hold,4608.72321782738,4157.299741602204
Hold,2025-02-27 16:00:00,127.03,4548.567402382124,Hold,4548.567402382193,4103.03617571073
Hold,2025-02-27 17:00:00,126.53,4530.66388588058,Hold,4530.663885880648,4086.8863049096954
Hold,2025-02-27 18:00:00,126.62,4533.886518850858,Hold,4533.886518850926,4089.793281653882
Hold,2025-02-27 19:00:00,124.7,4465.137015484932,Hold,4465.137015484999,4027.777777777911
Hold,2025-02-27 20:00:00,125.27,4485.547024296691,Hold,4485.5470242967585,4046.1886304910895
Hold,2025-02-27 21:00:00,127.52,4566.1128485536365,Hold,4566.112848553706,4118.863049095743
Hold,2025-02-27 22:00:00,126.63,4534.244589180889,Hold,4534.244589180958,4090.1162790699022
Hold,2025-02-27 23:00:00,126.86,4542.480206771599,Hold,4542.480206771668,4097.545219638378
Hold,2025-02-28 00:00:00,124.92,4473.01456274561,Hold,4473.014562745679,4034.883720930366
Hold,2025-02-28 01:00:00,122.72,4394.239090138819,Hold,4394.239090138886,3963.8242894058158
Hold,2025-02-28 02:00:00,123.7,4429.329982481845,Hold,4429.329982481912,3995.478036175843
Hold,2025-02-28 03:00:00,122.74,4394.955230798881,Hold,4394.955230798948,3964.4702842378574
Hold,2025-02-28 04:00:00,120.78,4324.773446112831,Hold,4324.7734461128985,3901.1627906978033
Hold,2025-02-28 05:00:00,119.6,4282.521147169188,Hold,4282.521147169255,3863.0490956073627
Trailing-Stop,2025-02-28 06:00:00,116.9,4185.842158060854,Trailing stop 10.0% hit,4185.842158060918,3775.8397932817784
Buy,2025-03-01 01:00:00,127.87,4185.842158060854,Sinal: Compra,4185.842158060918,4130.167958656467
Hold,2025-03-01 02:00:00,128.53,4199.036662209298,Hold,4199.036662209363,4151.485788113832
Hold,2025-03-01 03:00:00,128.24,4189.562448935817,Hold,4189.5624489358825,4142.118863049233
Hold,2025-03-01 04:00:00,129.7,4237.260212312658,Hold,4237.2602123127235,4189.276485788252
Hold,2025-03-01 05:00:00,126.8,4142.518079577834,Hold,4142.518079577899,4095.6072351422545
Hold,2025-03-01 06:00:00,127.3,4158.852930049356,Hold,4158.85293004942,4111.7571059432885
Hold,2025-03-01 07:00:00,126.27,4125.203138078022,Hold,4125.203138078085,4078.488372093158
Hold,2025-03-01 08:00:00,126.57,4135.004048360934,Hold,4135.004048360997,4088.1782945737777
Hold,2025-03-01 09:00:00,126.65,4137.617624436378,Hold,4137.6176244364415,4090.7622739019434
Hold,2025-03-01 10:00:00,126.3,4126.183229106313,Hold,4126.1832291063765,4079.457364341219
Hold,2025-03-01 11:00:00,125.27,4092.5334371349786,Hold,4092.5334371350414,4046.1886304910886
Hold,2025-03-01 12:00:00,125.21,4090.573255078396,Hold,4090.5732550784587,4044.250645994964
Hold,2025-03-01 13:00:00,123.97,4050.0628259090226,Hold,4050.062825909085,4004.1989664083994
Hold,2025-03-01 14:00:00,125.22,4090.8999520878265,Hold,4090.899952087889,4044.573643410985
Hold,2025-03-01 15:00:00,125.2,4090.246558068966,Hold,4090.2465580690277,4043.9276485789433
Hold,2025-03-01 16:00:00,125.55,4101.68095339903,Hold,4101.680953399092,4055.232558139667
Hold,2025-03-01 17:00:00,124.57,4069.6646464748487,Hold,4069.6646464749106,4023.5788113696403
Hold,2025-03-01 18:00:00,124.54,4068.6845554465576,Hold,4068.6845554466195,4022.6098191215788
Hold,2025-03-01 19:00:00,124.77,4076.198586663457,Hold,4076.198586663518,4030.038759690054
Hold,2025-03-01 20:00:00,124.57,4069.6646464748487,Hold,4069.6646464749106,4023.5788113696403
Hold,2025-03-01 21:00:00,126.07,4118.669197889413,Hold,4118.669197889476,4072.028423772743
Hold,2025-03-01 22:00:00,124.91,4080.772344795483,Hold,4080.7723447955455,4034.5607235143434
Hold,2025-03-01 23:00:00,124.31,4061.1705242296575,Hold,4061.17052422972,4015.180878553102
Hold,2025-03-02 00:00:00,124.13,4055.2899780599096,Hold,4055.289978059972,4009.36692506473
Hold,2025-03-02 01:00:00,123.42,4032.094490390349,Hold,4032.094490390411,3986.4341085272613
Hold,2025-03-02 02:00:00,122.83,4012.819366833954,Hold,4012.819366834016,3967.377260982041
Hold,2025-03-02 03:00:00,122.76,4010.5324877679413,Hold,4010.532487768003,3965.116279069897
Hold,2025-03-02 04:00:00,122.5,4002.03836552275,Hold,4002.038365522812,3956.718346253359
Hold,2025-03-02 05:00:00,122.25,3993.8709402869895,Hold,3993.870940287051,3948.6434108528415
Hold,2025-03-02 06:00:00,123.14,4022.9469741262974,Hold,4022.9469741263592,3977.390180878682
Hold,2025-03-02 07:00:00,122.23,3993.2175462681284,Hold,3993.21754626819,3947.9974160208
Hold,2025-03-02 08:00:00,121.73,3976.882695796607,Hold,3976.882695796668,3931.847545219766
Hold,2025-03-02 09:00:00,122.31,3995.8311223435717,Hold,3995.8311223436326,3950.581395348965
Hold,2025-03-02 10:00:00,122.18,3991.5840612209768,Hold,3991.5840612210372,3946.3824289406966
Hold,2025-03-02 11:00:00,122.48,4001.384971503889,Hold,4001.38497150395,3956.072351421317
Hold,2025-03-02 12:00:00,122.24,3993.5442432775585,Hold,3993.5442432776194,3948.3204134368198
Hold,2025-03-02 13:00:00,119.14,3892.268170354126,Hold,3892.2681703541857,3848.1912144704083
Hold,2025-03-02 14:00:00,118.55,3872.9930467977306,Hold,3872.9930467977897,3829.134366925188
Hold,2025-03-02 15:00:00,121.44,3967.4084825231243,Hold,3967.4084825231853,3922.480620155165
Hold,2025-03-02 16:00:00,126.64,4137.290927426948,Hold,4137.2909274270105,4090.4392764859203
Hold,2025-03-02 17:00:00,126.75,4140.884594530682,Hold,4140.884594530746,4093.9922480621476
Hold,2025-03-02 18:00:00,125.44,4098.087286295296,Hold,4098.087286295358,4051.6795865634376
Hold,2025-03-02 19:00:00,126.46,4131.410381257199,Hold,4131.410381257263,4084.625322997547
Hold,2025-03-02 20:00:00,126.9,4145.7850496721385,Hold,4145.785049672202,4098.837209302457
Hold,2025-03-02 21:00:00,126.88,4145.131655653277,Hold,4145.131655653341,4098.191214470416
Hold,2025-03-02 22:00:00,126.75,4140.884594530682,Hold,4140.884594530746,4093.9922480621467
Hold,2025-03-02 23:00:00,127.89,4178.128053605751,Hold,4178.128053605816,4130.813953488504
Hold,2025-03-03 00:00:00,128.89,4210.797754548794,Hold,4210.797754548858,4163.113695090572
Hold,2025-03-03 01:00:00,127.02,4149.705413785304,Hold,4149.705413785367,4102.713178294704
Hold,2025-03-03 02:00:00,125.99,4116.05562181397,Hold,4116.055621814034,4069.4444444445744
Hold,2025-03-03 03:00:00,124.73,4074.8917986257356,Hold,4074.8917986257984,4028.746770025969
Hold,2025-03-03 04:00:00,123.15,4023.2736711357284,Hold,4023.27367113579,3977.7131782947013
Hold,2025-03-03 05:00:00,122.89,4014.7795488905367,Hold,4014.7795488905986,3969.3152454781634
Hold,2025-03-03 06:00:00,119.82,3914.483566995395,Hold,3914.4835669954555,3870.1550387598136
Hold,2025-03-03 07:00:00,118.72,3878.546895958048,Hold,3878.546895958108,3834.625322997539
Trailing-Stop,2025-03-03 08:00:00,115.75,3781.5178841572106,Trailing stop 10.0% hit,3781.5178841572692,3738.695090439396
Buy,2025-03-08 07:00:00,105.39,3781.5178841572106,Sinal: Compra,3781.5178841572692,3404.0697674419694
Hold,2025-03-08 08:00:00,104.68,3748.5339157286435,Hold,3748.5339157287017,3381.136950904501
Hold,2025-03-08 09:00:00,104.05,3725.973958077621,Hold,3725.9739580776786,3360.788113695198
Hold,2025-03-08 10:00:00,105.01,3760.3510364029885,Hold,3760.351036403047,3391.795865633183
Hold,2025-03-08 11:00:00,104.39,3738.149173317855,Hold,3738.1491733179137,3371.7700258399004
Hold,2025-03-08 12:00:00,105.27,3769.6614951161087,Hold,3769.6614951161678,3400.1937984497204
Hold,2025-03-08 13:00:00,103.97,3723.109201550507,Hold,3723.1092015505656,3358.204134367032
Hold,2025-03-08 14:00:00,104.2,3731.3453765659597,Hold,3731.3453765660183,3365.6330749355075
Hold,2025-03-08 15:00:00,103.9,3720.6025395892825,Hold,3720.602539589341,3355.9431524548872
Hold,2025-03-08 16:00:00,103.71,3713.798742837386,Hold,3713.7987428374445,3349.8062015504943
Hold,2025-03-08 17:00:00,103.79,3716.6634993645002,Hold,3716.663499364559,3352.39018087866
Hold,2025-03-08 18:00:00,104.03,3725.257768945842,Hold,3725.2577689459017,3360.142118863156
Hold,2025-03-08 19:00:00,104.38,3737.791078751966,Hold,3737.7910787520254,3371.44702842388
Hold,2025-03-08 20:00:00,104.03,3725.257768945842,Hold,3725.2577689459017,3360.142118863156
Hold,2025-03-08 21:00:00,103.61,3710.2177971784936,Hold,3710.217797178553,3346.5762273902874
Hold,2025-03-08 22:00:00,103.0,3688.3740286592497,Hold,3688.374028659309,3326.8733850130257
Hold,2025-03-08 23:00:00,102.34,3664.7397873105597,Hold,3664.739787310618,3305.555555555661
Hold,2025-03-09 00:00:00,102.43,3667.962638403563,Hold,3667.962638403622,3308.462532299847
Hold,2025-03-09 01:00:00,101.55,3636.4503166053087,Hold,3636.4503166053673,3280.0387596900273
Hold,2025-03-09 02:00:00,101.12,3621.0522502720714,Hold,3621.0522502721296,3266.1498708011377
Hold,2025-03-09 03:00:00,101.4,3631.0788981169703,Hold,3631.0788981170294,3275.193798449717
Hold,2025-03-09 04:00:00,101.22,3624.6331959309637,Hold,3624.6331959310223,3269.3798449613446
Hold,2025-03-09 05:00:00,100.77,3608.5189404659473,Hold,3608.5189404660055,3254.8449612404142
Hold,2025-03-09 06:00:00,100.29,3591.330401303264,Hold,3591.3304013033217,3239.341085271422
Hold,2025-03-09 07:00:00,101.41,3631.4369926828595,Hold,3631.436992682918,3275.5167958657385
Hold,2025-03-09 08:00:00,100.31,3592.046590435042,Hold,3592.0465904351004,3239.987080103463
Hold,2025-03-09 09:00:00,100.46,3597.4180089233805,Hold,3597.4180089234383,3244.8320413437737
Hold,2025-03-09 10:00:00,98.62,3531.5286087997592,Hold,3531.5286087998156,3185.400516795968
Hold,2025-03-09 11:00:00,99.64,3568.0542545204626,Hold,3568.05425452052,3218.3462532300778
Hold,2025-03-09 12:00:00,98.61,3531.17051423387,Hold,3531.1705142339265,3185.0775193799473
Hold,2025-03-09 13:00:00,97.59,3494.644868513167,Hold,3494.6448685132223,3152.1317829458376
Hold,2025-03-09 14:00:00,99.51,3563.3990251639025,Hold,3563.3990251639593,3214.1472868218084
Hold,2025-03-09 15:00:00,99.95,3579.1551860630293,Hold,3579.1551860630857,3228.359173126718
Hold,2025-03-09 16:00:00,96.66,3461.3420738854666,Hold,3461.3420738855216,3122.0930232559135
Hold,2025-03-09 17:00:00,96.01,3438.065927102666,Hold,3438.0659271027207,3101.0981912145694
Hold,2025-03-09 18:00:00,95.78,3429.829752087213,Hold,3429.8297520872675,3093.6692506460936
Hold,2025-03-09 19:00:00,97.31,3484.618220668268,Hold,3484.618220668323,3143.0878552972576
Hold,2025-03-09 20:00:00,96.77,3465.2811141102484,Hold,3465.281114110303,3125.6459948321412
Hold,2025-03-09 21:00:00,95.51,3420.1611988082036,Hold,3420.1611988082577,3084.9483204135354
Stop-Loss,2025-03-09 22:00:00,94.18,3372.5346215449335,SL 10.0% hit,3372.5346215449867,3041.9896640827847
Buy,2025-03-16 02:00:00,91.49,3372.5346215449335,Sinal: Compra,3372.5346215449867,2955.1033591732207
Hold,2025-03-16 03:00:00,92.27,3394.4880661783873,Hold,3394.488066178441,2980.297157622834
Hold,2025-03-16 04:00:00,92.37,3398.166930452993,Hold,3398.166930453046,2983.5271317830416
Hold,2025-03-16 05:00:00,92.62,3407.364091139506,Hold,3407.364091139559,2991.602067183558
Hold,2025-03-16 06:00:00,92.36,3397.799044025532,Hold,3397.7990440255853,2983.2041343670203
Hold,2025-03-16 07:00:00,92.14,3389.7055426214,Hold,3389.7055426214533,2976.0981912145653
Hold,2025-03-16 08:00:00,92.35,3397.4311575980714,Hold,3397.431157598125,2982.881136951
Hold,2025-03-16 09:00:00,91.26,3357.3315370048726,Hold,3357.3315370049254,2947.674418604746
Hold,2025-03-16 10:00:00,90.66,3335.25835135724,Hold,3335.258351357292,2928.2945736435045
Hold,2025-03-16 11:00:00,88.87,3269.4066808418042,Hold,3269.406680841855,2870.4780361758026
Hold,2025-03-16 12:00:00,89.07,3276.7644093910144,Hold,3276.764409391066,2876.937984496216
Hold,2025-03-16 13:00:00,88.66,3261.6810658651325,Hold,3261.681065865184,2863.695090439368
Hold,2025-03-16 14:00:00,89.65,3298.101822183726,Hold,3298.1018221837785,2895.671834625416
Hold,2025-03-16 15:00:00,89.22,3282.282705802923,Hold,3282.2827058029748,2881.7829457365265
Hold,2025-03-16 16:00:00,90.24,3319.8071214038973,Hold,3319.8071214039496,2914.728682170636
Hold,2025-03-16 17:00:00,90.73,3337.8335563494643,Hold,3337.8335563495166,2930.55555555565
Hold,2025-03-16 18:00:00,90.58,3332.3152599375558,Hold,3332.3152599376076,2925.7105943153397
Hold,2025-03-16 19:00:00,89.43,3290.008320779594,Hold,3290.0083207796456,2888.5658914729615
Hold,2025-03-16 20:00:00,90.6,3333.0510327924767,Hold,3333.0510327925285,2926.356589147381
Hold,2025-03-16 21:00:00,90.8,3340.4087613416878,Hold,3340.4087613417396,2932.8165374677947
Hold,2025-03-16 22:00:00,89.72,3300.6770271759497,Hold,3300.677027176001,2897.932816537561
Hold,2025-03-16 23:00:00,90.22,3319.0713485489764,Hold,3319.071348549028,2914.082687338595
Hold,2025-03-17 00:00:00,91.91,3381.2441547898075,Hold,3381.2441547898597,2968.6692506460904
Hold,2025-03-17 01:00:00,92.85,3415.825478971098,Hold,3415.8254789711505,2999.0310077520344
Hold,2025-03-17 02:00:00,93.12,3425.758412512533,Hold,3425.758412512586,3007.7519379845935
Hold,2025-03-17 03:00:00,93.33,3433.484027489204,Hold,3433.484027489257,3014.534883721027
Hold,2025-03-17 04:00:00,93.68,3446.360052450323,Hold,3446.3600524503763,3025.8397932817516
Hold,2025-03-17 05:00:00,92.54,3404.420999719822,Hold,3404.4209997198745,2989.0180878553933
Hold,2025-03-17 06:00:00,92.36,3397.799044025532,Hold,3397.7990440255844,2983.2041343670207
Hold,2025-03-17 07:00:00,92.25,3393.7522933234663,Hold,3393.752293323519,2979.6511627907935
Hold,2025-03-17 08:00:00,92.34,3397.063271170611,Hold,3397.063271170664,2982.5581395349795
Hold,2025-03-17 09:00:00,93.61,3443.784847458099,Hold,3443.7848474581524,3023.5788113696062
Hold,2025-03-17 10:00:00,93.37,3434.9555731990463,Hold,3434.9555731990995,3015.82687338511
Hold,2025-03-17 11:00:00,93.03,3422.447434665388,Hold,3422.4474346654406,3004.8449612404065
Hold,2025-03-17 12:00:00,92.83,3415.0897061161772,Hold,3415.08970611623,2998.3850129199927
Hold,2025-03-17 13:00:00,92.66,3408.8356368493482,Hold,3408.835636849401,2992.894056847641
Hold,2025-03-17 14:00:00,92.88,3416.92913825348,Hold,3416.9291382535325,3000.000000000096
Hold,2025-03-17 15:00:00,93.5,3439.7380967560334,Hold,3439.738096756087,3020.025839793378
Hold,2025-03-17 16:00:00,93.07,3423.91898037523,Hold,3423.9189803752834,3006.1369509044885
Hold,2025-03-17 17:00:00,93.44,3437.5307781912697,Hold,3437.530778191323,3018.087855297254
Hold,2025-03-17 18:00:00,94.16,3464.0186009684285,Hold,3464.018600968482,3041.343669250743
Hold,2025-03-17 19:00:00,93.48,3439.0023239011125,Hold,3439.002323901166,3019.3798449613373
Hold,2025-03-17 20:00:00,92.68,3409.5714097042696,Hold,3409.571409704323,2993.5400516796826
Hold,2025-03-17 21:00:00,92.99,3420.9758889555455,Hold,3420.9758889555987,3003.552971576323
Hold,2025-03-17 22:00:00,92.67,3409.203523276809,Hold,3409.203523276862,2993.217054263662
Hold,2025-03-17 23:00:00,92.3,3395.591725460769,Hold,3395.591725460822,2981.2661498708962
Hold,2025-03-18 00:00:00,91.35,3360.642514852017,Hold,3360.64251485207,2950.5813953489314
Hold,2025-03-18 01:00:00,90.2,3318.3355756940555,Hold,3318.3355756941073,2913.4366925065533
Hold,2025-03-18 02:00:00,90.35,3323.8538721059635,Hold,3323.8538721060154,2918.2816537468634
Hold,2025-03-18 03:00:00,89.92,3308.0347557251607,Hold,3308.034755725212,2904.392764857974
Hold,2025-03-18 04:00:00,89.76,3302.148572885792,Hold,3302.1485728858434,2899.224806201643
Hold,2025-03-18 05:00:00,90.04,3312.449392854687,Hold,3312.449392854739,2908.2687338502224
Hold,2025-03-18 06:00:00,89.21,3281.9148193754622,Hold,3281.9148193755136,2881.459948320505
Hold,2025-03-18 07:00:00,89.5,3292.583525771818,Hold,3292.5835257718695,2890.826873385105
Hold,2025-03-18 08:00:00,90.0,3310.977847144845,Hold,3310.977847144897,2906.9767441861395
Hold,2025-03-18 09:00:00,89.49,3292.215639344357,Hold,3292.2156393444093,2890.5038759690847
Hold,2025-03-18 10:00:00,89.06,3276.396522963554,Hold,3276.396522963606,2876.6149870801955
Hold,2025-03-18 11:00:00,88.63,3260.577406582751,Hold,3260.5774065828027,2862.7260981913055
Hold,2025-03-18 12:00:00,88.3,3248.437154476553,Hold,3248.437154476605,2852.0671834626232
Hold,2025-03-18 13:00:00,87.49,3218.638353852249,Hold,3218.6383538523,2825.9043927649477
Hold,2025-03-18 14:00:00,88.41,3252.4839051786194,Hold,3252.4839051786707,2855.62015503885
Hold,2025-03-18 15:00:00,88.22,3245.494063056869,Hold,3245.4940630569204,2849.483204134457
Hold,2025-03-18 16:00:00,88.51,3256.162769453225,Hold,3256.1627694532763,2858.850129199057
Hold,2025-03-18 17:00:00,87.97,3236.296902370356,Hold,3236.296902370407,2841.40826873394
Hold,2025-03-18 18:00:00,88.28,3247.701381621632,Hold,3247.7013816216836,2851.4211886305807
Hold,2025-03-18 19:00:00,88.55,3257.6343151630667,Hold,3257.6343151631186,2860.1421188631384
Hold,2025-03-18 20:00:00,87.92,3234.4574702330533,Hold,3234.4574702331047,2839.7932816538355
Hold,2025-03-18 21:00:00,88.38,3251.3802458962377,Hold,3251.380245896289,2854.6511627907867
Hold,2025-03-18 22:00:00,89.64,3297.7339357562655,Hold,3297.7339357563174,2895.3488372093925
Hold,2025-03-18 23:00:00,90.03,3312.0815064272265,Hold,3312.081506427279,2907.9457364341997
Hold,2025-03-19 00:00:00,90.29,3321.646553541201,Hold,3321.646553541253,2916.3436692507375
Hold,2025-03-19 01:00:00,89.43,3290.008320779594,Hold,3290.0083207796456,2888.565891472959
Hold,2025-03-19 02:00:00,90.31,3322.3823263961217,Hold,3322.382326396174,2916.9896640827787
Hold,2025-03-19 03:00:00,90.64,3334.522578502319,Hold,3334.5225785023717,2927.6485788114614
Hold,2025-03-19 04:00:00,89.95,3309.1384150075423,Hold,3309.1384150075946,2905.3617571060345
Hold,2025-03-19 05:00:00,90.24,3319.8071214038973,Hold,3319.8071214039496,2914.728682170634
Hold,2025-03-19 06:00:00,90.16,3316.864029984213,Hold,3316.864029984265,2912.1447028424686
Hold,2025-03-19 07:00:00,89.64,3297.7339357562655,Hold,3297.7339357563174,2895.348837209393
Hold,2025-03-19 08:00:00,90.29,3321.646553541201,Hold,3321.6465535412526,2916.3436692507375
Hold,2025-03-19 09:00:00,90.52,3330.1079413727925,Hold,3330.107941372845,2923.772609819213
Hold,2025-03-19 10:00:00,90.47,3328.26850923549,Hold,3328.2685092355423,2922.1576227391097
Hold,2025-03-19 11:00:00,91.5,3366.1608112639256,Hold,3366.160811263978,2955.4263565892397
Hold,2025-03-19 12:00:00,90.7,3336.7298970670827,Hold,3336.7298970671345,2929.586563307585
Hold,2025-03-19 13:00:00,91.61,3370.2075619659913,Hold,3370.207561966043,2958.9793281654675
Hold,2025-03-19 14:00:00,91.87,3379.7726090799656,Hold,3379.772609080018,2967.3772609820057
Hold,2025-03-19 15:00:00,92.16,3390.441315476321,Hold,3390.441315476374,2976.744186046605
Hold,2025-03-19 16:00:00,91.57,3368.736016256149,Hold,3368.7360162562013,2957.687338501385
Hold,2025-03-19 17:00:00,91.17,3354.020559157728,Hold,3354.0205591577796,2944.767441860558
Hold,2025-03-19 18:00:00,92.26,3394.120179750927,Hold,3394.12017975098,2979.9741602068125
Hold,2025-03-19 19:00:00,92.34,3397.063271170611,Hold,3397.063271170664,2982.5581395349777
Hold,2025-03-19 20:00:00,92.56,3405.1567725747427,Hold,3405.156772574796,2989.6640826874327
Hold,2025-03-19 21:00:00,93.33,3433.484027489204,Hold,3433.484027489258,3014.5348837210254
Hold,2025-03-19 22:00:00,93.8,3450.774689579849,Hold,3450.7746895799028,3029.715762273998
Hold,2025-03-19 23:00:00,94.09,3461.443395976205,Hold,3461.4433959762596,3039.082687338597
Hold,2025-03-20 00:00:00,93.61,3443.784847458099,Hold,3443.7848474581533,3023.5788113696044
Hold,2025-03-20 01:00:00,93.25,3430.54093606952,Hold,3430.5409360695735,3011.9509043928597
Hold,2025-03-20 02:00:00,93.75,3448.9352574425466,Hold,3448.9352574426007,3028.1007751938937
Hold,2025-03-20 03:00:00,93.58,3442.6811881757176,Hold,3442.6811881757712,3022.6098191215424
Hold,2025-03-20 04:00:00,93.29,3432.012481779362,Hold,3432.012481779416,3013.2428940569425
Hold,2025-03-20 05:00:00,93.0,3421.3437753830062,Hold,3421.34377538306,3003.8759689923427
Hold,2025-03-20 06:00:00,92.81,3414.3539332612563,Hold,3414.35393326131,2997.7390180879497
Hold,2025-03-20 07:00:00,92.15,3390.073429048861,Hold,3390.073429048914,2976.4211886305848
Hold,2025-03-20 08:00:00,92.81,3414.3539332612563,Hold,3414.35393326131,2997.73901808795
Hold,2025-03-20 09:00:00,92.52,3403.6852268649004,Hold,3403.685226864954,2988.37209302335
Hold,2025-03-20 10:00:00,91.43,3363.585606271702,Hold,3363.5856062717553,2953.165374677096
Hold,2025-03-20 11:00:00,91.79,3376.829517660281,Hold,3376.829517660335,2964.7932816538405
Hold,2025-03-20 12:00:00,91.97,3383.4514733545707,Hold,3383.4514733546243,2970.6072351422126
Hold,2025-03-20 13:00:00,91.76,3375.7258583778994,Hold,3375.7258583779526,2963.8242894057785
Hold,2025-03-20 14:00:00,92.62,3407.364091139506,Hold,3407.36409113956,2991.602067183557
Hold,2025-03-20 15:00:00,91.6,3369.8396755385306,Hold,3369.8396755385843,2958.6563307494475
Hold,2025-03-20 16:00:00,90.31,3322.3823263961217,Hold,3322.382326396175,2916.9896640827797
Hold,2025-03-20 17:00:00,91.4,3362.48194698932,Hold,3362.4819469893737,2952.1963824290337
Hold,2025-03-20 18:00:00,91.69,3373.1506533856755,Hold,3373.15065338573,2961.563307493633
Hold,2025-03-20 19:00:00,92.61,3406.9962047120453,Hold,3406.9962047121003,2991.2790697675364
Hold,2025-03-20 20:00:00,92.85,3415.825478971098,Hold,3415.825478971153,2999.031007752033
Hold,2025-03-20 21:00:00,93.06,3423.55109394777,Hold,3423.5510939478254,3005.813953488467
Hold,2025-03-20 22:00:00,93.11,3425.3905260850725,Hold,3425.390526085128,3007.4289405685704
Hold,2025-03-20 23:00:00,93.29,3432.012481779362,Hold,3432.0124817794176,3013.242894056943
Hold,2025-03-21 00:00:00,92.86,3416.193365398559,Hold,3416.1933653986143,2999.3540051680534
Hold,2025-03-21 01:00:00,93.11,3425.3905260850725,Hold,3425.390526085128,3007.4289405685704
Hold,2025-03-21 02:00:00,92.64,3408.0998639944273,Hold,3408.099863994483,2992.2480620155984
Hold,2025-03-21 03:00:00,92.45,3401.110021872677,Hold,3401.110021872732,2986.111111111206
Hold,2025-03-21 04:00:00,92.91,3418.0327975358614,Hold,3418.0327975359164,3000.968992248157
Hold,2025-03-21 05:00:00,93.05,3423.183207520309,Hold,3423.1832075203647,3005.4909560724464
Hold,2025-03-21 06:00:00,93.12,3425.758412512533,Hold,3425.758412512589,3007.7519379845917
Hold,2025-03-21 07:00:00,92.7,3410.3071825591906,Hold,3410.3071825592465,2994.186046511723
Hold,2025-03-21 08:00:00,92.89,3417.2970246809405,Hold,3417.2970246809964,3000.322997416116
Hold,2025-03-21 09:00:00,93.5,3439.7380967560334,Hold,3439.7380967560894,3020.025839793378
Hold,2025-03-21 10:00:00,93.03,3422.447434665388,Hold,3422.447434665444,3004.8449612404056
Hold,2025-03-21 11:00:00,93.18,3427.9657310772964,Hold,3427.9657310773523,3009.6899224807166
Hold,2025-03-21 12:00:00,92.61,3406.9962047120453,Hold,3406.9962047121007,2991.2790697675377
Hold,2025-03-21 13:00:00,93.05,3423.183207520309,Hold,3423.183207520365,3005.4909560724473
Hold,2025-03-21 14:00:00,93.47,3438.634437473652,Hold,3438.6344374737077,3019.056847545316
Hold,2025-03-21 15:00:00,93.41,3436.427118908888,Hold,3436.427118908944,3017.118863049192
Hold,2025-03-21 16:00:00,93.62,3444.15273388556,Hold,3444.1527338856163,3023.901808785627
Hold,2025-03-21 17:00:00,92.87,3416.5612518260195,Hold,3416.5612518260755,2999.6770025840756
Hold,2025-03-21 18:00:00,92.92,3418.400683963322,Hold,3418.4006839633776,3001.291989664179
Hold,2025-03-21 19:00:00,92.57,3405.524659002203,Hold,3405.5246590022584,2989.987080103455
Hold,2025-03-21 20:00:00,92.37,3398.166930452993,Hold,3398.1669304530483,2983.5271317830416
Hold,2025-03-21 21:00:00,92.26,3394.120179750927,Hold,3394.120179750982,2979.974160206814
Hold,2025-03-21 22:00:00,91.52,3366.8965841188465,Hold,3366.8965841189015,2956.0723514212837
Hold,2025-03-21 23:00:00,90.84,3341.88030705153,Hold,3341.880307051584,2934.108527131877
Hold,2025-03-22 00:00:00,91.02,3348.5022627458193,Hold,3348.5022627458734,2939.922480620249
Hold,2025-03-22 01:00:00,90.53,3330.4758278002532,Hold,3330.475827800307,2924.0956072352355
Hold,2025-03-22 02:00:00,90.87,3342.9839663339117,Hold,3342.9839663339653,2935.077519379939
Hold,2025-03-22 03:00:00,91.13,3352.5490134478855,Hold,3352.5490134479396,2943.4754521964765
Hold,2025-03-22 04:00:00,91.2,3355.1242184401094,Hold,3355.1242184401635,2945.736434108622
Hold,2025-03-22 05:00:00,91.14,3352.916899875346,Hold,3352.9168998754003,2943.7984496124977
Hold,2025-03-22 06:00:00,91.35,3360.642514852017,Hold,3360.6425148520716,2950.581395348932
Hold,2025-03-22 07:00:00,91.08,3350.709581310583,Hold,3350.709581310637,2941.8604651163737
Hold,2025-03-22 08:00:00,91.37,3361.3782877069384,Hold,3361.378287706993,2951.227390180973
Hold,2025-03-22 09:00:00,91.59,3369.4717891110704,Hold,3369.471789111126,2958.3333333334276
Hold,2025-03-22 10:00:00,91.56,3368.368129828689,Hold,3368.368129828744,2957.3643410853656
Hold,2025-03-22 11:00:00,91.49,3365.792924836465,Hold,3365.79292483652,2955.1033591732203
Hold,2025-03-22 12:00:00,91.34,3360.274628424557,Hold,3360.2746284246114,2950.2583979329106
Hold,2025-03-22 13:00:00,91.19,3354.7563320126487,Hold,3354.7563320127033,2945.4134366926
Hold,2025-03-22 14:00:00,90.74,3338.2014427769245,Hold,3338.2014427769786,2930.8785529716697
Hold,2025-03-22 15:00:00,90.91,3344.4555120437535,Hold,3344.455512043808,2936.369509044021
Hold,2025-03-22 16:00:00,91.24,3356.5957641499513,Hold,3356.595764150006,2947.0284237727037
Hold,2025-03-22 17:00:00,91.53,3367.264470546307,Hold,3367.2644705463617,2956.3953488373036
Hold,2025-03-22 18:00:00,91.92,3381.612041217268,Hold,3381.612041217323,2968.99224806211
Hold,2025-03-22 19:00:00,92.08,3387.4982240566364,Hold,3387.4982240566915,2974.160206718441
Hold,2025-03-22 20:00:00,91.28,3358.0673098597936,Hold,3358.067309859848,2948.3204134367866
Hold,2025-03-22 21:00:00,91.49,3365.792924836465,Hold,3365.79292483652,2955.1033591732207
Hold,2025-03-22 22:00:00,91.6,3369.8396755385306,Hold,3369.8396755385857,2958.6563307494484
Hold,2025-03-22 23:00:00,91.37,3361.3782877069384,Hold,3361.3782877069934,2951.2273901809726
Hold,2025-03-23 00:00:00,91.58,3369.1039026836097,Hold,3369.1039026836656,2958.010335917407
Hold,2025-03-23 01:00:00,91.84,3378.668949797584,Hold,3378.6689497976404,2966.4082687339446
Hold,2025-03-23 02:00:00,91.69,3373.1506533856755,Hold,3373.1506533857314,2961.5633074936345
Hold,2025-03-23 03:00:00,91.89,3380.5083819348865,Hold,3380.5083819349425,2968.0232558140483
Hold,2025-03-23 04:00:00,91.41,3362.8498334167803,Hold,3362.849833416836,2952.5193798450555
Hold,2025-03-23 05:00:00,91.49,3365.792924836465,Hold,3365.7929248365213,2955.1033591732207
Hold,2025-03-23 06:00:00,91.57,3368.736016256149,Hold,3368.736016256205,2957.687338501386
Hold,2025-03-23 07:00:00,91.66,3372.046994103294,Hold,3372.04699410335,2960.594315245572
Hold,2025-03-23 08:00:00,91.68,3372.7827669582152,Hold,3372.782766958271,2961.2403100776137
Hold,2025-03-23 09:00:00,92.05,3386.394564774255,Hold,3386.394564774311,2973.1912144703792
Hold,2025-03-23 10:00:00,91.85,3379.0368362250438,Hold,3379.0368362251,2966.7312661499654
Hold,2025-03-23 11:00:00,92.22,3392.6486340410843,Hold,3392.6486340411407,2978.6821705427305
Hold,2025-03-23 12:00:00,92.0,3384.5551326369523,Hold,3384.5551326370087,2971.5762273902756
Hold,2025-03-23 13:00:00,92.29,3395.2238390333086,Hold,3395.2238390333655,2980.943152454876
Hold,2025-03-23 14:00:00,92.45,3401.110021872677,Hold,3401.1100218727343,2986.111111111207
Hold,2025-03-23 15:00:00,92.74,3411.7787282690324,Hold,3411.7787282690897,2995.478036175806
Hold,2025-03-23 16:00:00,92.44,3400.7421354452163,Hold,3400.742135445274,2985.788113695186
Hold,2025-03-23 17:00:00,91.43,3363.585606271702,Hold,3363.5856062717585,2953.1653746770976
Hold,2025-03-23 18:00:00,91.6,3369.8396755385306,Hold,3369.8396755385875,2958.656330749449
Hold,2025-03-23 19:00:00,91.3,3358.8030827147145,Hold,3358.803082714771,2948.9664082688287
Hold,2025-03-23 20:00:00,91.3,3358.8030827147145,Hold,3358.803082714771,2948.9664082688287
Hold,2025-03-23 21:00:00,91.04,3349.238035600741,Hold,3349.238035600797,2940.5684754522913
Hold,2025-03-23 22:00:00,91.19,3354.7563320126487,Hold,3354.7563320127047,2945.413436692601
Hold,2025-03-23 23:00:00,91.48,3365.4250384090046,Hold,3365.4250384090606,2954.7803617572013
Hold,2025-03-24 00:00:00,91.69,3373.1506533856755,Hold,3373.1506533857314,2961.563307493635
Hold,2025-03-24 01:00:00,90.94,3345.559171326135,Hold,3345.5591713261906,2937.338501292084
Hold,2025-03-24 02:00:00,91.69,3373.1506533856755,Hold,3373.1506533857314,2961.563307493635
Hold,2025-03-24 03:00:00,92.24,3393.384406896005,Hold,3393.3844068960616,2979.3281653747727
Hold,2025-03-24 04:00:00,92.74,3411.7787282690324,Hold,3411.778728269089,2995.4780361758067
Hold,2025-03-24 05:00:00,92.85,3415.825478971098,Hold,3415.825478971155,2999.031007752034
Hold,2025-03-24 06:00:00,93.51,3440.105983183494,Hold,3440.105983183552,3020.3488372094
Hold,2025-03-24 07:00:00,92.78,3413.2502739788747,Hold,3413.250273978932,2996.77002583989
Hold,2025-03-24 08:00:00,93.58,3442.6811881757176,Hold,3442.6811881757753,3022.609819121544
Hold,2025-03-24 09:00:00,93.49,3439.3702103285727,Hold,3439.3702103286305,3019.7028423773577
Hold,2025-03-24 10:00:00,93.87,3453.3498945720735,Hold,3453.3498945721317,3031.976744186144
Hold,2025-03-24 11:00:00,93.72,3447.831598160165,Hold,3447.831598160223,3027.131782945834
Hold,2025-03-24 12:00:00,93.21,3429.0693903596775,Hold,3429.0693903597353,3010.6589147287787
Hold,2025-03-24 13:00:00,93.44,3437.5307781912697,Hold,3437.5307781913275,3018.0878552972545
Hold,2025-03-24 14:00:00,93.6,3443.4169610306385,Hold,3443.416961030696,3023.2558139535854
Hold,2025-03-24 15:00:00,94.13,3462.914941686047,Hold,3462.9149416861046,3040.3746770026814
Hold,2025-03-24 16:00:00,93.8,3450.774689579849,Hold,3450.7746895799064,3029.715762273999
Hold,2025-03-24 17:00:00,94.42,3473.5836480824028,Hold,3473.5836480824605,3049.7416020672817
Hold,2025-03-24 18:00:00,94.67,3482.7808087689164,Hold,3482.7808087689746,3057.816537467799
Hold,2025-03-24 19:00:00,94.56,3478.73405806685,Hold,3478.7340580669083,3054.2635658915715
Hold,2025-03-24 20:00:00,94.97,3493.817401592732,Hold,3493.8174015927907,3067.506459948419
Hold,2025-03-24 21:00:00,94.93,3492.34585588289,Hold,3492.345855882949,3066.2144702843366
Hold,2025-03-24 22:00:00,93.81,3451.14257600731,Hold,3451.142576007368,3030.0387596900205
Hold,2025-03-24 23:00:00,93.77,3449.6710302974675,Hold,3449.6710302975257,3028.7467700259376
Hold,2025-03-25 00:00:00,94.18,3464.75437382335,Hold,3464.7543738234085,3041.9896640827856
Hold,2025-03-25 01:00:00,93.24,3430.173049642059,Hold,3430.1730496421173,3011.6279069768416
Hold,2025-03-25 02:00:00,92.98,3420.6080025280853,Hold,3420.6080025281435,3003.2299741603038
Hold,2025-03-25 03:00:00,92.26,3394.120179750927,Hold,3394.120179750985,2979.9741602068143
Hold,2025-03-25 04:00:00,92.28,3394.855952605848,Hold,3394.8559526059053,2980.6201550388555
Hold,2025-03-25 05:00:00,92.59,3406.2604318571243,Hold,3406.2604318571825,2990.633074935497
Hold,2025-03-25 06:00:00,92.41,3399.6384761628346,Hold,3399.6384761628924,2984.8191214471244
Hold,2025-03-25 07:00:00,92.37,3398.166930452993,Hold,3398.166930453051,2983.5271317830416
Hold,2025-03-25 08:00:00,92.86,3416.193365398559,Hold,3416.1933653986175,2999.3540051680548
Hold,2025-03-25 09:00:00,93.27,3431.2767089244408,Hold,3431.2767089244994,3012.5968992249022
Hold,2025-03-25 10:00:00,93.01,3421.711661810467,Hold,3421.7116618105256,3004.198966408365
Hold,2025-03-25 11:00:00,93.1,3425.0226396576118,Hold,3425.0226396576704,3007.105943152551
Hold,2025-03-25 12:00:00,92.88,3416.92913825348,Hold,3416.9291382535384,3000.000000000096
Hold,2025-03-25 13:00:00,93.86,3452.982008144613,Hold,3452.9820081446715,3031.653746770123
Hold,2025-03-25 14:00:00,93.8,3450.774689579849,Hold,3450.7746895799078,3029.7157622739987
Hold,2025-03-25 15:00:00,93.43,3437.16289176381,Hold,3437.1628917638686,3017.764857881233
Hold,2025-03-25 16:00:00,93.11,3425.3905260850725,Hold,3425.390526085131,3007.428940568571
Hold,2025-03-25 17:00:00,93.79,3450.406803152389,Hold,3450.4068031524475,3029.392764857978
Hold,2025-03-25 18:00:00,93.43,3437.16289176381,Hold,3437.1628917638686,3017.764857881233
Hold,2025-03-25 19:00:00,93.65,3445.2563931679415,Hold,3445.2563931680006,3024.870801033688
Hold,2025-03-25 20:00:00,93.18,3427.9657310772964,Hold,3427.965731077355,3009.689922480716
Hold,2025-03-25 21:00:00,93.43,3437.16289176381,Hold,3437.162891763868,3017.764857881233
Hold,2025-03-25 22:00:00,93.78,3450.038916724928,Hold,3450.038916724987,3029.0697674419566
Hold,2025-03-25 23:00:00,94.36,3471.3763295176395,Hold,3471.376329517698,3047.803617571156
Hold,2025-03-26 00:00:00,95.15,3500.439357287022,Hold,3500.4393572870817,3073.32041343679
Hold,2025-03-26 01:00:00,95.64,3518.4657922325882,Hold,3518.465792232648,3089.1472868218034
Hold,2025-03-26 02:00:00,93.97,3457.0287588466786,Hold,3457.028758846737,3035.2067183463496
Hold,2025-03-26 03:00:00,93.61,3443.784847458099,Hold,3443.784847458158,3023.578811369605
Hold,2025-03-26 04:00:00,94.01,3458.500304556521,Hold,3458.50030455658,3036.4987080104324
Hold,2025-03-26 05:00:00,94.46,3475.0551937922446,Hold,3475.0551937923037,3051.033591731363
Hold,2025-03-26 06:00:00,94.79,3487.195445898443,Hold,3487.195445898502,3061.692506460046
Hold,2025-03-26 07:00:00,95.71,3521.0409972248117,Hold,3521.0409972248713,3091.408268733948
Hold,2025-03-26 08:00:00,95.25,3504.1182215616273,Hold,3504.1182215616864,3076.5503875969966
Hold,2025-03-26 09:00:00,95.3,3505.95765369893,Hold,3505.9576536989894,3078.1653746771003
Hold,2025-03-26 10:00:00,95.87,3526.927180064181,Hold,3526.927180064241,3096.576227390279
Hold,2025-03-26 11:00:00,96.13,3536.4922271781543,Hold,3536.4922271782143,3104.974160206817
Hold,2025-03-26 12:00:00,95.99,3531.341817193707,Hold,3531.3418171937674,3100.4521963825273
Sell,2025-03-26 13:00:00,93.96,3456.660872419218,Sinal: Venda,3456.6608724192765,3034.8837209303288
Buy,2025-03-26 15:00:00,93.07,3456.660872419218,Sinal: Compra,3456.6608724192765,3006.1369509044875
Hold,2025-03-26 16:00:00,93.01,3447.5270354813774,Hold,3447.527035481436,3004.198966408364
Hold,2025-03-26 17:00:00,92.41,3425.2873169426307,Hold,3425.287316942689,2984.819121447123
Hold,2025-03-26 18:00:00,91.69,3398.5996546961346,Hold,3398.599654696193,2961.5633074936336
Hold,2025-03-26 19:00:00,92.14,3415.2794436001946,Hold,3415.2794436002528,2976.098191214564
Hold,2025-03-26 20:00:00,92.7,3436.0365142363585,Hold,3436.036514236417,2994.1860465117225
Hold,2025-03-26 21:00:00,92.68,3435.295190285067,Hold,3435.2951902851255,2993.5400516796813
Hold,2025-03-26 22:00:00,92.12,3414.5381196489034,Hold,3414.5381196489616,2975.4521963825227
Hold,2025-03-26 23:00:00,92.42,3425.6579789182765,Hold,3425.6579789183347,2985.1421188631434
Hold,2025-03-27 00:00:00,93.63,3470.5080779714153,Hold,3470.5080779714744,3024.224806201646
Sell,2025-03-27 01:00:00,93.33,3459.388218702042,Sinal: Venda,3459.388218702101,3014.5348837210254
Buy,2025-04-02 18:00:00,86.35,3459.388218702042,Sinal: Compra,3459.388218702101,2789.082687338589
Hold,2025-04-02 19:00:00,86.76,3468.8656508095182,Hold,3468.865650809577,2802.3255813954374
Hold,2025-04-02 20:00:00,86.01,3438.8789145473334,Hold,3438.8789145473916,2778.1007751938864
Hold,2025-04-02 21:00:00,85.59,3422.08634224051,Hold,3422.086342240568,2764.5348837210176
Hold,2025-04-02 22:00:00,81.62,3263.356551626013,Hold,3263.3565516260674,2636.3049095608067
Hold,2025-04-02 23:00:00,81.54,3260.157966424713,Hold,3260.157966424768,2633.720930232641
Hold,2025-04-03 00:00:00,82.73,3307.736921294046,Hold,3307.7369212941016,2672.157622739102
Hold,2025-04-03 01:00:00,83.25,3328.527725102494,Hold,3328.52772510255,2688.953488372177
Sell,2025-04-03 02:00:00,83.24,3328.1279019523313,Sinal: Venda,3328.127901952387,2688.630490956156
Buy,2025-04-09 23:00:00,76.03,3328.1279019523313,Sinal: Compra,3328.127901952387,2455.7493540052446
Hold,2025-04-10 00:00:00,75.54,3300.0686512802035,Hold,3300.068651280259,2439.9224806202315
Hold,2025-04-10 01:00:00,75.22,3286.0890117725294,Hold,3286.089011772585,2429.5865633075696
Hold,2025-04-10 02:00:00,75.04,3278.225464549463,Hold,3278.225464549518,2423.7726098191974
Hold,2025-04-10 03:00:00,74.48,3253.761095411034,Hold,3253.761095411089,2405.684754522039
Hold,2025-04-10 04:00:00,74.18,3240.6551833725907,Hold,3240.6551833726458,2395.9948320414182
Hold,2025-04-10 05:00:00,74.22,3242.4026383110495,Hold,3242.4026383111045,2397.2868217055006
Hold,2025-04-10 06:00:00,74.76,3265.9932799802486,Hold,3265.993279980304,2414.7286821706175
Hold,2025-04-10 07:00:00,74.12,3238.0340009649017,Hold,3238.0340009649562,2394.0568475452937
Hold,2025-04-10 08:00:00,74.5,3254.634822880264,Hold,3254.634822880319,2406.3307493540797
Hold,2025-04-10 09:00:00,74.1,3237.160273495672,Hold,3237.1602734957264,2393.410852713252
Hold,2025-04-10 10:00:00,73.57,3214.0064955610874,Hold,3214.0064955611415,2376.291989664156
Hold,2025-04-10 11:00:00,73.75,3221.870042784154,Hold,3221.870042784208,2382.1059431525287
Hold,2025-04-10 12:00:00,73.59,3214.880223030317,Hold,3214.880223030371,2376.9379844961977
Hold,2025-04-10 13:00:00,73.27,3200.900583522643,Hold,3200.9005835226967,2366.6020671835354
Hold,2025-04-10 14:00:00,73.79,3223.6174977226133,Hold,3223.6174977226674,2383.3979328166115
Hold,2025-04-10 15:00:00,71.45,3121.39138382275,Hold,3121.3913838228023,2307.816537467772
Hold,2025-04-10 16:00:00,71.69,3131.8761134535052,Hold,3131.876113453558,2315.568475452268
Hold,2025-04-10 17:00:00,72.31,3158.961664999623,Hold,3158.9616649996765,2335.5943152455507
Hold,2025-04-10 18:00:00,72.46,3165.5146210188445,Hold,3165.5146210188987,2340.439276485861
Hold,2025-04-10 19:00:00,72.72,3176.873078118829,Hold,3176.873078118883,2348.837209302399
Hold,2025-04-10 20:00:00,73.36,3204.8323571341766,Hold,3204.8323571342307,2369.509043927723
Sell,2025-04-10 21:00:00,73.5,3210.9484494187836,Sinal: Venda,3210.9484494188378,2374.0310077520126
Buy,2025-04-12 03:00:00,75.29,3210.9484494187836,Sinal: Compra,3210.9484494188378,2431.8475452197144
Hold,2025-04-12 04:00:00,75.83,3227.51350728926,Hold,3227.513507289314,2449.2894056848313
Hold,2025-04-12 05:00:00,75.83,3227.51350728926,Hold,3227.513507289314,2449.2894056848313
Hold,2025-04-12 06:00:00,75.99,3234.323505458405,Hold,3234.3235054584593,2454.4573643411622
Hold,2025-04-12 07:00:00,76.24,3244.9641275976946,Hold,3244.964127597749,2462.532299741679
Hold,2025-04-12 08:00:00,76.34,3249.2203764534106,Hold,3249.220376453465,2465.762273901886
Hold,2025-04-12 09:00:00,76.1,3239.0053791996925,Hold,3239.0053791997466,2458.0103359173895
Hold,2025-04-12 10:00:00,75.77,3224.95975797583,Hold,3224.959757975884,2447.3514211887073
Hold,2025-04-12 11:00:00,76.35,3249.6460013389815,Hold,3249.6460013390356,2466.085271317907
Hold,2025-04-12 12:00:00,76.57,3259.0097488215565,Hold,3259.009748821611,2473.191214470362
Hold,2025-04-12 13:00:00,77.53,3299.869737836428,Hold,3299.8697378364836,2504.1989664083476
Hold,2025-04-12 14:00:00,78.72,3350.5190992194453,Hold,3350.5190992195016,2542.6356589148086
Hold,2025-04-12 15:00:00,79.02,3363.2878457865927,Hold,3363.2878457866495,2552.325581395429
Hold,2025-04-12 16:00:00,78.66,3347.965349906016,Hold,3347.965349906073,2540.697674418684
Hold,2025-04-12 17:00:00,78.18,3327.535355398581,Hold,3327.535355398638,2525.1937984496917
Hold,2025-04-12 18:00:00,79.19,3370.5234688413093,Hold,3370.523468841367,2557.816537467781
Hold,2025-04-12 19:00:00,78.65,3347.5397250204446,Hold,3347.539725020502,2540.3746770026646
Hold,2025-04-12 20:00:00,78.94,3359.8828467020203,Hold,3359.882846702078,2549.741602067264
Hold,2025-04-12 21:00:00,78.72,3350.5190992194453,Hold,3350.5190992195026,2542.635658914809
Hold,2025-04-12 22:00:00,78.75,3351.79597387616,Hold,3351.7959738762174,2543.6046511628715
Hold,2025-04-12 23:00:00,78.62,3346.26285036373,Hold,3346.2628503637875,2539.4056847546026
Hold,2025-04-13 00:00:00,78.75,3351.79597387616,Hold,3351.7959738762174,2543.604651162872
Hold,2025-04-13 01:00:00,77.95,3317.745983030434,Hold,3317.7459830304906,2517.7648578812173
Hold,2025-04-13 02:00:00,78.33,3333.919728682154,Hold,3333.919728682211,2530.038759690003
Hold,2025-04-13 03:00:00,78.21,3328.812230055295,Hold,3328.812230055352,2526.162790697755
Hold,2025-04-13 04:00:00,77.57,3301.572237378714,Hold,3301.5722373787703,2505.4909560724313
Hold,2025-04-13 05:00:00,77.87,3314.340983945862,Hold,3314.340983945918,2515.180878553052
Hold,2025-04-13 06:00:00,78.2,3328.3866051697237,Hold,3328.3866051697805,2525.8397932817343
Hold,2025-04-13 07:00:00,78.93,3359.457221816449,Hold,3359.4572218165063,2549.4186046512446
Hold,2025-04-13 08:00:00,78.57,3344.1347259358718,Hold,3344.134725935929,2537.7906976744994
Hold,2025-04-13 09:00:00,79.41,3379.8872163238843,Hold,3379.8872163239425,2564.9224806202365
Hold,2025-04-13 10:00:00,79.39,3379.035966552741,Hold,3379.0359665527985,2564.2764857881953
Hold,2025-04-13 11:00:00,78.87,3356.9034725030197,Hold,3356.903472503077,2547.4806201551205
Hold,2025-04-13 12:00:00,79.0,3362.4365960154496,Hold,3362.4365960155073,2551.679586563389
Hold,2025-04-13 13:00:00,77.82,3312.2128595180034,Hold,3312.21285951806,2513.5658914729484
Hold,2025-04-13 14:00:00,78.27,3331.3659793687248,Hold,3331.365979368782,2528.1007751938787
Hold,2025-04-13 15:00:00,78.13,3325.4072309707226,Hold,3325.4072309707794,2523.578811369589
Hold,2025-04-13 16:00:00,78.79,3353.498473418447,Hold,3353.4984734185045,2544.8966408269544
Hold,2025-04-13 17:00:00,79.65,3390.1022135776025,Hold,3390.1022135776607,2572.6744186047326
Hold,2025-04-13 18:00:00,79.66,3390.527838463174,Hold,3390.5278384632325,2572.9974160207535
Sell,2025-04-13 19:00:00,77.89,3315.192233717005,Sinal: Venda,3315.1922337170618,2515.8268733850928
Buy,2025-04-13 22:00:00,77.18,3315.192233717005,Sinal: Compra,3315.1922337170618,2492.8940568476246
Hold,2025-04-13 23:00:00,77.85,3337.286836638954,Hold,3337.286836639011,2514.5348837210095
Hold,2025-04-14 00:00:00,78.29,3356.1488303206643,Hold,3356.1488303207216,2528.74677002592
Hold,2025-04-14 01:00:00,78.38,3360.006965391923,Hold,3360.0069653919804,2531.6537467701055
Hold,2025-04-14 02:00:00,79.86,3423.451853230403,Hold,3423.4518532304614,2579.457364341167
Hold,2025-04-14 03:00:00,78.86,3380.583685771971,Hold,3380.5836857720287,2547.1576227390983
Hold,2025-04-14 04:00:00,79.4,3403.7324961995246,Hold,3403.7324961995823,2564.599483204215
Hold,2025-04-14 05:00:00,78.23,3353.5767402731585,Hold,3353.5767402732154,2526.8087855297954
Hold,2025-04-14 06:00:00,77.9,3339.4302450118757,Hold,3339.4302450119326,2516.149870801113
Hold,2025-04-14 07:00:00,77.94,3341.144971710213,Hold,3341.1449717102705,2517.4418604651955
Hold,2025-04-14 08:00:00,77.77,3333.8573832422794,Hold,3333.8573832423367,2511.9509043928438
Hold,2025-04-14 09:00:00,77.49,3321.854296353918,Hold,3321.854296353975,2502.9069767442647
Hold,2025-04-14 10:00:00,78.14,3349.7186052018997,Hold,3349.718605201957,2523.9018087856093
Hold,2025-04-14 11:00:00,78.5,3365.151145486935,Hold,3365.151145486993,2535.529715762354
Hold,2025-04-14 12:00:00,78.55,3367.2945538598565,Hold,3367.2945538599142,2537.1447028424573
Hold,2025-04-14 13:00:00,77.79,3334.7147465914486,Hold,3334.714746591506,2512.5968992248854
Hold,2025-04-14 14:00:00,78.76,3376.2968690261278,Hold,3376.2968690261855,2543.9276485788914
Hold,2025-04-14 15:00:00,76.44,3276.8427205225644,Hold,3276.8427205226203,2468.992248062093
Hold,2025-04-14 16:00:00,76.22,3267.411723681709,Hold,3267.411723681765,2461.886304909638
Hold,2025-04-14 17:00:00,77.16,3307.7078010926357,Hold,3307.707801092693,2492.248062015582
Hold,2025-04-14 18:00:00,77.14,3306.850437743467,Hold,3306.8504377435243,2491.602067183541
Hold,2025-04-14 19:00:00,77.07,3303.8496660213764,Hold,3303.849666021434,2489.341085271396
Hold,2025-04-14 20:00:00,77.01,3301.2775759738715,Hold,3301.2775759739293,2487.4031007752724
Hold,2025-04-14 21:00:00,77.15,3307.279119418052,Hold,3307.2791194181095,2491.9250645995617
Hold,2025-04-14 22:00:00,77.16,3307.7078010926357,Hold,3307.7078010926934,2492.248062015582
Hold,2025-04-14 23:00:00,77.18,3308.5651644418044,Hold,3308.565164441862,2492.8940568476237
Hold,2025-04-15 00:00:00,77.41,3318.4248429572435,Hold,3318.4248429573017,2500.322997416099
Hold,2025-04-15 01:00:00,78.07,3346.7178334798086,Hold,3346.717833479867,2521.640826873464
Hold,2025-04-15 02:00:00,77.99,3343.288380083134,Hold,3343.2883800831924,2519.0568475452983
Hold,2025-04-15 03:00:00,78.44,3362.5790554394293,Hold,3362.5790554394875,2533.591731266229
Hold,2025-04-15 04:00:00,78.51,3365.5798271615195,Hold,3365.5798271615777,2535.852713178374
Hold,2025-04-15 05:00:00,78.11,3348.4325601781466,Hold,3348.4325601782048,2522.9328165375464
Hold,2025-04-15 06:00:00,77.82,3336.000791615201,Hold,3336.0007916152585,2513.5658914729465
Hold,2025-04-15 07:00:00,78.28,3355.7201486460804,Hold,3355.720148646138,2528.423772609898
Hold,2025-04-15 08:00:00,77.92,3340.2876083610445,Hold,3340.287608361102,2516.795865633154
Hold,2025-04-15 09:00:00,78.17,3351.0046502256523,Hold,3351.0046502257096,2524.870801033671
Hold,2025-04-15 10:00:00,77.49,3321.854296353918,Hold,3321.8542963539753,2502.9069767442643
Hold,2025-04-15 11:00:00,77.21,3309.851209465557,Hold,3309.8512094656144,2493.863049095685
Hold,2025-04-15 12:00:00,77.55,3324.426386401424,Hold,3324.426386401482,2504.8449612403883
Hold,2025-04-15 13:00:00,77.16,3307.7078010926357,Hold,3307.7078010926934,2492.248062015582
Hold,2025-04-15 14:00:00,76.51,3279.843492244655,Hold,3279.8434922447123,2471.253229974238
Hold,2025-04-15 15:00:00,75.67,3243.8342315795717,Hold,3243.8342315796285,2444.1214470285004
Hold,2025-04-15 16:00:00,75.6,3240.833459857481,Hold,3240.8334598575375,2441.8604651163555
Hold,2025-04-15 17:00:00,75.13,3220.685421152018,Hold,3220.6854211520745,2426.679586563383
Hold,2025-04-15 18:00:00,75.41,3232.688508040379,Hold,3232.6885080404354,2435.7235142119625
Hold,2025-04-15 19:00:00,75.25,3225.82960124703,Hold,3225.8296012470864,2430.5555555556316
Hold,2025-04-15 20:00:00,75.47,3235.2605980878852,Hold,3235.260598087941,2437.6614987080866
Hold,2025-04-15 21:00:00,76.23,3267.840405356294,Hold,3267.8404053563504,2462.2093023256584
Hold,2025-04-15 22:00:00,75.81,3249.8357750237524,Hold,3249.8357750238083,2448.6434108527897
Hold,2025-04-15 23:00:00,75.27,3226.686964596199,Hold,3226.6869645962543,2431.2015503876723
Hold,2025-04-16 00:00:00,75.09,3218.970694453681,Hold,3218.9706944537365,2425.3875968993
Hold,2025-04-16 01:00:00,76.26,3269.1264503800467,Hold,3269.126450380103,2463.17829457372
Sell,2025-04-16 02:00:00,76.12,3263.124906935867,Sinal: Venda,3263.1249069359233,2458.6563307494303
Buy,2025-04-21 12:00:00,79.95,3263.124906935867,Sinal: Compra,3263.1249069359233,2582.3643410853515
Hold,2025-04-21 13:00:00,79.75,3248.45532382352,Hold,3248.455323823576,2575.9043927649377
Hold,2025-04-21 14:00:00,80.34,3272.487783272497,Hold,3272.487783272553,2594.9612403101587
Hold,2025-04-21 15:00:00,79.88,3253.750611498718,Hold,3253.750611498774,2580.103359173207
Hold,2025-04-21 16:00:00,78.4,3193.4657979656927,Hold,3193.4657979657477,2532.2997416021462
Hold,2025-04-21 17:00:00,78.11,3181.6532331517888,Hold,3181.653233151843,2522.9328165375464
Hold,2025-04-21 18:00:00,77.52,3157.620773702812,Hold,3157.620773702866,2503.875968992326
Hold,2025-04-21 19:00:00,78.32,3190.207159396339,Hold,3190.2071593963933,2529.7157622739805
Hold,2025-04-21 20:00:00,77.97,3175.950615655421,Hold,3175.9506156554753,2518.4108527132566
Hold,2025-04-21 21:00:00,77.99,3176.7652752977597,Hold,3176.7652752978133,2519.0568475452983
Hold,2025-04-21 22:00:00,77.77,3167.8040192320395,Hold,3167.804019232093,2511.9509043928433
Hold,2025-04-21 23:00:00,78.15,3183.2825524364653,Hold,3183.282552436519,2524.2248062016297
Hold,2025-04-22 00:00:00,78.47,3196.317106713876,Hold,3196.3171067139297,2534.5607235142916
Hold,2025-04-22 01:00:00,78.95,3215.868938129993,Hold,3215.868938130047,2550.0645994832844
Hold,2025-04-22 02:00:00,78.71,3206.093022421934,Hold,3206.0930224219883,2542.3126614987877
Hold,2025-04-22 03:00:00,78.71,3206.093022421934,Hold,3206.0930224219883,2542.3126614987877
Hold,2025-04-22 04:00:00,78.61,3202.0197242102436,Hold,3202.0197242102977,2539.0826873385813
Hold,2025-04-22 05:00:00,78.66,3204.056373316089,Hold,3204.0563733161425,2540.697674418684
Hold,2025-04-22 06:00:00,78.64,3203.241713673751,Hold,3203.2417136738045,2540.051679586643
Hold,2025-04-22 07:00:00,79.65,3244.3820256118292,Hold,3244.3820256118834,2572.674418604732
Hold,2025-04-22 08:00:00,79.86,3252.93595185638,Hold,3252.935951856434,2579.457364341167
Hold,2025-04-22 09:00:00,79.42,3235.0134397249403,Hold,3235.0134397249935,2565.245478036257
Hold,2025-04-22 10:00:00,79.43,3235.4207695461096,Hold,3235.420769546163,2565.568475452277
Hold,2025-04-22 11:00:00,79.74,3248.0479940023506,Hold,3248.0479940024043,2575.5813953489182
Hold,2025-04-22 12:00:00,79.83,3251.713962392873,Hold,3251.7139623929265,2578.4883720931043
Hold,2025-04-22 13:00:00,81.19,3307.1108180718693,Hold,3307.110818071924,2622.416020671917
Hold,2025-04-22 14:00:00,81.85,3333.9945862690292,Hold,3333.9945862690843,2643.7338501292816
Hold,2025-04-22 15:00:00,82.61,3364.9516526778807,Hold,3364.951652677936,2668.281653746854
Hold,2025-04-22 16:00:00,82.55,3362.507673750866,Hold,3362.5076737509216,2666.34366925073
Hold,2025-04-22 17:00:00,83.15,3386.947463021012,Hold,3386.947463021068,2685.723514211971
Hold,2025-04-22 18:00:00,83.23,3390.2061015903646,Hold,3390.20610159042,2688.307493540137
Hold,2025-04-22 19:00:00,82.99,3380.4301858823064,Hold,3380.430185882362,2680.5555555556402
Hold,2025-04-22 20:00:00,82.95,3378.8008665976304,Hold,3378.800866597686,2679.263565891558
Hold,2025-04-22 21:00:00,84.46,3440.3076695941627,Hold,3440.30766959422,2728.0361757106807
Hold,2025-04-22 22:00:00,83.43,3398.3526980137467,Hold,3398.352698013803,2694.7674418605507
Hold,2025-04-22 23:00:00,83.49,3400.796676940761,Hold,3400.796676940817,2696.7054263566743
Hold,2025-04-23 00:00:00,84.11,3426.051125853245,Hold,3426.051125853302,2716.731266149957
Hold,2025-04-23 01:00:00,83.48,3400.389347119592,Hold,3400.389347119649,2696.382428940654
Hold,2025-04-23 02:00:00,84.05,3423.60714692623,Hold,3423.607146926287,2714.7932816538323
Hold,2025-04-23 03:00:00,84.88,3457.415522083265,Hold,3457.415522083322,2741.602067183549
Hold,2025-04-23 04:00:00,85.18,3469.635416718338,Hold,3469.635416718395,2751.2919896641693
Hold,2025-04-23 05:00:00,84.17,3428.4951047802597,Hold,3428.495104780316,2718.66925064608
Hold,2025-04-23 06:00:00,84.15,3427.680445137921,Hold,3427.6804451379776,2718.0232558140387
Hold,2025-04-23 07:00:00,84.57,3444.788297627023,Hold,3444.7882976270794,2731.589147286907
Hold,2025-04-23 08:00:00,85.12,3467.1914377913236,Hold,3467.1914377913804,2749.3540051680448
Hold,2025-04-23 09:00:00,84.45,3439.900339772994,Hold,3439.90033977305,2727.713178294659
Hold,2025-04-23 10:00:00,84.43,3439.0856801306563,Hold,3439.0856801307123,2727.067183462618
Hold,2025-04-23 11:00:00,84.1,3425.6437960320754,Hold,3425.643796032131,2716.408268733935
Hold,2025-04-23 12:00:00,84.5,3441.936988878839,Hold,3441.9369888788947,2729.328165374763
Hold,2025-04-23 13:00:00,83.62,3406.0919646159596,Hold,3406.0919646160146,2700.9043927649427
Hold,2025-04-23 14:00:00,83.59,3404.869975152452,Hold,3404.869975152507,2699.9354005168807
Hold,2025-04-23 15:00:00,83.58,3404.4626453312826,Hold,3404.4626453313376,2699.61240310086
Hold,2025-04-23 16:00:00,83.83,3414.64589086051,Hold,3414.645890860566,2707.687338501377
Hold,2025-04-23 17:00:00,83.9,3417.497199608694,Hold,3417.4971996087497,2709.9483204135217
Hold,2025-04-23 18:00:00,83.37,3395.908719086732,Hold,3395.908719086787,2692.8294573644257
Hold,2025-04-23 19:00:00,82.88,3375.949557849446,Hold,3375.949557849501,2677.0025839794116
Hold,2025-04-23 20:00:00,83.09,3384.5034840939975,Hold,3384.503484094053,2683.785529715846
Hold,2025-04-23 21:00:00,82.95,3378.8008665976304,Hold,3378.800866597686,2679.2635658915565
Hold,2025-04-23 22:00:00,83.39,3396.7233787290697,Hold,3396.7233787291257,2693.4754521964664
Hold,2025-04-23 23:00:00,83.28,3392.24275069621,Hold,3392.2427506962654,2689.9224806202387
Hold,2025-04-24 00:00:00,83.52,3402.018666404268,Hold,3402.018666404324,2697.6744186047345
Hold,2025-04-24 01:00:00,83.79,3413.016571575834,Hold,3413.01657157589,2706.395348837293
Hold,2025-04-24 02:00:00,82.75,3370.6542701742483,Hold,3370.6542701743037,2672.803617571142
Hold,2025-04-24 03:00:00,81.78,3331.143277520846,Hold,3331.143277520901,2641.472868217136
Hold,2025-04-24 04:00:00,82.52,3361.2856842873584,Hold,3361.285684287414,2665.374677002666
Hold,2025-04-24 05:00:00,82.56,3362.9150035720354,Hold,3362.9150035720913,2666.666666666749
Hold,2025-04-24 06:00:00,82.25,3350.2877791157935,Hold,3350.287779115849,2656.6537467701073
Hold,2025-04-24 07:00:00,81.86,3334.401916090199,Hold,3334.401916090254,2644.056847545301
Hold,2025-04-24 08:00:00,81.25,3309.5547969988843,Hold,3309.5547969989393,2624.3540051680397
Hold,2025-04-24 09:00:00,81.72,3328.6992985938314,Hold,3328.6992985938864,2639.5348837210113
Hold,2025-04-24 10:00:00,81.7,3327.8846389514933,Hold,3327.8846389515484,2638.88888888897
Hold,2025-04-24 11:00:00,81.71,3328.291968772662,Hold,3328.2919687727167,2639.2118863049905
Hold,2025-04-24 12:00:00,81.6,3323.811340739802,Hold,3323.8113407398564,2635.6589147287627
Hold,2025-04-24 13:00:00,81.59,3323.4040109186335,Hold,3323.404010918688,2635.3359173127424
Hold,2025-04-24 14:00:00,82.71,3369.0249508895713,Hold,3369.024950889627,2671.5116279070585
Hold,2025-04-24 15:00:00,83.4,3397.1307085502394,Hold,3397.130708550295,2693.798449612486
Hold,2025-04-24 16:00:00,83.4,3397.1307085502394,Hold,3397.130708550295,2693.798449612486
Hold,2025-04-24 17:00:00,83.12,3385.7254735575048,Hold,3385.7254735575602,2684.7545219639064
Hold,2025-04-24 18:00:00,83.43,3398.3526980137467,Hold,3398.352698013802,2694.767441860548
Hold,2025-04-24 19:00:00,83.39,3396.7233787290697,Hold,3396.7233787291257,2693.475452196465
Hold,2025-04-24 20:00:00,83.43,3398.3526980137467,Hold,3398.3526980138026,2694.767441860548
Hold,2025-04-24 21:00:00,83.55,3403.240655867776,Hold,3403.240655867832,2698.6434108527956
Hold,2025-04-24 22:00:00,83.92,3418.3118592510323,Hold,3418.3118592510887,2710.594315245561
Hold,2025-04-24 23:00:00,84.29,3433.3830626342888,Hold,3433.3830626343456,2722.5452196383267
Hold,2025-04-25 00:00:00,84.29,3433.3830626342888,Hold,3433.3830626343456,2722.5452196383267
Hold,2025-04-25 01:00:00,83.98,3420.755838178047,Hold,3420.7558381781037,2712.5322997416856
Hold,2025-04-25 02:00:00,83.11,3385.3181437363355,Hold,3385.3181437363914,2684.431524547886
Hold,2025-04-25 03:00:00,83.77,3412.2019119334955,Hold,3412.201911933552,2705.749354005251
Hold,2025-04-25 04:00:00,83.98,3420.755838178047,Hold,3420.755838178103,2712.532299741685
Hold,2025-04-25 05:00:00,83.87,3416.275210145187,Hold,3416.2752101452434,2708.979328165458
Hold,2025-04-25 06:00:00,84.81,3454.5642133350816,Hold,3454.5642133351384,2739.3410852714014
Hold,2025-04-25 07:00:00,84.9,3458.2301817256034,Hold,3458.2301817256603,2742.2480620155875
Hold,2025-04-25 08:00:00,85.06,3464.7474588643086,Hold,3464.747458864366,2747.4160206719184
Hold,2025-04-25 09:00:00,85.42,3479.4113324263963,Hold,3479.4113324264536,2759.0439276486627
Hold,2025-04-25 10:00:00,84.75,3452.1202344080666,Hold,3452.120234408124,2737.403100775277
Hold,2025-04-25 11:00:00,85.83,3496.111855094329,Hold,3496.111855094387,2772.28682170551
Hold,2025-04-25 12:00:00,85.72,3491.631227061469,Hold,3491.6312270615267,2768.7338501292825
Hold,2025-04-25 13:00:00,85.44,3480.2259920687343,Hold,3480.225992068792,2759.6899224807034
Hold,2025-04-25 14:00:00,86.66,3529.920230251363,Hold,3529.920230251422,2799.095607235227
Hold,2025-04-25 15:00:00,86.53,3524.6249425761657,Hold,3524.624942576224,2794.896640826958
Hold,2025-04-25 16:00:00,86.83,3536.8448372112384,Hold,3536.844837211297,2804.5865633075787
Hold,2025-04-25 17:00:00,86.18,3510.3683988352473,Hold,3510.3683988353055,2783.5917312662345
Hold,2025-04-25 18:00:00,86.67,3530.327560072533,Hold,3530.327560072591,2799.4186046512477
Hold,2025-04-25 19:00:00,86.58,3526.661591682011,Hold,3526.6615916820692,2796.5116279070617
Hold,2025-04-25 20:00:00,86.63,3528.6982407878563,Hold,3528.698240787915,2798.126614987165
Hold,2025-04-25 21:00:00,86.52,3524.2176127549965,Hold,3524.2176127550547,2794.5736434109376
Hold,2025-04-25 22:00:00,86.82,3536.437507390069,Hold,3536.437507390128,2804.2635658915583
Hold,2025-04-25 23:00:00,86.28,3514.4416970469383,Hold,3514.4416970469965,2786.8217054264414
Hold,2025-04-26 00:00:00,87.04,3545.39876345579,Hold,3545.398763455849,2811.3695090440137
Hold,2025-04-26 01:00:00,87.88,3579.614468433993,Hold,3579.614468434053,2838.5012919897504
Hold,2025-04-26 02:00:00,87.95,3582.465777182177,Hold,3582.465777182237,2840.7622739018952
Hold,2025-04-26 03:00:00,87.53,3565.3579246930744,Hold,3565.357924693134,2827.1963824290265
Hold,2025-04-26 04:00:00,86.94,3541.3254652440983,Hold,3541.3254652441574,2808.1395348838064
Hold,2025-04-26 05:00:00,87.05,3545.806093276958,Hold,3545.8060932770177,2811.6925064600337
Hold,2025-04-26 06:00:00,87.53,3565.3579246930744,Hold,3565.3579246931345,2827.196382429027
Hold,2025-04-26 07:00:00,87.07,3546.620752919296,Hold,3546.620752919356,2812.3385012920753
Hold,2025-04-26 08:00:00,86.84,3537.2521670324077,Hold,3537.2521670324677,2804.9095607236
Hold,2025-04-26 09:00:00,86.72,3532.3642091783786,Hold,3532.3642091784386,2801.0335917313514
Hold,2025-04-26 10:00:00,86.81,3536.0301775689,Hold,3536.03017756896,2803.9405684755375
Hold,2025-04-26 11:00:00,85.89,3498.5558340213433,Hold,3498.555834021403,2774.224806201635
Hold,2025-04-26 12:00:00,85.74,3492.4458867038065,Hold,3492.445886703866,2769.3798449613246
Hold,2025-04-26 13:00:00,85.73,3492.038556882638,Hold,3492.038556882698,2769.0568475453047
Hold,2025-04-26 14:00:00,86.06,3505.480440981218,Hold,3505.480440981278,2779.715762273987
Hold,2025-04-26 15:00:00,86.63,3528.6982407878563,Hold,3528.6982407879173,2798.1266149871653
Hold,2025-04-26 16:00:00,86.78,3534.808188105393,Hold,3534.8081881054536,2802.971576227476
Hold,2025-04-26 17:00:00,87.3,3555.9893388061855,Hold,3555.9893388062465,2819.767441860551
Hold,2025-04-26 18:00:00,87.25,3553.95268970034,Hold,3553.952689700401,2818.1524547804474
Hold,2025-04-26 19:00:00,87.13,3549.064731846311,Hold,3549.064731846372,2814.276485788199
Hold,2025-04-26 20:00:00,87.17,3550.694051130987,Hold,3550.6940511310477,2815.5684754522817
Hold,2025-04-26 21:00:00,87.48,3563.321275587229,Hold,3563.32127558729,2825.5813953489233
Hold,2025-04-26 22:00:00,87.32,3556.8039984485235,Hold,3556.8039984485845,2820.413436692592
Hold,2025-04-26 23:00:00,87.06,3546.2134230981274,Hold,3546.2134230981883,2812.0155038760545
Hold,2025-04-27 00:00:00,87.47,3562.91394576606,Hold,3562.9139457661213,2825.2583979329024
Hold,2025-04-27 01:00:00,85.92,3499.777823484851,Hold,3499.7778234849116,2775.1937984496967
Hold,2025-04-27 02:00:00,86.09,3506.7024304447255,Hold,3506.7024304447864,2780.6847545220485
Hold,2025-04-27 03:00:00,85.97,3501.8144725906964,Hold,3501.8144725907573,2776.8087855298
Hold,2025-04-27 04:00:00,85.17,3469.228086897169,Hold,3469.228086897229,2750.9689922481452
Hold,2025-04-27 05:00:00,84.92,3459.0448413679414,Hold,3459.0448413680015,2742.8940568476282
Hold,2025-04-27 06:00:00,85.06,3464.7474588643086,Hold,3464.747458864368,2747.416020671918
Hold,2025-04-27 07:00:00,85.46,3481.0406517110723,Hold,3481.0406517111323,2760.3359173127446
Hold,2025-04-27 08:00:00,86.38,3518.514995258629,Hold,3518.51499525869,2790.051679586648
Hold,2025-04-27 09:00:00,86.46,3521.7736338279815,Hold,3521.7736338280424,2792.635658914813
Hold,2025-04-27 10:00:00,86.24,3512.8123777622613,Hold,3512.8123777623223,2785.529715762358
Hold,2025-04-27 11:00:00,86.31,3515.6636865104456,Hold,3515.663686510506,2787.7906976745035
Hold,2025-04-27 12:00:00,86.73,3532.7715389995474,Hold,3532.7715389996083,2801.356589147372
Hold,2025-04-27 13:00:00,86.75,3533.5861986418854,Hold,3533.5861986419463,2802.0025839794134
Hold,2025-04-27 14:00:00,86.97,3542.5474547076055,Hold,3542.547454707667,2809.1085271318684
Hold,2025-04-27 15:00:00,86.24,3512.8123777622613,Hold,3512.8123777623223,2785.5297157623586
Hold,2025-04-27 16:00:00,86.24,3512.8123777622613,Hold,3512.8123777623223,2785.5297157623586
Hold,2025-04-27 17:00:00,86.36,3517.700335616291,Hold,3517.700335616352,2789.405684754607
Hold,2025-04-27 18:00:00,86.61,3527.883581145518,Hold,3527.883581145579,2797.4806201551237
Hold,2025-04-27 19:00:00,87.07,3546.620752919296,Hold,3546.6207529193575,2812.338501292075
Hold,2025-04-27 20:00:00,86.45,3521.3663040068127,Hold,3521.3663040068736,2792.312661498793
Hold,2025-04-27 21:00:00,86.3,3515.256356689276,Hold,3515.256356689337,2787.4677002584826
Hold,2025-04-27 22:00:00,85.96,3501.407142769527,Hold,3501.4071427695876,2776.485788113779
Hold,2025-04-27 23:00:00,85.39,3478.189342962889,Hold,3478.189342962949,2758.0749354006007
Hold,2025-04-28 00:00:00,85.12,3467.1914377913236,Hold,3467.191437791383,2749.354005168043
Hold,2025-04-28 01:00:00,83.93,3418.7191890722015,Hold,3418.71918907226,2710.917312661582
Hold,2025-04-28 02:00:00,84.83,3455.3788729774196,Hold,3455.378872977479,2739.987080103443
Hold,2025-04-28 03:00:00,85.41,3479.004002605227,Hold,3479.0040026052875,2758.720930232643
Hold,2025-04-28 04:00:00,85.81,3495.297195451991,Hold,3495.2971954520513,2771.6408268734704
Hold,2025-04-28 05:00:00,86.08,3506.295100623556,Hold,3506.295100623617,2780.3617571060286
Hold,2025-04-28 06:00:00,86.95,3541.7327950652675,Hold,3541.732795065329,2808.4625322998277
Hold,2025-04-28 07:00:00,87.47,3562.91394576606,Hold,3562.9139457661213,2825.258397932903
Hold,2025-04-28 08:00:00,87.26,3554.3600195215095,Hold,3554.3600195215704,2818.475452196469
Hold,2025-04-28 09:00:00,86.88,3538.8814863170837,Hold,3538.8814863171447,2806.201550387683
Hold,2025-04-28 10:00:00,87.12,3548.657402025142,Hold,3548.657402025203,2813.95348837218
Hold,2025-04-28 11:00:00,87.2,3551.916040594495,Hold,3551.916040594556,2816.5374677003456
Hold,2025-04-28 12:00:00,87.02,3544.584103813451,Hold,3544.5841038135113,2810.723514211973
Hold,2025-04-28 13:00:00,85.39,3478.189342962889,Hold,3478.189342962948,2758.074935400602
Hold,2025-04-28 14:00:00,85.41,3479.004002605227,Hold,3479.004002605286,2758.7209302326432
Hold,2025-04-28 15:00:00,84.5,3441.936988878839,Hold,3441.9369888788974,2729.3281653747613
Hold,2025-04-28 16:00:00,84.47,3440.7149994153324,Hold,3440.7149994153906,2728.3591731266993
Hold,2025-04-28 17:00:00,85.24,3472.079395645352,Hold,3472.0793956454113,2753.2299741602915
Hold,2025-04-28 18:00:00,85.19,3470.042746539507,Hold,3470.042746539566,2751.6149870801883
Hold,2025-04-28 19:00:00,85.46,3481.0406517110723,Hold,3481.0406517111314,2760.335917312746
Hold,2025-04-28 20:00:00,85.23,3471.6720658241834,Hold,3471.6720658242425,2752.9069767442707
Hold,2025-04-28 21:00:00,85.5,3482.669970995749,Hold,3482.669970995808,2761.627906976829
Hold,2025-04-28 22:00:00,85.56,3485.1139499227634,Hold,3485.1139499228225,2763.565891472953
Hold,2025-04-28 23:00:00,85.67,3489.5945779556237,Hold,3489.5945779556823,2767.1188630491806
Hold,2025-04-29 00:00:00,86.82,3536.437507390069,Hold,3536.4375073901288,2804.263565891559
Hold,2025-04-29 01:00:00,86.56,3525.8469320396725,Hold,3525.8469320397317,2795.865633075022
Hold,2025-04-29 02:00:00,86.09,3506.7024304447255,Hold,3506.702430444784,2780.68475452205
Hold,2025-04-29 03:00:00,86.64,3529.1055706090256,Hold,3529.105570609084,2798.449612403187
Hold,2025-04-29 04:00:00,85.53,3483.891960459256,Hold,3483.8919604593143,2762.5968992248913
Hold,2025-04-29 05:00:00,85.71,3491.2238972402997,Hold,3491.223897240358,2768.4108527132635
Hold,2025-04-29 06:00:00,86.54,3525.032272397335,Hold,3525.032272397394,2795.2196382429806
Hold,2025-04-29 07:00:00,86.83,3536.8448372112384,Hold,3536.844837211298,2804.58656330758
Hold,2025-04-29 08:00:00,86.52,3524.2176127549965,Hold,3524.2176127550556,2794.573643410939
Hold,2025-04-29 09:00:00,86.11,3507.5170900870635,Hold,3507.5170900871226,2781.3307493540915
Hold,2025-04-29 10:00:00,85.45,3480.6333218899035,Hold,3480.6333218899617,2760.0129198967265
Hold,2025-04-29 11:00:00,85.67,3489.5945779556237,Hold,3489.5945779556823,2767.118863049182
Hold,2025-04-29 12:00:00,85.31,3474.930704393536,Hold,3474.930704393594,2755.4909560724373
Hold,2025-04-29 13:00:00,85.31,3474.930704393536,Hold,3474.930704393594,2755.4909560724373
Hold,2025-04-29 14:00:00,85.65,3488.7799183132856,Hold,3488.779918313344,2766.472868217141
Hold,2025-04-29 15:00:00,85.23,3471.6720658241834,Hold,3471.6720658242416,2752.906976744272
Hold,2025-04-29 16:00:00,86.19,3510.775728656416,Hold,3510.7757286564747,2783.9147286822576
Hold,2025-04-29 17:00:00,87.2,3551.916040594495,Hold,3551.916040594554,2816.537467700347
Hold,2025-04-29 18:00:00,86.82,3536.437507390069,Hold,3536.437507390128,2804.2635658915606
Hold,2025-04-29 19:00:00,86.5,3523.402953112658,Hold,3523.4029531127167,2793.9276485788987
Hold,2025-04-29 20:00:00,86.48,3522.5882934703204,Hold,3522.588293470379,2793.2816537468575
Hold,2025-04-29 21:00:00,85.7,3490.816567419131,Hold,3490.816567419189,2768.087855297244
Hold,2025-04-29 22:00:00,85.38,3477.7820131417193,Hold,3477.7820131417775,2757.751937984582
Hold,2025-04-29 23:00:00,85.57,3485.521279743932,Hold,3485.52127974399,2763.888888888975
Hold,2025-04-30 00:00:00,86.37,3518.10766543746,Hold,3518.107665437519,2789.72868217063
Hold,2025-04-30 01:00:00,86.4,3519.3296549009674,Hold,3519.329654901026,2790.697674418692
Hold,2025-04-30 02:00:00,85.94,3500.5924831271886,Hold,3500.5924831272473,2775.83979328174
Hold,2025-04-30 03:00:00,86.11,3507.5170900870635,Hold,3507.5170900871226,2781.330749354092
Hold,2025-04-30 04:00:00,86.27,3514.034367225769,Hold,3514.0343672258286,2786.4987080104224
Hold,2025-04-30 05:00:00,85.4,3478.5966727840582,Hold,3478.5966727841173,2758.397932816623
Hold,2025-04-30 06:00:00,85.11,3466.7841079701543,Hold,3466.7841079702134,2749.031007752023
Hold,2025-04-30 07:00:00,84.74,3451.7129045868974,Hold,3451.712904586956,2737.080103359258
Hold,2025-04-30 08:00:00,84.57,3444.788297627023,Hold,3444.7882976270816,2731.5891472869057
Hold,2025-04-30 09:00:00,84.85,3456.1935326197577,Hold,3456.1935326198163,2740.6330749354847
Hold,2025-04-30 10:00:00,84.97,3461.0814904737867,Hold,3461.0814904738454,2744.5090439277333
Hold,2025-04-30 11:00:00,85.09,3465.9694483278163,Hold,3465.9694483278745,2748.3850129199814
Hold,2025-04-30 12:00:00,83.95,3419.533848714539,Hold,3419.533848714597,2711.563307493624
Hold,2025-04-30 13:00:00,81.61,3324.2186705609715,Hold,3324.218670561028,2635.981912144784
Hold,2025-04-30 14:00:00,82.96,3379.2081964187987,Hold,3379.2081964188556,2679.586563307576
Hold,2025-04-30 15:00:00,82.84,3374.32023856477,Hold,3374.320238564827,2675.7105943153283
Hold,2025-04-30 16:00:00,83.38,3396.316048907901,Hold,3396.3160489079582,2693.1524547804447
Hold,2025-04-30 17:00:00,83.24,3390.613431411534,Hold,3390.613431411591,2688.630490956155
Hold,2025-04-30 18:00:00,83.62,3406.0919646159596,Hold,3406.091964616017,2700.9043927649413
Hold,2025-04-30 19:00:00,83.69,3408.943273364143,Hold,3408.9432733642006,2703.165374677086
Hold,2025-04-30 20:00:00,84.07,3424.421806568568,Hold,3424.4218065686264,2715.4392764858717
Hold,2025-04-30 21:00:00,83.88,3416.6825399663553,Hold,3416.682539966413,2709.302325581479
Hold,2025-04-30 22:00:00,83.55,3403.240655867776,Hold,3403.240655867833,2698.643410852797
Hold,2025-04-30 23:00:00,83.51,3401.6113365830997,Hold,3401.6113365831575,2697.3514211887145
Hold,2025-05-01 00:00:00,84.45,3439.900339772994,Hold,3439.9003397730517,2727.713178294658
Hold,2025-05-01 01:00:00,84.78,3453.3422238715743,Hold,3453.342223871632,2738.372093023341
Hold,2025-05-01 02:00:00,84.41,3438.2710204883174,Hold,3438.2710204883747,2726.4211886305757
Hold,2025-05-01 03:00:00,84.22,3430.531753886105,Hold,3430.5317538861623,2720.2842377261827
Hold,2025-05-01 04:00:00,84.49,3441.5296590576704,Hold,3441.529659057728,2729.005167958741
Hold,2025-05-01 05:00:00,84.75,3452.1202344080666,Hold,3452.1202344081244,2737.4031007752787
Hold,2025-05-01 06:00:00,84.4,3437.8636906671486,Hold,3437.8636906672064,2726.0981912145553
Hold,2025-05-01 07:00:00,84.95,3460.2668308314487,Hold,3460.2668308315065,2743.8630490956925
Hold,2025-05-01 08:00:00,85.66,3489.1872481344544,Hold,3489.1872481345126,2766.7958656331602
Hold,2025-05-01 09:00:00,85.57,3485.521279743932,Hold,3485.5212797439904,2763.888888888974
Hold,2025-05-01 10:00:00,86.7,3531.54954953604,Hold,3531.5495495360997,2800.387596899312
Hold,2025-05-01 11:00:00,86.96,3542.1401248864363,Hold,3542.1401248864963,2808.7855297158494
Hold,2025-05-01 12:00:00,87.14,3549.4720616674804,Hold,3549.4720616675404,2814.5994832042215
Hold,2025-05-01 13:00:00,86.2,3511.1830584775853,Hold,3511.183058477645,2784.237726098277
Hold,2025-05-01 14:00:00,87.34,3557.6186580908625,Hold,3557.618658090923,2821.0594315246353
Hold,2025-05-01 15:00:00,87.56,3566.579914156582,Hold,3566.579914156642,2828.1653746770903
Hold,2025-05-01 16:00:00,88.6,3608.9422155581674,Hold,3608.9422155582283,2861.757105943241
Hold,2025-05-01 17:00:00,88.62,3609.7568752005063,Hold,3609.7568752005673,2862.403100775283
Hold,2025-05-01 18:00:00,89.43,3642.750590715203,Hold,3642.7505907152645,2888.5658914729584
Hold,2025-05-01 19:00:00,89.28,3636.6406433976663,Hold,3636.640643397727,2883.7209302326482
Hold,2025-05-01 20:00:00,90.24,3675.744306229899,Hold,3675.744306229961,2914.7286821706334
Hold,2025-05-01 21:00:00,89.97,3664.7464010583335,Hold,3664.7464010583953,2906.007751938075
Hold,2025-05-01 22:00:00,89.12,3630.1233662589607,Hold,3630.123366259022,2878.5529715763173
Hold,2025-05-01 23:00:00,88.85,3619.125461087395,Hold,3619.125461087456,2869.832041343758
Hold,2025-05-02 00:00:00,90.32,3679.0029447992515,Hold,3679.002944799314,2917.3126614987987
Hold,2025-05-02 01:00:00,89.4,3641.5286012516954,Hold,3641.5286012517568,2887.596899224897
Hold,2025-05-02 02:00:00,90.47,3685.1128921167883,Hold,3685.11289211685,2922.1576227391097
Hold,2025-05-02 03:00:00,90.02,3666.783050164179,Hold,3666.7830501642406,2907.6227390181784
Hold,2025-05-02 04:00:00,89.21,3633.789334649482,Hold,3633.7893346495434,2881.4599483205034
Hold,2025-05-02 05:00:00,88.62,3609.7568752005063,Hold,3609.7568752005673,2862.4031007752833
Hold,2025-05-02 06:00:00,88.55,3606.905566452322,Hold,3606.905566452383,2860.142118863138
Hold,2025-05-02 07:00:00,87.93,3581.6511175398387,Hold,3581.651117539899,2840.1162790698563
Hold,2025-05-02 08:00:00,88.52,3605.683576988815,Hold,3605.6835769888758,2859.1731266150764
Hold,2025-05-02 09:00:00,88.47,3603.6469278829695,Hold,3603.646927883031,2857.558139534973
Hold,2025-05-02 10:00:00,88.92,3621.976769835579,Hold,3621.976769835641,2872.0930232559044
Hold,2025-05-02 11:00:00,88.56,3607.312896273492,Hold,3607.3128962735536,2860.4651162791597
Hold,2025-05-02 12:00:00,89.01,3625.642738226101,Hold,3625.6427382261627,2875.0000000000905
Hold,2025-05-02 13:00:00,88.15,3590.6123736055592,Hold,3590.61237360562,2847.222222222312
Hold,2025-05-02 14:00:00,89.26,3635.8259837553283,Hold,3635.8259837553906,2883.074935400608
Sell,2025-05-02 15:00:00,88.3,3596.7223209230947,Sinal: Venda,3596.722320923156,2852.067183462622
Buy,2025-05-02 19:00:00,87.51,3596.7223209230947,Sinal: Compra,3596.722320923156,2826.550387596988
Hold,2025-05-02 20:00:00,87.85,3603.478776749669,Hold,3603.4787767497305,2837.532299741691
Hold,2025-05-02 21:00:00,87.64,3594.8648832594313,Hold,3594.864883259493,2830.7493540052565
Hold,2025-05-02 22:00:00,87.37,3583.789877343411,Hold,3583.789877343472,2822.0284237726983
Hold,2025-05-02 23:00:00,87.97,3608.401001601234,Hold,3608.401001601296,2841.408268733939
Hold,2025-05-03 00:00:00,87.46,3587.481545982084,Hold,3587.4815459821452,2824.935400516884
Hold,2025-05-03 01:00:00,87.46,3587.481545982084,Hold,3587.4815459821452,2824.935400516884
Hold,2025-05-03 02:00:00,87.53,3590.3528438121634,Hold,3590.352843812225,2827.1963824290287
Hold,2025-05-03 03:00:00,87.26,3579.277837896143,Hold,3579.277837896204,2818.4754521964705
Hold,2025-05-03 04:00:00,87.53,3590.3528438121634,Hold,3590.3528438122244,2827.1963824290287
Hold,2025-05-03 05:00:00,87.33,3582.149135726222,Hold,3582.149135726283,2820.736434108615
Hold,2025-05-03 06:00:00,87.0,3568.613017384419,Hold,3568.6130173844795,2810.0775193799327
Hold,2025-05-03 07:00:00,86.84,3562.0500509156664,Hold,3562.050050915727,2804.9095607236018
Hold,2025-05-03 08:00:00,87.0,3568.613017384419,Hold,3568.61301738448,2810.0775193799327
Hold,2025-05-03 09:00:00,87.23,3578.047281683252,Hold,3578.047281683314,2817.5064599484085
Hold,2025-05-03 10:00:00,86.5,3548.1037471695663,Hold,3548.1037471696272,2793.9276485788987
Hold,2025-05-03 11:00:00,86.18,3534.9778142320606,Hold,3534.9778142321215,2783.5917312662373
Hold,2025-05-03 12:00:00,86.61,3552.615786616834,Hold,3552.6157866168955,2797.480620155126
Hold,2025-05-03 13:00:00,86.95,3566.562090362934,Hold,3566.562090362996,2808.4625322998295
Hold,2025-05-03 14:00:00,87.12,3573.5352422359842,Hold,3573.535242236046,2813.9534883721813
Hold,2025-05-03 15:00:00,86.82,3561.229680107072,Hold,3561.229680107134,2804.2635658915606
Hold,2025-05-03 16:00:00,86.25,3537.8491120621397,Hold,3537.849112062201,2785.8527131783817
Hold,2025-05-03 17:00:00,86.75,3558.358382276993,Hold,3558.358382277055,2802.0025839794157
Hold,2025-05-03 18:00:00,86.34,3541.5407807008137,Hold,3541.5407807008755,2788.7596899225678
Hold,2025-05-03 19:00:00,87.09,3572.304686023093,Hold,3572.304686023155,2812.984496124119
Hold,2025-05-03 20:00:00,86.93,3565.74171955434,Hold,3565.7417195544017,2807.816537467788
Hold,2025-05-03 21:00:00,86.83,3561.639865511369,Hold,3561.639865511431,2804.5865633075805
Hold,2025-05-03 22:00:00,87.03,3569.8435735973108,Hold,3569.843573597373,2811.0465116279943
Hold,2025-05-03 23:00:00,86.55,3550.154674191052,Hold,3550.1546741911143,2795.5426356590015
Hold,2025-05-04 00:00:00,86.12,3532.5167018062784,Hold,3532.51670180634,2781.6537467701123
Hold,2025-05-04 01:00:00,86.26,3538.259297466437,Hold,3538.259297466498,2786.175710594402
Hold,2025-05-04 02:00:00,86.3,3539.900039083625,Hold,3539.900039083686,2787.4677002584845
Hold,2025-05-04 03:00:00,86.06,3530.055589380496,Hold,3530.0555893805563,2779.7157622739883
Hold,2025-05-04 04:00:00,86.04,3529.235218571902,Hold,3529.2352185719624,2779.069767441947
Hold,2025-05-04 05:00:00,86.61,3552.615786616834,Hold,3552.615786616895,2797.480620155126
Hold,2025-05-04 06:00:00,86.69,3555.8972698512102,Hold,3555.8972698512716,2800.064599483291
Hold,2025-05-04 07:00:00,86.34,3541.5407807008137,Hold,3541.5407807008746,2788.7596899225678
Hold,2025-05-04 08:00:00,85.86,3521.851881294555,Hold,3521.8518812946154,2773.255813953575
Hold,2025-05-04 09:00:00,85.66,3513.648173208613,Hold,3513.6481732086736,2766.795865633161
Hold,2025-05-04 10:00:00,85.87,3522.262066698852,Hold,3522.2620666989123,2773.5788113695958
Hold,2025-05-04 11:00:00,85.88,3522.6722521031484,Hold,3522.6722521032084,2773.9018087856157
Hold,2025-05-04 12:00:00,86.11,3532.106516401981,Hold,3532.106516402041,2781.3307493540915
Hold,2025-05-04 13:00:00,85.95,3525.5435499332284,Hold,3525.543549933288,2776.1627906977606
Hold,2025-05-04 14:00:00,86.66,3554.666713638319,Hold,3554.666713638379,2799.0956072352283
Hold,2025-05-04 15:00:00,86.65,3554.256528234023,Hold,3554.2565282340834,2798.7726098192074
Hold,2025-05-04 16:00:00,86.22,3536.6185558492484,Hold,3536.618555849308,2784.8837209303183
Hold,2025-05-04 17:00:00,86.33,3541.1305952965163,Hold,3541.130595296576,2788.436692506546
Hold,2025-05-04 18:00:00,86.2,3535.798185040655,Hold,3535.7981850407145,2784.237726098277
Hold,2025-05-04 19:00:00,86.36,3542.3611515094076,Hold,3542.361151509467,2789.405684754608
Hold,2025-05-04 20:00:00,86.76,3558.76856768129,Hold,3558.76856768135,2802.3255813954356
Hold,2025-05-04 21:00:00,86.3,3539.900039083625,Hold,3539.9000390836845,2787.467700258484
Hold,2025-05-04 22:00:00,85.68,3514.468544017208,Hold,3514.468544017267,2767.441860465202
Hold,2025-05-04 23:00:00,85.05,3488.6268635464926,Hold,3488.6268635465512,2747.093023255899
Hold,2025-05-05 00:00:00,85.82,3520.211139677366,Hold,3520.2111396774253,2771.9638242894916
Hold,2025-05-05 01:00:00,85.0,3486.575936525008,Hold,3486.5759365250665,2745.478036175796
Hold,2025-05-05 02:00:00,86.02,3528.4148477633075,Hold,3528.4148477633667,2778.4237726099054
Hold,2025-05-05 03:00:00,86.02,3528.4148477633075,Hold,3528.4148477633667,2778.4237726099054
Hold,2025-05-05 04:00:00,87.28,3580.098208704737,Hold,3580.0982087047973,2819.1214470285117
Hold,2025-05-05 05:00:00,88.22,3618.6556367086605,Hold,3618.655636708722,2849.4832041344557
Hold,2025-05-05 06:00:00,87.83,3602.658405941075,Hold,3602.658405941136,2836.886304909649
Hold,2025-05-05 07:00:00,87.95,3607.58063079264,Hold,3607.580630792701,2840.7622739018975
Hold,2025-05-05 08:00:00,88.47,3628.910271816087,Hold,3628.910271816148,2857.5581395349727
Hold,2025-05-05 09:00:00,88.97,3649.4195420309397,Hold,3649.4195420310016,2873.7080103360067
Hold,2025-05-05 10:00:00,87.72,3598.146366493808,Hold,3598.1463664938688,2833.3333333334213
Hold,2025-05-05 11:00:00,88.06,3612.092670239908,Hold,3612.0926702399693,2844.3152454781243
Hold,2025-05-05 12:00:00,88.16,3616.1945242828783,Hold,3616.19452428294,2847.5452196383308
Hold,2025-05-05 13:00:00,87.85,3603.478776749669,Hold,3603.478776749731,2837.5322997416897
Hold,2025-05-05 14:00:00,87.04,3570.2537590016077,Hold,3570.253759001669,2811.369509044015
Hold,2025-05-05 15:00:00,85.73,3516.5194710386927,Hold,3516.519471038753,2769.0568475453056
Hold,2025-05-05 16:00:00,86.41,3544.412078530893,Hold,3544.4120785309533,2791.0206718347113
Hold,2025-05-05 17:00:00,86.64,3553.8463428297255,Hold,3553.846342829786,2798.4496124031875
Hold,2025-05-05 18:00:00,87.27,3579.68802330044,Hold,3579.688023300501,2818.79844961249
Hold,2025-05-05 19:00:00,84.48,3465.246295501561,Hold,3465.2462955016194,2728.68217054272
Hold,2025-05-05 20:00:00,82.53,3385.2601416636335,Hold,3385.260141663691,2665.697674418687
Hold,2025-05-05 21:00:00,83.08,3407.820338899972,Hold,3407.8203389000296,2683.462532299824
Hold,2025-05-05 22:00:00,83.91,3441.8657274566276,Hold,3441.865727456686,2710.271317829541
Hold,2025-05-05 23:00:00,83.25,3414.793490773022,Hold,3414.7934907730796,2688.9534883721763
Hold,2025-05-06 00:00:00,82.89,3400.026816218328,Hold,3400.026816218385,2677.325581395432
Hold,2025-05-06 01:00:00,82.34,3377.4666189819895,Hold,3377.4666189820464,2659.5607235142948
Hold,2025-05-06 02:00:00,82.7,3392.2332935366835,Hold,3392.2332935367403,2671.1886304910395
Hold,2025-05-06 03:00:00,82.78,3395.51477677106,Hold,3395.5147767711173,2673.7726098192047
Hold,2025-05-06 04:00:00,83.0,3404.5388556655957,Hold,3404.538855665653,2680.8785529716592
Hold,2025-05-06 05:00:00,82.28,3375.0055065562074,Hold,3375.0055065562638,2657.6227390181707
Hold,2025-05-06 06:00:00,82.28,3375.0055065562074,Hold,3375.0055065562638,2657.6227390181707
Hold,2025-05-06 07:00:00,81.96,3361.879573618701,Hold,3361.8795736187576,2647.286821705509
Hold,2025-05-06 08:00:00,82.07,3366.3916130659686,Hold,3366.3916130660245,2650.839793281736
Hold,2025-05-06 09:00:00,82.17,3370.4934671089395,Hold,3370.4934671089954,2654.069767441943
Hold,2025-05-06 10:00:00,81.74,3352.8554947241655,Hold,3352.8554947242214,2640.1808785530534
Hold,2025-05-06 11:00:00,81.75,3353.265680128463,Hold,3353.265680128519,2640.503875969074
Hold,2025-05-06 12:00:00,81.97,3362.2897590229986,Hold,3362.289759023054,2647.6098191215287
Hold,2025-05-06 13:00:00,81.56,3345.4721574468185,Hold,3345.4721574468736,2634.366925064681
Hold,2025-05-06 14:00:00,82.54,3385.670327067931,Hold,3385.670327067987,2666.020671834708
Hold,2025-05-06 15:00:00,82.29,3375.4156919605043,Hold,3375.4156919605603,2657.9457364341906
Hold,2025-05-06 16:00:00,82.1,3367.62216927886,Hold,3367.622169278916,2651.808785529797
Hold,2025-05-06 17:00:00,82.15,3369.6730963003456,Hold,3369.673096300401,2653.423772609901
Hold,2025-05-06 18:00:00,84.06,3448.0185085210837,Hold,3448.0185085211406,2715.116279069851
Hold,2025-05-06 19:00:00,84.34,3459.5036998414016,Hold,3459.5036998414585,2724.16020671843
Hold,2025-05-06 20:00:00,84.47,3464.8361100972634,Hold,3464.83611009732,2728.3591731266984
Hold,2025-05-06 21:00:00,84.6,3470.1685203531247,Hold,3470.168520353182,2732.5581395349673
Hold,2025-05-06 22:00:00,86.92,3565.331534150043,Hold,3565.3315341501016,2807.4935400517656
Hold,2025-05-06 23:00:00,91.6,3757.2983033610667,Hold,3757.298303361128,2958.6563307494444
Hold,2025-05-07 00:00:00,92.81,3806.9307372810113,Hold,3806.9307372810736,2997.739018087947
Hold,2025-05-07 01:00:00,91.99,3773.2955341286515,Hold,3773.2955341287134,2971.2532299742506
Hold,2025-05-07 02:00:00,91.81,3765.9121968513055,Hold,3765.9121968513673,2965.4392764858785
Hold,2025-05-07 03:00:00,92.34,3787.6520232790494,Hold,3787.652023279112,2982.5581395349745
Hold,2025-05-07 04:00:00,91.54,3754.837190935285,Hold,3754.837190935347,2956.7183462533203
Hold,2025-05-07 05:00:00,91.49,3752.786263913799,Hold,3752.786263913861,2955.1033591732166
Hold,2025-05-07 06:00:00,91.75,3763.4510844255224,Hold,3763.451084425584,2963.501291989755
Hold,2025-05-07 07:00:00,92.52,3795.035360556396,Hold,3795.0353605564583,2988.3720930233476
Hold,2025-05-07 08:00:00,92.68,3801.5983270251495,Hold,3801.5983270252127,2993.540051679679
Hold,2025-05-07 09:00:00,92.38,3789.2927648962373,Hold,3789.2927648962996,2983.850129199058
Hold,2025-05-07 10:00:00,91.99,3773.2955341286515,Hold,3773.295534128714,2971.2532299742516
Hold,2025-05-07 11:00:00,91.2,3740.8908871891845,Hold,3740.890887189246,2945.736434108618
Hold,2025-05-07 12:00:00,90.67,3719.1510607614405,Hold,3719.151060761502,2928.617571059522
Hold,2025-05-07 13:00:00,90.49,3711.767723484093,Hold,3711.767723484154,2922.8036175711495
Hold,2025-05-07 14:00:00,89.37,3665.826958202823,Hold,3665.8269582028834,2886.6279069768334
Hold,2025-05-07 15:00:00,88.79,3642.036204753593,Hold,3642.0362047536532,2867.8940568476337
Hold,2025-05-07 16:00:00,88.05,3611.6824848356105,Hold,3611.6824848356705,2843.992248062103
Hold,2025-05-07 17:00:00,87.9,3605.529703771155,Hold,3605.529703771215,2839.147286821793
Hold,2025-05-07 18:00:00,88.2,3617.8352659000666,Hold,3617.835265900127,2848.8372093024136
Hold,2025-05-07 19:00:00,87.66,3595.685254068025,Hold,3595.685254068085,2831.3953488372963
Hold,2025-05-07 20:00:00,88.63,3635.4732382848397,Hold,3635.4732382849006,2862.7260981913023
Hold,2025-05-07 21:00:00,88.48,3629.320457220384,Hold,3629.3204572204445,2857.881136950992
Hold,2025-05-07 22:00:00,90.12,3696.590863525102,Hold,3696.5908635251635,2910.852713178384
Sell,2025-05-07 23:00:00,89.53,3672.3899246715755,Sinal: Venda,3672.3899246716364,2891.7958656331634
Buy,2025-05-09 12:00:00,99.05,3672.3899246715755,Sinal: Compra,3672.3899246716364,3199.289405684852
Hold,2025-05-09 13:00:00,100.02,3700.94076423584,Hold,3700.9407642359015,3230.6201550388582
Hold,2025-05-09 14:00:00,98.46,3643.21763294002,Hold,3643.2176329400804,3180.232558139632
Hold,2025-05-09 15:00:00,98.36,3639.517432215929,Hold,3639.517432215989,3177.0025839794253
Hold,2025-05-09 16:00:00,97.94,3623.976589174747,Hold,3623.976589174807,3163.4366925065565
Hold,2025-05-09 17:00:00,99.67,3687.9900617015214,Hold,3687.990061701583,3219.3152454781343
Hold,2025-05-09 18:00:00,99.31,3674.6693390947935,Hold,3674.6693390948544,3207.6873385013896
Hold,2025-05-09 19:00:00,99.33,3675.4093792396116,Hold,3675.4093792396725,3208.333333333431
Hold,2025-05-09 20:00:00,99.95,3698.350623728976,Hold,3698.3506237290376,3228.359173126714
Hold,2025-05-09 21:00:00,100.15,3705.751025177158,Hold,3705.75102517722,3234.819121447127
Hold,2025-05-09 22:00:00,100.09,3703.5309047427036,Hold,3703.5309047427654,3232.881136951003
Hold,2025-05-09 23:00:00,100.52,3719.441767856295,Hold,3719.441767856357,3246.7700258398927
Hold,2025-05-10 00:00:00,103.6,3833.4079501582983,Hold,3833.4079501583624,3346.2532299742625
Hold,2025-05-10 01:00:00,103.19,3818.2371271895254,Hold,3818.2371271895895,3333.010335917415
Hold,2025-05-10 02:00:00,103.73,3838.2182110996173,Hold,3838.218211099682,3350.4521963825323
Hold,2025-05-10 03:00:00,103.44,3827.487628999753,Hold,3827.487628999817,3341.085271317932
Hold,2025-05-10 04:00:00,103.19,3818.2371271895254,Hold,3818.237127189589,3333.010335917415
Hold,2025-05-10 05:00:00,103.18,3817.8671071171166,Hold,3817.8671071171802,3332.687338501395
Hold,2025-05-10 06:00:00,103.81,3841.17837167889,Hold,3841.178371678954,3353.036175710698
Hold,2025-05-10 07:00:00,103.98,3847.4687129098447,Hold,3847.4687129099084,3358.5271317830498
Hold,2025-05-10 08:00:00,102.91,3807.8765651620706,Hold,3807.876565162134,3323.9664082688364
Hold,2025-05-10 09:00:00,103.35,3824.157448348071,Hold,3824.1574483481336,3338.178294573747
Hold,2025-05-10 10:00:00,102.4,3789.0055414692065,Hold,3789.005541469269,3307.4935400517825
Hold,2025-05-10 11:00:00,100.7,3726.102129159659,Hold,3726.102129159721,3252.5839793282667
Hold,2025-05-10 12:00:00,101.84,3768.2844174142965,Hold,3768.2844174143593,3289.405684754624
Hold,2025-05-10 13:00:00,102.4,3789.0055414692065,Hold,3789.005541469269,3307.493540051782
Hold,2025-05-10 14:00:00,102.22,3782.3451801658425,Hold,3782.345180165905,3301.6795865634094
Hold,2025-05-10 15:00:00,101.83,3767.9143973418873,Hold,3767.9143973419496,3289.082687338603
Hold,2025-05-10 16:00:00,103.47,3828.5976892169806,Hold,3828.597689217044,3342.0542635659945
Hold,2025-05-10 17:00:00,103.16,3817.127066972298,Hold,3817.127066972361,3332.0413436693534
Hold,2025-05-10 18:00:00,103.25,3820.45724762398,Hold,3820.457247624043,3334.9483204135395
Hold,2025-05-10 19:00:00,103.42,3826.7475888549347,Hold,3826.7475888549975,3340.439276485891
Hold,2025-05-10 20:00:00,103.9,3844.5085523305715,Hold,3844.5085523306343,3355.9431524548836
Hold,2025-05-10 21:00:00,104.22,3856.349194647663,Hold,3856.349194647726,3366.279069767545
Hold,2025-05-10 22:00:00,104.61,3870.779977471618,Hold,3870.7799774716814,3378.8759689923518
Hold,2025-05-10 23:00:00,105.27,3895.2013022506185,Hold,3895.2013022506826,3400.1937984497167
Hold,2025-05-11 00:00:00,104.18,3854.8691143580268,Hold,3854.86911435809,3364.9870801034626
Hold,2025-05-11 01:00:00,103.49,3829.3377293617987,Hold,3829.3377293618614,3342.700258398035
Hold,2025-05-11 02:00:00,104.32,3860.0493953717537,Hold,3860.049395371817,3369.509043927752
Hold,2025-05-11 03:00:00,104.48,3865.9697165302996,Hold,3865.969716530363,3374.6770025840833
Hold,2025-05-11 04:00:00,104.2,3855.609154502845,Hold,3855.609154502908,3365.633074935504
Hold,2025-05-11 05:00:00,103.16,3817.127066972298,Hold,3817.127066972361,3332.041343669353
Hold,2025-05-11 06:00:00,102.21,3781.975160093433,Hold,3781.975160093495,3301.356589147388
Hold,2025-05-11 07:00:00,100.68,3725.362089014841,Hold,3725.362089014902,3251.937984496224
Hold,2025-05-11 08:00:00,100.19,3707.2311054667944,Hold,3707.231105466855,3236.11111111121
Hold,2025-05-11 09:00:00,101.2,3744.6031327801143,Hold,3744.603132780175,3268.7338501292993
Hold,2025-05-11 10:00:00,101.43,3753.113594445523,Hold,3753.1135944455846,3276.162790697775
Hold,2025-05-11 11:00:00,101.68,3762.364096255751,Hold,3762.3640962558125,3284.237726098292
Hold,2025-05-11 12:00:00,101.29,3747.933313431796,Hold,3747.933313431857,3271.640826873486
Hold,2025-05-11 13:00:00,99.02,3663.93875699493,Hold,3663.93875699499,3198.3204134367907
Hold,2025-05-11 14:00:00,100.05,3702.050824453067,Hold,3702.0508244531275,3231.589147286921
Hold,2025-05-11 15:00:00,99.38,3677.2594796016574,Hold,3677.2594796017174,3209.948320413536
Hold,2025-05-11 16:00:00,99.23,3671.7091785155208,Hold,3671.7091785155803,3205.103359173226
Hold,2025-05-11 17:00:00,100.05,3702.050824453067,Hold,3702.0508244531275,3231.589147286922
Hold,2025-05-11 18:00:00,100.47,3717.5916674942496,Hold,3717.59166749431,3245.155038759791
Hold,2025-05-11 19:00:00,100.33,3712.4113864805217,Hold,3712.411386480582,3240.633074935501
Hold,2025-05-11 20:00:00,99.8,3692.8003226428395,Hold,3692.8003226428996,3223.514211886405
Hold,2025-05-11 21:00:00,100.38,3714.2614868425676,Hold,3714.2614868426285,3242.2480620156043
Hold,2025-05-11 22:00:00,99.76,3691.3202423532034,Hold,3691.3202423532643,3222.222222222322
Hold,2025-05-11 23:00:00,100.12,3704.6409649599314,Hold,3704.6409649599927,3233.8501291990665
Hold,2025-05-12 00:00:00,101.17,3743.4930725628865,Hold,3743.493072562949,3267.7648578812377
Hold,2025-05-12 01:00:00,100.32,3712.041366408113,Hold,3712.041366408175,3240.3100775194794
Hold,2025-05-12 02:00:00,100.46,3717.2216474218403,Hold,3717.221647421902,3244.832041343769
Hold,2025-05-12 03:00:00,100.98,3736.462691187114,Hold,3736.4626911871765,3261.627906976845
Hold,2025-05-12 04:00:00,101.53,3756.8137951696144,Hold,3756.813795169677,3279.3927648579825
Hold,2025-05-12 05:00:00,100.76,3728.3222495941136,Hold,3728.322249594176,3254.5219638243902
Hold,2025-05-12 06:00:00,101.47,3754.5936747351598,Hold,3754.5936747352225,3277.4547803618584
Hold,2025-05-12 07:00:00,102.31,3785.6753608175245,Hold,3785.6753608175877,3304.5865633075955
Hold,2025-05-12 08:00:00,102.96,3809.726665524116,Hold,3809.7266655241797,3325.58139534894
Hold,2025-05-12 09:00:00,102.43,3790.115601686434,Hold,3790.115601686497,3308.462532299844
Hold,2025-05-12 10:00:00,102.97,3810.0966855965253,Hold,3810.0966855965894,3325.9043927649604
Hold,2025-05-12 11:00:00,101.9,3770.504537848751,Hold,3770.504537848815,3291.3436692507476
Hold,2025-05-12 12:00:00,102.98,3810.4667056689345,Hold,3810.4667056689987,3326.2273901809817
Hold,2025-05-12 13:00:00,103.05,3813.056846175798,Hold,3813.056846175862,3328.488372093126
Hold,2025-05-12 14:00:00,100.39,3714.6315069149764,Hold,3714.631506915039,3242.5710594316247
Hold,2025-05-12 15:00:00,100.4,3715.001526987386,Hold,3715.001526987449,3242.894056847646
Hold,2025-05-12 16:00:00,101.45,3753.8536345903417,Hold,3753.8536345904045,3276.808785529817
Hold,2025-05-12 17:00:00,101.76,3765.324256835024,Hold,3765.3242568350865,3286.8217054264587
Hold,2025-05-12 18:00:00,99.87,3695.3904631497035,Hold,3695.390463149765,3225.77519379855
Hold,2025-05-12 19:00:00,101.62,3760.1439758212964,Hold,3760.143975821359,3282.299741602169
Hold,2025-05-12 20:00:00,102.22,3782.3451801658425,Hold,3782.3451801659057,3301.67958656341
Hold,2025-05-12 21:00:00,101.92,3771.2445779935692,Hold,3771.244577993632,3291.9896640827897
Hold,2025-05-12 22:00:00,102.2,3781.6051400210245,Hold,3781.605140021087,3301.0335917313687
Hold,2025-05-12 23:00:00,103.84,3842.288431896117,Hold,3842.28843189618,3354.0051679587605
Hold,2025-05-13 00:00:00,102.12,3778.6449794417517,Hold,3778.6449794418136,3298.4496124032034
Hold,2025-05-13 01:00:00,101.45,3753.8536345903417,Hold,3753.853634590403,3276.8087855298177
Hold,2025-05-13 02:00:00,100.92,3734.242570752659,Hold,3734.2425707527204,3259.6899224807216
Hold,2025-05-13 03:00:00,100.02,3700.94076423584,Hold,3700.9407642359006,3230.6201550388596
Hold,2025-05-13 04:00:00,102.64,3797.8860232070247,Hold,3797.8860232070865,3315.245478036278
Hold,2025-05-13 05:00:00,101.72,3763.844176545387,Hold,3763.844176545448,3285.529715762375
Hold,2025-05-13 06:00:00,102.82,3804.546384510388,Hold,3804.54638451045,3321.05943152465
Hold,2025-05-13 07:00:00,102.54,3794.185822482934,Hold,3794.1858224829957,3312.0155038760713
Hold,2025-05-13 08:00:00,101.88,3769.7644977039326,Hold,3769.764497703994,3290.697674418706
Hold,2025-05-13 09:00:00,102.86,3806.0264648000248,Hold,3806.026464800086,3322.351421188733
Hold,2025-05-13 10:00:00,102.4,3789.0055414692065,Hold,3789.0055414692674,3307.493540051782
Hold,2025-05-13 11:00:00,102.95,3809.356645451707,Hold,3809.3566454517686,3325.2583979329193
Hold,2025-05-13 12:00:00,102.35,3787.15544110716,Hold,3787.1554411072216,3305.878552971678
Hold,2025-05-13 13:00:00,101.53,3756.8137951696144,Hold,3756.8137951696754,3279.3927648579825
Hold,2025-05-13 14:00:00,100.27,3710.191266046067,Hold,3710.191266046127,3238.695090439376
Hold,2025-05-13 15:00:00,101.16,3743.1230524904777,Hold,3743.1230524905377,3267.441860465217
Hold,2025-05-13 16:00:00,101.61,3759.773955748887,Hold,3759.773955748948,3281.976744186148
Hold,2025-05-13 17:00:00,101.91,3770.87455792116,Hold,3770.8745579212214,3291.666666666769
Hold,2025-05-13 18:00:00,102.94,3808.9866253792975,Hold,3808.98662537936,3324.9354005168993
Hold,2025-05-13 19:00:00,104.0,3848.208753054663,Hold,3848.2087530547255,3359.173126615092
Hold,2025-05-13 20:00:00,104.65,3872.2600577612548,Hold,3872.2600577613184,3380.1679586564364
Hold,2025-05-13 21:00:00,103.78,3840.0683114616622,Hold,3840.068311461725,3352.067183462637
Hold,2025-05-13 22:00:00,103.58,3832.66791001348,Hold,3832.667910013543,3345.607235142223
Hold,2025-05-13 23:00:00,103.41,3826.3775687825255,Hold,3826.3775687825882,3340.116279069872
Hold,2025-05-14 00:00:00,103.23,3819.717207479162,Hold,3819.7172074792243,3334.3023255814996
Hold,2025-05-14 01:00:00,103.31,3822.6773680584347,Hold,3822.6773680584974,3336.8863049096653
Hold,2025-05-14 02:00:00,103.72,3837.8481910272076,Hold,3837.848191027271,3350.129198966513
Hold,2025-05-14 03:00:00,103.43,3827.117608927344,Hold,3827.117608927407,3340.7622739019134
Hold,2025-05-14 04:00:00,104.05,3850.058853416708,Hold,3850.0588534167714,3360.7881136951955
Hold,2025-05-14 05:00:00,104.24,3857.089234792481,Hold,3857.0892347925437,3366.9250645995885
Hold,2025-05-14 06:00:00,104.15,3853.7590541407994,Hold,3853.759054140862,3364.018087855403
Hold,2025-05-14 07:00:00,104.41,3863.3795760234357,Hold,3863.379576023499,3372.4160206719403
Hold,2025-05-14 08:00:00,101.25,3746.453233142159,Hold,3746.4532331422206,3270.3488372094052
Hold,2025-05-14 09:00:00,102.29,3784.9353206727064,Hold,3784.9353206727687,3303.940568475556
Hold,2025-05-14 10:00:00,101.81,3767.174357197069,Hold,3767.1743571971306,3288.4366925065638
Hold,2025-05-14 11:00:00,102.35,3787.15544110716,Hold,3787.1554411072225,3305.87855297168
Hold,2025-05-14 12:00:00,102.07,3776.7948790797054,Hold,3776.7948790797677,3296.8346253231007
Hold,2025-05-14 13:00:00,100.78,3729.0622897389317,Hold,3729.062289738993,3255.1679586564333
Hold,2025-05-14 14:00:00,99.77,3691.690262425612,Hold,3691.690262425673,3222.545219638344
Hold,2025-05-14 15:00:00,99.99,3699.8307040186123,Hold,3699.8307040186733,3229.6511627907994
Hold,2025-05-14 16:00:00,99.29,3673.9292989499754,Hold,3673.9292989500354,3207.0413436693525
Hold,2025-05-14 17:00:00,99.97,3699.0906638737943,Hold,3699.0906638738556,3229.005167958758
Hold,2025-05-14 18:00:00,100.41,3715.3715470597945,Hold,3715.3715470598563,3243.217054263668
Hold,2025-05-14 19:00:00,100.17,3706.4910653219763,Hold,3706.4910653220377,3235.465116279172
Hold,2025-05-14 20:00:00,101.27,3747.1932732869773,Hold,3747.193273287039,3270.9948320414474
Hold,2025-05-14 21:00:00,101.29,3747.933313431796,Hold,3747.9333134318576,3271.640826873489
Hold,2025-05-14 22:00:00,101.23,3745.713192997341,Hold,3745.7131929974034,3269.7028423773645
Hold,2025-05-14 23:00:00,100.95,3735.3526309698864,Hold,3735.3526309699487,3260.6589147287855
Hold,2025-05-15 00:00:00,101.45,3753.8536345903417,Hold,3753.8536345904035,3276.8087855298195
Hold,2025-05-15 01:00:00,99.9,3696.500523366931,Hold,3696.5005233669917,3226.744186046614
Hold,2025-05-15 02:00:00,100.47,3717.5916674942496,Hold,3717.591667494311,3245.1550387597927
Hold,2025-05-15 03:00:00,99.6,3685.3999211946575,Hold,3685.3999211947184,3217.054263565993
Hold,2025-05-15 04:00:00,100.04,3701.6808043806586,Hold,3701.68080438072,3231.2661498709035
Hold,2025-05-15 05:00:00,98.67,3650.9880544606112,Hold,3650.9880544606713,3187.01550387607
Hold,2025-05-15 06:00:00,98.03,3627.3067698264285,Hold,3627.3067698264886,3166.343669250746
Hold,2025-05-15 07:00:00,95.72,3541.8321330999256,Hold,3541.8321330999843,3091.7312661499686
Hold,2025-05-15 08:00:00,98.06,3628.4168300436563,Hold,3628.416830043716,3167.312661498808
Hold,2025-05-15 09:00:00,97.3,3600.2953045405643,Hold,3600.2953045406234,3142.764857881236
Hold,2025-05-15 10:00:00,97.67,3613.986047219701,Hold,3613.98604721976,3154.7157622740015
Hold,2025-05-15 11:00:00,98.17,3632.487050840156,Hold,3632.487050840215,3170.865633075036
Hold,2025-05-15 12:00:00,98.28,3636.5572716366564,Hold,3636.5572716367155,3174.418604651264
Hold,2025-05-15 13:00:00,97.0,3589.1947023682915,Hold,3589.1947023683497,3133.0749354006166
Hold,2025-05-15 14:00:00,96.99,3588.8246822958818,Hold,3588.82468229594,3132.751937984596
Hold,2025-05-15 15:00:00,98.4,3640.9975125055657,Hold,3640.997512505625,3178.2945736435126
Hold,2025-05-15 16:00:00,99.36,3676.5194394568393,Hold,3676.5194394568994,3209.3023255814983
Hold,2025-05-15 17:00:00,99.44,3679.479600036112,Hold,3679.479600036172,3211.886304909664
Hold,2025-05-15 18:00:00,97.66,3613.616027147292,Hold,3613.616027147351,3154.392764857983
Hold,2025-05-15 19:00:00,99.58,3684.6598810498394,Hold,3684.6598810498995,3216.4082687339537
Hold,2025-05-15 20:00:00,99.2,3670.599118298294,Hold,3670.599118298354,3204.134366925168
Hold,2025-05-15 21:00:00,99.62,3686.139961339476,Hold,3686.139961339536,3217.700258398036
Hold,2025-05-15 22:00:00,98.92,3660.238556270839,Hold,3660.238556270899,3195.0904392765883
Hold,2025-05-15 23:00:00,99.26,3672.8192387327485,Hold,3672.8192387328086,3206.0723514212914
Hold,2025-05-16 00:00:00,99.53,3682.809780687794,Hold,3682.8097806878545,3214.7932816538496
Hold,2025-05-16 01:00:00,100.39,3714.6315069149764,Hold,3714.631506915038,3242.5710594316283
Hold,2025-05-16 02:00:00,100.57,3721.2918682183404,Hold,3721.2918682184013,3248.3850129200005
Hold,2025-05-16 03:00:00,100.9,3733.502530607841,Hold,3733.502530607903,3259.043927648683
Hold,2025-05-16 04:00:00,100.68,3725.362089014841,Hold,3725.3620890149023,3251.937984496228
Hold,2025-05-16 05:00:00,100.41,3715.3715470597945,Hold,3715.371547059856,3243.2170542636695
Hold,2025-05-16 06:00:00,100.45,3716.8516273494315,Hold,3716.851627349493,3244.5090439277524
Hold,2025-05-16 07:00:00,99.86,3695.020443077294,Hold,3695.020443077355,3225.452196382532
Hold,2025-05-16 08:00:00,98.96,3661.7186365604753,Hold,3661.7186365605353,3196.38242894067
Hold,2025-05-16 09:00:00,100.15,3705.751025177158,Hold,3705.7510251772187,3234.8191214471312
Hold,2025-05-16 10:00:00,100.83,3730.912390100977,Hold,3730.9123901010385,3256.7829457365374
Hold,2025-05-16 11:00:00,100.99,3736.8327112595225,Hold,3736.8327112595844,3261.9509043928683
Hold,2025-05-16 12:00:00,100.8,3729.8023298837497,Hold,3729.8023298838116,3255.813953488475
Hold,2025-05-16 13:00:00,101.39,3751.6335141558866,Hold,3751.6335141559484,3274.870801033696
Hold,2025-05-16 14:00:00,100.66,3724.6220488700224,Hold,3724.6220488700837,3251.291989664186
Hold,2025-05-16 15:00:00,101.53,3756.8137951696144,Hold,3756.8137951696763,3279.3927648579856
Hold,2025-05-16 16:00:00,102.02,3774.9447787176605,Hold,3774.944778717723,3295.2196382429984
Hold,2025-05-16 17:00:00,101.41,3752.3735543007047,Hold,3752.3735543007665,3275.516795865737
Hold,2025-05-16 18:00:00,100.67,3724.9920689424316,Hold,3724.992068942493,3251.614987080207
Hold,2025-05-16 19:00:00,100.71,3726.4721492320677,Hold,3726.472149232129,3252.9069767442893
Hold,2025-05-16 20:00:00,99.47,3680.5896602533394,Hold,3680.5896602534,3212.855297157725
Hold,2025-05-16 21:00:00,99.5,3681.6997204705667,Hold,3681.699720470627,3213.8242894057867
Hold,2025-05-16 22:00:00,99.36,3676.5194394568393,Hold,3676.5194394569,3209.3023255814974
Hold,2025-05-16 23:00:00,99.48,3680.9596803257486,Hold,3680.959680325809,3213.1782945737455
Hold,2025-05-17 00:00:00,99.05,3665.048817212157,Hold,3665.0488172122173,3199.289405684856
Hold,2025-05-17 01:00:00,98.2,3633.5971110573837,Hold,3633.5971110574433,3171.834625323098
Hold,2025-05-17 02:00:00,98.7,3652.0981146778386,Hold,3652.0981146778986,3187.984496124132
Hold,2025-05-17 03:00:00,99.18,3669.859078153476,Hold,3669.8590781535363,3203.4883720931252
Hold,2025-05-17 04:00:00,100.18,3706.861085394386,Hold,3706.861085394447,3235.7881136951937
Hold,2025-05-17 05:00:00,99.78,3692.0602824980215,Hold,3692.0602824980824,3222.868217054366
Hold,2025-05-17 06:00:00,100.96,3735.7226510422956,Hold,3735.7226510423575,3260.9819121448063
Hold,2025-05-17 07:00:00,100.53,3719.8117879287042,Hold,3719.8117879287656,3247.0930232559176
Hold,2025-05-17 08:00:00,100.33,3712.4113864805217,Hold,3712.411386480583,3240.633074935504
Hold,2025-05-17 09:00:00,99.75,3690.950222280794,Hold,3690.950222280855,3221.899224806304
Hold,2025-05-17 10:00:00,99.54,3683.1798007602033,Hold,3683.1798007602642,3215.11627906987
Hold,2025-05-17 11:00:00,98.92,3660.238556270839,Hold,3660.2385562708996,3195.0904392765874
Hold,2025-05-17 12:00:00,98.24,3635.07719134702,Hold,3635.07719134708,3173.1266149871813
Hold,2025-05-17 13:00:00,97.15,3594.7450034544277,Hold,3594.745003454487,3137.919896640927
Hold,2025-05-17 14:00:00,98.16,3632.117030767747,Hold,3632.117030767807,3170.542635659016
Hold,2025-05-17 15:00:00,97.63,3612.5059669300645,Hold,3612.505966930124,3153.4237726099195
Hold,2025-05-17 16:00:00,97.12,3593.634943237201,Hold,3593.63494323726,3136.950904392865
Hold,2025-05-17 17:00:00,97.12,3593.634943237201,Hold,3593.63494323726,3136.950904392865
Hold,2025-05-17 18:00:00,96.56,3572.913819182291,Hold,3572.91381918235,3118.8630490957066
Hold,2025-05-17 19:00:00,96.37,3565.883437806518,Hold,3565.8834378065767,3112.726098191314
Hold,2025-05-17 20:00:00,97.39,3603.6254851922463,Hold,3603.6254851923054,3145.6718346254233
Hold,2025-05-17 21:00:00,97.16,3595.115023526837,Hold,3595.115023526896,3138.242894056948
Hold,2025-05-17 22:00:00,95.88,3547.7524542584715,Hold,3547.7524542585293,3096.899224806301
Hold,2025-05-17 23:00:00,96.06,3554.412815561836,Hold,3554.412815561894,3102.713178294673
Hold,2025-05-18 00:00:00,96.94,3586.974581933837,Hold,3586.9745819338955,3131.1369509044926
Hold,2025-05-18 01:00:00,96.72,3578.8341403408363,Hold,3578.834140340895,3124.0310077520376
Hold,2025-05-18 02:00:00,96.57,3573.2838392546996,Hold,3573.2838392547583,3119.1860465117275
Hold,2025-05-18 03:00:00,96.37,3565.883437806518,Hold,3565.8834378065762,3112.726098191314
Hold,2025-05-18 04:00:00,97.18,3595.8550636716554,Hold,3595.8550636717146,3138.8888888889896
Hold,2025-05-18 05:00:00,98.09,3629.526890260883,Hold,3629.5268902609428,3168.2816537468716
Hold,2025-05-18 06:00:00,97.79,3618.4262880886104,Hold,3618.42628808867,3158.591731266251
Hold,2025-05-18 07:00:00,98.64,3649.877994243384,Hold,3649.877994243444,3186.046511628009
Hold,2025-05-18 08:00:00,98.72,3652.8381548226566,Hold,3652.838154822717,3188.6304909561745
Hold,2025-05-18 09:00:00,98.65,3650.248014315793,Hold,3650.248014315853,3186.36950904403
Hold,2025-05-18 10:00:00,98.43,3642.107572722793,Hold,3642.107572722853,3179.263565891575
Hold,2025-05-18 11:00:00,98.23,3634.7071712746106,Hold,3634.70717127467,3172.8036175711613
Hold,2025-05-18 12:00:00,98.6,3648.3979139537473,Hold,3648.3979139538073,3184.754521963926
Hold,2025-05-18 13:00:00,99.03,3664.3087770673387,Hold,3664.308777067399,3198.6434108528156
Hold,2025-05-18 14:00:00,99.85,3694.650423004885,Hold,3694.650423004946,3225.129198966511
Hold,2025-05-18 15:00:00,101.82,3767.544377269478,Hold,3767.5443772695403,3288.7596899225855
Hold,2025-05-18 16:00:00,101.93,3771.614598065979,Hold,3771.6145980660413,3292.312661498813
Hold,2025-05-18 17:00:00,100.06,3702.4208445254767,Hold,3702.4208445255376,3231.9121447029456
Hold,2025-05-18 18:00:00,98.66,3650.618034388202,Hold,3650.6180343882615,3186.6925064600496
Hold,2025-05-18 19:00:00,97.01,3589.5647224407003,Hold,3589.564722440759,3133.397932816638
Hold,2025-05-18 20:00:00,97.45,3605.845605626701,Hold,3605.84560562676,3147.609819121547
Hold,2025-05-18 21:00:00,98.27,3636.1872515642467,Hold,3636.1872515643067,3174.095607235243
Hold,2025-05-18 22:00:00,99.38,3677.2594796016574,Hold,3677.259479601718,3209.9483204135386
Hold,2025-05-18 23:00:00,100.94,3734.9826108974776,Hold,3734.9826108975385,3260.3359173127646
Sell,2025-05-19 00:00:00,98.77,3654.688255184702,Sinal: Venda,3654.6882551847616,3190.245478036277
Buy,2025-05-23 07:00:00,100.01,3654.688255184702,Sinal: Compra,3654.6882551847616,3230.297157622842
Hold,2025-05-23 08:00:00,100.87,3678.746886714171,Hold,3678.7468867142306,3258.074935400621
Hold,2025-05-23 09:00:00,101.97,3718.8640828615444,Hold,3718.864082861605,3293.6046511628956
Hold,2025-05-23 10:00:00,101.66,3707.5583275836484,Hold,3707.5583275837084,3283.5917312662546
Hold,2025-05-23 11:00:00,97.44,3553.6541750909964,Hold,3553.654175091054,3147.2868217055266
Hold,2025-05-23 12:00:00,97.45,3554.0188768741546,Hold,3554.018876874212,3147.6098191215474
Hold,2025-05-23 13:00:00,99.52,3629.5121459878487,Hold,3629.5121459879074,3214.4702842378288
Sell,2025-05-23 14:00:00,99.45,3626.959233505743,Sinal: Venda,3626.9592335058014,3212.2093023256843
Buy,2025-05-29 14:00:00,96.31,3626.959233505743,Sinal: Compra,3626.9592335058014,3110.78811369519
Hold,2025-05-29 15:00:00,95.74,3598.28609808831,Hold,3598.2860980883684,3092.377260982011
Hold,2025-05-29 16:00:00,94.88,3565.96391254041,Hold,3565.9639125404683,3064.5994832042325
Hold,2025-05-29 17:00:00,95.4,3585.507559615885,Hold,3585.507559615943,3081.395348837308
Hold,2025-05-29 18:00:00,94.38,3547.1719441986074,Hold,3547.171944198665,3048.449612403198
Hold,2025-05-29 19:00:00,93.82,3526.124939655789,Hold,3526.1249396558464,3030.36175710604
Hold,2025-05-29 20:00:00,93.76,3523.869903454773,Hold,3523.86990345483,3028.4237726099163
Hold,2025-05-29 21:00:00,94.68,3558.4471252036897,Hold,3558.447125203747,3058.139534883819
Hold,2025-05-29 22:00:00,93.82,3526.124939655789,Hold,3526.124939655846,3030.36175710604
Hold,2025-05-29 23:00:00,93.21,3503.19873827879,Hold,3503.198738278846,3010.6589147287777
Hold,2025-05-30 00:00:00,90.33,3394.957000630009,Hold,3394.9570006300637,2917.6356589148218
Hold,2025-05-30 01:00:00,91.36,3433.668455414122,Hold,3433.6684554141775,2950.9043927649523
Hold,2025-05-30 02:00:00,91.67,3445.3194757860397,Hold,3445.3194757860956,2960.9173126615933
Hold,2025-05-30 03:00:00,91.79,3449.8295481880723,Hold,3449.8295481881282,2964.793281653842
Hold,2025-05-30 04:00:00,91.61,3443.064439585023,Hold,3443.0644395850786,2958.9793281654693
Hold,2025-05-30 05:00:00,91.87,3452.8362631227606,Hold,3452.8362631228165,2967.3772609820076
Hold,2025-05-30 06:00:00,90.45,3399.4670730320418,Hold,3399.467073032097,2921.5116279070703
Hold,2025-05-30 07:00:00,90.56,3403.601306067238,Hold,3403.6013060672935,2925.064599483298
Hold,2025-05-30 08:00:00,90.06,3384.809337725436,Hold,3384.809337725491,2908.9147286822636
Hold,2025-05-30 09:00:00,90.23,3391.1986069616487,Hold,3391.1986069617037,2914.4056847546153
Hold,2025-05-30 10:00:00,90.13,3387.440213293288,Hold,3387.440213293343,2911.1757105944084
Hold,2025-05-30 11:00:00,90.56,3403.601306067238,Hold,3403.6013060672935,2925.0645994832976
Hold,2025-05-30 12:00:00,90.2,3390.0710888611407,Hold,3390.0710888611957,2913.436692506553
Hold,2025-05-30 13:00:00,89.18,3351.735473443864,Hold,3351.7354734439186,2880.4909560724436
Hold,2025-05-30 14:00:00,89.81,3375.4133535545348,Hold,3375.4133535545893,2900.839793281746
Hold,2025-05-30 15:00:00,89.63,3368.6482449514856,Hold,3368.6482449515397,2895.0258397933735
Hold,2025-05-30 16:00:00,87.23,3278.4467969108346,Hold,3278.4467969108873,2817.5064599484103
Hold,2025-05-30 17:00:00,87.67,3294.9837290516207,Hold,3294.9837290516734,2831.7183462533203
Hold,2025-05-30 18:00:00,88.68,3332.943505102062,Hold,3332.943505102115,2864.341085271409
Hold,2025-05-30 19:00:00,88.5,3326.1783964990127,Hold,3326.1783964990655,2858.5271317830366
Hold,2025-05-30 20:00:00,88.09,3310.7689824587346,Hold,3310.768982458787,2845.284237726189
Hold,2025-05-30 21:00:00,87.64,3293.8562109511126,Hold,3293.856210951165,2830.749354005258
Stop-Loss,2025-05-30 22:00:00,85.79,3224.325928086444,SL 10.0% hit,3224.325928086495,2770.994832041432
Buy,2025-06-10 04:00:00,90.3,3224.325928086444,Sinal: Compra,3224.325928086495,2916.666666666759
Hold,2025-06-10 05:00:00,89.9,3203.6263233665823,Hold,3203.6263233666327,2903.7467700259317
Hold,2025-06-10 06:00:00,90.29,3217.5241461264595,Hold,3217.52414612651,2916.343669250739
Hold,2025-06-10 07:00:00,90.17,3213.247892969574,Hold,3213.2478929696244,2912.467700258491
Hold,2025-06-10 08:00:00,89.83,3201.131842358399,Hold,3201.1318423584494,2901.4857881137873
Hold,2025-06-10 09:00:00,90.02,3207.9025765234674,Hold,3207.902576523518,2907.62273901818
Hold,2025-06-10 10:00:00,89.91,3203.982677796322,Hold,3203.982677796372,2904.0697674419525
Hold,2025-06-10 11:00:00,91.63,3265.275639711678,Hold,3265.2756397117287,2959.62532299751
Hold,2025-06-10 12:00:00,92.42,3293.427639661174,Hold,3293.427639661225,2985.1421188631443
Hold,2025-06-10 13:00:00,91.5,3260.6430321250527,Hold,3260.6430321251028,2955.4263565892415
Hold,2025-06-10 14:00:00,90.73,3233.203741035039,Hold,3233.203741035089,2930.555555555649
Hold,2025-06-10 15:00:00,90.94,3240.687184059588,Hold,3240.687184059638,2937.3385012920835
Hold,2025-06-10 16:00:00,90.63,3229.6401967376346,Hold,3229.6401967376846,2927.325581395442
Hold,2025-06-10 17:00:00,90.82,3236.4109309027026,Hold,3236.410930902753,2933.462532299835
Hold,2025-06-10 18:00:00,91.59,3263.8502219927173,Hold,3263.850221992768,2958.3333333334276
Hold,2025-06-10 19:00:00,91.89,3274.54085488493,Hold,3274.540854884981,2968.0232558140483
Hold,2025-06-10 20:00:00,92.35,3290.9331586529906,Hold,3290.933158653042,2982.8811369509995
Hold,2025-06-10 21:00:00,92.36,3291.289513082731,Hold,3291.2895130827824,2983.20413436702
Hold,2025-06-10 22:00:00,92.95,3312.314424437417,Hold,3312.3144244374685,3002.2609819122404
Hold,2025-06-10 23:00:00,93.33,3325.855892767554,Hold,3325.8558927676054,3014.5348837210263
Hold,2025-06-11 00:00:00,92.01,3278.817108041816,Hold,3278.8171080418665,2971.899224806297
Hold,2025-06-11 01:00:00,91.77,3270.264601728045,Hold,3270.2646017280954,2964.1472868218
Hold,2025-06-11 02:00:00,91.6,3264.206576422457,Hold,3264.2065764225076,2958.656330749449
Hold,2025-06-11 03:00:00,91.85,3273.1154371659686,Hold,3273.1154371660195,2966.7312661499654
Hold,2025-06-11 04:00:00,91.99,3278.1043991823344,Hold,3278.104399182386,2971.2532299742547
Hold,2025-06-11 05:00:00,91.84,3272.7590827362283,Hold,3272.759082736279,2966.4082687339446
Hold,2025-06-11 06:00:00,91.89,3274.54085488493,Hold,3274.540854884981,2968.0232558140483
Hold,2025-06-11 07:00:00,91.69,3267.4137662901217,Hold,3267.4137662901726,2961.5633074936345
Hold,2025-06-11 08:00:00,91.89,3274.54085488493,Hold,3274.5408548849805,2968.0232558140483
Hold,2025-06-11 09:00:00,91.16,3248.5269815138777,Hold,3248.526981513928,2944.4444444445385
Hold,2025-06-11 10:00:00,91.45,3258.861259976351,Hold,3258.8612599764015,2953.811369509139
Hold,2025-06-11 11:00:00,91.12,3247.1015637949163,Hold,3247.101563794966,2943.1524547804565
Hold,2025-06-11 12:00:00,91.92,3275.6099181741515,Hold,3275.609918174202,2968.992248062111
Hold,2025-06-11 13:00:00,91.83,3272.4027283064875,Hold,3272.4027283065384,2966.0852713179247
Hold,2025-06-11 14:00:00,92.69,3303.0492092641653,Hold,3303.0492092642166,2993.8630490957034
Hold,2025-06-11 15:00:00,93.39,3327.9940193459965,Hold,3327.9940193460484,3016.4728682171512
Hold,2025-06-11 16:00:00,93.6,3335.4774623705457,Hold,3335.4774623705976,3023.255813953586
Hold,2025-06-11 17:00:00,92.94,3311.9580700076763,Hold,3311.958070007727,3001.937984496221
Hold,2025-06-11 18:00:00,92.34,3290.5768042232503,Hold,3290.576804223301,2982.55813953498
Hold,2025-06-11 19:00:00,91.84,3272.7590827362283,Hold,3272.7590827362783,2966.408268733946
Hold,2025-06-11 20:00:00,92.1,3282.0242979094796,Hold,3282.02429790953,2974.806201550484
Hold,2025-06-11 21:00:00,90.9,3239.2617663406263,Hold,3239.2617663406763,2936.0465116280025
Hold,2025-06-11 22:00:00,90.92,3239.9744752001075,Hold,3239.9744752001575,2936.6925064600437
Hold,2025-06-11 23:00:00,91.56,3262.7811587034957,Hold,3262.781158703546,2957.364341085367
Hold,2025-06-12 00:00:00,91.46,3259.217614406091,Hold,3259.2176144061414,2954.13436692516
Hold,2025-06-12 01:00:00,91.58,3263.4938675629764,Hold,3263.4938675630274,2958.010335917408
Hold,2025-06-12 02:00:00,91.18,3249.239690373359,Hold,3249.2396903734093,2945.0904392765815
Hold,2025-06-12 03:00:00,90.31,3218.2368549859407,Hold,3218.2368549859907,2916.989664082782
Hold,2025-06-12 04:00:00,90.09,3210.3970575316507,Hold,3210.3970575317007,2909.8837209303274
Hold,2025-06-12 05:00:00,89.9,3203.6263233665823,Hold,3203.626323366632,2903.746770025934
Hold,2025-06-12 06:00:00,89.95,3205.4080955152845,Hold,3205.408095515334,2905.3617571060377
Hold,2025-06-12 07:00:00,89.54,3190.7975638959265,Hold,3190.7975638959756,2892.1188630491893
Hold,2025-06-12 08:00:00,89.79,3199.7064246394375,Hold,3199.706424639487,2900.1937984497067
Hold,2025-06-12 09:00:00,89.52,3190.084855036445,Hold,3190.084855036494,2891.4728682171476
Hold,2025-06-12 10:00:00,88.97,3170.485361400721,Hold,3170.48536140077,2873.7080103360104
Hold,2025-06-12 11:00:00,88.18,3142.333361451226,Hold,3142.333361451275,2848.191214470377
Hold,2025-06-12 12:00:00,88.62,3158.0129563598052,Hold,3158.012956359855,2862.403100775287
Hold,2025-06-12 13:00:00,88.97,3170.485361400721,Hold,3170.4853614007707,2873.7080103360104
Hold,2025-06-12 14:00:00,89.13,3176.187032276568,Hold,3176.187032276618,2878.8759689923413
Hold,2025-06-12 15:00:00,87.93,3133.424500707715,Hold,3133.4245007077643,2840.11627906986
Hold,2025-06-12 16:00:00,88.93,3169.0599436817593,Hold,3169.059943681809,2872.416020671928
Hold,2025-06-12 17:00:00,89.62,3193.6483993338497,Hold,3193.6483993338998,2894.7028423773545
Sell,2025-06-12 18:00:00,88.54,3155.162120921882,Sinal: Venda,3155.1621209219315,2859.8191214471212
Buy,2025-06-17 00:00:00,87.66,3155.162120921882,Sinal: Compra,3155.1621209219315,2831.3953488373004
Hold,2025-06-17 01:00:00,86.97,3124.0693036928196,Hold,3124.0693036928687,2809.1085271318734
Hold,2025-06-17 02:00:00,87.22,3133.049610993305,Hold,3133.049610993354,2817.1834625323904
Hold,2025-06-17 03:00:00,87.16,3130.894337241188,Hold,3130.894337241237,2815.2454780362664
Hold,2025-06-17 04:00:00,86.79,3117.6034824364706,Hold,3117.6034824365192,2803.2945736435017
Hold,2025-06-17 05:00:00,86.29,3099.6428678355,Hold,3099.6428678355483,2787.1447028424673
Hold,2025-06-17 06:00:00,86.21,3096.769169499344,Hold,3096.769169499392,2784.5607235143016
Hold,2025-06-17 07:00:00,86.4,3103.5942030477136,Hold,3103.5942030477613,2790.6976744186954
Hold,2025-06-17 08:00:00,85.95,3087.4296499068396,Hold,3087.4296499068873,2776.162790697764
Hold,2025-06-17 09:00:00,86.04,3090.6625605350146,Hold,3090.6625605350623,2779.0697674419507
Hold,2025-06-17 10:00:00,85.48,3070.5466721819275,Hold,3070.546672181975,2760.981912144792
Hold,2025-06-17 11:00:00,85.11,3057.255817377209,Hold,3057.2558173772563,2749.031007752027
Hold,2025-06-17 12:00:00,85.02,3054.022906749034,Hold,3054.022906749081,2746.1240310078406
Hold,2025-06-17 13:00:00,85.41,3068.032186137791,Hold,3068.0321861378384,2758.720930232648
Hold,2025-06-17 14:00:00,84.85,3047.9162977847045,Hold,3047.916297784752,2740.6330749354893
Hold,2025-06-17 15:00:00,84.1,3020.9753758832485,Hold,3020.975375883296,2716.4082687339383
Hold,2025-06-17 16:00:00,82.63,2968.171168956395,Hold,2968.1711689564413,2668.927648578898
Hold,2025-06-17 17:00:00,83.17,2987.5686327254434,Hold,2987.5686327254903,2686.369509044015
Hold,2025-06-17 18:00:00,84.02,3018.1016775470935,Hold,3018.1016775471408,2713.824289405773
Hold,2025-06-17 19:00:00,84.83,3047.1978732006655,Hold,3047.1978732007137,2739.987080103448
Hold,2025-06-17 20:00:00,84.25,3026.36356026354,Hold,3026.3635602635877,2721.2532299742484
Hold,2025-06-17 21:00:00,84.44,3033.1885938119085,Hold,3033.1885938119563,2727.390180878642
Hold,2025-06-17 22:00:00,83.73,3007.684521078531,Hold,3007.684521078578,2704.457364341173
Hold,2025-06-17 23:00:00,84.22,3025.2859233874815,Hold,3025.285923387529,2720.284237726187
Hold,2025-06-18 00:00:00,84.9,3049.7123592448015,Hold,3049.7123592448493,2742.248062015593
Hold,2025-06-18 01:00:00,84.99,3052.945269872976,Hold,3052.9452698730242,2745.155038759779
Hold,2025-06-18 02:00:00,84.95,3051.5084207048985,Hold,3051.5084207049467,2743.8630490956966
Hold,2025-06-18 03:00:00,85.28,3063.3624263415395,Hold,3063.362426341588,2754.521963824379
Hold,2025-06-18 04:00:00,85.44,3069.1098230138496,Hold,3069.109823013898,2759.68992248071
Hold,2025-06-18 05:00:00,85.32,3064.7992755096166,Hold,3064.7992755096648,2755.8139534884617
Hold,2025-06-18 06:00:00,84.95,3051.5084207048985,Hold,3051.5084207049467,2743.863049095697
Hold,2025-06-18 07:00:00,85.13,3057.9742419612476,Hold,3057.9742419612962,2749.677002584069
Hold,2025-06-18 08:00:00,84.83,3047.1978732006655,Hold,3047.197873200714,2739.9870801034485
Hold,2025-06-18 09:00:00,84.58,3038.21756590018,Hold,3038.2175659002287,2731.9121447029315
Hold,2025-06-18 10:00:00,83.55,3001.218699822181,Hold,3001.218699822229,2698.643410852801
Hold,2025-06-18 11:00:00,84.46,3033.907018395947,Hold,3033.907018395996,2728.0361757106834
Hold,2025-06-18 12:00:00,84.06,3019.538526715171,Hold,3019.5385267152196,2715.1162790698563
Hold,2025-06-18 13:00:00,84.41,3032.11095693585,Hold,3032.1109569358987,2726.4211886305798
Hold,2025-06-18 14:00:00,84.65,3040.7320519443165,Hold,3040.7320519443656,2734.173126615077
Hold,2025-06-18 15:00:00,84.82,3046.838660908646,Hold,3046.8386609086956,2739.664082687428
Hold,2025-06-18 16:00:00,84.59,3038.5767781921995,Hold,3038.5767781922486,2732.2351421189533
Hold,2025-06-18 17:00:00,84.68,3041.8096888203745,Hold,3041.809688820424,2735.14211886314
Hold,2025-06-18 18:00:00,83.87,3012.713493166802,Hold,3012.713493166851,2708.9793281654647
Hold,2025-06-18 19:00:00,84.21,3024.926711095462,Hold,3024.926711095511,2719.961240310168
Hold,2025-06-18 20:00:00,85.35,3065.876912385675,Hold,3065.876912385725,2756.7829457365256
Hold,2025-06-18 21:00:00,85.18,3059.7703034213455,Hold,3059.7703034213955,2751.2919896641743
Hold,2025-06-18 22:00:00,85.2,3060.4887280053836,Hold,3060.4887280054336,2751.9379844962154
Hold,2025-06-18 23:00:00,85.08,3056.1781805011506,Hold,3056.1781805012006,2748.0620155039674
Hold,2025-06-19 00:00:00,85.18,3059.7703034213455,Hold,3059.770303421396,2751.2919896641747
Hold,2025-06-19 01:00:00,84.69,3042.1689011123935,Hold,3042.1689011124436,2735.465116279161
Hold,2025-06-19 02:00:00,84.93,3050.78999612086,Hold,3050.78999612091,2743.2170542636577
Hold,2025-06-19 03:00:00,85.17,3059.411091129326,Hold,3059.411091129376,2750.968992248154
Hold,2025-06-19 04:00:00,85.29,3063.7216386335585,Hold,3063.721638633609,2754.844961240402
Hold,2025-06-19 05:00:00,85.25,3062.284789465481,Hold,3062.284789465531,2753.552971576319
Hold,2025-06-19 06:00:00,84.98,3052.5860575809565,Hold,3052.5860575810066,2744.8320413437605
Hold,2025-06-19 07:00:00,85.01,3053.663694457015,Hold,3053.663694457065,2745.801033591823
Hold,2025-06-19 08:00:00,84.69,3042.1689011123935,Hold,3042.1689011124436,2735.465116279161
Hold,2025-06-19 09:00:00,85.35,3065.876912385675,Hold,3065.8769123857255,2756.782945736526
Hold,2025-06-19 10:00:00,85.78,3081.32304094251,Hold,3081.3230409425605,2770.6718346254156
Hold,2025-06-19 11:00:00,85.49,3070.9058844739466,Hold,3070.905884473997,2761.3049095608158
Hold,2025-06-19 12:00:00,85.47,3070.187459889908,Hold,3070.1874598899585,2760.6589147287746
Hold,2025-06-19 13:00:00,84.9,3049.7123592448015,Hold,3049.7123592448515,2742.2480620155957
Hold,2025-06-19 14:00:00,84.38,3031.033320059792,Hold,3031.0333200598416,2725.45219638252
Hold,2025-06-19 15:00:00,84.8,3046.120236324607,Hold,3046.120236324657,2739.018087855389
Hold,2025-06-19 16:00:00,84.58,3038.21756590018,Hold,3038.2175659002296,2731.912144702934
Hold,2025-06-19 17:00:00,84.93,3050.78999612086,Hold,3050.7899961209096,2743.2170542636586
Hold,2025-06-19 18:00:00,85.07,3055.818968209131,Hold,3055.8189682091806,2747.739018087948
Hold,2025-06-19 19:00:00,85.23,3061.566364881442,Hold,3061.5663648814916,2752.9069767442793
Hold,2025-06-19 20:00:00,85.01,3053.663694457015,Hold,3053.6636944570646,2745.8010335918243
Hold,2025-06-19 21:00:00,84.98,3052.5860575809565,Hold,3052.586057581006,2744.8320413437623
Hold,2025-06-19 22:00:00,85.03,3054.382119041054,Hold,3054.382119041103,2746.447028423866
Hold,2025-06-19 23:00:00,85.11,3057.255817377209,Hold,3057.255817377258,2749.031007752031
Hold,2025-06-20 00:00:00,84.99,3052.945269872976,Hold,3052.9452698730256,2745.1550387597827
Hold,2025-06-20 01:00:00,84.95,3051.5084207048985,Hold,3051.508420704948,2743.8630490957003
Hold,2025-06-20 02:00:00,84.71,3042.8873256964325,Hold,3042.8873256964816,2736.1111111112036
Hold,2025-06-20 03:00:00,85.1,3056.8966050851895,Hold,3056.896605085239,2748.7080103360104
Hold,2025-06-20 04:00:00,84.38,3031.033320059792,Hold,3031.033320059841,2725.452196382521
Hold,2025-06-20 05:00:00,84.75,3044.3241748645105,Hold,3044.32417486456,2737.403100775287
Hold,2025-06-20 06:00:00,84.55,3037.139929024122,Hold,3037.1399290241716,2730.943152454873
Hold,2025-06-20 07:00:00,85.51,3071.6243090579856,Hold,3071.6243090580356,2761.950904392859
Hold,2025-06-20 08:00:00,85.56,3073.4203705180826,Hold,3073.4203705181326,2763.5658914729624
Hold,2025-06-20 09:00:00,85.59,3074.498007394141,Hold,3074.4980073941915,2764.534883721024
Hold,2025-06-20 10:00:00,85.73,3079.5269794824126,Hold,3079.526979482463,2769.0568475453138
Hold,2025-06-20 11:00:00,85.7,3078.449342606354,Hold,3078.4493426064046,2768.0878552972517
Hold,2025-06-20 12:00:00,85.76,3080.604616358471,Hold,3080.604616358521,2770.0258397933762
Hold,2025-06-20 13:00:00,85.54,3072.701945934044,Hold,3072.701945934094,2762.9198966409213
Hold,2025-06-20 14:00:00,83.89,3013.431917750841,Hold,3013.43191775089,2709.625322997508
Hold,2025-06-20 15:00:00,83.8,3010.199007122666,Hold,3010.1990071227156,2706.718346253322
Hold,2025-06-20 16:00:00,83.05,2983.2580852212104,Hold,2983.2580852212595,2682.4935400517707
Hold,2025-06-20 17:00:00,82.43,2960.986923116007,Hold,2960.9869231160556,2662.467700258489
Hold,2025-06-20 18:00:00,82.92,2978.588325424958,Hold,2978.5883254250066,2678.294573643502
Hold,2025-06-20 19:00:00,82.91,2978.2291131329384,Hold,2978.229113132987,2677.971576227482
Hold,2025-06-20 20:00:00,83.3,2992.238392521696,Hold,2992.238392521745,2690.568475452288
Hold,2025-06-20 21:00:00,82.92,2978.588325424958,Hold,2978.5883254250066,2678.294573643502
Hold,2025-06-20 22:00:00,82.57,2966.0158952042784,Hold,2966.0158952043266,2666.9896640827783
Hold,2025-06-20 23:00:00,82.91,2978.2291131329384,Hold,2978.229113132987,2677.971576227482
Hold,2025-06-21 00:00:00,83.07,2983.976509805249,Hold,2983.9765098052976,2683.1395348838123
Hold,2025-06-21 01:00:00,83.62,3003.733185866317,Hold,3003.733185866366,2700.9043927649504
Sell,2025-06-21 02:00:00,83.46,2997.985789194006,Sinal: Venda,2997.9857891940546,2695.736434108619
Buy,2025-06-26 13:00:00,84.19,2997.985789194006,Sinal: Compra,2997.9857891940546,2719.3152454781293
Hold,2025-06-26 14:00:00,85.15,3026.1098497263315,Hold,3026.10984972638,2750.3229974161154
Hold,2025-06-26 15:00:00,84.79,3013.315961929485,Hold,3013.315961929534,2738.6950904393707
Hold,2025-06-26 16:00:00,84.2,2992.3482013735425,Hold,2992.3482013735907,2719.6382428941497
Hold,2025-06-26 17:00:00,84.26,2994.48051600635,Hold,2994.480516006398,2721.5762273902737
Hold,2025-06-26 18:00:00,84.39,2999.1005310441,Hold,2999.100531044148,2725.775193798543
Hold,2025-06-26 19:00:00,84.99,3020.4236773721773,Hold,3020.423677372225,2745.155038759784
Hold,2025-06-26 20:00:00,85.25,3029.663707447678,Hold,3029.6637074477258,2753.5529715763214
Sell,2025-06-26 21:00:00,84.61,3006.9190180310616,Sinal: Venda,3006.919018031109,2732.8811369509976
Buy,2025-06-30 07:00:00,86.46,3006.9190180310616,Sinal: Compra,3006.919018031109,2792.6356589148236
Hold,2025-06-30 08:00:00,85.77,2976.9592319178264,Hold,2976.9592319178732,2770.3488372093966
Hold,2025-06-30 09:00:00,85.6,2971.0587647448515,Hold,2971.0587647448983,2764.8578811370453
Hold,2025-06-30 10:00:00,85.61,2971.4058510491445,Hold,2971.405851049191,2765.180878553066
Hold,2025-06-30 11:00:00,85.5,2967.5879017019256,Hold,2967.587901701972,2761.627906976839
Hold,2025-06-30 12:00:00,85.43,2965.1582975718775,Hold,2965.1582975719243,2759.366925064694
Hold,2025-06-30 13:00:00,85.34,2962.0345208332437,Hold,2962.03452083329,2756.459948320508
Hold,2025-06-30 14:00:00,84.93,2947.8039823572462,Hold,2947.803982357292,2743.2170542636604
Hold,2025-06-30 15:00:00,85.96,2983.553871699386,Hold,2983.553871699433,2776.4857881137905
Hold,2025-06-30 16:00:00,86.05,2986.67764843802,Hold,2986.677648438066,2779.392764857976
Hold,2025-06-30 17:00:00,86.03,2985.9834758294346,Hold,2985.983475829481,2778.746770025935
Hold,2025-06-30 18:00:00,86.05,2986.67764843802,Hold,2986.6776484380666,2779.3927648579756
Hold,2025-06-30 19:00:00,87.09,3022.774624084453,Hold,3022.7746240845004,2812.984496124127
Hold,2025-06-30 20:00:00,86.48,3001.602359522603,Hold,3001.60235952265,2793.281653746865
Hold,2025-06-30 21:00:00,86.86,3014.7916390857226,Hold,3014.7916390857704,2805.5555555556507
Hold,2025-06-30 22:00:00,86.42,2999.519841696847,Hold,2999.519841696894,2791.3436692507407
Hold,2025-06-30 23:00:00,86.0,2984.942216916557,Hold,2984.942216916604,2777.7777777778724
Hold,2025-07-01 00:00:00,86.2,2991.883943002409,Hold,2991.8839430024564,2784.237726098286
Hold,2025-07-01 01:00:00,86.41,2999.1727553925543,Hold,2999.172755392602,2791.02067183472
Hold,2025-07-01 02:00:00,86.14,2989.801425176653,Hold,2989.801425176701,2782.2997416021617
Hold,2025-07-01 03:00:00,86.64,3007.155740391285,Hold,3007.155740391333,2798.4496124031957
Hold,2025-07-01 04:00:00,85.89,2981.124267569338,Hold,2981.124267569386,2774.2248062016447
Hold,2025-07-01 05:00:00,85.89,2981.124267569338,Hold,2981.124267569386,2774.2248062016447
Hold,2025-07-01 06:00:00,86.04,2986.330562133727,Hold,2986.3305621337754,2779.0697674419557
Hold,2025-07-01 07:00:00,86.66,3007.8499129998695,Hold,3007.849912999918,2799.095607235238
Hold,2025-07-01 08:00:00,86.14,2989.801425176653,Hold,2989.8014251767013,2782.299741602163
Hold,2025-07-01 09:00:00,85.8,2978.000490830704,Hold,2978.0004908307524,2771.3178294574595
Hold,2025-07-01 10:00:00,85.65,2972.794196266315,Hold,2972.7941962663626,2766.4728682171494
Hold,2025-07-01 11:00:00,85.71,2974.8767140920704,Hold,2974.8767140921186,2768.410852713273
Hold,2025-07-01 12:00:00,85.19,2956.828226268854,Hold,2956.8282262689017,2751.614987080198
Hold,2025-07-01 13:00:00,85.58,2970.3645921362663,Hold,2970.364592136314,2764.211886305004
Hold,2025-07-01 14:00:00,84.52,2933.5734438812487,Hold,2933.5734438812956,2729.9741602068116
Hold,2025-07-01 15:00:00,84.34,2927.3258904039812,Hold,2927.325890404028,2724.1602067184394
Hold,2025-07-01 16:00:00,84.36,2928.0200630125664,Hold,2928.020063012613,2724.8062015504806
Hold,2025-07-01 17:00:00,84.36,2928.0200630125664,Hold,2928.020063012613,2724.8062015504806
Hold,2025-07-01 18:00:00,83.79,2908.236143667887,Hold,2908.236143667933,2706.395348837302
Hold,2025-07-01 19:00:00,83.87,2911.012834102228,Hold,2911.012834102274,2708.979328165468
Hold,2025-07-01 20:00:00,83.39,2894.352691496182,Hold,2894.352691496228,2693.475452196475
Hold,2025-07-01 21:00:00,82.87,2876.3042036729657,Hold,2876.3042036730117,2676.6795865634
Hold,2025-07-01 22:00:00,82.8,2873.874599542917,Hold,2873.8745995429626,2674.4186046512546
Hold,2025-07-01 23:00:00,83.22,2888.4522243232077,Hold,2888.452224323253,2687.9844961241233
Hold,2025-07-02 00:00:00,83.36,2893.3114325833044,Hold,2893.31143258335,2692.5064599484126
Hold,2025-07-02 01:00:00,83.84,2909.9715751893505,Hold,2909.9715751893964,2708.0103359174054
Hold,2025-07-02 02:00:00,83.56,2900.2531586691566,Hold,2900.2531586692025,2698.9664082688264
Hold,2025-07-02 03:00:00,83.8,2908.5832299721797,Hold,2908.583229972226,2706.7183462533226
Hold,2025-07-02 04:00:00,84.14,2920.384164318129,Hold,2920.3841643181754,2717.7002583980257
Hold,2025-07-02 05:00:00,84.2,2922.4666821438846,Hold,2922.466682143931,2719.6382428941497
Hold,2025-07-02 06:00:00,84.29,2925.5904588825188,Hold,2925.5904588825656,2722.545219638336
Hold,2025-07-02 07:00:00,84.07,2917.9545601880804,Hold,2917.954560188127,2715.439276485881
Hold,2025-07-02 08:00:00,84.28,2925.2433725782253,Hold,2925.2433725782716,2722.222222222315
Hold,2025-07-02 09:00:00,84.03,2916.56621497091,Hold,2916.5662149709565,2714.147286821798
Hold,2025-07-02 10:00:00,84.27,2924.8962862739327,Hold,2924.896286273979,2721.899224806294
Hold,2025-07-02 11:00:00,84.25,2924.2021136653475,Hold,2924.202113665394,2721.253229974253
Hold,2025-07-02 12:00:00,84.28,2925.2433725782253,Hold,2925.243372578271,2722.2222222223145
Hold,2025-07-02 13:00:00,84.86,2945.3743782271977,Hold,2945.374378227244,2740.956072351514
Hold,2025-07-02 14:00:00,85.57,2970.0175058319737,Hold,2970.0175058320206,2763.8888888889824
Hold,2025-07-02 15:00:00,86.17,2990.8426840895313,Hold,2990.842684089579,2783.2687338502237
Hold,2025-07-02 16:00:00,87.68,3043.2527160377176,Hold,3043.2527160377663,2832.041343669347
Hold,2025-07-02 17:00:00,87.3,3030.0634364745974,Hold,3030.063436474646,2819.7674418605607
Hold,2025-07-02 18:00:00,87.51,3037.352248864743,Hold,3037.352248864792,2826.5503875969953
Hold,2025-07-02 19:00:00,87.95,3052.6240462536184,Hold,3052.6240462536675,2840.7622739019052
Hold,2025-07-02 20:00:00,87.82,3048.111924297814,Hold,3048.1119242978625,2836.5633074936363
Hold,2025-07-02 21:00:00,88.01,3054.706564079374,Hold,3054.706564079423,2842.7002583980297
Hold,2025-07-02 22:00:00,87.84,3048.8060969063995,Hold,3048.8060969064486,2837.209302325678
Hold,2025-07-02 23:00:00,87.32,3030.7576090831826,Hold,3030.7576090832313,2820.413436692602
Hold,2025-07-03 00:00:00,87.38,3032.8401269089386,Hold,3032.8401269089873,2822.351421188726
Hold,2025-07-03 01:00:00,87.44,3034.922644734694,Hold,3034.922644734743,2824.28940568485
Hold,2025-07-03 02:00:00,87.78,3046.7235790806435,Hold,3046.7235790806926,2835.2713178295535
Hold,2025-07-03 03:00:00,88.01,3054.706564079374,Hold,3054.7065640794235,2842.7002583980293
Hold,2025-07-03 04:00:00,88.49,3071.36670668542,Hold,3071.36670668547,2858.204134367022
Hold,2025-07-03 05:00:00,89.76,3115.4466673305833,Hold,3115.4466673306338,2899.2248062016492
Hold,2025-07-03 06:00:00,90.13,3128.28886058941,Hold,3128.2888605894605,2911.175710594414
Hold,2025-07-03 07:00:00,91.04,3159.8737142800387,Hold,3159.87371428009,2940.5684754522963
Hold,2025-07-03 08:00:00,90.78,3150.8494703684305,Hold,3150.8494703684814,2932.170542635759
Hold,2025-07-03 09:00:00,92.04,3194.582344709301,Hold,3194.582344709353,2972.8682170543652
Hold,2025-07-03 10:00:00,91.44,3173.757166451743,Hold,3173.7571664517945,2953.488372093124
Hold,2025-07-03 11:00:00,91.33,3169.9392171045247,Hold,3169.9392171045765,2949.9354005168966
Hold,2025-07-03 12:00:00,91.12,3162.6504047143794,Hold,3162.6504047144313,2943.152454780462
Hold,2025-07-03 13:00:00,91.25,3167.1625266701835,Hold,3167.1625266702354,2947.3514211887305
Hold,2025-07-03 14:00:00,90.56,3143.2135716739926,Hold,3143.213571674044,2925.0645994833035
Hold,2025-07-03 15:00:00,88.96,3087.679762987173,Hold,3087.679762987223,2873.3850129199936
Hold,2025-07-03 16:00:00,89.47,3105.381164506097,Hold,3105.3811645061473,2889.8578811370485
Hold,2025-07-03 17:00:00,89.8,3116.835012547753,Hold,3116.8350125478037,2900.5167958657307
Hold,2025-07-03 18:00:00,89.76,3115.4466673305833,Hold,3115.4466673306338,2899.2248062016483
Hold,2025-07-03 19:00:00,89.65,3111.628717983364,Hold,3111.628717983414,2895.671834625421
Hold,2025-07-03 20:00:00,89.63,3110.9345453747787,Hold,3110.9345453748288,2895.0258397933794
Hold,2025-07-03 21:00:00,89.37,3101.910301463171,Hold,3101.910301463221,2886.627906976842
Hold,2025-07-03 22:00:00,89.06,3091.1506260300994,Hold,3091.150626030149,2876.6149870802005
Hold,2025-07-03 23:00:00,89.08,3091.8447986386846,Hold,3091.844798638734,2877.2609819122417
Hold,2025-07-04 00:00:00,88.33,3065.8133258167377,Hold,3065.813325816787,2853.0361757106903
Hold,2025-07-04 01:00:00,88.63,3076.2259149455163,Hold,3076.2259149455654,2862.7260981913105
Hold,2025-07-04 02:00:00,88.33,3065.8133258167377,Hold,3065.813325816787,2853.03617571069
Hold,2025-07-04 03:00:00,88.77,3081.085123205613,Hold,3081.0851232056625,2867.2480620155998
Hold,2025-07-04 04:00:00,88.35,3066.507498425323,Hold,3066.507498425372,2853.682170542731
Hold,2025-07-04 05:00:00,88.83,3083.167641031369,Hold,3083.1676410314185,2869.1860465117243
Hold,2025-07-04 06:00:00,87.57,3039.4347666904982,Hold,3039.4347666905473,2828.4883720931184
Hold,2025-07-04 07:00:00,87.27,3029.0221775617197,Hold,3029.022177561769,2818.798449612498
Hold,2025-07-04 08:00:00,87.68,3043.2527160377176,Hold,3043.252716037767,2832.0413436693466
Hold,2025-07-04 09:00:00,87.81,3047.7648379935217,Hold,3047.764837993571,2836.240310077615
Hold,2025-07-04 10:00:00,88.07,3056.7890819051295,Hold,3056.789081905179,2844.6382428941524
Hold,2025-07-04 11:00:00,88.16,3059.9128586437632,Hold,3059.912858643813,2847.545219638339
Hold,2025-07-04 12:00:00,88.03,3055.4007366879596,Hold,3055.400736688009,2843.34625323007
Hold,2025-07-04 13:00:00,87.32,3030.7576090831826,Hold,3030.7576090832313,2820.4134366926014
Hold,2025-07-04 14:00:00,87.17,3025.551314518794,Hold,3025.5513145188424,2815.5684754522918
Hold,2025-07-04 15:00:00,86.61,3006.1144814784066,Hold,3006.114481478455,2797.4806201551332
Hold,2025-07-04 16:00:00,86.68,3008.544085608455,Hold,3008.5440856085033,2799.7416020672777
Hold,2025-07-04 17:00:00,87.26,3028.6750912574275,Hold,3028.6750912574767,2818.4754521964774
Hold,2025-07-04 18:00:00,86.49,3001.949445826895,Hold,3001.9494458269437,2793.6046511628847
Hold,2025-07-04 19:00:00,86.36,2997.437323871091,Hold,2997.4373238711396,2789.4056847546162
Hold,2025-07-04 20:00:00,86.55,3004.031963652651,Hold,3004.0319636526997,2795.5426356590087
Hold,2025-07-04 21:00:00,86.56,3004.3790499569436,Hold,3004.3790499569923,2795.865633075029
Hold,2025-07-04 22:00:00,87.05,3021.386278867282,Hold,3021.386278867331,2811.6925064600428
Hold,2025-07-04 23:00:00,86.84,3014.097466477137,Hold,3014.097466477186,2804.909560723608
Hold,2025-07-05 00:00:00,86.81,3013.0562075642592,Hold,3013.0562075643084,2803.940568475546
Hold,2025-07-05 01:00:00,86.43,2999.8669280011395,Hold,2999.866928001188,2791.66666666676
Hold,2025-07-05 02:00:00,86.56,3004.3790499569436,Hold,3004.3790499569923,2795.865633075029
Hold,2025-07-05 03:00:00,86.76,3011.3207760427963,Hold,3011.320776042845,2802.3255813954424
Hold,2025-07-05 04:00:00,86.36,2997.437323871091,Hold,2997.4373238711396,2789.4056847546153
Hold,2025-07-05 05:00:00,86.62,3006.4615677826996,Hold,3006.461567782749,2797.8036175711527
Hold,2025-07-05 06:00:00,86.9,3016.179984302893,Hold,3016.1799843029426,2806.8475452197317
Hold,2025-07-05 07:00:00,86.23,2992.9252019152873,Hold,2992.9252019153364,2785.206718346346
Hold,2025-07-05 08:00:00,86.27,2994.313547132457,Hold,2994.313547132506,2786.4987080104283
Hold,2025-07-05 09:00:00,86.3,2995.354806045335,Hold,2995.3548060453836,2787.467700258491
Hold,2025-07-05 10:00:00,86.32,2996.0489786539206,Hold,2996.0489786539692,2788.113695090532
Hold,2025-07-05 11:00:00,86.54,3003.684877348359,Hold,3003.684877348408,2795.2196382429875
Hold,2025-07-05 12:00:00,86.62,3006.4615677826996,Hold,3006.4615677827487,2797.8036175711527
Hold,2025-07-05 13:00:00,86.49,3001.949445826895,Hold,3001.949445826944,2793.604651162884
Hold,2025-07-05 14:00:00,86.88,3015.4858116943074,Hold,3015.485811694356,2806.20155038769
Hold,2025-07-05 15:00:00,86.46,3000.908186914017,Hold,3000.908186914065,2792.6356589148218
Hold,2025-07-05 16:00:00,86.4,2998.8256690882617,Hold,2998.8256690883095,2790.6976744186977
Hold,2025-07-05 17:00:00,86.64,3007.155740391285,Hold,3007.1557403913325,2798.449612403194
Hold,2025-07-05 18:00:00,86.33,2996.396064958213,Hold,2996.3960649582614,2788.4366925065524
Hold,2025-07-05 19:00:00,86.76,3011.3207760427963,Hold,3011.3207760428445,2802.325581395442
Hold,2025-07-05 20:00:00,87.41,3033.881385821817,Hold,3033.8813858218655,2823.3204134367866
Hold,2025-07-05 21:00:00,87.32,3030.7576090831826,Hold,3030.7576090832313,2820.4134366926
Hold,2025-07-05 22:00:00,87.51,3037.352248864743,Hold,3037.3522488647923,2826.5503875969935
Hold,2025-07-05 23:00:00,87.55,3038.740594081913,Hold,3038.740594081962,2827.8423772610754
Hold,2025-07-06 00:00:00,87.46,3035.6168173432793,Hold,3035.6168173433284,2824.935400516889
Hold,2025-07-06 01:00:00,87.25,3028.328004953135,Hold,3028.3280049531836,2818.152454780455
Hold,2025-07-06 02:00:00,86.92,3016.8741569114777,Hold,3016.8741569115264,2807.4935400517725
Hold,2025-07-06 03:00:00,87.05,3021.386278867282,Hold,3021.3862788673305,2811.6925064600414
Hold,2025-07-06 04:00:00,86.93,3017.221243215771,Hold,3017.22124321582,2807.8165374677933
Hold,2025-07-06 05:00:00,86.91,3016.527070607185,Hold,3016.5270706072342,2807.1705426357516
Hold,2025-07-06 06:00:00,87.02,3020.3450199544045,Hold,3020.3450199544536,2810.7235142119785
Hold,2025-07-06 07:00:00,86.74,3010.6266034342107,Hold,3010.6266034342593,2801.6795865634
Hold,2025-07-06 08:00:00,86.62,3006.4615677826996,Hold,3006.4615677827483,2797.803617571152
Hold,2025-07-06 09:00:00,86.51,3002.6436184354807,Hold,3002.6436184355293,2794.250645994924
Hold,2025-07-06 10:00:00,87.15,3024.8571419102086,Hold,3024.8571419102577,2814.922480620248
Hold,2025-07-06 11:00:00,87.51,3037.352248864743,Hold,3037.3522488647923,2826.550387596992
Hold,2025-07-06 12:00:00,87.4,3033.5342995175242,Hold,3033.534299517573,2822.9974160207644
Hold,2025-07-06 13:00:00,88.02,3055.053650383666,Hold,3055.0536503837147,2843.0232558140465
Hold,2025-07-06 14:00:00,88.04,3055.747822992252,Hold,3055.7478229923013,2843.669250646088
Hold,2025-07-06 15:00:00,87.99,3054.0123914707883,Hold,3054.0123914708374,2842.054263565984
Hold,2025-07-06 16:00:00,88.03,3055.4007366879596,Hold,3055.4007366880087,2843.346253230067
Hold,2025-07-06 17:00:00,87.72,3044.641061254888,Hold,3044.641061254937,2833.333333333426
Hold,2025-07-06 18:00:00,87.44,3034.922644734694,Hold,3034.9226447347432,2824.2894056848468
Hold,2025-07-06 19:00:00,87.53,3038.046421473328,Hold,3038.0464214733765,2827.196382429033
Hold,2025-07-06 20:00:00,87.58,3039.7818529947913,Hold,3039.78185299484,2828.8113695091356
Hold,2025-07-06 21:00:00,87.84,3048.8060969063995,Hold,3048.806096906448,2837.209302325674
Hold,2025-07-06 22:00:00,87.66,3042.558543429132,Hold,3042.5585434291806,2831.3953488373013
Hold,2025-07-06 23:00:00,87.35,3031.798867996061,Hold,3031.798867996109,2821.3824289406602
Hold,2025-07-07 00:00:00,87.37,3032.493040604646,Hold,3032.4930406046938,2822.028423772702
Hold,2025-07-07 01:00:00,87.35,3031.798867996061,Hold,3031.798867996109,2821.3824289406602
Hold,2025-07-07 02:00:00,87.72,3044.641061254888,Hold,3044.6410612549366,2833.333333333426
Hold,2025-07-07 03:00:00,87.66,3042.558543429132,Hold,3042.5585434291806,2831.3953488373018
Hold,2025-07-07 04:00:00,87.85,3049.1531832106916,Hold,3049.1531832107403,2837.532299741695
Hold,2025-07-07 05:00:00,87.75,3045.6823201677657,Hold,3045.6823201678144,2834.3023255814883
Hold,2025-07-07 06:00:00,87.55,3038.740594081913,Hold,3038.7405940819617,2827.8423772610745
Hold,2025-07-07 07:00:00,87.94,3052.2769599493254,Hold,3052.276959949374,2840.439276485881
Hold,2025-07-07 08:00:00,87.87,3049.8473558192777,Hold,3049.8473558193264,2838.1782945737364
Hold,2025-07-07 09:00:00,87.5,3037.00516256045,Hold,3037.005162560499,2826.227390180971
Hold,2025-07-07 10:00:00,87.14,3024.5100556059156,Hold,3024.510055605964,2814.599483204226
Hold,2025-07-07 11:00:00,86.93,3017.221243215771,Hold,3017.2212432158194,2807.816537467792
Hold,2025-07-07 12:00:00,86.62,3006.4615677826996,Hold,3006.461567782748,2797.803617571151
Hold,2025-07-07 13:00:00,87.26,3028.6750912574275,Hold,3028.675091257476,2818.4754521964746
Hold,2025-07-07 14:00:00,86.42,2999.519841696847,Hold,2999.5198416968947,2791.3436692507375
Hold,2025-07-07 15:00:00,86.14,2989.801425176653,Hold,2989.801425176701,2782.2997416021585
Hold,2025-07-07 16:00:00,85.57,2970.0175058319737,Hold,2970.017505832021,2763.8888888889796
Hold,2025-07-07 17:00:00,85.64,2972.4471099620223,Hold,2972.44710996207,2766.1498708011245
Hold,2025-07-07 18:00:00,85.66,2973.1412825706075,Hold,2973.141282570655,2766.7958656331657
Hold,2025-07-07 19:00:00,85.91,2981.8184401779226,Hold,2981.818440177971,2774.8708010336823
Hold,2025-07-07 20:00:00,85.84,2979.388836047875,Hold,2979.3888360479236,2772.609819121538
Hold,2025-07-07 21:00:00,85.92,2982.165526482216,Hold,2982.1655264822643,2775.193798449703
Hold,2025-07-07 22:00:00,85.93,2982.5126127865087,Hold,2982.512612786557,2775.5167958657235
Hold,2025-07-07 23:00:00,86.05,2986.67764843802,Hold,2986.6776484380684,2779.3927648579715
Hold,2025-07-08 00:00:00,86.02,2985.636389525142,Hold,2985.6363895251907,2778.42377260991
Hold,2025-07-08 01:00:00,85.69,2974.1825414834857,Hold,2974.1825414835344,2767.7648578812277
Hold,2025-07-08 02:00:00,85.76,2976.6121456135343,Hold,2976.6121456135834,2770.0258397933726
Hold,2025-07-08 03:00:00,85.99,2984.595130612264,Hold,2984.595130612313,2777.4547803618475
Hold,2025-07-08 04:00:00,85.98,2984.2480443079717,Hold,2984.248044308021,2777.1317829458276
Hold,2025-07-08 05:00:00,86.27,2994.313547132457,Hold,2994.3135471325063,2786.498708010427
Hold,2025-07-08 06:00:00,86.61,3006.1144814784066,Hold,3006.114481478456,2797.48062015513
Hold,2025-07-08 07:00:00,86.63,3006.808654086992,Hold,3006.8086540870418,2798.1266149871713
Hold,2025-07-08 08:00:00,86.23,2992.9252019152873,Hold,2992.9252019153364,2785.206718346344
Hold,2025-07-08 09:00:00,86.12,2989.1072525680684,Hold,2989.107252568118,2781.653746770117
Hold,2025-07-08 10:00:00,86.6,3005.767395174114,Hold,3005.767395174163,2797.1576227391092
Hold,2025-07-08 11:00:00,86.54,3003.684877348359,Hold,3003.684877348408,2795.2196382429856
Hold,2025-07-08 12:00:00,87.06,3021.733365171575,Hold,3021.733365171625,2812.015503876061
Hold,2025-07-08 13:00:00,86.63,3006.808654086992,Hold,3006.8086540870418,2798.1266149871713
Hold,2025-07-08 14:00:00,86.26,2993.966460828165,Hold,2993.9664608282146,2786.1757105944066
Hold,2025-07-08 15:00:00,86.37,2997.784410175384,Hold,2997.7844101754335,2789.728682170634
Hold,2025-07-08 16:00:00,86.61,3006.1144814784066,Hold,3006.114481478456,2797.4806201551305
Hold,2025-07-08 17:00:00,87.22,3027.2867460402567,Hold,3027.2867460403063,2817.183462532392
Hold,2025-07-08 18:00:00,87.53,3038.046421473328,Hold,3038.046421473377,2827.1963824290333
Hold,2025-07-08 19:00:00,87.32,3030.7576090831826,Hold,3030.7576090832317,2820.4134366925987
Hold,2025-07-08 20:00:00,87.01,3019.997933650112,Hold,3019.9979336501606,2810.400516795958
Hold,2025-07-08 21:00:00,87.62,3041.1701982119616,Hold,3041.1701982120103,2830.10335917322
Hold,2025-07-08 22:00:00,87.76,3046.0294064720583,Hold,3046.029406472107,2834.625322997509
Hold,2025-07-08 23:00:00,87.75,3045.6823201677657,Hold,3045.682320167815,2834.3023255814883
Hold,2025-07-09 00:00:00,87.59,3040.128939299084,Hold,3040.1289392991325,2829.134366925158
Hold,2025-07-09 01:00:00,87.46,3035.6168173432793,Hold,3035.616817343328,2824.9354005168884
Hold,2025-07-09 02:00:00,87.68,3043.2527160377176,Hold,3043.2527160377663,2832.041343669344
Hold,2025-07-09 03:00:00,87.58,3039.7818529947913,Hold,3039.78185299484,2828.8113695091365
Hold,2025-07-09 04:00:00,87.88,3050.19444212357,Hold,3050.194442123619,2838.5012919897567
Hold,2025-07-09 05:00:00,88.05,3056.0949092965443,Hold,3056.0949092965934,2843.9922480621085
Hold,2025-07-09 06:00:00,88.05,3056.0949092965443,Hold,3056.0949092965934,2843.9922480621085
Hold,2025-07-09 07:00:00,88.09,3057.4832545137147,Hold,3057.4832545137633,2845.2842377261913
Hold,2025-07-09 08:00:00,87.72,3044.641061254888,Hold,3044.641061254936,2833.3333333334263
Hold,2025-07-09 09:00:00,87.85,3049.1531832106916,Hold,3049.1531832107394,2837.532299741695
Hold,2025-07-09 10:00:00,88.03,3055.4007366879596,Hold,3055.400736688008,2843.346253230067
Hold,2025-07-09 11:00:00,88.36,3066.854584729616,Hold,3066.854584729664,2854.005167958749
Hold,2025-07-09 12:00:00,88.72,3079.34969168415,Hold,3079.3496916841987,2865.6330749354934
Hold,2025-07-09 13:00:00,88.67,3077.614260162687,Hold,3077.6142601627353,2864.0180878553897
Hold,2025-07-09 14:00:00,88.46,3070.325447772542,Hold,3070.32544777259,2857.235142118955
Hold,2025-07-09 15:00:00,88.5,3071.7137929897126,Hold,3071.7137929897603,2858.527131783038
Hold,2025-07-09 16:00:00,88.67,3077.614260162687,Hold,3077.614260162735,2864.0180878553892
Hold,2025-07-09 17:00:00,88.36,3066.854584729616,Hold,3066.854584729664,2854.005167958748
Hold,2025-07-09 18:00:00,88.47,3070.6725340768344,Hold,3070.672534076882,2857.5581395349755
Hold,2025-07-09 19:00:00,90.37,3136.618931892433,Hold,3136.618931892482,2918.9276485789055
Hold,2025-07-09 20:00:00,90.59,3144.254830586871,Hold,3144.254830586921,2926.0335917313605
Hold,2025-07-09 21:00:00,90.47,3140.0897949353594,Hold,3140.0897949354094,2922.157622739112
Hold,2025-07-09 22:00:00,91.24,3166.815440365891,Hold,3166.8154403659414,2947.0284237727046
Hold,2025-07-09 23:00:00,90.61,3144.949003195456,Hold,3144.949003195506,2926.6795865634017
Hold,2025-07-10 00:00:00,90.2,3130.7184647194586,Hold,3130.7184647195086,2913.4366925065538
Hold,2025-07-10 01:00:00,90.78,3150.8494703684305,Hold,3150.8494703684805,2932.170542635753
Hold,2025-07-10 02:00:00,91.24,3166.815440365891,Hold,3166.8154403659414,2947.028423772704
Hold,2025-07-10 03:00:00,90.89,3154.667419715649,Hold,3154.667419715699,2935.7235142119803
Hold,2025-07-10 04:00:00,90.75,3149.8082114555527,Hold,3149.8082114556023,2931.2015503876905
Hold,2025-07-10 05:00:00,90.64,3145.990262108334,Hold,3145.990262108384,2927.6485788114633
Hold,2025-07-10 06:00:00,90.88,3154.3203334113564,Hold,3154.3203334114064,2935.4005167959594
Hold,2025-07-10 07:00:00,90.97,3157.44411014999,Hold,3157.44411015004,2938.3074935401455
Hold,2025-07-10 08:00:00,91.14,3163.344577322965,Hold,3163.344577323015,2943.7984496124977
Hold,2025-07-10 09:00:00,90.88,3154.3203334113564,Hold,3154.3203334114064,2935.40051679596
Hold,2025-07-10 10:00:00,91.01,3158.832455367161,Hold,3158.832455367211,2939.599483204229
Hold,2025-07-10 11:00:00,90.92,3155.708678628527,Hold,3155.708678628577,2936.6925064600428
Hold,2025-07-10 12:00:00,90.85,3153.2790744984786,Hold,3153.2790744985286,2934.4315245478974
Hold,2025-07-10 13:00:00,90.67,3147.031521021212,Hold,3147.031521021262,2928.6175710595253
Hold,2025-07-10 14:00:00,90.97,3157.44411014999,Hold,3157.44411015004,2938.307493540146
Hold,2025-07-10 15:00:00,91.2,3165.4270951487206,Hold,3165.4270951487706,2945.736434108622
Hold,2025-07-10 16:00:00,91.79,3185.9051871019856,Hold,3185.9051871020356,2964.793281653842
Hold,2025-07-10 17:00:00,92.64,3215.4075229668583,Hold,3215.4075229669093,2992.2480620155998
Hold,2025-07-10 18:00:00,92.58,3213.3250051411023,Hold,3213.3250051411533,2990.3100775194757
Hold,2025-07-10 19:00:00,92.55,3212.2837462282246,Hold,3212.283746228275,2989.3410852714137
Hold,2025-07-10 20:00:00,93.09,3231.0264066600266,Hold,3231.0264066600776,3006.7829457365306
Hold,2025-07-10 21:00:00,94.67,3285.866042738261,Hold,3285.8660427383124,3057.8165374677983
Hold,2025-07-10 22:00:00,94.92,3294.543200345576,Hold,3294.5432003456276,3065.8914728683153
Hold,2025-07-10 23:00:00,94.85,3292.1135962155277,Hold,3292.1135962155786,3063.6304909561704
Hold,2025-07-11 00:00:00,94.09,3265.7350370892887,Hold,3265.7350370893396,3039.0826873385986
Hold,2025-07-11 01:00:00,94.95,3295.5844592584544,Hold,3295.584459258506,3066.8604651163773
Hold,2025-07-11 02:00:00,95.62,3318.83924164606,Hold,3318.8392416461115,3088.501291989763
Hold,2025-07-11 03:00:00,95.47,3313.6329470816704,Hold,3313.6329470817223,3083.6563307494525
Hold,2025-07-11 04:00:00,95.69,3321.2688457761083,Hold,3321.2688457761606,3090.7622739019075
Hold,2025-07-11 05:00:00,95.95,3330.2930896877165,Hold,3330.2930896877683,3099.160206718446
Hold,2025-07-11 06:00:00,94.84,3291.7665099112355,Hold,3291.766509911287,3063.30749354015
Hold,2025-07-11 07:00:00,94.9,3293.8490277369915,Hold,3293.849027737043,3065.245478036274
Hold,2025-07-11 08:00:00,95.35,3309.467911430159,Hold,3309.4679114302107,3079.780361757204
Hold,2025-07-11 09:00:00,95.75,3323.3513636018643,Hold,3323.3513636019156,3092.7002583980316
Hold,2025-07-11 10:00:00,95.84,3326.475140340498,Hold,3326.47514034055,3095.607235142218
Hold,2025-07-11 11:00:00,95.44,3312.5916881687926,Hold,3312.5916881688445,3082.6873385013905
Hold,2025-07-11 12:00:00,95.9,3328.5576581662535,Hold,3328.5576581663054,3097.545219638342
Hold,2025-07-11 13:00:00,96.92,3363.960461204101,Hold,3363.9604612041535,3130.4909560724514
Hold,2025-07-11 14:00:00,96.87,3362.225029682638,Hold,3362.22502968269,3128.875968992348
Hold,2025-07-11 15:00:00,96.65,3354.5891309882,Hold,3354.5891309882522,3121.770025839893
Hold,2025-07-11 16:00:00,96.63,3353.8949583796148,Hold,3353.894958379667,3121.1240310078515
Hold,2025-07-11 17:00:00,96.62,3353.547872075322,Hold,3353.5478720753745,3120.801033591831
Hold,2025-07-11 18:00:00,97.67,3389.9919340260476,Hold,3389.9919340261004,3154.715762274003
Hold,2025-07-11 19:00:00,97.07,3369.16675576849,Hold,3369.1667557685423,3135.335917312762
Hold,2025-07-11 20:00:00,95.83,3326.128054036205,Hold,3326.1280540362563,3095.2842377261973
Hold,2025-07-11 21:00:00,94.43,3277.535971435238,Hold,3277.535971435289,3050.064599483302
Hold,2025-07-11 22:00:00,93.73,3253.2399301347546,Hold,3253.239930134805,3027.454780361854
Hold,2025-07-11 23:00:00,94.26,3271.6355042622636,Hold,3271.6355042623145,3044.57364341095
Hold,2025-07-12 00:00:00,94.16,3268.1646412193368,Hold,3268.1646412193872,3041.3436692507426
Hold,2025-07-12 01:00:00,95.05,3299.0553223013803,Hold,3299.0553223014317,3070.0904392765833
Hold,2025-07-12 02:00:00,94.8,3290.378164694065,Hold,3290.3781646941165,3062.0155038760663
Hold,2025-07-12 03:00:00,94.8,3290.378164694065,Hold,3290.3781646941165,3062.0155038760663
Hold,2025-07-12 04:00:00,92.97,3226.8613710085147,Hold,3226.861371008565,3002.9069767442816
Hold,2025-07-12 05:00:00,93.21,3235.1914423115377,Hold,3235.191442311588,3010.658914728778
Hold,2025-07-12 06:00:00,93.15,3233.108924485782,Hold,3233.1089244858326,3008.7209302326546
Hold,2025-07-12 07:00:00,93.2,3234.844356007245,Hold,3234.8443560072956,3010.3359173127583
Hold,2025-07-12 08:00:00,93.03,3228.9438888342706,Hold,3228.943888834321,3004.8449612404065
Hold,2025-07-12 09:00:00,93.57,3247.6865492660722,Hold,3247.686549266123,3022.286821705523
Hold,2025-07-12 10:00:00,93.79,3255.3224479605105,Hold,3255.322447960561,3029.3927648579784
Hold,2025-07-12 11:00:00,93.45,3243.5215136145607,Hold,3243.521513614611,3018.410852713275
Hold,2025-07-12 12:00:00,92.63,3215.0604366625657,Hold,3215.0604366626158,2991.925064599579
Hold,2025-07-12 13:00:00,92.56,3212.6308325325176,Hold,3212.6308325325676,2989.664082687434
Hold,2025-07-12 14:00:00,91.77,3185.2110144934,Hold,3185.2110144934495,2964.1472868218
Hold,2025-07-12 15:00:00,91.14,3163.344577322965,Hold,3163.344577323014,2943.7984496124973
Hold,2025-07-12 16:00:00,91.57,3178.2692884075473,Hold,3178.269288407597,2957.687338501386
Hold,2025-07-12 17:00:00,92.4,3207.0774516638357,Hold,3207.0774516638853,2984.496124031103
Hold,2025-07-12 18:00:00,92.69,3217.1429544883213,Hold,3217.142954488371,2993.863049095703
Hold,2025-07-12 19:00:00,92.84,3222.3492490527105,Hold,3222.3492490527606,2998.708010336013
Hold,2025-07-12 20:00:00,91.92,3190.4173090577897,Hold,3190.4173090578392,2968.9922480621103
Hold,2025-07-12 21:00:00,92.7,3217.4900407926143,Hold,3217.4900407926643,2994.186046511724
Hold,2025-07-12 22:00:00,92.68,3216.7958681840287,Hold,3216.795868184079,2993.5400516796826
Hold,2025-07-12 23:00:00,92.77,3219.919644922662,Hold,3219.919644922713,2996.4470284238682
Hold,2025-07-13 00:00:00,92.82,3221.6550764441254,Hold,3221.6550764441763,2998.062015503971
Hold,2025-07-13 01:00:00,93.53,3246.298204048902,Hold,3246.2982040489537,3020.99483204144
Hold,2025-07-13 02:00:00,93.45,3243.5215136145607,Hold,3243.5215136146126,3018.4108527132744
Hold,2025-07-13 03:00:00,93.11,3231.720579268612,Hold,3231.720579268663,3007.428940568571
Hold,2025-07-13 04:00:00,93.65,3250.4632397004134,Hold,3250.4632397004652,3024.8708010336877
Hold,2025-07-13 05:00:00,94.05,3264.3466918721183,Hold,3264.34669187217,3037.790697674515
Hold,2025-07-13 06:00:00,94.19,3269.205900132215,Hold,3269.205900132267,3042.3126614988046
Hold,2025-07-13 07:00:00,94.37,3275.453453609482,Hold,3275.453453609534,3048.1266149871767
Hold,2025-07-13 08:00:00,94.62,3284.1306112167977,Hold,3284.13061121685,3056.2015503876933
Hold,2025-07-13 09:00:00,94.27,3271.9825905665557,Hold,3271.9825905666075,3044.8966408269694
Hold,2025-07-13 10:00:00,94.11,3266.429209697874,Hold,3266.4292096979257,3039.7286821706384
Hold,2025-07-13 11:00:00,94.85,3292.1135962155277,Hold,3292.1135962155795,3063.6304909561686
Hold,2025-07-13 12:00:00,95.14,3302.179099040014,Hold,3302.1790990400664,3072.9974160207685
Hold,2025-07-13 13:00:00,95.32,3308.426652517281,Hold,3308.4266525173334,3078.81136950914
Hold,2025-07-13 14:00:00,95.71,3321.9630183846934,Hold,3321.9630183847453,3091.4082687339464
Hold,2025-07-13 15:00:00,96.15,3337.234815773569,Hold,3337.2348157736214,3105.620155038857
Hold,2025-07-13 16:00:00,95.53,3315.7154649074264,Hold,3315.7154649074787,3085.5943152455743
Hold,2025-07-13 17:00:00,96.14,3336.8877294692766,Hold,3336.887729469329,3105.297157622836
Hold,2025-07-13 18:00:00,96.44,3347.300318598055,Hold,3347.300318598108,3114.9870801034563
Hold,2025-07-13 19:00:00,96.33,3343.482369250836,Hold,3343.482369250889,3111.434108527229
Hold,2025-07-13 20:00:00,96.1,3335.4993842521053,Hold,3335.4993842521576,3104.005167958753
Hold,2025-07-13 21:00:00,94.74,3288.295646868309,Hold,3288.295646868361,3060.07751937994
Hold,2025-07-13 22:00:00,94.28,3272.3296768708487,Hold,3272.3296768709,3045.219638242989
Hold,2025-07-13 23:00:00,94.62,3284.1306112167977,Hold,3284.1306112168495,3056.2015503876924
Hold,2025-07-14 00:00:00,94.82,3291.07233730265,Hold,3291.072337302702,3062.6614987081052
Hold,2025-07-14 01:00:00,95.1,3300.7907538228433,Hold,3300.790753822895,3071.7054263566843
Hold,2025-07-14 02:00:00,95.63,3319.1863279503523,Hold,3319.186327950405,3088.8242894057807
Hold,2025-07-14 03:00:00,96.79,3359.448339248297,Hold,3359.44833924835,3126.29198966418
Hold,2025-07-14 04:00:00,97.6,3387.5623298959995,Hold,3387.5623298960522,3152.454780361855
Hold,2025-07-14 05:00:00,96.99,3366.3900653341493,Hold,3366.3900653342016,3132.7519379845935
Hold,2025-07-14 06:00:00,96.35,3344.176541859421,Hold,3344.1765418594728,3112.0801033592697
Hold,2025-07-14 07:00:00,97.18,3372.9847051157094,Hold,3372.9847051157617,3138.888888888987
Hold,2025-07-14 08:00:00,96.33,3343.482369250836,Hold,3343.482369250888,3111.4341085272285
Hold,2025-07-14 09:00:00,97.01,3367.0842379427345,Hold,3367.0842379427863,3133.3979328166356
Hold,2025-07-14 10:00:00,97.93,3399.0161779376563,Hold,3399.016177937708,3163.1136950905384
Hold,2025-07-14 11:00:00,96.98,3366.042979029857,Hold,3366.042979029909,3132.4289405685736
Hold,2025-07-14 12:00:00,96.88,3362.57211598693,Hold,3362.5721159869813,3129.1989664083662
Hold,2025-07-14 13:00:00,97.13,3371.2492735942456,Hold,3371.249273594297,3137.2739018088837
Hold,2025-07-14 14:00:00,96.56,3351.4653542495666,Hold,3351.465354249618,3118.863049095705
Hold,2025-07-14 15:00:00,95.44,3312.5916881687926,Hold,3312.5916881688436,3082.6873385013887
Hold,2025-07-14 16:00:00,96.37,3344.870714468007,Hold,3344.8707144680584,3112.7260981913123
Hold,2025-07-14 17:00:00,95.83,3326.128054036205,Hold,3326.128054036256,3095.2842377261954
Hold,2025-07-14 18:00:00,94.82,3291.07233730265,Hold,3291.072337302701,3062.6614987081066
Hold,2025-07-14 19:00:00,94.99,3296.9728044756243,Hold,3296.972804475675,3068.152454780459
Hold,2025-07-14 20:00:00,95.16,3302.8732716485993,Hold,3302.8732716486493,3073.64341085281
Hold,2025-07-14 21:00:00,95.35,3309.467911430159,Hold,3309.4679114302094,3079.7803617572026
Hold,2025-07-14 22:00:00,95.58,3317.45089642889,Hold,3317.4508964289403,3087.2093023256784
Hold,2025-07-14 23:00:00,95.64,3319.533414254645,Hold,3319.5334142546953,3089.1472868218025
Hold,2025-07-15 00:00:00,93.83,3256.7107931776804,Hold,3256.7107931777296,3030.684754522059
Hold,2025-07-15 01:00:00,93.63,3249.769067091828,Hold,3249.7690670918773,3024.224806201645
Hold,2025-07-15 02:00:00,92.69,3217.1429544883213,Hold,3217.14295448837,2993.863049095701
Hold,2025-07-15 03:00:00,91.88,3189.028963840619,Hold,3189.028963840667,2967.7002583980257
Hold,2025-07-15 04:00:00,92.71,3217.8371270969064,Hold,3217.837127096955,2994.5090439277424
Hold,2025-07-15 05:00:00,92.7,3217.4900407926143,Hold,3217.490040792663,2994.1860465117215
Hold,2025-07-15 06:00:00,92.78,3220.266731226955,Hold,3220.2667312270037,2996.7700258398872
Hold,2025-07-15 07:00:00,92.48,3209.8541420981765,Hold,3209.8541420982247,2987.080103359267
Hold,2025-07-15 08:00:00,92.75,3219.2254723140773,Hold,3219.225472314126,2995.8010335918257
Hold,2025-07-15 09:00:00,92.95,3226.16719839993,Hold,3226.167198399979,3002.2609819122395
Hold,2025-07-15 10:00:00,92.94,3225.820112095637,Hold,3225.8201120956855,3001.937984496219
Hold,2025-07-15 11:00:00,92.67,3216.448781879736,Hold,3216.4487818797847,2993.2170542636613
Hold,2025-07-15 12:00:00,92.92,3225.1259394870517,Hold,3225.125939487101,3001.2919896641783
Hold,2025-07-15 13:00:00,93.68,3251.504498613291,Hold,3251.5044986133407,3025.83979328175
Hold,2025-07-15 14:00:00,92.01,3193.5410857964234,Hold,3193.541085796472,2971.8992248062964
Hold,2025-07-15 15:00:00,93.44,3243.174427310268,Hold,3243.1744273103172,3018.087855297254
Hold,2025-07-15 16:00:00,94.3,3273.0238494794335,Hold,3273.023849479483,3045.8656330750323
Hold,2025-07-15 17:00:00,95.55,3316.4096375160116,Hold,3316.409637516062,3086.240310077618
Hold,2025-07-15 18:00:00,95.33,3308.7737388215737,Hold,3308.7737388216237,3079.134366925163
Hold,2025-07-15 19:00:00,95.19,3303.9145305614775,Hold,3303.9145305615275,3074.6124031008735
Hold,2025-07-15 20:00:00,95.21,3304.608703170062,Hold,3304.608703170112,3075.2583979329147
Hold,2025-07-15 21:00:00,96.26,3341.0527651207876,Hold,3341.052765120838,3109.173126615087
Hold,2025-07-15 22:00:00,96.03,3333.069780122057,Hold,3333.0697801221077,3101.7441860466115
Hold,2025-07-15 23:00:00,96.35,3344.176541859421,Hold,3344.1765418594714,3112.0801033592734
Hold,2025-07-16 00:00:00,96.97,3365.6958927255637,Hold,3365.6958927256146,3132.1059431525555
Hold,2025-07-16 01:00:00,96.45,3347.6474049023477,Hold,3347.647404902398,3115.31007751948
Hold,2025-07-16 02:00:00,95.52,3315.368378603134,Hold,3315.3683786031834,3085.271317829556
Hold,2025-07-16 03:00:00,95.47,3313.6329470816704,Hold,3313.63294708172,3083.656330749453
Hold,2025-07-16 04:00:00,95.79,3324.7397088190346,Hold,3324.739708819084,3093.9922480621153
Hold,2025-07-16 05:00:00,95.86,3327.1693129490827,Hold,3327.1693129491323,3096.25322997426
Hold,2025-07-16 06:00:00,96.23,3340.01150620791,Hold,3340.0115062079594,3108.2041343670257
Hold,2025-07-16 07:00:00,96.39,3345.5648870765917,Hold,3345.5648870766418,3113.3720930233567
Hold,2025-07-16 08:00:00,96.49,3349.0357501195176,Hold,3349.0357501195676,3116.6020671835636
Hold,2025-07-16 09:00:00,97.59,3387.2152435917064,Hold,3387.2152435917574,3152.131782945839
Hold,2025-07-16 10:00:00,96.89,3362.919202291223,Hold,3362.9192022912735,3129.5219638243916
Hold,2025-07-16 11:00:00,96.95,3365.001720116979,Hold,3365.001720117029,3131.4599483205157
Hold,2025-07-16 12:00:00,97.34,3378.5380859843913,Hold,3378.5380859844418,3144.056847545322
Hold,2025-07-16 13:00:00,97.02,3367.431324247027,Hold,3367.4313242470776,3133.72093023266
Hold,2025-07-16 14:00:00,97.69,3390.686106634633,Hold,3390.6861066346837,3155.361757106046
Hold,2025-07-16 15:00:00,96.86,3361.877943378345,Hold,3361.877943378396,3128.552971576329
Hold,2025-07-16 16:00:00,97.95,3399.710350546241,Hold,3399.710350546293,3163.7596899225837
Hold,2025-07-16 17:00:00,99.28,3445.87282901716,Hold,3445.872829017212,3206.7183462533344
Hold,2025-07-16 18:00:00,98.79,3428.8656001068216,Hold,3428.865600106874,3190.891472868321
Hold,2025-07-16 19:00:00,98.54,3420.188442499506,Hold,3420.1884424995583,3182.816537467804
Hold,2025-07-16 20:00:00,98.69,3425.3947370638953,Hold,3425.394737063948,3187.661498708115
Hold,2025-07-16 21:00:00,99.06,3438.236930322722,Hold,3438.236930322775,3199.61240310088
Hold,2025-07-16 22:00:00,97.87,3396.9336601119003,Hold,3396.933660111953,3161.1757105944184
Hold,2025-07-16 23:00:00,97.47,3383.0502079401954,Hold,3383.0502079402477,3148.255813953591
Hold,2025-07-17 00:00:00,97.78,3393.8098833732665,Hold,3393.809883373319,3158.2687338502324
Hold,2025-07-17 01:00:00,96.5,3349.3828364238107,Hold,3349.3828364238625,3116.925064599585
Hold,2025-07-17 02:00:00,96.74,3357.7129077268332,Hold,3357.7129077268855,3124.677002584081
Hold,2025-07-17 03:00:00,96.12,3336.1935568606914,Hold,3336.1935568607437,3104.651162790799
Hold,2025-07-17 04:00:00,96.6,3352.853699466737,Hold,3352.8536994667893,3120.1550387597913
Hold,2025-07-17 05:00:00,97.82,3395.1982285904364,Hold,3395.1982285904896,3159.5607235143143
Hold,2025-07-17 06:00:00,98.38,3414.635061630824,Hold,3414.6350616308778,3177.6485788114724
Hold,2025-07-17 07:00:00,98.21,3408.7345944578487,Hold,3408.7345944579024,3172.157622739121
Hold,2025-07-17 08:00:00,98.84,3430.6010316282845,Hold,3430.601031628338,3192.5064599484244
Hold,2025-07-17 09:00:00,100.76,3497.2416020524684,Hold,3497.2416020525234,3254.5219638243957
Hold,2025-07-17 10:00:00,100.09,3473.9868196648627,Hold,3473.9868196649168,3232.88113695101
Hold,2025-07-17 11:00:00,99.66,3459.0621085802795,Hold,3459.0621085803336,3218.9922480621203
Hold,2025-07-17 12:00:00,100.71,3495.5061705310045,Hold,3495.506170531059,3252.9069767442916
Hold,2025-07-17 13:00:00,99.76,3462.532971623206,Hold,3462.5329716232604,3222.222222222327
Hold,2025-07-17 14:00:00,100.76,3497.2416020524684,Hold,3497.241602052524,3254.5219638243952
Hold,2025-07-17 15:00:00,101.28,3515.2900898756848,Hold,3515.2900898757403,3271.3178294574705
Hold,2025-07-17 16:00:00,101.58,3525.7026790044633,Hold,3525.702679004519,3281.0077519380907
Hold,2025-07-17 17:00:00,101.46,3521.5376433529514,Hold,3521.5376433530064,3277.131782945842
Hold,2025-07-17 18:00:00,101.58,3525.7026790044633,Hold,3525.702679004519,3281.00775193809
Hold,2025-07-17 19:00:00,100.98,3504.8775007469058,Hold,3504.877500746961,3261.6279069768493
Hold,2025-07-17 20:00:00,101.13,3510.083795311295,Hold,3510.0837953113505,3266.4728682171594
Hold,2025-07-17 21:00:00,101.63,3527.438110525926,Hold,3527.4381105259813,3282.622739018194
Hold,2025-07-17 22:00:00,102.21,3547.569116174898,Hold,3547.5691161749537,3301.356589147393
Hold,2025-07-17 23:00:00,101.6,3526.396851613048,Hold,3526.396851613103,3281.653746770132
Hold,2025-07-18 00:00:00,103.29,3585.054437038502,Hold,3585.0544370385583,3336.2403100776273
Take-Profit,2025-07-18 01:00:00,104.26,3618.721808554886,TP 20.0% hit,3618.721808554943,3367.571059431633
Buy,2025-07-18 08:00:00,108.64,3618.721808554886,Sinal: Compra,3618.721808554943,3509.0439276486914
Hold,2025-07-18 09:00:00,111.35,3701.575726992772,Hold,3701.57572699283,3596.5762273902956
Hold,2025-07-18 10:00:00,109.88,3652.7089437087184,Hold,3652.7089437087757,3549.095607235255
Hold,2025-07-18 11:00:00,108.48,3606.1691501048585,Hold,3606.169150104915,3503.87596899236
Hold,2025-07-18 12:00:00,110.4,3669.9951527615813,Hold,3669.9951527616386,3565.8914728683308
Hold,2025-07-18 13:00:00,106.44,3538.3540222820898,Hold,3538.354022282145,3437.9844961241406
Hold,2025-07-18 14:00:00,105.04,3491.8142286782295,Hold,3491.814228678284,3392.764857881246
Hold,2025-07-18 15:00:00,103.87,3452.920258309289,Hold,3452.9202583093424,3354.974160206826
Hold,2025-07-18 16:00:00,105.3,3500.4573332046602,Hold,3500.457333204715,3401.162790697783
Hold,2025-07-18 17:00:00,104.46,3472.533457042344,Hold,3472.533457042398,3374.0310077520458
Hold,2025-07-18 18:00:00,102.94,3422.0045382724384,Hold,3422.0045382724916,3324.935400516902
Hold,2025-07-18 19:00:00,102.29,3400.3967769563606,Hold,3400.3967769564138,3303.940568475558
Hold,2025-07-18 20:00:00,101.54,3375.4647446685776,Hold,3375.4647446686304,3279.715762274007
Hold,2025-07-18 21:00:00,101.55,3375.797171765748,Hold,3375.7971717658006,3280.0387596900273
Hold,2025-07-18 22:00:00,100.85,3352.527274963818,Hold,3352.5272749638707,3257.428940568579
Hold,2025-07-18 23:00:00,101.73,3381.780859514816,Hold,3381.7808595148686,3285.8527131783994
Hold,2025-07-19 00:00:00,100.64,3345.546305923239,Hold,3345.5463059232907,3250.645994832145
Hold,2025-07-19 01:00:00,101.18,3363.497369170442,Hold,3363.497369170495,3268.0878552972617
Hold,2025-07-19 02:00:00,101.77,3383.1105679034977,Hold,3383.110567903551,3287.1447028424823
Hold,2025-07-19 03:00:00,102.5,3407.377745996939,Hold,3407.3777459969924,3310.723514211992
Hold,2025-07-19 04:00:00,103.03,3424.9963821469723,Hold,3424.9963821470255,3327.842377261088
Hold,2025-07-19 05:00:00,102.8,3417.3505589120523,Hold,3417.3505589121055,3320.4134366926123
Hold,2025-07-19 06:00:00,102.48,3406.7128918025983,Hold,3406.712891802651,3310.0775193799504
Hold,2025-07-19 07:00:00,102.72,3414.691142134689,Hold,3414.6911421347418,3317.829457364447
Hold,2025-07-19 08:00:00,102.03,3391.753672429929,Hold,3391.753672429981,3295.5426356590197
Hold,2025-07-19 09:00:00,101.99,3390.423964041247,Hold,3390.423964041299,3294.250645994937
Hold,2025-07-19 10:00:00,101.58,3376.7944530572595,Hold,3376.794453057311,3281.0077519380893
Hold,2025-07-19 11:00:00,101.29,3367.1540672393166,Hold,3367.154067239368,3271.64082687349
Hold,2025-07-19 12:00:00,101.44,3372.1404736968734,Hold,3372.1404736969253,3276.4857881137996
Hold,2025-07-19 13:00:00,100.89,3353.8569833524994,Hold,3353.8569833525507,3258.7209302326623
Hold,2025-07-19 14:00:00,99.87,3319.9494194411154,Hold,3319.9494194411664,3225.7751937985527
Hold,2025-07-19 15:00:00,101.19,3363.8297962676124,Hold,3363.8297962676643,3268.410852713283
Hold,2025-07-19 16:00:00,101.88,3386.767265972372,Hold,3386.7672659724244,3290.69767441871
Hold,2025-07-19 17:00:00,101.82,3384.7727033893493,Hold,3384.7727033894016,3288.759689922586
Hold,2025-07-19 18:00:00,103.74,3448.598706046073,Hold,3448.5987060461266,3350.7751937985568
Hold,2025-07-19 19:00:00,112.63,3744.1263954305878,Hold,3744.126395430646,3637.9198966409435
Hold,2025-07-19 20:00:00,111.37,3702.2405811871135,Hold,3702.2405811871713,3597.2222222223377
Hold,2025-07-19 21:00:00,112.54,3741.1345515560542,Hold,3741.134551556113,3635.0129198967575
Hold,2025-07-19 22:00:00,113.52,3773.7124070787563,Hold,3773.7124070788154,3666.666666666784
Hold,2025-07-19 23:00:00,113.16,3761.745031580621,Hold,3761.7450315806796,3655.038759690039
Hold,2025-07-20 00:00:00,112.64,3744.4588225277585,Hold,3744.4588225278167,3638.2428940569635
Liquidate_Final_Fold,2025-07-20 00:00:00,112.64,3744.4588225277585,Fim do período de teste,3744.4588225278167,3638.2428940569635
